overall FPR: 0.15386949924127466
execution time
0.05 84.39937806129456
0.1 90.74472284317017
0.15 88.13190507888794
0.2 89.88224005699158
0.25 86.81012392044067
0.3 92.05499029159546


number of calculations
0.05 561377.0
0.1 616930.0
0.15 626174.0
0.2 627199.0
0.25 627380.0
0.3 627380.0


number of patterns found
0.05 919 
 [[-2, -2, -2, -2, -2, -2, -2, -2, -2, 4, -2, -1], [-2, -2, -2, -2, -2, -2, -2, -2, -2, 1, 1, 1], [-2, -2, -2, -2, -2, -2, -2, -2, 3, 4, -2, -2], [-2, -2, -2, -2, -2, -2, -2, -2, 2, 4, 4, 1], [-2, -2, -2, -2, -2, -2, -2, -2, 1, 2, -2, -2], [-2, -2, -2, -2, -2, -2, -2, 4, -2, -2, 1, 1], [-2, -2, -2, -2, -2, -2, -2, 4, -2, 4, 4, 1], [-2, -2, -2, -2, -2, -2, -2, 4, -2, 1, -2, 1], [-2, -2, -2, -2, -2, -2, -2, 4, 2, 4, 4, -2], [-2, -2, -2, -2, -2, -2, -2, 4, 2, 1, 1, -2], [-2, -2, -2, -2, -2, -2, -2, 4, 1, -2, -2, 1], [-2, -2, -2, -2, -2, -2, -2, 2, -2, 5, -2, 1], [-2, -2, -2, -2, -2, -2, -2, 2, -2, 3, 4, -2], [-2, -2, -2, -2, -2, -2, -2, 2, 1, -2, -2, 2], [-2, -2, -2, -2, -2, -2, 3, -2, -2, -2, -2, 2], [-2, -2, -2, -2, -2, -2, 3, -2, -2, -2, 1, -2], [-2, -2, -2, -2, -2, -2, 3, -2, -2, 1, -2, -2], [-2, -2, -2, -2, -2, -2, 1, -2, -2, -2, 2, -2], [-2, -2, -2, -2, -2, -2, 1, -2, -2, 3, -2, -2], [-2, -2, -2, -2, -2, 5, -2, -2, -2, -2, 4, 2], [-2, -2, -2, -2, -2, 5, -2, -2, -2, 3, 2, -2], [-2, -2, -2, -2, -2, 5, -2, -2, 2, -2, 4, -2], [-2, -2, -2, -2, -2, 5, 3, -2, -2, -2, -2, -2], [-2, -2, -2, -2, -2, 5, -1, -2, 2, 2, 1, 2], [-2, -2, -2, -2, -2, 5, -1, 2, -2, 2, 1, 2], [-2, -2, -2, -2, -2, 3, -2, -2, -2, -2, 3, 2], [-2, -2, -2, -2, -2, 3, -2, -2, -2, 3, -2, 2], [-2, -2, -2, -2, -2, 3, -2, -2, -2, 3, 3, -2], [-2, -2, -2, -2, -2, 2, -2, -2, -2, 4, -2, -2], [-2, -2, -2, -2, -2, 2, -2, -2, -2, 2, -2, 1], [-2, -2, -2, -2, -2, 2, -2, -2, -2, 2, 2, -2], [-2, -2, -2, -2, -2, 1, -2, -2, -2, 5, -2, 1], [-2, -2, -2, -2, -2, 1, -2, -2, -2, 4, 4, -2], [-2, -2, -2, -2, -2, 1, -2, -2, -2, 3, 3, 2], [-2, -2, -2, -2, -2, 1, -2, -2, 2, 3, 3, -2], [-2, -2, -2, -2, -2, 1, -2, -2, 1, -2, 1, -2], [-2, -2, -2, -2, -2, 1, -2, 4, -2, 1, 1, -2], [-2, -2, -2, -2, -2, 1, -2, 4, 2, 4, -2, -2], [-2, -2, -2, -2, -2, 1, -2, 2, -2, 3, 3, -2], [-2, -2, -2, -2, 2, -2, -2, -2, -2, 4, 4, -2], [-2, -2, -2, -2, 2, -2, -2, -2, -2, 2, 1, 1], [-2, -2, -2, -2, 2, -2, -2, 4, -2, 4, -2, -2], [-2, -2, -2, -2, 2, -2, -2, 4, -2, 3, 3, -2], [-2, -2, -2, -2, 2, -2, -2, 4, -2, 2, 1, -2], [-2, -2, -2, -2, 2, -2, -2, 2, -2, -2, 4, 2], [-2, -2, -2, -2, 2, -2, 3, -2, -2, -2, -2, -2], [-2, -2, -2, -2, 2, 5, -2, -2, -2, -2, 4, -2], [-2, -2, -2, -2, 2, 5, -2, -2, -2, 2, 1, -2], [-2, -2, -2, -2, 2, 3, -2, -2, -2, -2, 3, -2], [-2, -2, -2, -2, 2, 2, -2, 4, -2, -2, 3, 1], [-2, -2, -2, -2, 2, 1, -2, -2, -2, -2, 4, -2], [-2, -2, -2, -2, 2, 1, -2, -2, -2, 4, -2, 1], [-2, -2, -2, -2, 2, 1, -2, -2, -2, 3, 3, -2], [-2, -2, -2, -2, 2, 1, -2, 2, -2, -2, 3, 2], [-2, -2, -2, -2, 2, 1, -2, 2, -2, 3, -2, 2], [-2, -2, -2, -2, 2, 1, -1, -2, -2, 3, -2, 2], [-2, -2, -2, -2, 1, -2, -2, -2, -2, 5, -2, -2], [-2, -2, -2, -2, 1, -2, -2, -2, -2, 2, 2, 1], [-2, -2, -2, -2, 1, -2, -2, -2, 2, 1, 2, -2], [-2, -2, -2, -2, 1, -2, -2, 4, -2, 2, -2, 1], [-2, -2, -2, -2, 1, -2, -2, 4, -2, 2, 2, -2], [-2, -2, -2, -2, 1, -2, -2, 4, -2, 1, 1, -2], [-2, -2, -2, -2, 1, -2, -2, 4, 2, 1, -2, -2], [-2, -2, -2, -2, 1, -2, -2, 2, -2, 2, 1, 2], [-2, -2, -2, -2, 1, -2, -2, 2, -2, 1, 2, -2], [-2, -2, -2, -2, 1, -2, -1, -2, 2, 2, 1, 2], [-2, -2, -2, -2, 1, 5, -2, -2, -2, -2, 2, -2], [-2, -2, -2, -2, 1, 5, -1, -2, 2, 1, -2, 2], [-2, -2, -2, -2, 1, 3, -2, -2, -2, -2, -2, 1], [-2, -2, -2, -2, 1, 3, -2, 2, -2, 3, -2, -2], [-2, -2, -2, -2, 1, 1, -2, -2, -2, 3, 1, -2], [-2, -2, -2, -2, 1, 1, -2, -2, -2, 2, -2, 1], [-2, -2, -2, -2, 1, 1, -2, -2, -2, 2, 1, 2], [-2, -2, -2, -2, 1, 1, -2, 4, -2, -2, 3, 1], [-2, -2, -2, -2, 1, 1, -2, 4, -2, 1, -2, -2], [-2, -2, -2, -2, 1, 1, -2, 2, -2, 2, 1, -2], [-2, -2, -2, 4, -2, -2, -2, -2, -2, -2, 2, -1], [-2, -2, -2, 4, -2, -2, -2, -2, -2, -2, 1, 1], [-2, -2, -2, 4, -2, -2, -2, -2, -2, 2, 2, 1], [-2, -2, -2, 4, -2, -2, -2, -2, -2, 2, 1, 2], [-2, -2, -2, 4, -2, -2, -2, -2, -2, 1, -2, 1], [-2, -2, -2, 4, -2, -2, -2, -2, 3, -2, 2, -2], [-2, -2, -2, 4, -2, -2, -2, -2, 3, 2, -2, -2], [-2, -2, -2, 4, -2, -2, -2, -2, 2, 1, 1, -2], [-2, -2, -2, 4, -2, -2, -2, 4, -2, -2, 2, -2], [-2, -2, -2, 4, -2, -2, -2, 4, -2, -2, 1, -2], [-2, -2, -2, 4, -2, -2, -2, 4, -2, 2, -2, -2], [-2, -2, -2, 4, -2, -2, -2, 3, -2, -2, 2, -2], [-2, -2, -2, 4, -2, -2, -2, 2, -2, -2, 1, 2], [-2, -2, -2, 4, -2, -2, -2, 2, -2, 3, 1, -2], [-2, -2, -2, 4, -2, -2, -2, 2, -2, 2, 1, -2], [-2, -2, -2, 4, -2, -2, 1, -2, -2, -2, 1, 2], [-2, -2, -2, 4, -2, -2, -1, -2, -2, 2, -2, -1], [-2, -2, -2, 4, -2, -2, -1, -2, -2, 2, 1, -2], [-2, -2, -2, 4, -2, 6, -2, -2, -2, -2, 2, -2], [-2, -2, -2, 4, -2, 5, -2, -2, -2, 1, 1, 2], [-2, -2, -2, 4, -2, 5, -1, -2, 2, -2, 1, -2], [-2, -2, -2, 4, -2, 1, -2, -2, -2, -2, 2, 1], [-2, -2, -2, 4, -2, 1, -2, -2, -2, -2, 1, -2], [-2, -2, -2, 4, -2, 1, -2, -2, -2, 3, 3, -2], [-2, -2, -2, 4, -2, 1, -2, -2, -2, 2, -2, 1], [-2, -2, -2, 4, -2, 1, -2, -2, -2, 1, -2, -2], [-2, -2, -2, 4, -2, 1, -2, -2, 2, -2, 3, 2], [-2, -2, -2, 4, -2, 1, -2, 4, 2, -2, -2, 2], [-2, -2, -2, 4, -2, 1, -2, 2, -2, -2, 3, 2], [-2, -2, -2, 4, -2, 1, -2, 2, 2, -2, 3, -2], [-2, -2, -2, 4, 2, -2, -2, -2, -2, 3, -2, -1], [-2, -2, -2, 4, 2, -2, -1, -2, -2, -2, 3, 2], [-2, -2, -2, 4, 2, -2, -1, 2, -2, 3, 3, -2], [-2, -2, -2, 4, 2, 5, -2, -2, -2, -2, 1, -2], [-2, -2, -2, 4, 2, 5, -1, -2, -2, -2, 3, -2], [-2, -2, -2, 4, 2, 5, -1, 2, -2, 2, -2, -2], [-2, -2, -2, 4, 2, 1, -2, -2, -2, -2, 3, 2], [-2, -2, -2, 4, 2, 1, -2, 2, -2, -2, 3, -2], [-2, -2, -2, 4, 1, -2, -2, -2, -2, -2, 2, 1], [-2, -2, -2, 4, 1, -2, -2, -2, -2, -2, 1, 2], [-2, -2, -2, 4, 1, -2, -2, -2, -2, 2, -2, -2], [-2, -2, -2, 4, 1, -2, -2, -2, 2, 1, -2, 2], [-2, -2, -2, 4, 1, -2, -2, 4, -2, -2, -2, -2], [-2, -2, -2, 4, 1, -2, -2, 2, -2, -2, 1, -2], [-2, -2, -2, 4, 1, -2, -1, -2, -2, 1, -2, 2], [-2, -2, -2, 4, 1, -2, -1, -2, 2, -2, 1, -2], [-2, -2, -2, 4, 1, -2, -1, -2, 2, 1, -2, -2], [-2, -2, -2, 4, 1, 5, -1, -2, -2, 1, -2, -2], [-2, -2, -2, 4, 1, 1, -2, -2, -2, -2, -2, 2], [-2, -2, -2, 4, 1, 1, -2, -2, 2, 3, -2, -2], [-2, -2, -2, 4, 1, 1, -2, 2, -2, 3, -2, -2], [-2, -2, -2, 3, -2, -2, -2, -2, -2, 5, -2, 1], [-2, -2, -2, 3, -2, -2, -2, -2, -2, 4, 4, -2], [-2, -2, -2, 3, -2, -2, -2, -2, -2, 1, 2, -2], [-2, -2, -2, 3, -2, -2, -2, -2, 2, 2, 1, 1], [-2, -2, -2, 3, -2, -2, -2, 4, -2, 1, 1, -2], [-2, -2, -2, 3, -2, -2, -2, 4, 2, 4, -2, 1], [-2, -2, -2, 3, -2, -2, -2, 4, 1, -2, -2, -2], [-2, -2, -2, 3, -2, -2, -2, 2, -2, -2, -2, -1], [-2, -2, -2, 3, -2, -2, 3, -2, -2, -2, -2, -2], [-2, -2, -2, 3, -2, -2, -1, -2, -2, 2, 1, 1], [-2, -2, -2, 3, -2, -2, -1, 2, -2, 2, 1, -2], [-2, -2, -2, 3, -2, -2, -1, 2, 2, 3, 2, 2], [-2, -2, -2, 3, -2, 5, -2, -2, -2, -2, -2, -1], [-2, -2, -2, 3, -2, 5, -2, 2, -2, -2, 2, -2], [-2, -2, -2, 3, -2, 5, -1, -2, -2, -2, 2, -2], [-2, -2, -2, 3, -2, 3, -2, 2, -2, -2, -2, 1], [-2, -2, -2, 3, -2, 1, -2, -2, -2, -2, 1, 1], [-2, -2, -2, 3, -2, 1, -2, -2, -2, 3, 3, -2], [-2, -2, -2, 3, -2, 1, -2, -2, 2, 4, -2, 1], [-2, -2, -2, 3, -2, 1, -2, 4, -2, 4, -2, -2], [-2, -2, -2, 3, -2, 1, -2, 2, -2, 2, 1, -2], [-2, -2, -2, 3, -2, 1, -1, -2, 2, 4, -2, -2], [-2, -2, -2, 3, 2, -2, -2, -2, -2, -2, 4, 1], [-2, -2, -2, 3, 2, -2, -2, -2, -2, 4, -2, 1], [-2, -2, -2, 3, 2, -2, -2, -2, -2, 3, 2, 2], [-2, -2, -2, 3, 2, -2, -2, 4, -2, -2, 3, 1], [-2, -2, -2, 3, 2, -2, -2, 4, -2, -2, 1, -2], [-2, -2, -2, 3, 2, -2, -1, 2, -2, 3, 2, -2], [-2, -2, -2, 3, 2, 5, -1, -2, -2, 3, -2, 2], [-2, -2, -2, 3, 2, 1, -2, -2, -2, -2, 3, 1], [-2, -2, -2, 3, 2, 1, -2, -2, -2, 4, -2, -2], [-2, -2, -2, 3, 2, 1, -2, 4, -2, -2, -2, 1], [-2, -2, -2, 3, 1, -2, -2, -2, -2, 2, 1, 2], [-2, -2, -2, 3, 1, -2, -2, 2, -2, -2, 1, 1], [-2, -2, -2, 3, 1, -2, -2, 2, -2, 2, 1, -2], [-2, -2, -2, 3, 1, -2, -1, 2, -2, 3, 3, -2], [-2, -2, -2, 3, 1, 5, -2, -2, -2, 1, -2, -2], [-2, -2, -2, 3, 1, 5, -1, -2, -2, 2, -2, 2], [-2, -2, -2, 3, 1, 1, -2, -2, -2, 2, 1, -2], [-2, -2, -2, 3, 1, 1, -2, -2, 2, -2, 3, -2], [-2, -2, -2, 3, 1, 1, -2, -2, 2, 2, -2, -2], [-2, -2, -2, 3, 1, 1, -2, 2, -2, -2, -2, 1], [-2, -2, -2, 3, 1, 1, -2, 2, -2, -2, 3, -2], [-2, -2, -2, 3, 1, 1, -2, 2, -2, 3, -2, 2], [-2, -2, -2, 3, 1, 1, -2, 2, -2, 2, -2, -2], [-2, -2, -2, 3, 1, 1, -2, 2, 2, 3, -2, -2], [-2, -2, -2, 2, -2, -2, -2, -2, -2, 3, 3, 1], [-2, -2, -2, 2, -2, -2, -2, 4, -2, -2, 3, -2], [-2, -2, -2, 2, -2, -2, -2, 4, -2, 3, -2, -2], [-2, -2, -2, 2, -2, -2, -2, 2, -2, 3, 2, -2], [-2, -2, -2, 2, -2, 5, -2, -2, -2, 1, 1, 2], [-2, -2, -2, 2, -2, 5, -2, -2, 2, -2, 2, -2], [-2, -2, -2, 2, -2, 5, -2, -2, 2, 1, -2, 2], [-2, -2, -2, 2, -2, 5, -2, 2, -2, -2, 2, -2], [-2, -2, -2, 2, -2, 5, -1, -2, -2, 1, -2, -2], [-2, -2, -2, 2, -2, 1, -2, 4, -2, -2, 1, -2], [-2, -2, -2, 2, 2, -2, -2, -2, 3, 1, 1, -2], [-2, -2, -2, 2, 2, -2, -1, -2, -2, 1, 1, -1], [-2, -2, -2, 2, 2, 5, -2, -2, -2, 1, -2, -2], [-2, -2, -2, 2, 2, 5, -2, 2, -2, -2, 1, -2], [-2, -2, -2, 2, 2, 1, -2, -2, 2, 3, -2, -2], [-2, -2, -2, 2, 2, 1, -2, 2, -2, -2, 3, -2], [-2, -2, -2, 2, 2, 1, -2, 2, -2, 3, -2, -2], [-2, -2, -2, 2, 2, 1, -1, -2, -2, 3, -2, -2], [-2, -2, -2, 2, 1, -2, -2, -2, -2, -2, 3, 1], [-2, -2, -2, 2, 1, -2, -2, 2, 2, -2, 2, -2], [-2, -2, -2, 2, 1, -2, -1, -2, -2, 1, 1, 2], [-2, -2, -2, 2, 1, -2, -1, -2, 2, -2, 2, 2], [-2, -2, -2, 2, 1, -2, -1, -2, 2, 2, 2, -2], [-2, -2, -2, 2, 1, -2, -1, -2, 2, 1, 1, -2], [-2, -2, -2, 2, 1, -2, -1, 2, -2, -2, 2, -2], [-2, -2, -2, 2, 1, -2, -1, 2, -2, 1, 1, -2], [-2, -2, -2, 2, 1, 5, -2, -2, -2, 3, -2, -2], [-2, -2, -2, 2, 1, 5, -1, 2, 2, -2, -2, -2], [-2, -2, -2, 2, 1, 1, -2, -2, -2, -2, 1, 2], [-2, -2, -2, 2, 1, 1, -2, -2, -2, 1, -2, -2], [-2, -2, -2, 2, 1, 1, -2, 4, -2, -2, -2, -2], [-2, -2, -2, 1, -2, -2, -2, -2, -2, -2, 3, 1], [-2, -2, -2, 1, -2, -2, -2, -2, -2, 4, 3, -2], [-2, -2, -2, 1, -2, -2, -2, -2, -2, 3, -2, 2], [-2, -2, -2, 1, -2, -2, -2, -2, 2, -2, -2, 1], [-2, -2, -2, 1, -2, -2, -2, -2, 2, 3, -2, -2], [-2, -2, -2, 1, -2, -2, -2, 2, -2, -2, -2, 1], [-2, -2, -2, 1, -2, -2, -2, 2, -2, -2, 3, -2], [-2, -2, -2, 1, -2, -2, -2, 2, -2, 3, -2, -2], [-2, -2, -2, 1, -2, -2, 1, -2, -2, -2, -2, -2], [-2, -2, -2, 1, -2, -2, -1, -2, -2, -2, 3, 2], [-2, -2, -2, 1, -2, -2, -1, -2, -2, 3, 3, -2], [-2, -2, -2, 1, -2, -2, -1, -2, 2, -2, 3, -2], [-2, -2, -2, 1, -2, 5, -2, -2, -2, -2, -2, 2], [-2, -2, -2, 1, -2, 5, -2, -2, -2, -2, 2, -2], [-2, -2, -2, 1, -2, 5, -1, -2, -2, -2, 3, -2], [-2, -2, -2, 1, -2, 3, -2, -2, -2, -2, -2, -2], [-2, -2, -2, 1, -2, 2, -2, -2, -2, -2, -2, -2], [-2, -2, -2, 1, -2, 1, -2, -2, -2, 3, 3, -2], [-2, -2, -2, 1, 2, -2, -2, -2, -2, -2, -2, 1], [-2, -2, -2, 1, 2, -2, -2, -2, -2, -2, 3, -2], [-2, -2, -2, 1, 2, -2, -2, -2, -2, 3, -2, -2], [-2, -2, -2, 1, 2, -2, -2, -2, -2, 1, -2, -1], [-2, -2, -2, 1, 2, -2, -2, -2, 3, 1, -2, -2], [-2, -2, -2, 1, 2, -2, -2, -2, 2, -2, -2, -2], [-2, -2, -2, 1, 2, -2, -2, 3, -2, -2, 1, -2], [-2, -2, -2, 1, 2, -2, -2, 2, -2, -2, -2, -2], [-2, -2, -2, 1, 2, 6, -2, -2, -2, -2, 1, -2], [-2, -2, -2, 1, 2, 5, -2, -2, -2, -2, -2, -2], [-2, -2, 2, -2, -2, -2, -2, -2, -2, -2, 3, 2], [-2, -2, 2, -2, -2, -2, -2, -2, -2, 3, -2, 2], [-2, -2, 2, -2, -2, 5, -2, -2, -2, -2, 3, -2], [-2, -2, 2, -2, -2, 1, -2, -2, -2, -2, -2, 2], [-2, -2, 2, -2, 2, -2, -2, -2, -2, 4, -2, 1], [-2, -2, 2, -2, 2, -2, -1, -2, 2, 4, -2, -2], [-2, -2, 2, -2, 2, 1, -2, 2, -2, -2, -2, -2], [-2, -2, 2, -2, 1, -2, -1, -2, -2, -2, -2, 2], [-2, -2, 2, 3, -2, -2, -2, -2, -2, -2, -2, 2], [-2, -2, 1, -2, -2, -2, -2, -2, -2, -2, 4, 2], [-2, -2, 1, -2, -2, -2, -2, -2, -2, 4, 4, -2], [-2, -2, 1, -2, -2, -2, -2, -2, 2, -2, 4, -2], [-2, -2, 1, -2, -2, -2, -2, 4, 2, 3, 3, 2], [-2, -2, 1, -2, -2, -2, -2, 2, -2, -2, 4, -2], [-2, -2, 1, -2, -2, -2, -2, 2, -2, 1, -2, 1], [-2, -2, 1, -2, -2, -2, 3, -2, -2, -2, -2, -2], [-2, -2, 1, -2, -2, -2, 1, -2, -2, 2, -2, -2], [-2, -2, 1, -2, 2, -2, -2, -2, -2, -2, 4, -2], [-2, -2, 1, -2, 2, 5, -2, -2, -2, -2, 1, -2], [-2, -2, 1, -2, 1, -2, -2, 2, 2, 3, 3, 1], [-2, -2, 1, -2, 1, 5, -2, -2, -2, 2, -2, 2], [-2, -2, 1, 4, -2, -2, -2, -2, -2, 3, 1, -2], [-2, -2, 1, 4, -2, -2, 1, -2, -2, -2, -2, -2], [-2, -2, 1, 4, 2, -2, -2, -2, -2, 1, 1, -2], [-2, -2, 1, 4, 2, 5, -2, 2, -2, 2, -2, -2], [-2, -2, 1, 4, 1, -2, -2, -2, -2, -2, 1, -2], [-2, -2, 1, 3, -2, -2, -2, -2, -2, -2, 4, -2], [-2, -2, 1, 3, -2, -2, -2, -2, -2, 1, -2, 1], [-2, -2, 1, 3, -2, 5, -2, -2, -2, -2, 2, -2], [-2, -2, 1, 3, -2, 1, -2, -2, -2, 4, -2, -2], [-2, -2, 1, 3, -2, 1, -2, 2, -2, -2, 3, -2], [-2, -2, 1, 3, -2, 1, -2, 2, -2, 3, -2, 2], [-2, -2, 1, 3, 2, -2, -1, -2, -2, 2, 1, -2], [-2, -2, 1, 3, 1, -2, -2, -2, -2, 3, 3, 2], [-2, -2, 1, 3, 1, -2, -2, 2, -2, 3, 3, -2], [-2, -2, 1, 3, 1, -2, -1, 2, -2, -2, 3, 2], [-2, -2, 1, 3, 1, 5, -1, 2, -2, 2, -2, -2], [-2, -2, 1, 3, 1, 1, -2, -2, -2, 3, -2, -2], [-2, -2, 1, 2, -2, -2, -2, -2, -2, 1, 1, 2], [-2, -2, 1, 2, -2, 5, -2, -2, -2, 1, -2, -2], [-2, -2, 1, 2, -2, 5, -2, 2, 2, -2, 1, -2], [-2, -2, 1, 2, -2, 5, -1, -2, -2, -2, 1, -2], [-2, -2, 1, 2, -2, 1, -1, -2, 2, 3, -2, 2], [-2, -2, 1, 2, 2, -2, -2, -2, -2, 3, -2, 2], [-2, -2, 1, 2, 1, -2, -2, -2, 2, -2, 2, 2], [-2, -2, 1, 2, 1, -2, -2, -2, 2, 1, 1, -2], [-2, -2, 1, 2, 1, -2, -2, 2, -2, -2, 2, 2], [-2, -2, 1, 2, 1, -2, -2, 2, -2, 1, 1, -2], [-2, -2, 1, 2, 1, -2, -1, -2, -2, 1, -2, 2], [-2, -2, 1, 2, 1, -2, -1, -2, -2, 1, 1, -2], [-2, -2, 1, 2, 1, -2, -1, -2, 2, 1, -2, -2], [-2, -2, 1, 2, 1, -2, -1, 2, -2, -2, 1, 2], [-2, -2, 1, 2, 1, -2, -1, 2, -2, 1, -2, -2], [-2, -2, 1, 2, 1, 5, -1, -2, 2, -2, -2, -2], [-2, -2, 1, 2, 1, 5, -1, 2, -2, -2, -2, 2], [-2, -2, 1, 1, -2, -2, -2, -2, -2, -2, 3, -2], [-2, -2, 1, 1, -2, -2, -2, -2, -2, 4, -2, -2], [-2, -2, 1, 1, -2, -2, -2, -2, -2, 3, -2, -2], [-2, -2, 1, 1, -2, -2, -2, -2, -2, 2, 2, -2], [-2, -2, 1, 1, -2, -2, -2, 2, 2, -2, -2, -2], [-2, -2, 1, 1, -2, 5, -2, -2, -2, -2, -2, -2], [-2, -2, 1, 1, 2, -2, -2, -2, -2, -2, -2, -2], [-2, -2, -1, -2, -2, -2, -2, -2, -2, -2, -2, 1], [-2, -2, -1, -2, -2, -2, -2, -2, -2, -2, 1, 2], [-2, -2, -1, -2, -2, -2, -2, -2, -2, 3, 2, -2], [-2, -2, -1, -2, -2, -2, -2, -2, 2, 3, -2, -2], [-2, -2, -1, -2, -2, -2, -2, -2, 2, 2, 1, -2], [-2, -2, -1, -2, -2, -2, -2, 4, -2, -2, -2, -2], [-2, -2, -1, -2, -2, -2, 1, -2, -2, 1, -2, 2], [-2, -2, -1, -2, -2, -2, -1, -2, 2, -2, 1, -2], [-2, -2, -1, -2, -2, 5, -1, -2, -2, -2, 1, -2], [-2, -2, -1, -2, -2, 5, -1, -2, -2, 1, -2, 2], [-2, -2, -1, -2, -2, 5, -1, -2, 2, 1, -2, -2], [-2, -2, -1, -2, -2, 3, -2, -2, -2, -2, -2, -2], [-2, -2, -1, -2, -2, 1, -2, -2, -2, 3, 3, -2], [-2, -2, -1, -2, -2, 1, -2, -2, -2, 2, 2, -2], [-2, -2, -1, -2, -2, 1, -2, -2, -2, 1, -2, -2], [-2, -2, -1, -2, -2, 1, -1, -2, -2, -2, 3, -2], [-2, -2, -1, -2, -2, 1, -1, -2, -2, 3, -2, -2], [-2, -2, -1, -2, 2, -2, -2, 2, -2, 3, -2, -2], [-2, -2, -1, -2, 2, -2, -1, -2, -2, 3, -2, 2], [-2, -2, -1, -2, 2, -2, -1, -2, 2, -2, 3, -2], [-2, -2, -1, -2, 2, -2, -1, -2, 2, 1, -2, -2], [-2, -2, -1, -2, 2, -2, -1, 2, -2, 1, -2, 2], [-2, -2, -1, -2, 2, 5, -2, -2, -2, 3, -2, -2], [-2, -2, -1, -2, 2, 5, -1, -2, 2, -2, -2, -2], [-2, -2, -1, -2, 2, 5, -1, 2, -2, -2, -2, 2], [-2, -2, -1, -2, 2, 1, -2, -2, -2, 3, -2, -2], [-2, -2, -1, -2, 1, -2, -2, -2, -2, 2, 1, -2], [-2, -2, -1, -2, 1, -2, -2, 2, 2, 1, -2, 2], [-2, -2, -1, -2, 1, -2, -1, 2, -2, -2, 1, -2], [-2, -2, -1, -2, 1, 5, -2, -2, -2, 1, -2, -2], [-2, -2, -1, -2, 1, 1, -2, -2, -2, -2, -2, -2], [-2, -2, -1, 4, -2, -2, -2, -2, -2, -2, -2, 2], [-2, -2, -1, 4, -2, -2, -2, -2, -2, -2, 2, -2], [-2, -2, -1, 4, -2, -2, -2, -2, -2, 2, -2, -2], [-2, -2, -1, 4, -2, -2, -2, -2, 2, -2, -2, -2], [-2, -2, -1, 4, -2, -2, -2, 2, -2, -2, 1, -2], [-2, -2, -1, 4, -2, -2, -2, 2, -2, 3, -2, -2], [-2, -2, -1, 4, -2, -2, -1, -2, -2, 3, -2, -2], [-2, -2, -1, 4, -2, -2, -1, 2, -2, -2, -2, -2], [-2, -2, -1, 4, -2, 1, -2, -2, -2, -2, -2, -2], [-2, -2, -1, 4, 2, -2, -2, -2, -2, 3, -2, -2], [-2, -2, -1, 4, 2, -2, -1, -2, -2, -2, 3, -2], [-2, -2, -1, 4, 1, -2, -2, 2, -2, 1, -2, -2], [-2, -2, -1, 3, -2, -2, -2, 2, -2, -2, 1, -2], [-2, -2, -1, 3, -2, 5, -2, -2, -2, -2, 1, -2], [-2, -2, -1, 3, -2, 5, -2, -2, -2, 3, -2, -2], [-2, -2, -1, 3, -2, 5, -2, -2, -2, 1, -2, -2], [-2, -2, -1, 3, -2, 5, -1, -2, -2, -2, -2, -2], [-2, -2, -1, 3, 1, -2, -2, -2, -2, 1, -2, 2], [-2, -2, -1, 3, 1, -2, -2, 2, -2, 2, -2, -2], [-2, -2, -1, 3, 1, 5, -2, -2, -2, -2, -2, -2], [-2, -2, -1, 2, 2, -2, -1, -2, -2, 1, 1, -2], [-2, -2, -1, 2, 1, -2, -2, -2, -2, -2, 3, -2], [-2, -2, -1, 1, 2, -2, -1, -2, -2, 1, -2, -2], [-2, 1, -2, -2, -2, -2, -2, -2, -2, 5, -2, 1], [-2, 1, -2, -2, -2, -2, -2, -2, -2, 2, 1, 2], [-2, 1, -2, -2, -2, -2, -2, 4, -2, 2, -2, 1], [-2, 1, -2, -2, -2, -2, -2, 2, -2, -2, 4, 2], [-2, 1, -2, -2, -2, -2, -2, 2, -2, 5, -2, -2], [-2, 1, -2, -2, -2, -2, -2, 2, -2, 4, -2, 2], [-2, 1, -2, -2, -2, -2, -2, 2, 2, 3, 3, 2], [-2, 1, -2, -2, -2, -2, 3, -2, -2, -2, -2, -2], [-2, 1, -2, -2, -2, -2, -1, 2, 2, 3, 3, -2], [-2, 1, -2, -2, -2, 5, -2, -2, -2, -2, 1, -2], [-2, 1, -2, -2, -2, 5, -2, -2, -2, 2, -2, -2], [-2, 1, -2, -2, -2, 3, -2, -2, 2, -2, 3, -2], [-2, 1, -2, -2, -2, 3, -2, -2, 2, 3, -2, -2], [-2, 1, -2, -2, -2, 3, -2, 4, 2, -2, -2, 1], [-2, 1, -2, -2, -2, 1, -2, -2, -2, 1, -2, 1], [-2, 1, -2, -2, -2, 1, -2, -2, 1, -2, -2, 1], [-2, 1, -2, -2, -2, 1, -2, 4, 1, -2, -2, -2], [-2, 1, -2, -2, -2, 1, -2, 2, -2, -2, 2, 1], [-2, 1, -2, -2, -2, 1, -2, 2, 2, -2, -2, 1], [-2, 1, -2, -2, -2, 1, -2, 2, 2, 3, -2, -2], [-2, 1, -2, -2, 2, -2, -2, -2, -2, -2, 1, 2], [-2, 1, -2, -2, 2, -2, -2, -2, -2, 3, 3, 2], [-2, 1, -2, -2, 2, -2, -2, -2, -2, 2, 1, -2], [-2, 1, -2, -2, 2, -2, -2, -2, 2, -2, 1, -2], [-2, 1, -2, -2, 2, -2, -2, 4, -2, -2, 1, -2], [-2, 1, -2, -2, 2, -2, -2, 2, -2, -2, 4, -2], [-2, 1, -2, -2, 2, -2, -2, 2, -2, 3, 3, -2], [-2, 1, -2, -2, 2, -2, -2, 2, 2, -2, 3, 1], [-2, 1, -2, -2, 2, -2, 1, -2, -2, -2, -2, -2], [-2, 1, -2, -2, 2, -2, -1, 2, -2, -2, 3, 1], [-2, 1, -2, -2, 2, -2, -1, 2, 2, 3, -2, 1], [-2, 1, -2, -2, 2, 3, -2, -2, -2, 3, -2, -2], [-2, 1, -2, -2, 2, 1, -2, -2, -2, 3, -2, 2], [-2, 1, -2, -2, 2, 1, -2, 2, -2, -2, -2, 1], [-2, 1, -2, -2, 2, 1, -2, 2, -2, -2, 3, -2], [-2, 1, -2, -2, 2, 1, -2, 2, -2, 3, -2, -2], [-2, 1, -2, -2, 1, -2, -2, -2, -2, -2, 2, 1], [-2, 1, -2, -2, 1, -2, -2, -2, -2, -2, 2, -1], [-2, 1, -2, -2, 1, -2, -2, -2, -2, 2, -2, 1], [-2, 1, -2, -2, 1, -2, -2, -2, 3, -2, 2, -2], [-2, 1, -2, -2, 1, -2, -2, -2, 2, 2, 2, -2], [-2, 1, -2, -2, 1, -2, -2, 4, -2, 2, -2, -2], [-2, 1, -2, -2, 1, -2, -2, 4, 2, -2, 2, -2], [-2, 1, -2, -2, 1, -2, -1, -2, 2, -2, 2, -2], [-2, 1, -2, -2, 1, -2, -1, 2, 2, 3, -2, 2], [-2, 1, -2, -2, 1, 5, -2, -2, -2, -2, -2, 2], [-2, 1, -2, -2, 1, 5, -2, -2, -2, 1, -2, -2], [-2, 1, -2, -2, 1, 1, -2, -2, -2, 2, 2, -2], [-2, 1, -2, -2, 1, 1, -2, -2, 2, -2, 2, -2], [-2, 1, -2, 4, -2, -2, -2, -2, -2, -2, -2, 2], [-2, 1, -2, 4, -2, -2, -2, -2, -2, -2, 2, 1], [-2, 1, -2, 4, -2, -2, -2, -2, -2, 3, 3, -2], [-2, 1, -2, 4, -2, -2, -2, -2, -2, 2, -2, -2], [-2, 1, -2, 4, -2, -2, -2, -2, 2, -2, 1, -2], [-2, 1, -2, 4, -2, -2, -2, 2, -2, -2, 1, -2], [-2, 1, -2, 4, -2, -2, -2, 2, -2, 1, -2, -2], [-2, 1, -2, 4, -2, -2, -2, 2, 2, -2, 3, -2], [-2, 1, -2, 4, -2, -2, -1, 2, -2, -2, 3, -2], [-2, 1, -2, 4, -2, 1, -2, -2, -2, -2, -2, -2], [-2, 1, -2, 4, 2, -2, -2, -2, -2, -2, 1, -2], [-2, 1, -2, 4, 2, 5, -2, -2, -2, -2, -2, -2], [-2, 1, -2, 4, 1, -2, -2, -2, -2, -2, -2, 1], [-2, 1, -2, 4, 1, -2, -2, -2, -2, -2, 2, -2], [-2, 1, -2, 4, 1, -2, -2, -2, 2, -2, -2, -2], [-2, 1, -2, 4, 1, -2, -1, -2, -2, -2, -2, -2], [-2, 1, -2, 3, -2, -2, -2, -2, -2, -2, 1, 1], [-2, 1, -2, 3, -2, -2, -2, -2, 2, 2, 1, -2], [-2, 1, -2, 3, -2, -2, -2, -2, 1, -2, -2, -2], [-2, 1, -2, 3, -2, -2, -2, 2, -2, 2, 1, -2], [-2, 1, -2, 3, -2, -2, -1, -2, -2, 2, 2, 2], [-2, 1, -2, 3, -2, -2, -1, -2, -2, 2, 1, -2], [-2, 1, -2, 3, -2, -2, -1, -2, 2, 2, -2, 1], [-2, 1, -2, 3, -2, -2, -1, 2, -2, 2, -2, 2], [-2, 1, -2, 3, -2, -2, -1, 2, -2, 2, 2, -2], [-2, 1, -2, 3, -2, 5, -2, -2, -2, -2, 2, -2], [-2, 1, -2, 3, -2, 1, -2, -2, -2, -2, 3, 1], [-2, 1, -2, 3, -2, 1, -2, -2, -2, 2, 2, 2], [-2, 1, -2, 3, -2, 1, -2, 2, -2, -2, -2, 1], [-2, 1, -2, 3, 2, 1, -2, -2, -2, -2, 1, -2], [-2, 1, -2, 3, 1, -2, -2, -2, -2, -2, 2, -2], [-2, 1, -2, 3, 1, -2, -2, -2, 2, 3, 3, -2], [-2, 1, -2, 3, 1, -2, -2, -2, 2, 2, -2, -2], [-2, 1, -2, 3, 1, -2, -2, 2, -2, -2, -2, 1], [-2, 1, -2, 3, 1, -2, -2, 2, -2, 2, -2, -2], [-2, 1, -2, 3, 1, -2, -1, -2, -2, 2, -2, 2], [-2, 1, -2, 3, 1, -2, -1, 2, 2, 3, -2, -2], [-2, 1, -2, 3, 1, 5, -2, 2, -2, -2, -2, -2], [-2, 1, -2, 3, 1, 5, -1, -2, -2, -2, -2, -2], [-2, 1, -2, 3, 1, 1, -2, -2, -2, -2, -2, 1], [-2, 1, -2, 2, -2, -2, -2, -2, 2, 1, 1, 2], [-2, 1, -2, 2, -2, -2, -2, 4, -2, -2, 1, -2], [-2, 1, -2, 2, -2, 5, -2, -2, -2, 1, -2, -2], [-2, 1, -2, 2, -2, 1, -2, -2, 2, -2, 1, 2], [-2, 1, -2, 2, 2, 1, -2, -2, -2, 3, -2, -2], [-2, 1, -2, 2, 1, -2, -2, -2, 2, 1, 1, -2], [-2, 1, -2, 2, 1, -2, -2, 4, -2, -2, -2, 1], [-2, 1, -2, 2, 1, -2, -1, 2, 2, -2, 1, 2], [-2, 1, -2, 2, 1, 5, -2, -2, 2, -2, -2, -2], [-2, 1, -2, 2, 1, 5, -2, 2, -2, -2, -2, -2], [-2, 1, -2, 2, 1, 5, -1, -2, -2, -2, -2, -2], [-2, 1, -2, 2, 1, 1, -2, -2, -2, -2, 1, -2], [-2, 1, -2, 1, -2, -2, -2, -2, -2, -2, 3, 2], [-2, 1, -2, 1, -2, -2, -2, -2, -2, -2, 1, 2], [-2, 1, -2, 1, -2, -2, -2, -2, -2, 3, -2, -2], [-2, 1, -2, 1, -2, -2, -2, -2, 2, 2, -2, -2], [-2, 1, -2, 1, -2, -2, -2, 2, -2, -2, -2, -2], [-2, 1, -2, 1, -2, 5, -2, -2, -2, -2, -2, -2], [-2, 1, -2, 1, 2, -2, -2, -2, -2, -2, -2, -2], [-2, 1, 2, -2, -2, -2, -2, 2, -2, 3, -2, -2], [-2, 1, 2, -2, 1, -2, -2, -2, -2, -2, -2, -2], [-2, 1, 1, -2, -2, -2, -2, -2, -2, 3, 1, -2], [-2, 1, 1, -2, -2, -2, -2, -2, 2, 3, 3, 2], [-2, 1, 1, -2, -2, -2, -2, 2, -2, 3, 3, 2], [-2, 1, 1, -2, -2, -2, -2, 2, -2, 2, 1, -2], [-2, 1, 1, -2, -2, 1, -2, 2, -2, -2, 3, -2], [-2, 1, 1, -2, -2, 1, -2, 2, -2, 3, -2, 2], [-2, 1, 1, -2, 2, -2, -2, -2, -2, 3, 3, -2], [-2, 1, 1, -2, 2, -2, -2, -2, 2, 3, -2, 2], [-2, 1, 1, -2, 2, -2, -2, 2, -2, -2, 3, 2], [-2, 1, 1, -2, 2, -2, -2, 2, 2, -2, 3, -2], [-2, 1, 1, -2, 2, 5, -2, -2, -2, -2, -2, 2], [-2, 1, 1, -2, 1, -2, -1, 2, -2, 3, -2, 2], [-2, 1, 1, -2, 1, 1, -2, -2, 2, 3, -2, 2], [-2, 1, 1, -2, 1, 1, -2, 2, -2, 3, -2, -2], [-2, 1, 1, -2, 1, 1, -1, -2, -2, -2, 1, 1], [-2, 1, 1, 4, -2, -2, -2, -2, -2, -2, 1, -2], [-2, 1, 1, 4, -2, -2, -2, -2, -2, 1, -2, -2], [-2, 1, 1, 3, -2, -2, -2, -2, -2, 3, 3, -2], [-2, 1, 1, 3, -2, -2, -2, -2, -2, 2, -2, 1], [-2, 1, 1, 3, -2, -2, -2, -2, -2, 2, 1, -2], [-2, 1, 1, 3, -2, -2, -1, 2, -2, 2, -2, -2], [-2, 1, 1, 3, 1, -2, -1, -2, -2, 2, -2, -2], [-2, 1, 1, 3, 1, 1, -2, 2, 2, -2, -2, -2], [-2, 1, 1, 2, -2, 1, -2, -2, 2, -2, 2, 2], [-2, 1, 1, 2, -2, 1, -1, -2, -2, -2, 2, 2], [-2, 1, 1, 2, 1, -2, -1, -2, 2, -2, 1, 2], [-2, 1, 1, 1, -2, -2, -2, -2, -2, -2, -2, 2], [-2, 1, -1, -2, -2, -2, -2, -2, -2, 2, -2, 2], [-2, 1, -1, -2, -2, -2, -2, -2, -2, 1, -2, 2], [-2, 1, -1, -2, -2, -2, -2, -2, 2, -2, -2, -2], [-2, 1, -1, -2, -2, -2, -2, 2, -2, -2, 2, -2], [-2, 1, -1, -2, -2, -2, -2, 2, -2, -2, 1, -2], [-2, 1, -1, -2, -2, -2, -2, 2, -2, 2, -2, -2], [-2, 1, -1, -2, -2, -2, -2, 2, -2, 1, -2, -2], [-2, 1, -1, -2, -2, 5, -2, -2, -2, -2, -2, -2], [-2, 1, -1, -2, -2, 1, -2, -2, -2, -2, -2, -2], [-2, 1, -1, -2, 1, -2, -2, -2, -2, -2, 2, -2], [-2, 1, -1, -2, 1, -2, -2, 2, -2, -2, -2, -2], [-2, 1, -1, 4, -2, -2, -2, -2, -2, -2, -2, -2], [-2, 0, -2, -2, -2, -2, -2, -2, -2, 4, 4, -2], [-2, 0, -2, -2, -2, -2, -2, -2, -2, 1, -2, 1], [-2, 0, -2, -2, -2, -2, -2, -2, 1, -2, -2, 2], [-2, 0, -2, -2, -2, -2, -2, 4, -2, 4, -2, -2], [-2, 0, -2, -2, -2, -2, -2, 4, -2, 3, 3, 1], [-2, 0, -2, -2, -2, -2, -2, 4, 2, -2, 3, -2], [-2, 0, -2, -2, -2, -2, -2, 2, 1, -2, -2, -2], [-2, 0, -2, -2, -2, 3, -2, 2, -2, -2, -2, 1], [-2, 0, -2, -2, -2, 2, -2, -2, -2, -2, 3, -2], [-2, 0, -2, -2, -2, 1, -2, -2, -2, 3, 3, -2], [-2, 0, -2, -2, -2, 1, -2, -2, 2, 4, -2, 1], [-2, 0, -2, -2, 2, -2, -2, -2, -2, 4, -2, 1], [-2, 0, -2, -2, 2, -2, -2, -2, -2, 3, 2, 2], [-2, 0, -2, -2, 2, -2, -2, 4, -2, -2, 4, -2], [-2, 0, -2, -2, 2, -2, -2, 4, -2, -2, 3, -2], [-2, 0, -2, -2, 2, 1, -2, -2, -2, -2, 3, 2], [-2, 0, -2, -2, 2, 1, -2, -2, -2, 4, -2, -2], [-2, 0, -2, -2, 1, -2, -2, -2, -2, 2, 1, 2], [-2, 0, -2, -2, 1, -2, -2, -2, 2, 3, 3, 1], [-2, 0, -2, -2, 1, -2, -1, 2, -2, 2, 1, -2], [-2, 0, -2, -2, 1, 5, -1, -2, -2, 1, -2, 2], [-2, 0, -2, -2, 1, 3, -2, 2, -2, -2, -2, -2], [-2, 0, -2, -2, 1, 1, -2, -2, -2, -2, 1, -2], [-2, 0, -2, -2, 1, 1, -2, -2, 2, -2, 3, 1], [-2, 0, -2, 4, -2, 5, -1, -2, -2, 1, -2, 2], [-2, 0, -2, 4, -2, 5, -1, -2, 2, 1, -2, -2], [-2, 0, -2, 4, -2, 1, -2, -2, -2, 2, -2, 2], [-2, 0, -2, 3, -2, -2, -2, -2, -2, -2, 4, -2], [-2, 0, -2, 3, -2, -2, -2, -2, -2, 4, -2, -2], [-2, 0, -2, 3, -2, -2, -2, -2, -2, 3, 2, 2], [-2, 0, -2, 3, -2, -2, -2, 4, -2, -2, 3, 1], [-2, 0, -2, 3, -2, -2, -2, 2, -2, 3, 2, -2], [-2, 0, -2, 3, -2, 3, -2, -2, -2, -2, 3, -2], [-2, 0, -2, 3, -2, 1, -2, -2, -2, 3, -2, 2], [-2, 0, -2, 3, -2, 1, -2, 4, -2, -2, -2, 1], [-2, 0, -2, 3, -2, 1, -2, 2, -2, -2, 3, 2], [-2, 0, -2, 3, 2, -2, -2, -2, -2, 3, -2, -1], [-2, 0, -2, 3, 2, -2, -2, -2, -2, 3, 2, -2], [-2, 0, -2, 3, 2, -2, -2, 4, -2, -2, -2, 1], [-2, 0, -2, 3, 2, -2, -1, 2, -2, 3, -2, 2], [-2, 0, -2, 3, 2, 5, -2, -2, -2, -2, 2, -2], [-2, 0, -2, 3, 2, 5, -2, -2, -2, 3, -2, -2], [-2, 0, -2, 3, 2, 2, -2, -2, -2, -2, -2, 1], [-2, 0, -2, 3, 2, 1, -2, 4, -2, -2, -2, -2], [-2, 0, -2, 3, 1, 1, -2, -2, -2, -2, 3, -2], [-2, 0, -2, 3, 1, 1, -2, -2, -2, 3, -2, -2], [-2, 0, -2, 2, -2, -2, -2, -2, -2, -2, 2, 2], [-2, 0, -2, 2, -2, -2, -2, -2, 3, 1, 1, -2], [-2, 0, -2, 2, -2, -2, -2, -2, 2, 2, 2, -2], [-2, 0, -2, 2, -2, -2, -2, 2, -2, -2, 2, -2], [-2, 0, -2, 2, -2, -2, -1, -2, -2, 1, 1, -1], [-2, 0, -2, 2, 2, -2, -2, -2, -2, -2, 1, -1], [-2, 0, -2, 2, 2, -2, -2, -2, -2, 1, -2, -2], [-2, 0, -2, 2, 2, -2, -2, -2, 3, -2, 1, -2], [-2, 0, -2, 2, 2, -2, -2, 3, -2, -2, 1, -2], [-2, 0, -2, 2, 2, -2, -1, -2, -2, 3, 3, -2], [-2, 0, -2, 2, 2, 6, -2, -2, -2, -2, 1, -2], [-2, 0, -2, 2, 2, 5, -2, -2, -2, -2, -2, 2], [-2, 0, -2, 1, -2, -2, -2, -2, -2, -2, -2, 1], [-2, 0, -2, 1, -2, -2, -1, -2, -2, -2, 3, -2], [-2, 0, -2, 1, -2, -2, -1, -2, 2, 1, -2, -2], [-2, 0, -2, 1, 2, -2, -2, -2, -2, -2, 2, 2], [-2, 0, -2, 1, 1, -2, -2, -2, 2, 1, -2, -2], [-2, 0, -2, 1, 1, -2, -1, -2, -2, 1, -2, -2], [-2, 0, -2, 1, 1, -2, -1, -2, 2, -2, 1, -2], [-2, 0, -2, 1, 1, -2, -1, 2, -2, -2, 1, -2], [-2, 0, 2, -2, 2, -2, -2, -2, -2, -2, 3, -2], [-2, 0, 2, -2, 2, -2, -2, -2, -2, 4, -2, -2], [-2, 0, 2, -2, 2, -2, -1, -2, -2, -2, -2, 2], [-2, 0, 2, 3, 2, -2, -2, -2, -2, -2, -2, -2], [-2, 0, 1, -2, -2, -2, -2, -2, -2, -2, 4, -2], [-2, 0, 1, -2, -2, 5, -2, -2, -2, -2, 2, 2], [-2, 0, 1, -2, 2, 5, -2, 2, -2, -2, -2, 1], [-2, 0, 1, -2, 2, 5, -1, -2, -2, -2, -2, 1], [-2, 0, 1, -2, 1, -2, 1, -2, -2, -2, -2, -2], [-2, 0, 1, -2, 1, 5, -2, 2, 2, 1, -2, 2], [-2, 0, 1, -2, 1, 1, -2, -2, 2, -2, 3, -2], [-2, 0, 1, 4, -2, 5, -2, 2, -2, 1, 1, -2], [-2, 0, 1, 2, -2, -2, -2, -2, -2, 1, -2, -2], [-2, 0, 1, 2, -2, -2, -1, -2, -2, 3, 3, -2], [-2, 0, 1, 2, -2, 5, -2, -2, -2, -2, 1, -2], [-2, 0, 1, 2, -2, 5, -2, -2, 2, -2, -2, 2], [-2, 0, 1, 2, 1, 5, -1, -2, -2, -2, -2, -2], [-2, 0, 1, 1, -2, -2, -2, -2, -2, -2, 2, -2], [-2, 0, 1, 1, -2, -2, -2, -2, -2, 1, -2, -2], [-2, 0, 1, 1, -2, -2, -2, -2, 2, -2, -2, -2], [-2, 0, 1, 1, -2, -2, -2, 4, -2, -2, -2, -2], [-2, 0, 1, 1, 1, -2, -2, -2, -2, -2, 1, -2], [-2, 0, -1, -2, -2, -2, -2, -2, -2, -2, 4, -2], [-2, 0, -1, -2, -2, -2, -2, -2, -2, 3, -2, 2], [-2, 0, -1, -2, -2, -2, -2, 2, -2, 3, -2, -2], [-2, 0, -1, -2, -2, -2, -1, -2, -2, 4, -2, -2], [-2, 0, -1, -2, -2, 5, -2, -2, -2, 3, -2, -2], [-2, 0, -1, -2, -2, 1, -2, -2, -2, -2, 1, -2], [-2, 0, -1, -2, -2, 1, -2, 2, 2, 2, -2, -2], [-2, 0, -1, -2, 2, -2, -1, 2, -2, -2, 3, -2], [-2, 0, -1, -2, 2, 5, -1, -2, -2, -2, -2, -2], [-2, 0, -1, -2, 1, -2, -2, -2, -2, 4, -2, -2], [-2, 0, -1, -2, 1, -2, -1, -2, -2, 1, -2, 2], [-2, 0, -1, -2, 1, -2, -1, 2, 2, 2, -2, -2], [-2, 0, -1, 4, 1, -2, -1, -2, -2, -2, 1, -2], [-2, 0, -1, 3, 1, -2, -2, -2, -2, 3, 3, -2], [-2, 0, -1, 3, 1, -2, -2, -2, 2, -2, 1, -2], [-2, 0, -1, 3, 1, -2, -2, 2, 2, -2, -2, -2], [-2, 0, -1, 2, 2, -2, -2, -2, -2, -2, 1, -2], [-2, 0, -1, 1, 2, -2, -2, -2, -2, 1, -2, -2], [2, -2, -2, -2, -2, -2, -2, -2, -2, 1, -2, 1], [2, -2, -2, -2, -2, -2, -2, -2, 1, -2, 1, -2], [2, -2, -2, -2, -2, -2, -2, 2, -2, 5, -2, -2], [2, -2, -2, -2, -2, 3, -2, -2, 2, -2, 3, -2], [2, -2, -2, -2, -2, 3, -2, 2, -2, -2, 3, -2], [2, -2, -2, -2, -2, 1, -2, -2, -2, 5, -2, -2], [2, -2, -2, -2, -2, 1, -2, -2, 1, -2, -2, 1], [2, -2, -2, -2, -2, 1, -2, 2, 2, -2, 3, 1], [2, -2, -2, -2, 2, -2, -2, -2, 2, -2, 1, 1], [2, -2, -2, -2, 2, -2, -2, -2, 2, 4, -2, 1], [2, -2, -2, -2, 2, 5, -2, -2, -2, -2, -2, 1], [2, -2, -2, -2, 2, 1, -2, -2, -2, 4, -2, -2], [2, -2, -2, -2, 1, -2, -2, -2, -2, 2, 2, -2], [2, -2, -2, -2, 1, 1, -2, -2, -2, -2, 3, 1], [2, -2, -2, -2, 1, 1, -2, -2, -2, -2, 1, 2], [2, -2, -2, -2, 1, 1, -2, -2, -2, 3, 3, -2], [2, -2, -2, -2, 1, 1, -2, -2, -2, 1, 1, -2], [2, -2, -2, -2, 1, 1, -2, -2, 2, -2, 2, 1], [2, -2, -2, -2, 1, 1, -2, 2, -2, -2, 3, -2], [2, -2, -2, -2, 1, 1, -2, 2, -2, 2, -2, -2], [2, -2, -2, -2, 1, 1, -2, 2, 2, -2, -2, 1], [2, -2, -2, 4, -2, -2, -2, -2, -2, 2, -2, -2], [2, -2, -2, 4, -2, -2, -2, -2, 1, -2, -2, -2], [2, -2, -2, 4, -2, 1, -2, -2, -2, -2, 2, -2], [2, -2, -2, 4, -2, 1, -2, 2, -2, -2, -2, 2], [2, -2, -2, 4, 1, -2, -2, -2, -2, -2, 2, -2], [2, -2, -2, 4, 1, -2, -2, -2, -2, -2, 1, -2], [2, -2, -2, 4, 1, -2, -2, -2, -2, 1, -2, -2], [2, -2, -2, 4, 1, -2, -2, -2, 2, -2, -2, 2], [2, -2, -2, 4, 1, -2, -2, 2, -2, -2, -2, 2], [2, -2, -2, 4, 1, 1, -2, -2, -2, -2, -2, -2], [2, -2, -2, 3, -2, -2, -2, -2, 1, -2, -2, -2], [2, -2, -2, 3, -2, 3, -2, 2, 2, -2, -2, -2], [2, -2, -2, 3, -2, 1, -2, 2, -2, -2, 3, -2], [2, -2, -2, 3, 2, -2, -2, -2, -2, -2, 3, 1], [2, -2, -2, 3, 2, -2, -2, -2, -2, -2, 1, 1], [2, -2, -2, 3, 2, -2, -2, -2, -2, 4, -2, -2], [2, -2, -2, 3, 2, -2, -2, -2, 2, -2, 4, -2], [2, -2, -2, 3, 2, 1, -2, -2, -2, -2, 3, -2], [2, -2, -2, 3, 1, -2, -2, 2, -2, -2, -2, 1], [2, -2, -2, 3, 1, 1, -2, -2, -2, 3, -2, 1], [2, -2, -2, 2, -2, -2, -2, -2, -2, -2, 3, 1], [2, -2, -2, 2, -2, -2, -2, -2, -2, 3, 3, -2], [2, -2, -2, 2, 1, 1, -2, -2, -2, -2, -2, 1], [2, -2, -2, 1, -2, -2, -2, -2, -2, -2, 3, -2], [2, -2, -2, 1, -2, -2, -2, -2, -2, -2, 2, 1], [2, -2, -2, 1, -2, -2, -2, -2, -2, 3, -2, 1], [2, -2, -2, 1, -2, -2, -2, -2, -2, 2, 2, -2], [2, -2, -2, 1, -2, -2, -2, -2, 2, -2, 2, -2], [2, -2, -2, 1, -2, -2, -2, 2, -2, -2, -2, -2], [2, -2, -2, 1, 2, -2, -2, -2, -2, -2, 2, -2], [2, -2, 2, -2, 2, -2, -2, -2, 2, 4, -2, -2], [2, -2, 1, -2, -2, -2, -2, 2, -2, 3, 3, 2], [2, -2, 1, -2, -2, 3, -2, -2, -2, -2, 3, -2], [2, -2, 1, -2, 1, -2, -2, 2, -2, 2, -2, 2], [2, -2, 1, -2, 1, -2, -2, 2, 2, 3, 3, -2], [2, -2, 1, -2, 1, 1, -2, -2, -2, 2, 1, -2], [2, -2, 1, -2, 1, 1, -2, 2, -2, -2, -2, 2], [2, -2, 1, -2, 1, 1, -2, 2, 2, 3, -2, -2], [2, -2, 1, 4, 1, -2, -2, -2, -2, -2, -2, 2], [2, -2, 1, 3, 2, -2, -2, -2, 2, 1, -2, -2], [2, -2, -1, -2, -2, -2, -2, -2, -2, -2, -2, -2], [2, 1, -2, -2, -2, -2, -2, -2, -2, 5, -2, -2], [2, 1, -2, -2, -2, -2, -2, -2, 2, 3, 3, 2], [2, 1, -2, -2, -2, -2, -2, -2, 2, 2, 2, 1], [2, 1, -2, -2, -2, -2, -2, 2, 2, 3, 3, -2], [2, 1, -2, -2, -2, 1, -2, 2, -2, -2, -2, 1], [2, 1, -2, -2, -2, 1, -2, 2, -2, -2, 3, -2], [2, 1, -2, -2, 2, -2, -2, -2, -2, -2, 1, -2], [2, 1, -2, -2, 1, -2, -2, -2, 2, -2, 2, -2], [2, 1, -2, -2, 1, 1, -2, 2, 2, -2, -2, -2], [2, 1, -2, 4, 1, -2, -2, -2, -2, -2, -2, -2], [2, 1, -2, 3, -2, -2, -2, -2, -2, 2, -2, 1], [2, 1, -2, 3, 2, -2, -2, -2, -2, 2, -2, -2], [2, 1, -2, 2, -2, 1, -2, -2, -2, -2, 1, -2], [2, 1, 1, -2, -2, -2, -2, -2, -2, 3, 3, 2], [2, 1, 1, -2, -2, -2, -2, 2, -2, -2, 1, 2], [2, 1, 1, -2, -2, -2, -2, 2, -2, 3, 3, -2], [2, 1, 1, -2, 1, -2, -2, 2, -2, -2, 2, -2], [2, 1, 1, -2, 1, -2, -2, 2, 2, -2, -2, 2], [2, 1, 1, 3, -2, -2, -2, -2, -2, -2, 1, -2], [2, 1, 1, 3, -2, -2, -2, -2, -2, 2, -2, -2], [2, 0, -2, -2, -2, -2, -2, -2, 2, -2, 3, 1], [2, 0, -2, -2, -2, -2, -2, -2, 2, 4, -2, 1], [2, 0, -2, -2, -2, 1, -2, -2, 2, -2, 4, -2], [2, 0, -2, -2, -2, 1, -2, -2, 2, 1, 1, -2], [2, 0, -2, -2, -2, 1, -2, -2, 1, -2, -2, -2], [2, 0, -2, -2, 2, -2, -2, -2, -2, -2, 3, 1], [2, 0, -2, -2, 2, -2, -2, -2, -2, 4, -2, -2], [2, 0, -2, -2, 1, -2, -2, 2, 2, -2, -2, 1], [2, 0, -2, -2, 1, 1, -2, -2, -2, 2, -2, 2], [2, 0, -2, -2, 1, 1, -2, -2, -2, 1, -2, -2], [2, 0, -2, -2, 1, 1, -2, -2, 2, -2, 3, -2], [2, 0, -2, -2, 1, 1, -2, -2, 2, 3, -2, 1], [2, 0, -2, 3, -2, -2, -2, -2, -2, -2, 3, 1], [2, 0, -2, 3, -2, -2, -2, 2, -2, -2, 3, -2], [2, 0, -2, 3, -2, 1, -2, -2, -2, -2, 3, -2], [2, 0, -2, 3, 2, -2, -2, -2, -2, -2, 3, -2], [2, 0, -2, 3, 2, 1, -2, -2, -2, -2, -2, 1], [2, 0, -2, 1, -2, -2, -2, -2, -2, -2, -2, -2], [2, 0, 1, -2, -2, 1, -2, 2, -2, 2, -2, -2], [2, 0, 1, -2, 1, -2, -2, -2, -2, 2, -2, 2], [2, 0, 1, -2, 1, 1, -2, -2, -2, -2, -2, 2], [1, -2, -2, -2, -2, -2, -2, -2, -2, 3, -2, 2], [1, -2, -2, -2, -2, -2, -2, -2, -2, 2, 1, 2], [1, -2, -2, -2, -2, 3, -2, -2, -2, 3, -2, -2], [1, -2, -2, -2, -2, 1, -2, -2, -2, 3, 3, -2], [1, -2, -2, -2, -2, 1, -2, -2, -2, 3, 1, -2], [1, -2, -2, -2, -2, 1, -2, -2, 2, 3, -2, -2], [1, -2, -2, -2, -2, 1, -2, -2, 2, 2, 1, -2], [1, -2, -2, -2, 2, -2, -2, -2, -2, -2, 4, -2], [1, -2, -2, -2, 2, -2, -2, -2, -2, 3, 3, -2], [1, -2, -2, -2, 2, 1, -2, -2, -2, -2, 3, -2], [1, -2, -2, -2, 2, 1, -2, -2, -2, 3, -2, -2], [1, -2, -2, -2, 1, -2, -2, -2, 2, 2, 1, -2], [1, -2, -2, -2, 1, 5, -2, -2, -2, 1, -2, -2], [1, -2, -2, -2, 1, 1, -2, -2, -2, -2, 1, -2], [1, -2, -2, 4, -2, -2, -2, -2, -2, -2, 1, -2], [1, -2, -2, 4, -2, -2, -2, -2, -2, 3, 3, -2], [1, -2, -2, 4, -2, -2, -2, -2, -2, 1, -2, -2], [1, -2, -2, 4, -2, 1, -2, -2, -2, -2, 3, -2], [1, -2, -2, 4, -2, 1, -2, -2, -2, 3, -2, -2], [1, -2, -2, 4, 2, -2, -2, -2, -2, -2, 3, -2], [1, -2, -2, 3, -2, -2, -2, -2, 2, 2, 1, -2], [1, -2, -2, 3, -2, 5, -2, -2, -2, -2, 2, -2], [1, -2, -2, 3, 1, -2, -2, -2, 2, -2, -2, 1], [1, -2, -2, 3, 1, 1, -2, -2, -2, -2, -2, 1], [1, -2, -2, 3, 1, 1, -2, -2, -2, -2, 2, -2], [1, -2, -2, 3, 1, 1, -2, -2, -2, 2, -2, -2], [1, -2, -2, 2, -2, -2, -2, -2, -2, -2, 2, 2], [1, -2, -2, 2, -2, -2, -2, -2, 2, -2, 2, -2], [1, -2, -2, 2, -2, 1, -2, -2, -2, -2, 2, -2], [1, -2, -2, 2, 2, -2, -2, -2, -2, 3, -2, -2], [1, -2, -2, 2, 2, 1, -2, -2, 2, -2, -2, 2], [1, -2, -2, 1, -2, -2, -2, -2, -2, -2, 3, -2], [1, -2, -2, 1, -2, -2, -2, -2, -2, 3, -2, -2], [1, -2, -2, 1, 2, -2, -2, -2, -2, -2, -2, -2], [1, -2, 2, -2, -2, -2, -2, -2, -2, -2, -2, 2], [1, -2, 2, -2, -2, -2, -2, -2, -2, 3, -2, -2], [1, -2, 2, -2, -2, 1, -2, -2, 2, -2, -2, -2], [1, -2, 1, -2, -2, -2, -2, -2, -2, 3, 3, -2], [1, -2, 1, -2, -2, 5, -2, -2, 2, -2, 2, 2], [1, -2, 1, -2, -2, 1, -2, -2, -2, -2, 3, -2], [1, -2, 1, 3, -2, -2, -2, -2, -2, 3, -2, -2], [1, -2, 1, 3, 2, 1, -2, -2, -2, -2, 1, 2], [1, -2, 1, 3, 1, -2, -2, -2, -2, -2, 3, -2], [1, -2, 1, 3, 1, -2, -2, -2, -2, -2, 2, 2], [1, -2, 1, 3, 1, 5, -2, -2, 2, -2, -2, 2], [1, -2, 1, 3, 1, 1, -2, -2, 2, -2, -2, -2], [1, -2, 1, 2, -2, 1, -2, -2, -2, -2, -2, 2], [1, -2, 1, 2, 2, -2, -2, -2, 2, -2, -2, 2], [1, -2, 1, 2, 2, 1, -2, -2, 2, -2, -2, -2], [1, -2, 1, 1, -2, -2, -2, -2, -2, -2, 1, -2], [1, -2, 1, 1, -2, -2, -2, -2, 2, -2, -2, -2], [1, -2, -1, -2, -2, -2, -2, -2, 2, 1, 1, -2], [1, -2, -1, -2, -2, 1, -2, -2, -2, -2, 1, -2], [1, -2, -1, 4, -2, -2, -2, -2, -2, -2, -2, -2], [1, 1, -2, -2, -2, -2, -2, -2, -2, 2, 1, -2], [1, 1, -2, -2, -2, -2, -2, -2, 2, -2, 3, 1], [1, 1, -2, -2, -2, -2, -2, -2, 2, 3, -2, -2], [1, 1, -2, -2, -2, -2, -2, -2, 2, 2, -2, 2], [1, 1, -2, -2, -2, 5, -2, -2, -2, -2, -2, 2], [1, 1, -2, -2, -2, 5, -2, -2, -2, -2, 2, -2], [1, 1, -2, -2, -2, 1, -2, -2, -2, -2, 1, 2], [1, 1, -2, -2, -2, 1, -2, -2, -2, 3, -2, -2], [1, 1, -2, -2, -2, 1, -2, -2, 2, -2, 1, -2], [1, 1, -2, -2, 2, -2, -2, -2, -2, -2, 3, -2], [1, 1, -2, -2, 2, -2, -2, -2, -2, 3, -2, -2], [1, 1, -2, -2, 2, 5, -2, -2, -2, -2, -2, -2], [1, 1, -2, -2, 1, -2, -2, -2, -2, -2, 2, -2], [1, 1, -2, -2, 1, -2, -2, -2, 2, 2, -2, -2], [1, 1, -2, 4, -2, -2, -2, -2, -2, 3, -2, -2], [1, 1, -2, 3, -2, 1, -2, -2, -2, -2, 1, -2], [1, 1, -2, 3, -2, 1, -2, -2, -2, 2, -2, -2], [1, 1, -2, 3, 1, -2, -2, -2, 2, -2, -2, -2], [1, 1, -2, 2, -2, -2, -2, -2, -2, -2, 1, 2], [1, 1, -2, 2, -2, -2, -2, -2, -2, 2, -2, 2], [1, 1, -2, 2, -2, 1, -2, -2, -2, -2, -2, 2], [1, 1, -2, 2, 2, -2, -2, -2, -2, -2, -2, 2], [1, 1, -2, 2, 2, 1, -2, -2, -2, -2, -2, -2], [1, 1, -2, 1, -2, -2, -2, -2, 2, -2, -2, -2], [1, 1, 1, -2, -2, -2, -2, -2, -2, 3, -2, -2], [1, 1, 1, -2, -2, 1, -2, -2, -2, -2, 1, -2], [1, 1, 1, 3, 1, 1, -2, -2, -2, -2, -2, -2], [1, 1, 1, 2, -2, -2, -2, -2, 2, -2, -2, 2], [1, 1, 1, 1, -2, -2, -2, -2, -2, -2, -2, -2], [1, 1, -1, -2, -2, -2, -2, -2, -2, -2, -2, -2], [1, 0, -2, -2, -2, 5, -2, -2, -2, 1, -2, -2], [1, 0, -2, -2, 2, -2, -2, -2, -2, 3, 2, -2], [1, 0, -2, -2, 1, -2, -2, -2, -2, -2, 1, 2], [1, 0, -2, 3, -2, 5, -2, -2, -2, 3, -2, -2], [1, 0, -2, 3, 1, 1, -2, -2, 2, -2, -2, 2], [1, 0, 1, -2, 1, -2, -2, -2, -2, 1, -2, 2], [1, 0, 1, 3, -2, -2, -2, -2, -2, -2, 3, 2], [0, -2, -2, -2, -2, -2, -2, -2, 2, 3, 1, -2], [0, -2, -2, -2, -2, -2, -2, 2, -2, -2, 4, -2], [0, -2, -2, -2, -2, -2, -2, 2, -2, 3, 1, -2], [0, -2, -2, -2, -2, 5, -1, -2, 2, 1, 1, 2], [0, -2, -2, -2, 2, 5, -2, -2, -2, -2, 1, 2], [0, -2, -2, -2, 1, 5, -1, -2, -2, 1, -2, 2], [0, -2, -2, -2, 1, 5, -1, -2, -2, 1, 1, -2], [0, -2, -2, -2, 1, 5, -1, -2, 2, 1, -2, -2], [0, -2, -2, 4, -2, -2, -1, -2, -2, 2, 2, -2], [0, -2, -2, 4, -2, -2, -1, -2, 2, -2, 3, -2], [0, -2, -2, 4, -2, -2, -1, -2, 2, 3, -2, -2], [0, -2, -2, 4, 2, -2, -2, -2, -2, -2, 1, 2], [0, -2, -2, 4, 2, -2, -2, -2, 2, -2, 1, -2], [0, -2, -2, 4, 2, -2, -1, -2, -2, -2, 3, -2], [0, -2, -2, 4, 2, -2, -1, -2, -2, 3, -2, -2], [0, -2, -2, 4, 1, -2, -1, -2, -2, -2, 2, -2], [0, -2, -2, 3, 2, -2, -1, 2, -2, -2, 2, -2], [0, -2, -2, 2, -2, -2, -2, -2, -2, 2, 2, 2], [0, -2, -2, 2, -2, -2, -2, -2, -2, 1, 1, 2], [0, -2, -2, 2, -2, -2, -2, -2, 2, -2, 2, 2], [0, -2, -2, 2, -2, -2, -2, -2, 2, 2, 2, -2], [0, -2, -2, 2, -2, -2, -2, -2, 2, 1, -2, 2], [0, -2, -2, 2, -2, -2, -1, 2, -2, 1, -2, -2], [0, -2, -2, 2, -2, 5, -2, -2, -2, -2, 2, -2], [0, -2, -2, 2, -2, 5, -2, -2, -2, 1, -2, 2], [0, -2, -2, 2, 1, -2, -2, -2, -2, -2, 2, -2], [0, -2, -2, 2, 1, -2, -1, -2, -2, -2, -2, 2], [0, -2, -2, 2, 1, -2, -1, -2, 2, -2, -2, -2], [0, -2, -2, 2, 1, -2, -1, 2, -2, -2, -2, -2], [0, -2, -2, 2, 1, 5, -2, -2, 2, -2, -2, -2], [0, -2, -2, 2, 1, 5, -1, -2, -2, -2, -2, -2], [0, -2, -2, 1, -2, -2, -2, -2, -2, -2, 1, 2], [0, -2, -2, 1, -2, -2, -2, -2, -2, 1, -2, 2], [0, -2, -2, 1, -2, -2, -2, -2, 2, -2, 2, -2], [0, -2, -2, 1, -2, -2, -2, -2, 2, -2, 1, -2], [0, -2, -2, 1, -2, 5, -2, -2, -2, -2, 1, -2], [0, -2, -2, 1, -2, 5, -2, -2, 2, -2, -2, -2], [0, -2, -2, 1, 2, -2, -2, -2, -2, -2, -2, 2], [0, -2, -2, 1, 2, -2, -2, -2, -2, -2, 1, -2], [0, -2, -2, 1, 2, -2, -2, -2, -2, 1, -2, -2], [0, -2, 1, -2, -2, 5, -2, -2, 2, 1, 1, 2], [0, -2, 1, -2, 2, -2, -2, -2, -2, 1, 1, -2], [0, -2, 1, -2, 2, 5, -2, -2, -2, 1, -2, 2], [0, -2, 1, -2, 1, -2, -2, -2, -2, 2, 2, -2], [0, -2, 1, 4, -2, 5, -2, -2, -2, 3, -2, -2], [0, -2, 1, 4, 2, -2, -2, -2, -2, -2, 1, -2], [0, -2, 1, 4, 2, -2, -2, -2, -2, 1, -2, -2], [0, -2, 1, 3, -2, -2, -1, -2, -2, -2, 2, -2], [0, -2, 1, 2, -2, -2, -2, -2, -2, 1, -2, -2], [0, -2, 1, 2, -2, -2, -1, -2, -2, -2, 1, -2], [0, -2, 1, 2, -2, 5, -2, -2, -2, -2, 1, -2], [0, -2, 1, 2, 2, 5, -2, -2, -2, -2, -2, 2], [0, -2, 1, 2, 1, -2, -1, -2, -2, -2, -2, -2], [0, -2, 1, 1, -2, -2, -2, -2, -2, -2, -2, -2], [0, -2, -1, -2, -2, -2, -2, -2, -2, 3, -2, 2], [0, -2, -1, -2, -2, -2, -2, -2, -2, 1, -2, 2], [0, -2, -1, -2, -2, -2, -1, -2, -2, 4, -2, -2], [0, -2, -1, -2, -2, -2, -1, 2, -2, -2, 1, -2], [0, -2, -1, -2, -2, 5, -1, -2, -2, 1, -2, -2], [0, -2, -1, -2, -2, 1, -2, -2, -2, -2, -2, -2], [0, -2, -1, -2, 2, -2, -2, -2, 2, 2, 2, -2], [0, -2, -1, -2, 2, -2, -2, 2, -2, 2, 2, -2], [0, -2, -1, -2, 1, -2, -2, -2, -2, -2, -2, 2], [0, -2, -1, -2, 1, -2, -2, -2, 2, 1, -2, -2], [0, -2, -1, -2, 1, -2, -2, 2, -2, 3, -2, -2], [0, -2, -1, -2, 1, -2, -2, 2, -2, 1, -2, -2], [0, -2, -1, 3, -2, -2, -2, -2, 2, -2, 1, -2], [0, -2, -1, 3, -2, -2, -2, -2, 2, 1, -2, -2], [0, -2, -1, 3, -2, -2, -2, 2, -2, 1, -2, -2], [0, -2, -1, 3, -2, -2, -1, -2, 2, -2, -2, -2], [0, -2, -1, 3, -2, -2, -1, 2, -2, -2, -2, -2], [0, -2, -1, 3, 1, -2, -2, 2, -2, -2, -2, -2], [0, 1, -2, -2, -2, -2, -2, -2, -2, -2, 1, 2], [0, 1, -2, -2, -2, -2, -2, -2, 2, -2, 1, -2], [0, 1, -2, -2, -2, -2, -2, -2, 2, 1, -2, 2], [0, 1, -2, -2, -2, -2, -2, 2, -2, -2, 1, -2], [0, 1, -2, -2, -2, 5, -2, -2, -2, -2, -2, 2], [0, 1, -2, -2, -2, 5, -2, -2, -2, 1, -2, -2], [0, 1, -2, -2, 1, -2, -2, -2, -2, 1, -2, 2], [0, 1, -2, -2, 1, -2, -2, -2, 2, 1, -2, -2], [0, 1, -2, -2, 1, -2, -2, 2, -2, 1, -2, -2], [0, 1, -2, -2, 1, 5, -2, -2, -2, -2, -2, -2], [0, 1, -2, 4, 2, -2, -2, -2, -2, -2, -2, -2], [0, 1, -2, 3, -2, 5, -1, -2, -2, -2, -2, -2], [0, 1, -2, 2, 1, -2, -2, 2, -2, -2, -2, -2], [0, 1, -2, 1, -2, -2, -2, -2, -2, -2, -2, 2], [0, 1, -2, 1, -2, -2, -2, -2, 2, -2, -2, -2], [0, 1, 1, -2, 2, -2, -2, -2, -2, -2, 1, -2], [0, 1, 1, -2, 2, 5, -2, -2, -2, -2, -2, -2], [0, 1, -1, -2, -2, -2, -2, -2, -2, -2, -2, 2], [0, 1, -1, -2, -2, -2, -2, 2, -2, -2, -2, -2], [0, 0, -2, -2, -2, -2, -2, -2, -2, -2, 4, -2], [0, 0, -2, -2, -2, -2, -2, -2, -2, 3, 2, -2], [0, 0, -2, -2, -2, 1, -2, -2, -2, 1, -2, -2], [0, 0, -2, -2, 1, -2, -2, -2, -2, -2, 2, 2], [0, 0, -2, -2, 1, -2, -2, -2, 2, -2, 2, -2], [0, 0, -2, 4, -2, -2, -2, -2, -2, 2, 2, -2], [0, 0, -2, 4, -2, -2, -2, -2, 2, 3, 3, -2], [0, 0, -2, 4, -2, -2, -1, -2, -2, -2, 2, -2], [0, 0, -2, 4, -2, -2, -1, 2, -2, 3, -2, -2], [0, 0, -2, 4, 2, -2, -1, -2, 2, -2, -2, -2], [0, 0, -2, 4, 1, -2, -2, -2, -2, -2, 2, -2], [0, 0, -2, 3, 2, -2, -2, -2, -2, -2, 2, 2], [0, 0, -2, 3, 2, 5, -2, -2, -2, -2, 1, -2], [0, 0, -2, 3, 1, -2, -2, -2, -2, 1, -2, 2], [0, 0, -2, 3, 1, -2, -2, -2, 2, 1, -2, -2], [0, 0, -2, 3, 1, -2, -2, 2, -2, 1, -2, -2], [0, 0, -2, 2, -2, -2, -1, -2, -2, 1, 1, -2], [0, 0, -2, 2, 2, -2, -2, -2, -2, -2, 1, -2], [0, 0, 1, -2, -2, -2, -2, -2, -2, -2, 2, 2], [0, 0, 1, -2, -2, 5, -2, -2, -2, -2, 2, -2], [0, 0, 1, -2, 2, -2, -2, -2, -2, 1, -2, -2], [0, 0, 1, -2, 1, -2, -2, -2, -2, -2, 2, -2], [0, 0, 1, -2, 1, -2, -2, -2, 2, 2, -2, 2], [0, 0, 1, -2, 1, -2, -1, -2, -2, 2, -2, 2], [0, 0, 1, -2, 1, 5, -1, -2, 2, 2, -2, -2], [0, 0, 1, 3, -2, -2, -2, -2, -2, -2, 2, -2], [0, 0, 1, 2, -2, -2, -2, -2, -2, -2, -2, -2], [0, 0, -1, -2, -2, -2, -2, -2, -2, 4, -2, -2], [0, 0, -1, -2, -2, -2, -1, -2, -2, -2, -2, 2], [0, 0, -1, 3, 2, -2, -2, -2, -2, 3, -2, -2], [0, 0, -1, 3, 1, -2, -2, -2, 2, -2, -2, -2]]
0.1 304 
 [[-2, -2, -2, -2, -2, -2, -2, 2, -2, 5, -2, 1], [-2, -2, -2, -2, -2, -2, 3, -2, 2, 1, 1, 2], [-2, -2, -2, -2, -2, -2, 3, 2, -2, 1, 1, 2], [-2, -2, -2, -2, -2, 5, -2, -2, 2, 3, 2, 2], [-2, -2, -2, -2, -2, 5, -2, 2, -2, 3, 2, 2], [-2, -2, -2, -2, -2, 5, 3, -2, -2, 1, 1, -2], [-2, -2, -2, -2, -2, 5, -1, -2, -2, 3, 2, 2], [-2, -2, -2, -2, -2, 5, -1, -2, 2, 3, 2, -2], [-2, -2, -2, -2, -2, 5, -1, 2, -2, 3, 2, -2], [-2, -2, -2, -2, 2, -2, 3, -2, -2, -2, 1, -2], [-2, -2, -2, -2, 2, -2, 3, -2, -2, 1, -2, -2], [-2, -2, -2, -2, 2, 5, -2, -2, -2, -2, 4, -2], [-2, -2, -2, -2, 2, 1, -2, -2, -2, 3, 3, 2], [-2, -2, -2, -2, 1, -2, -2, -2, -2, 5, -2, 1], [-2, -2, -2, -2, 1, -2, -2, 4, 2, 2, 2, -2], [-2, -2, -2, -2, 1, 3, -2, 2, 2, -2, -2, 1], [-2, -2, -2, -2, 1, 1, -2, -2, 1, -2, 1, -2], [-2, -2, -2, -2, 1, 1, -2, 2, 2, 2, 1, 2], [-2, -2, -2, 4, -2, -2, -2, 4, -2, 2, 2, -2], [-2, -2, -2, 4, -2, 1, -2, 4, -2, 2, -2, -2], [-2, -2, -2, 4, -2, 1, -2, 2, -2, 3, 3, 2], [-2, -2, -2, 4, -2, 1, -1, 2, 2, 3, 3, -2], [-2, -2, -2, 4, 2, 1, -2, 2, -2, 3, 3, -2], [-2, -2, -2, 4, 1, -2, -2, -2, 3, 2, 2, -2], [-2, -2, -2, 4, 1, -2, -1, -2, -2, 2, 2, -1], [-2, -2, -2, 4, 1, 1, -2, -2, -2, -2, 1, 2], [-2, -2, -2, 3, -2, -2, 3, -2, -2, -2, 1, -2], [-2, -2, -2, 3, -2, -2, 3, -2, -2, 1, -2, -2], [-2, -2, -2, 3, -2, 5, 3, -2, -2, -2, -2, 2], [-2, -2, -2, 3, 2, -2, -2, -2, -2, 4, 4, -2], [-2, -2, -2, 3, 2, -2, -2, 4, -2, 4, -2, -2], [-2, -2, -2, 3, 2, 1, -2, -2, -2, 4, -2, -2], [-2, -2, -2, 3, 1, -2, 3, -2, -2, -2, -2, -2], [-2, -2, -2, 3, 1, 1, -2, -2, 2, 3, 3, -2], [-2, -2, -2, 3, 1, 1, -2, 2, -2, 3, 3, -2], [-2, -2, -2, 2, -2, -2, -2, 4, -2, -2, 3, 1], [-2, -2, -2, 2, -2, -2, -2, 4, -2, 3, 3, -2], [-2, -2, -2, 2, 1, 5, -2, 2, -2, 3, -2, -2], [-2, -2, -2, 2, 1, 1, -2, 4, -2, -2, -2, 1], [-2, -2, -2, 1, -2, -2, -2, 2, -2, -2, 3, 1], [-2, -2, -2, 1, -2, 5, -1, -2, -2, -2, 3, -2], [-2, -2, -2, 1, -2, 3, -2, 2, -2, -2, -2, -2], [-2, -2, -2, 1, -2, 1, -2, 2, -2, -2, -2, 1], [-2, -2, -2, 1, 2, -2, -2, -2, -2, -2, 3, 2], [-2, -2, -2, 1, 2, -2, -2, -2, -2, 3, -2, -2], [-2, -2, -2, 1, 2, -2, -2, 2, -2, -2, -2, 1], [-2, -2, -2, 1, 2, -2, -2, 2, -2, -2, 3, -2], [-2, -2, -2, 1, 2, -2, -1, -2, 2, -2, 3, -2], [-2, -2, 2, -2, -2, -2, -1, 2, -2, -2, 3, 2], [-2, -2, 2, -2, -2, 5, -2, -2, -2, -2, 3, -2], [-2, -2, 1, -2, -2, -2, -2, 2, -2, -2, 4, 2], [-2, -2, 1, -2, -2, -2, 3, -2, -2, -2, 1, -2], [-2, -2, 1, -2, -2, -2, 3, -2, -2, 1, -2, -2], [-2, -2, 1, -2, 2, -2, -2, -2, -2, -2, 4, -2], [-2, -2, 1, -2, 2, -2, 3, -2, -2, -2, -2, -2], [-2, -2, 1, -2, 2, 3, -2, -2, -2, -2, 3, -2], [-2, -2, 1, -2, 1, 5, -1, -2, -2, 2, 2, 2], [-2, -2, 1, -2, 1, 5, -1, -2, 2, -2, 2, 2], [-2, -2, 1, 3, -2, -2, -2, -2, -2, 4, 4, -2], [-2, -2, 1, 3, -2, 1, -2, -2, -2, 3, 3, 2], [-2, -2, 1, 3, -2, 1, -2, 2, -2, 3, 3, -2], [-2, -2, 1, 3, 1, 5, -2, -2, -2, -2, 2, -2], [-2, -2, 1, 3, 1, 1, -2, 2, -2, -2, 3, -2], [-2, -2, 1, 2, 1, -2, -1, -2, 2, 1, 1, 2], [-2, -2, 1, 2, 1, -2, -1, 2, -2, 1, 1, 2], [-2, -2, 1, 1, -2, -2, -2, -2, -2, 3, 3, -2], [-2, -2, 1, 1, -2, -2, -1, -2, -2, -2, 3, 2], [-2, -2, 1, 1, -2, 5, -2, -2, -2, -2, 2, -2], [-2, -2, 1, 1, -2, 5, -2, -2, -2, 2, -2, 2], [-2, -2, 1, 1, -2, 5, -2, -2, 2, 2, -2, -2], [-2, -2, 1, 1, 2, -2, -2, -2, -2, -2, 3, -2], [-2, -2, 1, 1, 2, 5, -2, -2, -2, -2, -2, 2], [-2, -2, 1, 1, 2, 5, -2, 2, -2, -2, -2, -2], [-2, -2, -1, -2, -2, -2, -2, -2, -2, -2, -2, 1], [-2, -2, -1, -2, -2, -2, -1, -2, 2, 2, 1, -2], [-2, -2, -1, -2, -2, 5, -1, -2, -2, -2, 1, 2], [-2, -2, -1, -2, -2, 5, -1, -2, 2, -2, 1, -2], [-2, -2, -1, -2, -2, 3, -2, -2, -2, -2, -2, -2], [-2, -2, -1, -2, -2, 1, -2, -2, -2, 3, 3, -2], [-2, -2, -1, -2, -2, 1, -2, 4, -2, -2, -2, -2], [-2, -2, -1, -2, 2, -2, -2, -2, -2, 3, 2, -2], [-2, -2, -1, -2, 2, -2, -1, 2, -2, 3, -2, -2], [-2, -2, -1, -2, 1, -2, -2, 4, -2, -2, -2, -2], [-2, -2, -1, -2, 1, 5, -1, -2, -2, -2, 1, -2], [-2, -2, -1, -2, 1, 1, -2, -2, -2, 2, -2, -2], [-2, -2, -1, -2, 1, 1, -2, -2, 2, -2, 2, -2], [-2, -2, -1, 4, -2, -2, -2, -2, -2, -2, 1, 2], [-2, -2, -1, 4, -2, -2, -1, -2, -2, 2, 2, -2], [-2, -2, -1, 4, -2, -2, -1, -2, 2, -2, -2, -2], [-2, -2, -1, 4, -2, -2, -1, 2, -2, 2, -2, -2], [-2, -2, -1, 4, -2, 1, -2, -2, -2, -2, -2, -2], [-2, -2, -1, 4, 2, -2, -2, -2, -2, 3, 3, -2], [-2, -2, -1, 4, 2, -2, -1, -2, -2, -2, -2, 2], [-2, -2, -1, 4, 2, -2, -1, -2, -2, 3, -2, -2], [-2, -2, -1, 4, 1, -2, -2, -2, -2, -2, 2, -2], [-2, -2, -1, 3, -2, 5, -1, -2, -2, -2, 1, -2], [-2, 1, -2, -2, -2, -2, -2, -2, -2, 5, -2, 1], [-2, 1, -2, -2, -2, 3, -2, -2, 2, 3, 3, -2], [-2, 1, -2, -2, -2, 1, -2, 4, 1, -2, -2, 1], [-2, 1, -2, -2, 2, -2, -2, -2, -2, 2, 1, 2], [-2, 1, -2, -2, 2, -2, -1, -2, 2, 2, 1, -2], [-2, 1, -2, -2, 2, 5, -2, -2, -2, -2, 1, 2], [-2, 1, -2, -2, 2, 1, -2, 2, -2, 3, 3, -2], [-2, 1, -2, -2, 1, -2, -2, -2, -2, 2, 2, 1], [-2, 1, -2, -2, 1, -2, -2, -2, 2, -2, 2, 1], [-2, 1, -2, -2, 1, -2, -2, 4, -2, 2, -2, 1], [-2, 1, -2, -2, 1, -2, -2, 4, -2, 2, 2, -2], [-2, 1, -2, -2, 1, 5, -2, -2, 2, 2, -2, 2], [-2, 1, -2, -2, 1, 5, -1, -2, -2, 2, -2, 2], [-2, 1, -2, 4, -2, -2, -2, -2, -2, -2, 1, 2], [-2, 1, -2, 4, -2, -2, -2, 4, -2, 2, -2, -2], [-2, 1, -2, 4, 2, -2, -2, -2, 2, -2, 1, -2], [-2, 1, -2, 4, 2, 5, -2, -2, -2, -2, -2, 2], [-2, 1, -2, 4, 2, 5, -2, 2, 2, -2, -2, -2], [-2, 1, -2, 4, 1, -2, -2, -2, 2, -2, 2, -2], [-2, 1, -2, 4, 1, -2, -2, 4, -2, -2, -2, -2], [-2, 1, -2, 4, 1, 1, -2, -2, -2, -2, -2, 1], [-2, 1, -2, 4, 1, 1, -2, -2, -2, -2, 2, -2], [-2, 1, -2, 3, -2, -2, -2, -2, -2, -2, 1, 1], [-2, 1, -2, 3, 1, -2, -1, -2, 2, 2, 2, -2], [-2, 1, -2, 3, 1, 1, -2, 2, -2, -2, -2, 1], [-2, 1, -2, 1, -2, -2, -2, -2, -2, 3, -2, 2], [-2, 1, -2, 1, -2, -2, -2, 2, -2, -2, 3, -2], [-2, 1, -2, 1, -2, -2, -2, 2, -2, 3, -2, -2], [-2, 1, -2, 1, -2, 5, -2, -2, -2, -2, -2, 2], [-2, 1, -2, 1, -2, 5, -2, -2, -2, -2, 1, -2], [-2, 1, -2, 1, -2, 5, -2, -2, 2, -2, -2, -2], [-2, 1, -2, 1, 2, -2, -2, -2, -2, -2, 3, -2], [-2, 1, -2, 1, 2, -2, -2, 2, -2, -2, -2, -2], [-2, 1, 1, -2, -2, 1, -2, 2, 2, 3, 3, -2], [-2, 1, 1, -2, 2, -2, -2, -2, 2, 3, 3, 2], [-2, 1, 1, -2, 2, -2, -2, 2, -2, 2, 1, -2], [-2, 1, 1, -2, 2, 5, -2, -2, -2, -2, 1, -2], [-2, 1, 1, 4, -2, -2, -2, 2, -2, -2, 1, -2], [-2, 1, 1, 4, 1, 1, -2, 2, -2, -2, -2, 2], [-2, 1, 1, 3, -2, -2, -1, -2, 2, 2, 1, -2], [-2, 1, 1, 3, -2, 1, -2, 2, 2, -2, -2, 1], [-2, 1, 1, 1, 2, -2, -2, -2, -2, -2, -2, 2], [-2, 1, -1, -2, -2, -2, -2, -2, 2, 2, 2, -2], [-2, 1, -1, -2, -2, -2, -2, 4, -2, -2, -2, -2], [-2, 1, -1, -2, -2, -2, -2, 2, -2, -2, 2, -2], [-2, 1, -1, -2, -2, 5, -2, -2, -2, -2, 1, -2], [-2, 1, -1, -2, -2, 5, -2, -2, -2, 1, -2, -2], [-2, 1, -1, -2, 2, -2, -2, -2, 2, -2, 1, -2], [-2, 1, -1, -2, 1, 5, -2, -2, -2, -2, -2, -2], [-2, 1, -1, 4, -2, -2, -2, -2, -2, 2, -2, -2], [-2, 1, -1, 4, -2, -2, -2, -2, 2, -2, -2, -2], [-2, 0, -2, -2, -2, -2, -2, 4, 2, 4, 4, -2], [-2, 0, -2, -2, -2, 5, -2, -2, -2, 3, 2, -2], [-2, 0, -2, -2, -2, 1, -2, 4, -2, 4, -2, -2], [-2, 0, -2, -2, 2, -2, -2, -2, -2, 4, 4, 1], [-2, 0, -2, -2, 2, -2, -2, 4, -2, 4, -2, -2], [-2, 0, -2, -2, 2, 2, -2, -2, -2, -2, 3, -2], [-2, 0, -2, -2, 1, 1, -2, -2, -2, 2, 1, -2], [-2, 0, -2, 4, -2, -2, -1, -2, -2, -2, 1, 1], [-2, 0, -2, 4, 1, -2, -1, -2, -2, 2, 1, -2], [-2, 0, -2, 4, 1, 1, -2, -2, 2, -2, 1, -2], [-2, 0, -2, 4, 1, 1, -2, 2, -2, -2, 1, -2], [-2, 0, -2, 3, -2, -2, -2, -2, -2, 4, 4, -2], [-2, 0, -2, 3, -2, -2, -2, -2, 2, -2, 4, -2], [-2, 0, -2, 3, -2, -2, -2, -2, 2, 3, 2, 2], [-2, 0, -2, 3, -2, -2, -2, 4, -2, 4, -2, 1], [-2, 0, -2, 3, -2, -2, -2, 4, 2, 4, -2, -2], [-2, 0, -2, 3, -2, -2, 3, -2, -2, -2, -2, 2], [-2, 0, -2, 3, -2, 1, -2, -2, -2, 3, 3, 2], [-2, 0, -2, 3, -2, 1, -2, -2, 2, 4, -2, 1], [-2, 0, -2, 3, 2, -2, -2, -2, -2, -2, 4, -2], [-2, 0, -2, 3, 2, -2, -2, -2, -2, 4, -2, 1], [-2, 0, -2, 3, 2, -2, -2, -2, 2, 4, -2, -2], [-2, 0, -2, 3, 2, -2, -2, 2, -2, 3, 2, -2], [-2, 0, -2, 3, 2, -2, -1, -2, -2, 3, 2, -2], [-2, 0, -2, 2, -2, -2, -2, -2, -2, -2, 2, 2], [-2, 0, -2, 2, -2, -2, -2, 2, 2, 2, 2, -2], [-2, 0, -2, 2, 2, -2, -2, -2, -2, 1, -2, -1], [-2, 0, -2, 2, 2, -2, -2, -2, 3, -2, 1, -2], [-2, 0, -2, 2, 2, -2, -2, -2, 3, 1, -2, -2], [-2, 0, -2, 2, 2, -2, -2, 3, -2, -2, 1, -2], [-2, 0, -2, 2, 2, -2, -1, -2, -2, -2, 1, -1], [-2, 0, -2, 2, 2, 6, -2, -2, -2, -2, 1, -2], [-2, 0, -2, 1, -2, -2, -2, -2, -2, -2, 3, 1], [-2, 0, -2, 1, -2, -2, -2, 2, -2, -2, -2, 1], [-2, 0, -2, 1, 1, -2, -2, -2, 2, -2, -2, 1], [-2, 0, 1, -2, -2, -2, -2, -2, -2, 4, 4, -2], [-2, 0, 1, -2, 1, 5, -2, -2, -2, -2, 2, 2], [-2, 0, 1, -2, 1, 5, -1, -2, -2, -2, 2, -2], [-2, 0, 1, 4, -2, -2, -2, -2, -2, -2, 1, 1], [-2, 0, 1, 3, -2, -2, -2, -2, -2, -2, 4, -2], [-2, 0, 1, 3, -2, 5, 3, -2, -2, -2, -2, -2], [-2, 0, 1, 3, -2, 1, -2, -2, -2, 4, -2, -2], [-2, 0, 1, 1, -2, -2, -1, -2, 2, -2, -2, 1], [-2, 0, -1, -2, -2, 1, -2, -2, -2, 1, 1, -2], [-2, 0, -1, -2, 2, -2, -2, 2, -2, 3, -2, 2], [-2, 0, -1, -2, 2, -2, -1, -2, -2, 3, -2, 2], [-2, 0, -1, -2, 2, -2, -1, -2, 2, 3, 3, -2], [-2, 0, -1, -2, 1, -2, -1, -2, -2, -2, 1, 2], [-2, 0, -1, -2, 1, -2, -1, 2, 2, -2, 1, -2], [-2, 0, -1, 4, -2, -2, -2, -2, 2, 1, 1, -2], [-2, 0, -1, 4, -2, -2, -2, 2, 2, 1, -2, 2], [-2, 0, -1, 4, -2, -2, -1, -2, -2, -2, -2, 2], [-2, 0, -1, 4, -2, -2, -1, 2, -2, -2, 1, -2], [-2, 0, -1, 4, 2, -2, -1, 2, -2, -2, -2, -2], [-2, 0, -1, 4, 1, -2, -2, 2, 2, -2, 1, -2], [-2, 0, -1, 2, 2, -2, -1, -2, -2, 1, 1, -2], [2, -2, -2, -2, 1, -2, -2, -2, 2, 2, 2, 1], [2, -2, -2, -2, 1, 1, -2, -2, 2, 3, 3, 1], [2, -2, -2, 4, -2, 1, -2, -2, -2, 2, -2, 1], [2, -2, -2, 4, -2, 1, -2, -2, -2, 2, 2, -2], [2, -2, -2, 4, -2, 1, -2, -2, 2, -2, 2, 1], [2, -2, -2, 4, 1, -2, -2, -2, -2, 2, -2, -2], [2, -2, -2, 4, 1, 1, -2, -2, -2, -2, 2, -2], [2, -2, -2, 4, 1, 1, -2, -2, 2, -2, -2, 2], [2, -2, -2, 3, 2, -2, -2, -2, -2, 4, -2, 1], [2, -2, -2, 2, -2, -2, -2, -2, -2, 3, 3, 1], [2, -2, -2, 1, -2, -2, -2, -2, -2, 2, 2, -2], [2, -2, -2, 1, -2, -2, -2, 2, -2, -2, -2, 1], [2, -2, 1, 4, 1, 1, -2, -2, -2, -2, 1, -2], [2, -2, -1, -2, -2, -2, -2, -2, -2, -2, 3, -2], [2, -2, -1, -2, -2, -2, -2, -2, -2, 3, -2, -2], [2, -2, -1, -2, 2, -2, -2, 2, -2, -2, -2, -2], [2, -2, -1, -2, 1, 1, -2, -2, -2, -2, -2, -2], [2, -2, -1, 4, -2, -2, -2, -2, -2, -2, -2, -2], [2, 1, -2, -2, 1, -2, -2, -2, 2, 2, 2, -2], [2, 1, -2, 4, -2, -2, -2, -2, -2, 2, 2, -2], [2, 1, -2, 4, -2, 1, -2, 2, 2, -2, -2, -2], [2, 1, -2, 4, 1, -2, -2, -2, 2, -2, -2, 1], [2, 1, -2, 4, 1, 1, -2, -2, -2, -2, -2, -2], [2, 1, -1, -2, -2, 1, -2, -2, -2, -2, -2, -2], [2, 1, -1, -2, 1, -2, -2, -2, -2, -2, -2, -2], [2, 0, -2, -2, 2, -2, -2, -2, -2, 4, -2, 1], [2, 0, -2, -2, 2, -2, -2, -2, -2, 4, 4, -2], [2, 0, -2, -2, 1, 1, -2, -2, -2, -2, 1, 2], [2, 0, -2, -2, 1, 1, -2, -2, 2, -2, 3, 1], [2, 0, -2, 4, 1, 1, -2, -2, -2, -2, -2, 2], [2, 0, -2, 3, -2, -2, -2, -2, 2, 4, -2, 1], [2, 0, -2, 3, 2, -2, -2, -2, -2, -2, 3, 1], [2, 0, -2, 3, 2, -2, -2, -2, -2, 4, -2, -2], [2, 0, -2, 1, -2, -2, -2, -2, -2, -2, -2, 1], [2, 0, -2, 1, -2, -2, -2, -2, -2, -2, 3, -2], [2, 0, -2, 1, -2, -2, -2, -2, -2, 3, -2, -2], [2, 0, -1, -2, -2, -2, -2, 2, -2, -2, -2, -2], [2, 0, -1, -2, 2, -2, -2, -2, -2, -2, -2, -2], [2, 0, -1, 3, -2, -2, -2, -2, -2, -2, -2, -2], [1, -2, -2, -2, -2, 3, -2, -2, -2, 3, -2, 2], [1, -2, -2, -2, 2, 1, -2, -2, -2, 3, 3, -2], [1, -2, -2, -2, 2, 1, -2, -2, 2, 3, -2, 2], [1, -2, -2, -2, 1, 1, -2, -2, 2, 2, 1, -2], [1, -2, -2, 4, -2, -2, -2, -2, 2, 1, 1, -2], [1, -2, -2, 4, -2, 1, -2, -2, -2, 3, 3, -2], [1, -2, -2, 4, 2, 1, -2, -2, -2, -2, 3, -2], [1, -2, -2, 4, 1, -2, -2, -2, -2, -2, 1, -2], [1, -2, -2, 4, 1, -2, -2, -2, 2, 1, -2, 2], [1, -2, -2, 3, 1, 1, -2, -2, 2, 2, -2, -2], [1, -2, -2, 1, -2, -2, -2, -2, -2, 3, -2, -2], [1, -2, -2, 1, 2, -2, -2, -2, -2, -2, 3, -2], [1, -2, 2, -2, -2, -2, -2, -2, 2, 3, -2, -2], [1, -2, 1, -2, -2, 1, -2, -2, -2, 3, 3, 2], [1, -2, 1, -2, 2, 1, -2, -2, -2, -2, 3, 2], [1, -2, 1, 3, -2, 1, -2, -2, -2, 3, 3, -2], [1, -2, 1, 3, 1, -2, -2, -2, -2, 3, 3, -2], [1, -2, 1, 1, -2, -2, -2, -2, -2, -2, 3, -2], [1, -2, 1, 1, 2, -2, -2, -2, -2, -2, -2, -2], [1, -2, -1, -2, -2, 1, -2, -2, 2, -2, 1, 2], [1, -2, -1, 4, -2, -2, -2, -2, -2, -2, -2, -2], [1, 1, -2, -2, -2, -2, -2, -2, 2, 2, 1, -2], [1, 1, -2, -2, -2, 5, -2, -2, -2, 2, -2, -2], [1, 1, -2, -2, -2, 5, -2, -2, 2, -2, 2, -2], [1, 1, -2, -2, 2, -2, -2, -2, -2, 3, 3, -2], [1, 1, -2, -2, 2, 1, -2, -2, -2, -2, 3, -2], [1, 1, -2, -2, 2, 1, -2, -2, -2, 3, -2, -2], [1, 0, -2, -2, 1, 5, -2, -2, -2, 1, -2, 2], [1, 0, -2, -2, 1, 5, -2, -2, 2, 1, -2, -2], [1, 0, -2, 4, -2, -2, -2, -2, -2, 1, 1, -2], [1, 0, -2, 3, 2, -2, -2, -2, -2, 3, -2, 2], [1, 0, 1, 3, -2, -2, -2, -2, -2, 3, -2, 2], [0, -2, -2, 2, 1, 5, -1, -2, -2, -2, -2, -2], [0, -2, 1, 2, -2, -2, -2, -2, 2, 1, 1, -2], [0, -2, 1, 2, -2, 5, -2, -2, -2, 1, 1, -2], [0, -2, 1, 1, -2, 5, -2, -2, -2, -2, -2, 2], [0, -2, 1, 1, 2, -2, -2, -2, -2, -2, -2, 2], [0, -2, 1, 1, 2, 5, -2, -2, -2, -2, -2, -2], [0, -2, -1, -2, -2, -2, -1, -2, 2, -2, 1, 2], [0, -2, -1, -2, 1, -2, -2, -2, 2, -2, 1, 2], [0, -2, -1, -2, 1, -2, -2, -2, 2, 1, -2, 2], [0, -2, -1, -2, 1, -2, -1, 2, -2, -2, 1, -2], [0, -2, -1, -2, 1, 5, -2, -2, -2, -2, 1, 2], [0, -2, -1, -2, 1, 5, -2, -2, -2, 1, -2, 2], [0, -2, -1, 3, -2, -2, -1, 2, -2, -2, 1, -2], [0, 1, -2, -2, -2, 5, -2, -2, -2, -2, 1, 2], [0, 1, -2, -2, -2, 5, -1, -2, -2, -2, 1, -2], [0, 1, -2, -2, 1, 5, -2, -2, -2, -2, 1, -2], [0, 1, -2, -2, 1, 5, -2, -2, -2, 1, -2, -2], [0, 1, -2, -2, 1, 5, -1, -2, -2, -2, -2, -2], [0, 1, -2, 1, -2, -2, -2, -2, -2, -2, -2, 2], [0, 1, -2, 1, -2, -2, -2, -2, 2, -2, -2, -2], [0, 1, -2, 1, -2, -2, -2, 2, -2, -2, -2, -2], [0, 1, -2, 1, -2, 5, -2, -2, -2, -2, -2, -2], [0, 1, 1, -2, -2, 5, -2, -2, 2, -2, 1, -2], [0, 1, -1, -2, -2, -2, -2, -2, 2, 1, -2, -2], [0, 1, -1, -2, -2, -2, -2, 2, -2, 1, -2, -2], [0, 1, -1, -2, 1, -2, -2, 2, -2, -2, -2, -2], [0, 0, -2, 4, 1, -2, -1, -2, -2, 2, 2, -2], [0, 0, -2, 2, 2, -2, -2, -2, -2, 1, -2, -2], [0, 0, 1, -2, 1, -2, -1, -2, -2, -2, 2, -2], [0, 0, -1, 2, 2, -2, -1, -2, -2, -2, 1, -2]]
0.15 45 
 [[-2, -2, -2, -2, -2, -2, -1, 2, 2, 5, -2, 1], [-2, -2, -2, -2, 2, 5, -2, -2, 2, -2, 4, -2], [-2, -2, -2, 3, 2, -2, -2, 4, -2, 4, -2, 1], [-2, -2, -2, 3, 1, 5, 3, -2, -2, -2, -2, 2], [-2, -2, -2, 1, 2, -2, -2, 2, -2, 3, -2, -2], [-2, -2, -2, 1, 2, -2, -1, 2, -2, -2, -2, 1], [-2, -2, 1, -2, -2, 5, 3, -2, -2, 1, 1, -2], [-2, -2, 1, -2, 2, -2, 3, -2, -2, -2, 1, -2], [-2, -2, 1, -2, 2, 5, 3, -2, -2, -2, -2, 2], [-2, -2, 1, 1, -2, -2, -1, -2, -2, 3, 3, 2], [-2, -2, 1, 1, 2, -2, -2, -2, -2, -2, 3, 2], [-2, -2, 1, 1, 2, -2, -2, -2, -2, 3, 3, -2], [-2, -2, 1, 1, 2, -2, -2, 2, -2, -2, -2, 1], [-2, -2, 1, 1, 2, -2, -1, 2, -2, -2, 3, -2], [-2, -2, -1, -2, -2, -2, -2, -2, -2, 3, 3, 1], [-2, -2, -1, -2, 1, -2, -2, -2, -2, -2, -2, 1], [-2, -2, -1, -2, 1, 1, -2, 4, -2, -2, -2, -2], [-2, -2, -1, 4, -2, -2, -2, -2, -2, -2, -2, 1], [-2, -2, -1, 4, -2, -2, -1, -2, 2, -2, 1, 2], [-2, -2, -1, 4, -2, -2, -1, 2, -2, -2, 1, 2], [-2, -2, -1, 4, -2, 1, -2, -2, -2, -2, -2, -2], [-2, 1, -2, -2, 2, 1, -2, 2, -2, 3, 3, -2], [-2, 1, -2, 1, 2, -2, -2, -2, 2, 3, -2, -2], [-2, 1, -1, -2, -2, 1, -2, -2, -2, -2, -2, 1], [-2, 0, -2, -2, -2, 5, -2, -2, -2, 3, 2, 2], [-2, 0, -2, 3, -2, -2, -2, -2, 2, 4, 4, -2], [-2, 0, -2, 3, -2, -2, -2, 4, 2, 4, -2, 1], [-2, 0, -2, 3, 2, -2, -2, -2, 2, 4, -2, 1], [-2, 0, 1, -2, 1, 5, -1, -2, 2, -2, 2, 2], [-2, 0, 1, 3, -2, -2, -2, -2, -2, -2, 4, -2], [-2, 0, -1, 4, -2, -2, -1, -2, 2, -2, 1, -2], [-2, 0, -1, 3, -2, -2, -2, -2, 2, -2, -2, 1], [2, -2, -2, 1, -2, -2, -2, 2, 2, -2, -2, 1], [2, -2, 1, -2, 2, 3, -2, -2, -2, -2, 3, -2], [2, -2, -1, -2, -2, -2, -2, -2, -2, -2, -2, 1], [2, -2, -1, -2, -2, -2, -2, -2, -2, 3, 3, -2], [2, 0, -2, 3, 2, -2, -2, -2, -2, 4, -2, -2], [2, 0, -1, -2, -2, -2, -2, -2, -2, 3, -2, -2], [1, -2, -2, 1, 2, -2, -2, -2, -2, -2, 3, -2], [1, -2, -2, 1, 2, -2, -2, -2, -2, 3, -2, -2], [1, 1, -2, -2, -2, 5, -2, -2, 2, 2, -2, -2], [1, 0, -2, 4, 1, -2, -2, -2, 2, -2, 1, 2], [0, 1, -2, 1, -2, 5, -2, -2, -2, -2, -2, 2], [0, 1, -2, 1, -2, 5, -2, -2, 2, -2, -2, -2], [0, 1, -1, -2, 1, 5, -2, -2, -2, -2, -2, -2]]
0.2 7 
 [[-2, 1, -1, -2, 1, -2, -2, -2, -2, -2, -2, 1], [2, -2, -1, -2, -2, -2, -2, -2, -2, -2, 3, 1], [2, -2, -1, -2, -2, -2, -2, 2, -2, -2, -2, 1], [2, -2, -1, -2, 1, -2, -2, -2, -2, -2, -2, 1], [2, -2, -1, 4, -2, 1, -2, -2, -2, -2, -2, -2], [2, 0, -2, 3, 2, -2, -2, -2, -2, 4, -2, 1], [1, -2, -2, 1, 2, -2, -2, -2, -2, 3, -2, -2]]
0.25 1 
 [[2, -2, -1, -2, -2, -2, -2, -2, -2, -2, 3, 1]]
0.3 0 
 []
