execution time
3 0.10897994041442871 0.10274410247802734
4 0.14200401306152344 0.23565959930419922
5 0.22786498069763184 0.3843259811401367
6 0.25541234016418457 0.5410888195037842
7 0.45897698402404785 1.579686164855957
8 1.5991740226745605 2.1399669647216797
9 0.5830428600311279 1.7498021125793457
10 0.7186868190765381 1.8525991439819336
11 0.8716897964477539 2.4094741344451904
12 1.4862878322601318 3.7605440616607666
13 1.3336858749389648 5.314548969268799
14 2.061621904373169 3.7210049629211426
15 1.9367201328277588 5.822818994522095
16 3.047481060028076 7.623423099517822
17 6.338624000549316 12.158326148986816
18 5.249256372451782 13.426997900009155
19 8.589783668518066 19.527498960494995
20 13.060256958007812 24.31341791152954


number of patterns checked
3 236.0 1594.0
4 403.0 4154.0
5 549.0 5048.0
6 741.0 6928.0
7 980.0 9223.0
8 1250.0 11219.0
9 1539.0 13371.0
10 1890.0 15426.0
11 2562.0 20426.0
12 3434.0 26410.0
13 4327.0 31318.0
14 5324.0 36787.0
15 6720.0 44566.0
16 8625.0 59030.0
17 10698.0 74970.0
18 13115.0 85454.0
19 16553.0 101342.0
20 20680.0 121146.0


number of patterns found
3 40 
4 40 
5 40 
6 40 
7 40 
8 40 
9 40 
10 40 
11 40 
12 40 
13 40 
14 40 
15 40 
16 40 
17 40 
18 40 
19 40 
20 40 
