execution time
50 0.1142110824584961 0.7313361167907715
100 0.1813971996307373 2.4554779529571533
150 0.34308576583862305 4.95573878288269
200 0.44535088539123535 8.02448296546936
250 0.5374112129211426 12.07906699180603
300 0.7312729358673096 13.509204864501953
350 0.8874742984771729 16.68870973587036


number of patterns visited
50 4350 33388
100 12591 134232
150 21179 269003
200 29396 420452
250 38172 587689
300 46257 772417
350 56200 970187


number of patterns found, lowerbound
50 14 
 [[-1, 0, -1, -1, -1, -1, -1, -1], [-1, 1, -1, -1, -1, -1, -1, -1], [-1, -1, -1, 0, -1, -1, -1, -1], [-1, -1, -1, 1, -1, -1, -1, -1], [-1, -1, -1, -1, 0, -1, -1, -1], [-1, -1, -1, -1, -1, 0, -1, -1], [-1, -1, -1, -1, -1, -1, 1, -1], [-1, -1, -1, -1, -1, -1, 2, -1], [-1, -1, -1, -1, -1, -1, 3, -1], [-1, -1, -1, -1, -1, -1, 4, -1], [-1, -1, -1, -1, -1, -1, -1, 1], [-1, -1, -1, -1, -1, -1, -1, 2], [-1, -1, -1, -1, -1, -1, -1, 3], [-1, -1, -1, -1, -1, -1, -1, 4]]
100 14 
 [[-1, 0, -1, -1, -1, -1, -1, -1], [-1, 1, -1, -1, -1, -1, -1, -1], [-1, -1, -1, 0, -1, -1, -1, -1], [-1, -1, -1, 1, -1, -1, -1, -1], [-1, -1, -1, -1, 0, -1, -1, -1], [-1, -1, -1, -1, -1, 0, -1, -1], [-1, -1, -1, -1, -1, -1, 1, -1], [-1, -1, -1, -1, -1, -1, 2, -1], [-1, -1, -1, -1, -1, -1, 3, -1], [-1, -1, -1, -1, -1, -1, 4, -1], [-1, -1, -1, -1, -1, -1, -1, 1], [-1, -1, -1, -1, -1, -1, -1, 2], [-1, -1, -1, -1, -1, -1, -1, 3], [-1, -1, -1, -1, -1, -1, -1, 4]]
150 14 
 [[-1, 0, -1, -1, -1, -1, -1, -1], [-1, 1, -1, -1, -1, -1, -1, -1], [-1, -1, -1, 0, -1, -1, -1, -1], [-1, -1, -1, 1, -1, -1, -1, -1], [-1, -1, -1, -1, 0, -1, -1, -1], [-1, -1, -1, -1, -1, 0, -1, -1], [-1, -1, -1, -1, -1, -1, 1, -1], [-1, -1, -1, -1, -1, -1, 2, -1], [-1, -1, -1, -1, -1, -1, 3, -1], [-1, -1, -1, -1, -1, -1, 4, -1], [-1, -1, -1, -1, -1, -1, -1, 1], [-1, -1, -1, -1, -1, -1, -1, 2], [-1, -1, -1, -1, -1, -1, -1, 3], [-1, -1, -1, -1, -1, -1, -1, 4]]
200 14 
 [[-1, 0, -1, -1, -1, -1, -1, -1], [-1, 1, -1, -1, -1, -1, -1, -1], [-1, -1, -1, 0, -1, -1, -1, -1], [-1, -1, -1, 1, -1, -1, -1, -1], [-1, -1, -1, -1, 0, -1, -1, -1], [-1, -1, -1, -1, -1, 0, -1, -1], [-1, -1, -1, -1, -1, -1, 1, -1], [-1, -1, -1, -1, -1, -1, 2, -1], [-1, -1, -1, -1, -1, -1, 3, -1], [-1, -1, -1, -1, -1, -1, 4, -1], [-1, -1, -1, -1, -1, -1, -1, 1], [-1, -1, -1, -1, -1, -1, -1, 2], [-1, -1, -1, -1, -1, -1, -1, 3], [-1, -1, -1, -1, -1, -1, -1, 4]]
250 14 
 [[-1, 0, -1, -1, -1, -1, -1, -1], [-1, 1, -1, -1, -1, -1, -1, -1], [-1, -1, -1, 0, -1, -1, -1, -1], [-1, -1, -1, 1, -1, -1, -1, -1], [-1, -1, -1, -1, 0, -1, -1, -1], [-1, -1, -1, -1, -1, 0, -1, -1], [-1, -1, -1, -1, -1, -1, 1, -1], [-1, -1, -1, -1, -1, -1, 2, -1], [-1, -1, -1, -1, -1, -1, 3, -1], [-1, -1, -1, -1, -1, -1, 4, -1], [-1, -1, -1, -1, -1, -1, -1, 1], [-1, -1, -1, -1, -1, -1, -1, 2], [-1, -1, -1, -1, -1, -1, -1, 3], [-1, -1, -1, -1, -1, -1, -1, 4]]
300 14 
 [[-1, 0, -1, -1, -1, -1, -1, -1], [-1, 1, -1, -1, -1, -1, -1, -1], [-1, -1, -1, 0, -1, -1, -1, -1], [-1, -1, -1, 1, -1, -1, -1, -1], [-1, -1, -1, -1, 0, -1, -1, -1], [-1, -1, -1, -1, -1, 0, -1, -1], [-1, -1, -1, -1, -1, -1, 1, -1], [-1, -1, -1, -1, -1, -1, 2, -1], [-1, -1, -1, -1, -1, -1, 3, -1], [-1, -1, -1, -1, -1, -1, 4, -1], [-1, -1, -1, -1, -1, -1, -1, 1], [-1, -1, -1, -1, -1, -1, -1, 2], [-1, -1, -1, -1, -1, -1, -1, 3], [-1, -1, -1, -1, -1, -1, -1, 4]]
350 14 
 [[-1, 0, -1, -1, -1, -1, -1, -1], [-1, 1, -1, -1, -1, -1, -1, -1], [-1, -1, -1, 0, -1, -1, -1, -1], [-1, -1, -1, 1, -1, -1, -1, -1], [-1, -1, -1, -1, 0, -1, -1, -1], [-1, -1, -1, -1, -1, 0, -1, -1], [-1, -1, -1, -1, -1, -1, 1, -1], [-1, -1, -1, -1, -1, -1, 2, -1], [-1, -1, -1, -1, -1, -1, 3, -1], [-1, -1, -1, -1, -1, -1, 4, -1], [-1, -1, -1, -1, -1, -1, -1, 1], [-1, -1, -1, -1, -1, -1, -1, 2], [-1, -1, -1, -1, -1, -1, -1, 3], [-1, -1, -1, -1, -1, -1, -1, 4]]


number of patterns found, upperbound
50 0 
 []
100 6 
 [[0, -1, 0, -1, 1, 0, -1, -1], [-1, 0, 0, -1, -1, -1, -1, -1], [0, -1, 0, 0, -1, 0, -1, -1], [0, 0, -1, -1, -1, -1, -1, -1], [-1, 0, -1, -1, -1, 0, -1, -1], [0, -1, -1, 0, 1, -1, -1, -1]]
150 6 
 [[0, -1, 0, 0, 1, 0, -1, -1], [-1, 1, -1, -1, -1, 0, -1, -1], [-1, 0, -1, 0, 1, -1, -1, -1], [0, 0, 0, 0, -1, 0, -1, -1], [0, 1, 0, -1, -1, -1, -1, -1], [0, 0, 0, -1, 1, 0, -1, -1]]
200 19 
 [[0, -1, 0, 0, 1, 0, -1, -1], [0, 0, 0, 0, -1, 0, -1, -1], [0, 0, 0, -1, 1, 0, -1, -1], [0, 1, 0, -1, -1, 0, -1, -1], [0, 0, 0, 0, 1, -1, -1, -1], [-1, 1, -1, -1, 1, 0, -1, -1], [-1, -1, -1, -1, -1, -1, -1, 1], [-1, -1, -1, -1, 0, -1, -1, -1], [0, 1, 0, 0, -1, -1, -1, -1], [-1, -1, -1, -1, -1, -1, 3, -1], [0, 1, -1, 0, -1, 0, -1, -1], [-1, 1, 0, 0, -1, 0, -1, -1], [-1, -1, -1, 1, -1, -1, -1, -1], [-1, -1, 0, -1, -1, -1, 2, -1], [-1, -1, 0, -1, -1, -1, -1, 2], [0, 0, -1, 0, 1, 0, -1, -1], [-1, 0, 0, 0, 1, 0, -1, -1], [-1, -1, -1, -1, -1, -1, 4, -1], [-1, -1, 0, -1, -1, -1, -1, 3]]
250 26 
 [[0, 0, 0, 0, 1, 0, -1, -1], [0, 1, 0, 0, -1, 0, -1, -1], [0, -1, 0, -1, -1, 0, 2, -1], [-1, -1, -1, -1, -1, 0, -1, 1], [0, 1, 0, -1, 1, 0, -1, -1], [0, -1, 0, -1, -1, 0, -1, 2], [-1, -1, 0, -1, -1, 0, -1, 3], [-1, -1, 0, 1, -1, 0, -1, -1], [-1, -1, 0, -1, -1, 0, 4, -1], [-1, -1, -1, 1, 1, -1, -1, -1], [0, -1, 0, -1, -1, -1, -1, 3], [0, -1, 0, -1, 0, -1, -1, -1], [-1, -1, -1, -1, 0, 0, -1, -1], [0, -1, 0, 0, -1, -1, 4, -1], [-1, -1, -1, -1, 1, 0, 2, -1], [0, -1, 0, -1, -1, -1, 3, -1], [-1, -1, -1, -1, -1, 0, 3, -1], [0, -1, -1, -1, -1, 0, 4, -1], [0, -1, -1, -1, -1, 0, -1, 3], [0, -1, -1, 0, -1, -1, -1, 2], [0, 1, -1, 0, 1, 0, -1, -1], [-1, -1, 0, 0, -1, -1, -1, 3], [-1, -1, -1, 0, -1, 0, -1, 2], [-1, -1, -1, 0, -1, -1, 3, -1], [0, -1, -1, 0, 0, -1, -1, -1], [-1, -1, 0, 0, 0, -1, -1, -1]]
300 34 
 [[0, 0, 0, 0, 1, 0, -1, -1], [-1, -1, 0, 1, -1, 0, -1, -1], [0, -1, 0, -1, -1, -1, 3, -1], [-1, -1, -1, 0, -1, -1, 3, -1], [0, -1, 0, -1, -1, 0, -1, 3], [-1, -1, -1, 1, 1, 0, -1, -1], [0, -1, -1, -1, -1, 0, 3, -1], [-1, -1, 0, -1, -1, 0, -1, 1], [-1, -1, -1, -1, -1, 0, 1, -1], [0, -1, 0, 0, 0, -1, -1, -1], [-1, -1, 0, -1, -1, 0, 3, -1], [0, -1, -1, -1, 1, -1, 3, -1], [0, 1, 0, 0, 1, 0, -1, -1], [0, -1, 0, -1, -1, -1, -1, 4], [0, -1, 0, -1, 0, 0, -1, -1], [0, -1, 0, 0, -1, -1, -1, 3], [-1, 0, -1, -1, -1, -1, 2, -1], [-1, -1, 0, 0, -1, 0, -1, 3], [-1, -1, -1, -1, 1, 0, -1, 3], [0, -1, 0, 0, -1, 0, 4, -1], [0, -1, 0, 0, -1, 0, 2, -1], [0, -1, 0, 0, -1, 0, -1, 2], [0, -1, 0, -1, 1, 0, 2, -1], [0, -1, -1, -1, -1, 0, -1, 1], [-1, -1, 0, -1, 1, -1, -1, 3], [0, -1, -1, 1, -1, -1, -1, -1], [-1, -1, 0, 1, 1, -1, -1, -1], [-1, -1, 0, -1, 1, -1, 3, -1], [-1, -1, 0, 0, 0, 0, -1, -1], [0, -1, -1, 0, 0, 0, -1, -1], [-1, -1, 0, -1, -1, 0, -1, 4], [0, -1, -1, -1, 1, -1, 4, -1], [-1, -1, 0, -1, 1, 0, 4, -1], [-1, -1, 0, -1, 1, 0, -1, 2]]
350 41 
 [[0, 0, 0, 0, 1, 0, -1, -1], [-1, -1, -1, -1, -1, 0, 1, -1], [0, 1, 0, 0, 1, 0, -1, -1], [0, -1, 0, 0, -1, 0, 2, -1], [0, -1, 0, 0, -1, 0, -1, 2], [0, -1, 0, -1, 1, 0, 2, -1], [0, -1, 0, -1, -1, 0, -1, 4], [0, -1, 0, 0, 0, 0, -1, -1], [0, 0, -1, -1, -1, -1, 2, -1], [-1, 0, 0, -1, -1, -1, 2, -1], [-1, 0, -1, -1, -1, 0, 2, -1], [-1, -1, 0, 1, 1, 0, -1, -1], [-1, -1, -1, 0, -1, -1, -1, 1], [0, -1, 0, 0, -1, 0, -1, 3], [-1, -1, 0, -1, 1, 0, -1, 3], [0, -1, 0, 0, -1, -1, -1, 4], [0, -1, 0, 1, -1, -1, -1, -1], [-1, -1, 0, -1, -1, -1, 4, 4], [0, -1, 0, 0, 1, 0, 4, -1], [0, -1, 0, -1, 1, -1, -1, 4], [0, -1, 0, -1, -1, 0, 3, -1], [-1, -1, 0, -1, 1, 0, -1, 4], [-1, -1, -1, 0, 1, -1, -1, 3], [0, -1, 0, -1, 1, 0, -1, 2], [-1, 1, 0, -1, -1, -1, 4, -1], [0, -1, -1, -1, 1, 0, -1, 4], [0, -1, 0, -1, 1, -1, 3, -1], [-1, 1, -1, -1, 0, -1, -1, -1], [0, 1, -1, -1, -1, -1, 4, -1], [0, -1, 0, -1, 1, -1, -1, 3], [0, -1, -1, 1, -1, 0, -1, -1], [0, -1, -1, -1, 1, 0, -1, 3], [0, -1, -1, -1, -1, -1, 4, 4], [-1, -1, -1, 0, -1, 0, -1, 4], [0, -1, 0, -1, -1, 0, -1, 1], [-1, -1, -1, 0, -1, 0, 3, -1], [0, -1, 0, 0, -1, -1, 3, -1], [0, -1, -1, -1, 1, 0, 3, -1], [-1, 0, 0, -1, -1, -1, -1, 2], [-1, -1, 0, -1, 1, 0, 3, -1], [-1, -1, -1, -1, 1, 0, -1, 1]]
