execution time
40 0.10369515419006348 0.7326760292053223
90 0.20143699645996094 2.521167755126953
140 0.34578895568847656 4.830141067504883
190 0.413348913192749 7.867652893066406
240 0.5990068912506104 11.568001747131348
290 0.7234570980072021 13.991797924041748
340 0.8951590061187744 16.35291028022766


number of patterns visited
40 4350 33388
90 12591 134232
140 21179 269003
190 29396 420452
240 38172 587689
290 46257 772417
340 56200 970187


number of patterns found, lowerbound
40 14 
 [[-1, 0, -1, -1, -1, -1, -1, -1], [-1, 1, -1, -1, -1, -1, -1, -1], [-1, -1, -1, 0, -1, -1, -1, -1], [-1, -1, -1, 1, -1, -1, -1, -1], [-1, -1, -1, -1, 0, -1, -1, -1], [-1, -1, -1, -1, -1, 0, -1, -1], [-1, -1, -1, -1, -1, -1, 1, -1], [-1, -1, -1, -1, -1, -1, 2, -1], [-1, -1, -1, -1, -1, -1, 3, -1], [-1, -1, -1, -1, -1, -1, 4, -1], [-1, -1, -1, -1, -1, -1, -1, 1], [-1, -1, -1, -1, -1, -1, -1, 2], [-1, -1, -1, -1, -1, -1, -1, 3], [-1, -1, -1, -1, -1, -1, -1, 4]]
90 14 
 [[-1, 0, -1, -1, -1, -1, -1, -1], [-1, 1, -1, -1, -1, -1, -1, -1], [-1, -1, -1, 0, -1, -1, -1, -1], [-1, -1, -1, 1, -1, -1, -1, -1], [-1, -1, -1, -1, 0, -1, -1, -1], [-1, -1, -1, -1, -1, 0, -1, -1], [-1, -1, -1, -1, -1, -1, 1, -1], [-1, -1, -1, -1, -1, -1, 2, -1], [-1, -1, -1, -1, -1, -1, 3, -1], [-1, -1, -1, -1, -1, -1, 4, -1], [-1, -1, -1, -1, -1, -1, -1, 1], [-1, -1, -1, -1, -1, -1, -1, 2], [-1, -1, -1, -1, -1, -1, -1, 3], [-1, -1, -1, -1, -1, -1, -1, 4]]
140 14 
 [[-1, 0, -1, -1, -1, -1, -1, -1], [-1, 1, -1, -1, -1, -1, -1, -1], [-1, -1, -1, 0, -1, -1, -1, -1], [-1, -1, -1, 1, -1, -1, -1, -1], [-1, -1, -1, -1, 0, -1, -1, -1], [-1, -1, -1, -1, -1, 0, -1, -1], [-1, -1, -1, -1, -1, -1, 1, -1], [-1, -1, -1, -1, -1, -1, 2, -1], [-1, -1, -1, -1, -1, -1, 3, -1], [-1, -1, -1, -1, -1, -1, 4, -1], [-1, -1, -1, -1, -1, -1, -1, 1], [-1, -1, -1, -1, -1, -1, -1, 2], [-1, -1, -1, -1, -1, -1, -1, 3], [-1, -1, -1, -1, -1, -1, -1, 4]]
190 14 
 [[-1, 0, -1, -1, -1, -1, -1, -1], [-1, 1, -1, -1, -1, -1, -1, -1], [-1, -1, -1, 0, -1, -1, -1, -1], [-1, -1, -1, 1, -1, -1, -1, -1], [-1, -1, -1, -1, 0, -1, -1, -1], [-1, -1, -1, -1, -1, 0, -1, -1], [-1, -1, -1, -1, -1, -1, 1, -1], [-1, -1, -1, -1, -1, -1, 2, -1], [-1, -1, -1, -1, -1, -1, 3, -1], [-1, -1, -1, -1, -1, -1, 4, -1], [-1, -1, -1, -1, -1, -1, -1, 1], [-1, -1, -1, -1, -1, -1, -1, 2], [-1, -1, -1, -1, -1, -1, -1, 3], [-1, -1, -1, -1, -1, -1, -1, 4]]
240 14 
 [[-1, 0, -1, -1, -1, -1, -1, -1], [-1, 1, -1, -1, -1, -1, -1, -1], [-1, -1, -1, 0, -1, -1, -1, -1], [-1, -1, -1, 1, -1, -1, -1, -1], [-1, -1, -1, -1, 0, -1, -1, -1], [-1, -1, -1, -1, -1, 0, -1, -1], [-1, -1, -1, -1, -1, -1, 1, -1], [-1, -1, -1, -1, -1, -1, 2, -1], [-1, -1, -1, -1, -1, -1, 3, -1], [-1, -1, -1, -1, -1, -1, 4, -1], [-1, -1, -1, -1, -1, -1, -1, 1], [-1, -1, -1, -1, -1, -1, -1, 2], [-1, -1, -1, -1, -1, -1, -1, 3], [-1, -1, -1, -1, -1, -1, -1, 4]]
290 14 
 [[-1, 0, -1, -1, -1, -1, -1, -1], [-1, 1, -1, -1, -1, -1, -1, -1], [-1, -1, -1, 0, -1, -1, -1, -1], [-1, -1, -1, 1, -1, -1, -1, -1], [-1, -1, -1, -1, 0, -1, -1, -1], [-1, -1, -1, -1, -1, 0, -1, -1], [-1, -1, -1, -1, -1, -1, 1, -1], [-1, -1, -1, -1, -1, -1, 2, -1], [-1, -1, -1, -1, -1, -1, 3, -1], [-1, -1, -1, -1, -1, -1, 4, -1], [-1, -1, -1, -1, -1, -1, -1, 1], [-1, -1, -1, -1, -1, -1, -1, 2], [-1, -1, -1, -1, -1, -1, -1, 3], [-1, -1, -1, -1, -1, -1, -1, 4]]
340 14 
 [[-1, 0, -1, -1, -1, -1, -1, -1], [-1, 1, -1, -1, -1, -1, -1, -1], [-1, -1, -1, 0, -1, -1, -1, -1], [-1, -1, -1, 1, -1, -1, -1, -1], [-1, -1, -1, -1, 0, -1, -1, -1], [-1, -1, -1, -1, -1, 0, -1, -1], [-1, -1, -1, -1, -1, -1, 1, -1], [-1, -1, -1, -1, -1, -1, 2, -1], [-1, -1, -1, -1, -1, -1, 3, -1], [-1, -1, -1, -1, -1, -1, 4, -1], [-1, -1, -1, -1, -1, -1, -1, 1], [-1, -1, -1, -1, -1, -1, -1, 2], [-1, -1, -1, -1, -1, -1, -1, 3], [-1, -1, -1, -1, -1, -1, -1, 4]]


number of patterns found, upperbound
40 0 
 []
90 6 
 [[0, -1, 0, -1, 1, 0, -1, -1], [-1, 0, 0, -1, -1, -1, -1, -1], [0, -1, 0, 0, -1, 0, -1, -1], [0, 0, -1, -1, -1, -1, -1, -1], [-1, 0, -1, -1, -1, 0, -1, -1], [0, -1, -1, 0, 1, -1, -1, -1]]
140 6 
 [[0, -1, 0, 0, 1, 0, -1, -1], [-1, 1, -1, -1, -1, 0, -1, -1], [-1, 0, -1, 0, 1, -1, -1, -1], [0, 0, 0, 0, -1, 0, -1, -1], [0, 1, 0, -1, -1, -1, -1, -1], [0, 0, 0, -1, 1, 0, -1, -1]]
190 19 
 [[0, -1, 0, 0, 1, 0, -1, -1], [0, 0, 0, 0, -1, 0, -1, -1], [0, 0, 0, -1, 1, 0, -1, -1], [0, 1, 0, -1, -1, 0, -1, -1], [0, 0, 0, 0, 1, -1, -1, -1], [-1, 1, -1, -1, 1, 0, -1, -1], [-1, -1, -1, -1, -1, -1, -1, 1], [-1, -1, -1, -1, 0, -1, -1, -1], [0, 1, 0, 0, -1, -1, -1, -1], [-1, -1, -1, -1, -1, -1, 3, -1], [0, 1, -1, 0, -1, 0, -1, -1], [-1, 1, 0, 0, -1, 0, -1, -1], [-1, -1, -1, 1, -1, -1, -1, -1], [-1, -1, 0, -1, -1, -1, 2, -1], [-1, -1, 0, -1, -1, -1, -1, 2], [0, 0, -1, 0, 1, 0, -1, -1], [-1, 0, 0, 0, 1, 0, -1, -1], [-1, -1, -1, -1, -1, -1, 4, -1], [-1, -1, 0, -1, -1, -1, -1, 3]]
240 26 
 [[0, 0, 0, 0, 1, 0, -1, -1], [0, 1, 0, 0, -1, 0, -1, -1], [0, -1, 0, -1, -1, 0, 2, -1], [-1, -1, -1, -1, -1, 0, -1, 1], [0, 1, 0, -1, 1, 0, -1, -1], [0, -1, 0, -1, -1, 0, -1, 2], [-1, -1, 0, -1, -1, 0, -1, 3], [-1, -1, 0, 1, -1, 0, -1, -1], [-1, -1, 0, -1, -1, 0, 4, -1], [-1, -1, -1, 1, 1, -1, -1, -1], [0, -1, 0, -1, -1, -1, -1, 3], [0, -1, 0, -1, 0, -1, -1, -1], [-1, -1, -1, -1, 0, 0, -1, -1], [0, -1, 0, 0, -1, -1, 4, -1], [-1, -1, -1, -1, 1, 0, 2, -1], [0, -1, 0, -1, -1, -1, 3, -1], [-1, -1, -1, -1, -1, 0, 3, -1], [0, -1, -1, -1, -1, 0, 4, -1], [0, -1, -1, -1, -1, 0, -1, 3], [0, -1, -1, 0, -1, -1, -1, 2], [0, 1, -1, 0, 1, 0, -1, -1], [-1, -1, 0, 0, -1, -1, -1, 3], [-1, -1, -1, 0, -1, 0, -1, 2], [-1, -1, -1, 0, -1, -1, 3, -1], [0, -1, -1, 0, 0, -1, -1, -1], [-1, -1, 0, 0, 0, -1, -1, -1]]
290 34 
 [[0, 0, 0, 0, 1, 0, -1, -1], [-1, -1, 0, 1, -1, 0, -1, -1], [0, -1, 0, -1, -1, -1, 3, -1], [-1, -1, -1, 0, -1, -1, 3, -1], [0, -1, 0, -1, -1, 0, -1, 3], [-1, -1, -1, 1, 1, 0, -1, -1], [0, -1, -1, -1, -1, 0, 3, -1], [-1, -1, 0, -1, -1, 0, -1, 1], [-1, -1, -1, -1, -1, 0, 1, -1], [0, -1, 0, 0, 0, -1, -1, -1], [-1, -1, 0, -1, -1, 0, 3, -1], [0, -1, -1, -1, 1, -1, 3, -1], [0, 1, 0, 0, 1, 0, -1, -1], [0, -1, 0, -1, -1, -1, -1, 4], [0, -1, 0, -1, 0, 0, -1, -1], [0, -1, 0, 0, -1, -1, -1, 3], [-1, 0, -1, -1, -1, -1, 2, -1], [-1, -1, 0, 0, -1, 0, -1, 3], [-1, -1, -1, -1, 1, 0, -1, 3], [0, -1, 0, 0, -1, 0, 4, -1], [0, -1, 0, 0, -1, 0, 2, -1], [0, -1, 0, 0, -1, 0, -1, 2], [0, -1, 0, -1, 1, 0, 2, -1], [0, -1, -1, -1, -1, 0, -1, 1], [-1, -1, 0, -1, 1, -1, -1, 3], [0, -1, -1, 1, -1, -1, -1, -1], [-1, -1, 0, 1, 1, -1, -1, -1], [-1, -1, 0, -1, 1, -1, 3, -1], [-1, -1, 0, 0, 0, 0, -1, -1], [0, -1, -1, 0, 0, 0, -1, -1], [-1, -1, 0, -1, -1, 0, -1, 4], [0, -1, -1, -1, 1, -1, 4, -1], [-1, -1, 0, -1, 1, 0, 4, -1], [-1, -1, 0, -1, 1, 0, -1, 2]]
340 41 
 [[0, 0, 0, 0, 1, 0, -1, -1], [-1, -1, -1, -1, -1, 0, 1, -1], [0, 1, 0, 0, 1, 0, -1, -1], [0, -1, 0, 0, -1, 0, 2, -1], [0, -1, 0, 0, -1, 0, -1, 2], [0, -1, 0, -1, 1, 0, 2, -1], [0, -1, 0, -1, -1, 0, -1, 4], [0, -1, 0, 0, 0, 0, -1, -1], [0, 0, -1, -1, -1, -1, 2, -1], [-1, 0, 0, -1, -1, -1, 2, -1], [-1, 0, -1, -1, -1, 0, 2, -1], [-1, -1, 0, 1, 1, 0, -1, -1], [-1, -1, -1, 0, -1, -1, -1, 1], [0, -1, 0, 0, -1, 0, -1, 3], [-1, -1, 0, -1, 1, 0, -1, 3], [0, -1, 0, 0, -1, -1, -1, 4], [0, -1, 0, 1, -1, -1, -1, -1], [-1, -1, 0, -1, -1, -1, 4, 4], [0, -1, 0, 0, 1, 0, 4, -1], [0, -1, 0, -1, 1, -1, -1, 4], [0, -1, 0, -1, -1, 0, 3, -1], [-1, -1, 0, -1, 1, 0, -1, 4], [-1, -1, -1, 0, 1, -1, -1, 3], [0, -1, 0, -1, 1, 0, -1, 2], [-1, 1, 0, -1, -1, -1, 4, -1], [0, -1, -1, -1, 1, 0, -1, 4], [0, -1, 0, -1, 1, -1, 3, -1], [-1, 1, -1, -1, 0, -1, -1, -1], [0, 1, -1, -1, -1, -1, 4, -1], [0, -1, 0, -1, 1, -1, -1, 3], [0, -1, -1, 1, -1, 0, -1, -1], [0, -1, -1, -1, 1, 0, -1, 3], [0, -1, -1, -1, -1, -1, 4, 4], [-1, -1, -1, 0, -1, 0, -1, 4], [0, -1, 0, -1, -1, 0, -1, 1], [-1, -1, -1, 0, -1, 0, 3, -1], [0, -1, 0, 0, -1, -1, 3, -1], [0, -1, -1, -1, 1, 0, 3, -1], [-1, 0, 0, -1, -1, -1, -1, 2], [-1, -1, 0, -1, 1, 0, 3, -1], [-1, -1, -1, -1, 1, 0, -1, 1]]
