execution time
50 7.052304744720459 5.203621864318848
100 8.075745582580566 6.614082098007202
150 8.092597007751465 8.288851022720337
200 8.299804925918579 9.176231145858765
250 8.407218217849731 9.769200801849365
300 8.401917934417725 10.174410104751587


number of patterns visited
50 80526 158201
100 84708 214027
150 81206 248256
200 80337 269838
250 80794 284089
300 80503 289035


number of patterns found, lowerbound
50 44 
 [[0, -1, -1, 1, -1, -1, -1, -1], [0, -1, -1, -1, -1, -1, -1, 1], [1, -1, -1, -1, -1, -1, -1, -1], [-1, 0, -1, 1, -1, -1, -1, -1], [-1, 0, -1, -1, -1, -1, 3, -1], [-1, 0, -1, -1, -1, -1, -1, 1], [-1, 0, -1, -1, -1, -1, -1, 2], [-1, 1, -1, 1, -1, -1, -1, -1], [-1, 1, -1, -1, -1, -1, 2, -1], [-1, 1, -1, -1, -1, -1, 3, -1], [-1, 1, -1, -1, -1, -1, -1, 1], [-1, 1, -1, -1, -1, -1, -1, 2], [-1, -1, 1, -1, -1, -1, -1, -1], [-1, -1, -1, 0, -1, -1, 2, -1], [-1, -1, -1, 0, -1, -1, 3, -1], [-1, -1, -1, 0, -1, -1, -1, 1], [-1, -1, -1, 1, -1, -1, 2, -1], [-1, -1, -1, 1, -1, -1, 3, -1], [-1, -1, -1, 1, -1, -1, -1, 1], [-1, -1, -1, 1, -1, -1, -1, 2], [-1, -1, -1, -1, 0, -1, -1, -1], [-1, -1, -1, -1, -1, 1, -1, -1], [-1, -1, -1, -1, -1, -1, 2, 1], [-1, -1, -1, -1, -1, -1, 2, 2], [-1, -1, -1, -1, -1, -1, 3, 2], [-1, -1, -1, -1, -1, -1, -1, 3], [0, -1, 0, -1, -1, 0, -1, 2], [-1, 0, -1, -1, -1, -1, 2, -1], [-1, -1, 0, -1, -1, -1, 3, -1], [-1, -1, -1, -1, 1, -1, 3, -1], [-1, -1, -1, -1, 1, -1, -1, 1], [-1, -1, -1, -1, -1, 0, 3, -1], [0, 1, -1, -1, 1, -1, -1, -1], [-1, 1, 0, -1, 1, -1, -1, -1], [-1, 1, -1, 0, -1, -1, -1, -1], [-1, -1, 0, 1, -1, -1, -1, -1], [-1, -1, -1, 1, 1, -1, -1, -1], [-1, -1, -1, -1, 1, -1, 2, -1], [-1, -1, -1, -1, 1, -1, -1, 2], [-1, -1, -1, -1, -1, -1, 1, -1], [-1, -1, -1, -1, -1, -1, 4, -1], [-1, -1, -1, -1, -1, -1, -1, 4], [-1, -1, -1, 0, -1, -1, -1, 2], [-1, -1, 0, -1, -1, -1, -1, 1]]
100 42 
 [[0, -1, -1, -1, -1, -1, -1, 1], [1, -1, -1, -1, -1, -1, -1, -1], [-1, 0, -1, -1, -1, -1, 2, -1], [-1, 0, -1, -1, -1, -1, 3, -1], [-1, 0, -1, -1, -1, -1, -1, 1], [-1, 0, -1, -1, -1, -1, -1, 2], [-1, 1, 0, 0, -1, 0, -1, -1], [-1, 1, -1, 0, 1, -1, -1, -1], [-1, 1, -1, -1, -1, -1, 2, -1], [-1, 1, -1, -1, -1, -1, 3, -1], [-1, 1, -1, -1, -1, -1, -1, 1], [-1, 1, -1, -1, -1, -1, -1, 2], [-1, -1, 0, -1, -1, -1, 3, -1], [-1, -1, 1, -1, -1, -1, -1, -1], [-1, -1, -1, 0, -1, -1, 2, -1], [-1, -1, -1, 0, -1, -1, 3, -1], [-1, -1, -1, 0, -1, -1, -1, 1], [-1, -1, -1, 0, -1, -1, -1, 2], [-1, -1, -1, -1, 0, -1, -1, -1], [-1, -1, -1, -1, 1, -1, 3, -1], [-1, -1, -1, -1, 1, -1, -1, 1], [-1, -1, -1, -1, 1, -1, -1, 2], [-1, -1, -1, -1, -1, 1, -1, -1], [-1, -1, -1, -1, -1, -1, 1, -1], [-1, -1, -1, -1, -1, -1, 2, 1], [-1, -1, -1, -1, -1, -1, 2, 2], [-1, -1, -1, -1, -1, -1, 3, 2], [-1, -1, -1, -1, -1, -1, -1, 4], [0, 1, 0, 0, -1, -1, -1, -1], [-1, 1, 0, -1, 1, -1, -1, -1], [-1, -1, -1, -1, 1, -1, 2, -1], [-1, -1, -1, -1, -1, -1, -1, 3], [0, 1, -1, -1, 1, -1, -1, -1], [-1, -1, 0, -1, -1, -1, -1, 1], [-1, -1, -1, -1, -1, 0, 3, -1], [-1, -1, -1, -1, -1, -1, 4, -1], [0, -1, -1, -1, -1, 0, 2, -1], [0, -1, -1, -1, -1, 0, -1, 2], [-1, -1, 0, -1, -1, 0, -1, 2], [-1, -1, 0, -1, -1, 0, 2, -1], [-1, -1, -1, 1, -1, -1, -1, -1], [0, -1, -1, -1, -1, -1, 3, -1]]
150 67 
 [[0, 1, 0, 0, -1, 0, -1, -1], [0, 1, -1, -1, 1, -1, -1, -1], [0, -1, -1, -1, 0, -1, -1, -1], [0, -1, -1, -1, -1, -1, -1, 1], [1, -1, -1, -1, -1, -1, -1, -1], [-1, 0, -1, -1, 0, -1, -1, -1], [-1, 0, -1, -1, -1, -1, 2, -1], [-1, 0, -1, -1, -1, -1, 3, -1], [-1, 0, -1, -1, -1, -1, 4, -1], [-1, 0, -1, -1, -1, -1, -1, 1], [-1, 0, -1, -1, -1, -1, -1, 2], [-1, 0, -1, -1, -1, -1, -1, 3], [-1, 1, 0, -1, 1, -1, -1, -1], [-1, 1, -1, 0, 1, -1, -1, -1], [-1, 1, -1, -1, 0, -1, -1, -1], [-1, 1, -1, -1, -1, -1, 2, -1], [-1, 1, -1, -1, -1, -1, 3, -1], [-1, 1, -1, -1, -1, -1, 4, -1], [-1, 1, -1, -1, -1, -1, -1, 1], [-1, 1, -1, -1, -1, -1, -1, 2], [-1, 1, -1, -1, -1, -1, -1, 3], [-1, -1, 0, -1, 0, -1, -1, -1], [-1, -1, 0, -1, -1, 0, -1, 3], [-1, -1, 0, -1, -1, -1, 3, -1], [-1, -1, 1, -1, -1, -1, -1, -1], [-1, -1, -1, 0, 0, -1, -1, -1], [-1, -1, -1, 0, -1, -1, 2, -1], [-1, -1, -1, 0, -1, -1, 3, -1], [-1, -1, -1, 0, -1, -1, -1, 1], [-1, -1, -1, 0, -1, -1, -1, 2], [-1, -1, -1, 0, -1, -1, -1, 3], [-1, -1, -1, -1, 0, 0, -1, -1], [-1, -1, -1, -1, 0, -1, 2, -1], [-1, -1, -1, -1, 0, -1, 3, -1], [-1, -1, -1, -1, 0, -1, 4, -1], [-1, -1, -1, -1, 0, -1, -1, 1], [-1, -1, -1, -1, 0, -1, -1, 2], [-1, -1, -1, -1, 0, -1, -1, 3], [-1, -1, -1, -1, 1, -1, 2, -1], [-1, -1, -1, -1, 1, -1, 3, -1], [-1, -1, -1, -1, 1, -1, 4, -1], [-1, -1, -1, -1, 1, -1, -1, 1], [-1, -1, -1, -1, 1, -1, -1, 2], [-1, -1, -1, -1, 1, -1, -1, 3], [-1, -1, -1, -1, -1, 0, 3, -1], [-1, -1, -1, -1, -1, 0, 4, -1], [-1, -1, -1, -1, -1, 1, -1, -1], [-1, -1, -1, -1, -1, -1, 1, -1], [-1, -1, -1, -1, -1, -1, 2, 1], [-1, -1, -1, -1, -1, -1, 2, 2], [-1, -1, -1, -1, -1, -1, 3, 2], [-1, -1, -1, -1, -1, -1, 3, 3], [-1, -1, -1, -1, -1, -1, 4, 3], [-1, -1, -1, -1, -1, -1, -1, 4], [0, -1, 0, -1, -1, -1, -1, 2], [0, -1, -1, -1, -1, -1, 3, -1], [-1, -1, 0, -1, -1, -1, -1, 1], [-1, -1, -1, 0, -1, -1, 4, -1], [-1, -1, -1, 1, -1, -1, -1, -1], [-1, -1, -1, -1, -1, 0, 2, -1], [0, -1, -1, -1, -1, -1, 2, -1], [0, -1, -1, -1, -1, -1, 4, -1], [0, -1, -1, -1, -1, -1, -1, 3], [-1, -1, -1, -1, -1, 0, -1, 2], [-1, -1, 0, -1, -1, -1, 4, -1], [0, 0, 0, 0, 1, 0, -1, -1], [-1, -1, -1, -1, -1, 0, -1, 1]]
200 60 
 [[0, 1, -1, -1, 1, -1, -1, -1], [0, -1, -1, -1, 0, -1, -1, -1], [0, -1, -1, -1, -1, 0, -1, 2], [0, -1, -1, -1, -1, -1, 3, -1], [0, -1, -1, -1, -1, -1, 4, -1], [0, -1, -1, -1, -1, -1, -1, 3], [1, -1, -1, -1, -1, -1, -1, -1], [-1, 0, -1, -1, 0, -1, -1, -1], [-1, 0, -1, -1, -1, -1, 2, -1], [-1, 0, -1, -1, -1, -1, 3, -1], [-1, 0, -1, -1, -1, -1, 4, -1], [-1, 0, -1, -1, -1, -1, -1, 2], [-1, 0, -1, -1, -1, -1, -1, 3], [-1, 1, -1, 0, 1, -1, -1, -1], [-1, 1, -1, -1, 0, -1, -1, -1], [-1, 1, -1, -1, -1, -1, 2, -1], [-1, 1, -1, -1, -1, -1, 3, -1], [-1, 1, -1, -1, -1, -1, 4, -1], [-1, 1, -1, -1, -1, -1, -1, 2], [-1, 1, -1, -1, -1, -1, -1, 3], [-1, -1, 0, -1, -1, 0, -1, 2], [-1, -1, 1, -1, -1, -1, -1, -1], [-1, -1, -1, 0, 0, -1, -1, -1], [-1, -1, -1, 0, -1, -1, 2, -1], [-1, -1, -1, 0, -1, -1, 3, -1], [-1, -1, -1, 0, -1, -1, 4, -1], [-1, -1, -1, 0, -1, -1, -1, 2], [-1, -1, -1, 0, -1, -1, -1, 3], [-1, -1, -1, -1, 0, 0, -1, -1], [-1, -1, -1, -1, 0, -1, 2, -1], [-1, -1, -1, -1, 0, -1, 3, -1], [-1, -1, -1, -1, 0, -1, 4, -1], [-1, -1, -1, -1, 0, -1, -1, 2], [-1, -1, -1, -1, 0, -1, -1, 3], [-1, -1, -1, -1, 1, -1, 2, -1], [-1, -1, -1, -1, 1, -1, 3, -1], [-1, -1, -1, -1, 1, -1, 4, -1], [-1, -1, -1, -1, 1, -1, -1, 2], [-1, -1, -1, -1, 1, -1, -1, 3], [-1, -1, -1, -1, -1, 0, 3, -1], [-1, -1, -1, -1, -1, 0, 4, -1], [-1, -1, -1, -1, -1, 1, -1, -1], [-1, -1, -1, -1, -1, -1, 1, -1], [-1, -1, -1, -1, -1, -1, 2, 2], [-1, -1, -1, -1, -1, -1, 3, 2], [-1, -1, -1, -1, -1, -1, 3, 3], [-1, -1, -1, -1, -1, -1, 4, 3], [-1, -1, -1, -1, -1, -1, -1, 4], [0, -1, 0, -1, -1, -1, -1, 2], [-1, -1, 0, -1, -1, -1, 4, -1], [0, 1, 0, 0, -1, 0, -1, -1], [0, -1, -1, -1, -1, -1, 2, -1], [-1, 1, 0, -1, 1, -1, -1, -1], [-1, -1, 0, -1, 0, -1, -1, -1], [-1, -1, 0, -1, -1, -1, 3, -1], [-1, -1, -1, -1, -1, 0, -1, 3], [0, 0, 0, 0, 1, 0, -1, -1], [-1, -1, 0, -1, -1, -1, -1, 3], [-1, -1, -1, -1, -1, -1, -1, 1], [-1, -1, -1, 1, -1, -1, -1, -1]]
250 58 
 [[0, -1, -1, -1, 0, -1, -1, -1], [0, -1, -1, -1, -1, 0, 2, -1], [0, -1, -1, -1, -1, 0, -1, 2], [0, -1, -1, -1, -1, -1, 3, -1], [0, -1, -1, -1, -1, -1, 4, -1], [0, -1, -1, -1, -1, -1, -1, 3], [1, -1, -1, -1, -1, -1, -1, -1], [-1, 0, -1, -1, 0, -1, -1, -1], [-1, 0, -1, -1, -1, -1, 2, -1], [-1, 0, -1, -1, -1, -1, 3, -1], [-1, 0, -1, -1, -1, -1, 4, -1], [-1, 0, -1, -1, -1, -1, -1, 2], [-1, 0, -1, -1, -1, -1, -1, 3], [-1, 1, -1, 0, 1, -1, -1, -1], [-1, 1, -1, -1, 0, -1, -1, -1], [-1, 1, -1, -1, -1, -1, 2, -1], [-1, 1, -1, -1, -1, -1, 3, -1], [-1, 1, -1, -1, -1, -1, 4, -1], [-1, 1, -1, -1, -1, -1, -1, 2], [-1, 1, -1, -1, -1, -1, -1, 3], [-1, -1, 0, -1, 0, -1, -1, -1], [-1, -1, 1, -1, -1, -1, -1, -1], [-1, -1, -1, 0, 0, -1, -1, -1], [-1, -1, -1, 0, -1, -1, 2, -1], [-1, -1, -1, 0, -1, -1, 3, -1], [-1, -1, -1, 0, -1, -1, 4, -1], [-1, -1, -1, 0, -1, -1, -1, 2], [-1, -1, -1, 0, -1, -1, -1, 3], [-1, -1, -1, 1, -1, -1, -1, -1], [-1, -1, -1, -1, 0, 0, -1, -1], [-1, -1, -1, -1, 0, -1, 2, -1], [-1, -1, -1, -1, 0, -1, 3, -1], [-1, -1, -1, -1, 0, -1, 4, -1], [-1, -1, -1, -1, 0, -1, -1, 2], [-1, -1, -1, -1, 0, -1, -1, 3], [-1, -1, -1, -1, 1, -1, 2, -1], [-1, -1, -1, -1, 1, -1, 3, -1], [-1, -1, -1, -1, 1, -1, 4, -1], [-1, -1, -1, -1, 1, -1, -1, 2], [-1, -1, -1, -1, 1, -1, -1, 3], [-1, -1, -1, -1, -1, 0, 3, -1], [-1, -1, -1, -1, -1, 0, 4, -1], [-1, -1, -1, -1, -1, 1, -1, -1], [-1, -1, -1, -1, -1, -1, 1, -1], [-1, -1, -1, -1, -1, -1, 2, 2], [-1, -1, -1, -1, -1, -1, 3, 2], [-1, -1, -1, -1, -1, -1, 3, 3], [-1, -1, -1, -1, -1, -1, 4, 3], [-1, -1, -1, -1, -1, -1, -1, 1], [-1, -1, -1, -1, -1, -1, -1, 4], [0, 1, 0, -1, 1, -1, -1, -1], [0, -1, 0, -1, -1, -1, -1, 2], [-1, -1, 0, -1, -1, 0, -1, 2], [-1, -1, 0, -1, -1, -1, 3, -1], [-1, -1, -1, -1, -1, 0, -1, 3], [-1, -1, 0, -1, -1, -1, -1, 3], [-1, 0, 0, 0, 1, 0, -1, -1], [0, 0, -1, 0, 1, 0, -1, -1]]
300 46 
 [[0, 1, 0, -1, 1, -1, -1, -1], [0, -1, 0, -1, -1, -1, 4, -1], [0, -1, 0, -1, -1, -1, -1, 2], [0, -1, -1, -1, 0, -1, -1, -1], [0, -1, -1, -1, -1, 0, -1, 2], [0, -1, -1, -1, -1, -1, -1, 3], [1, -1, -1, -1, -1, -1, -1, -1], [-1, 0, 0, 0, 1, 0, -1, -1], [-1, 0, -1, -1, 0, -1, -1, -1], [-1, 0, -1, -1, -1, -1, 2, -1], [-1, 0, -1, -1, -1, -1, 4, -1], [-1, 0, -1, -1, -1, -1, -1, 2], [-1, 0, -1, -1, -1, -1, -1, 3], [-1, 1, -1, 0, 1, -1, -1, -1], [-1, 1, -1, -1, 0, -1, -1, -1], [-1, 1, -1, -1, -1, -1, 2, -1], [-1, 1, -1, -1, -1, -1, 4, -1], [-1, 1, -1, -1, -1, -1, -1, 2], [-1, 1, -1, -1, -1, -1, -1, 3], [-1, -1, 0, -1, -1, -1, -1, 3], [-1, -1, 1, -1, -1, -1, -1, -1], [-1, -1, -1, 0, 0, -1, -1, -1], [-1, -1, -1, 0, -1, -1, 2, -1], [-1, -1, -1, 0, -1, -1, 4, -1], [-1, -1, -1, 0, -1, -1, -1, 2], [-1, -1, -1, 0, -1, -1, -1, 3], [-1, -1, -1, -1, 0, 0, -1, -1], [-1, -1, -1, -1, 0, -1, 2, -1], [-1, -1, -1, -1, 0, -1, 4, -1], [-1, -1, -1, -1, 0, -1, -1, 2], [-1, -1, -1, -1, 0, -1, -1, 3], [-1, -1, -1, -1, 1, -1, 2, -1], [-1, -1, -1, -1, 1, -1, 4, -1], [-1, -1, -1, -1, 1, -1, -1, 2], [-1, -1, -1, -1, 1, -1, -1, 3], [-1, -1, -1, -1, -1, 0, 4, -1], [-1, -1, -1, -1, -1, 0, -1, 3], [-1, -1, -1, -1, -1, 1, -1, -1], [-1, -1, -1, -1, -1, -1, 1, -1], [-1, -1, -1, -1, -1, -1, 2, 2], [-1, -1, -1, -1, -1, -1, 4, 3], [-1, -1, -1, -1, -1, -1, -1, 1], [-1, -1, -1, -1, -1, -1, -1, 4], [-1, -1, -1, 1, -1, -1, -1, -1], [-1, -1, -1, -1, -1, -1, 3, -1], [0, -1, -1, -1, -1, 0, 2, -1]]


number of patterns found, upperbound
50 78 
 [[0, 0, 0, 0, 1, 0, 2, -1], [0, 0, 0, 0, 1, 0, -1, 2], [0, 0, 0, 0, 1, 0, -1, 3], [0, 0, 0, 0, 1, -1, 3, -1], [0, 0, 0, 0, 1, -1, 4, -1], [0, 0, 0, 0, 1, -1, -1, 1], [0, 0, 0, 0, 1, -1, -1, 4], [0, 0, 0, 0, -1, 0, 2, 2], [0, 0, 0, 0, -1, 0, 3, -1], [0, 0, 0, 0, -1, 0, -1, 1], [0, 0, 0, 1, 1, 0, -1, -1], [0, 0, 0, -1, 1, 0, 3, -1], [0, 0, 0, -1, 1, 0, -1, 1], [0, 0, 0, -1, -1, 0, 1, -1], [0, 0, 0, -1, -1, 1, -1, -1], [0, 0, -1, 0, 1, 0, 3, -1], [0, 0, -1, 0, 1, 0, -1, 1], [0, 0, -1, 0, 1, -1, 4, 4], [0, 0, -1, 0, -1, 0, 1, -1], [0, 0, -1, -1, 1, 0, -1, 4], [0, 0, -1, -1, -1, 0, 1, 1], [0, 1, 0, 0, 1, 0, 4, -1], [0, 1, 0, 0, 1, 0, -1, 4], [0, 1, 0, 1, -1, 0, -1, -1], [0, 1, 0, -1, 0, 0, -1, -1], [0, 1, 0, -1, 1, 0, 3, -1], [0, 1, 0, -1, -1, 0, 2, -1], [0, 1, 0, -1, -1, 0, -1, 2], [0, 1, -1, 0, -1, 0, -1, 2], [0, 1, -1, -1, 1, 0, -1, 2], [0, -1, 0, 0, 1, 0, 3, -1], [0, -1, 0, 0, 1, 0, 4, 4], [0, -1, 0, 0, 1, 0, -1, 1], [0, -1, 0, 0, 1, -1, 2, 2], [0, -1, 0, 0, -1, 0, 1, -1], [0, -1, 0, 0, -1, 1, -1, -1], [0, -1, 0, 1, -1, 0, 2, -1], [0, -1, 0, -1, 1, 0, 1, -1], [0, -1, 0, -1, 1, 0, 2, 2], [0, -1, 0, -1, -1, 0, 1, 1], [0, -1, 0, -1, -1, 0, 2, 1], [0, -1, -1, 0, 1, 0, 1, -1], [0, -1, -1, 0, -1, 0, 1, 1], [0, -1, -1, 1, -1, -1, 3, -1], [0, -1, -1, -1, 1, 1, -1, -1], [0, -1, -1, -1, 1, -1, 2, 1], [0, -1, -1, -1, -1, -1, 3, 2], [1, 0, -1, -1, -1, 0, -1, -1], [1, -1, 0, -1, 1, 0, -1, -1], [1, -1, -1, 1, -1, 0, -1, -1], [-1, 0, 0, 0, 1, 0, 3, -1], [-1, 0, 0, 0, -1, 0, 1, -1], [-1, 0, 0, -1, 1, 0, 1, -1], [-1, 0, 0, -1, 1, -1, 2, 2], [-1, 0, 0, -1, -1, 0, 1, 1], [-1, 1, 0, 1, 1, 0, -1, -1], [-1, 1, 0, -1, 1, 0, -1, 2], [-1, 1, -1, -1, -1, 0, -1, 1], [-1, -1, 0, 0, 1, 0, 1, -1], [-1, -1, 0, 0, -1, 0, 1, 1], [-1, -1, 0, 1, 1, -1, -1, 2], [-1, -1, 0, 1, -1, 0, -1, 1], [-1, -1, 0, 1, -1, 0, -1, 2], [-1, -1, 0, 1, -1, -1, 3, -1], [-1, -1, 0, -1, 1, -1, 2, 1], [-1, -1, 1, -1, 1, 0, -1, -1], [-1, -1, -1, 0, -1, -1, 3, 2], [-1, -1, -1, 1, 1, 0, 2, -1], [-1, -1, -1, 1, -1, 0, 1, -1], [-1, -1, -1, 1, -1, 0, 3, -1], [-1, -1, -1, -1, 1, 0, 1, 1], [-1, -1, -1, -1, 1, 0, 2, 1], [-1, -1, -1, -1, -1, 0, 3, 2], [0, -1, 0, 0, -1, -1, 4, 3], [0, 0, 0, 0, 0, -1, -1, -1], [0, 0, -1, 0, 0, 0, -1, -1], [0, -1, 0, 0, 0, 0, -1, 2], [-1, 0, -1, -1, 0, -1, -1, 2]]
100 108 
 [[0, 0, 0, 0, 0, 0, -1, -1], [0, 0, 0, 0, 1, 0, 2, -1], [0, 0, 0, 0, 1, 0, 4, -1], [0, 0, 0, 0, 1, 0, -1, 2], [0, 0, 0, 0, 1, 0, -1, 3], [0, 0, 0, 0, 1, 0, -1, 4], [0, 0, 0, 0, 1, -1, 3, -1], [0, 0, 0, 0, 1, -1, 4, 4], [0, 0, 0, 0, 1, -1, -1, 1], [0, 0, 0, 0, -1, 0, 2, 2], [0, 0, 0, 0, -1, 0, 3, -1], [0, 0, 0, 0, -1, 0, 4, 4], [0, 0, 0, 0, -1, 0, -1, 1], [0, 0, 0, 1, 1, 0, -1, -1], [0, 0, 0, -1, 1, 0, 3, -1], [0, 0, 0, -1, 1, 0, 4, 4], [0, 0, 0, -1, 1, 0, -1, 1], [0, 0, 0, -1, -1, 0, 1, -1], [0, 0, 0, -1, -1, 1, -1, -1], [0, 0, -1, 0, 1, 0, 3, -1], [0, 0, -1, 0, 1, 0, -1, 1], [0, 0, -1, 0, -1, 0, 1, -1], [0, 0, -1, -1, -1, 0, 1, 1], [0, 1, 0, 0, 0, 0, -1, -1], [0, 1, 0, 0, 1, 0, 3, -1], [0, 1, 0, 0, 1, 0, 4, -1], [0, 1, 0, 0, 1, 0, -1, 2], [0, 1, 0, 0, 1, 0, -1, 3], [0, 1, 0, 0, 1, 0, -1, 4], [0, 1, 0, 0, -1, 0, 2, -1], [0, 1, 0, 0, -1, -1, 4, 4], [0, 1, 0, 1, 1, 0, -1, -1], [0, 1, 0, -1, 1, 0, 2, -1], [0, 1, 0, -1, -1, 0, -1, 1], [0, 1, 0, -1, -1, -1, 2, 2], [0, 1, -1, 0, 1, 0, 4, 4], [0, 1, -1, 0, -1, -1, -1, 1], [0, 1, -1, -1, -1, -1, 4, 3], [0, -1, 0, 0, 0, 0, 2, -1], [0, -1, 0, 0, 0, 0, -1, 2], [0, -1, 0, 0, 0, -1, 4, -1], [0, -1, 0, 0, 0, -1, -1, 3], [0, -1, 0, 0, 1, 0, 2, 2], [0, -1, 0, 0, 1, 0, 4, 3], [0, -1, 0, 0, 1, 0, 4, 4], [0, -1, 0, 0, 1, 0, -1, 1], [0, -1, 0, 0, -1, 0, 1, -1], [0, -1, 0, 0, -1, 0, 3, 3], [0, -1, 0, 0, -1, 1, -1, -1], [0, -1, 0, 1, -1, 0, 2, -1], [0, -1, 0, -1, 0, -1, 3, -1], [0, -1, 0, -1, 1, 0, 1, -1], [0, -1, 0, -1, 1, -1, 3, 3], [0, -1, 0, -1, -1, 0, 1, 1], [0, -1, 0, -1, -1, 0, 2, 1], [0, -1, 0, -1, -1, -1, 3, 2], [0, -1, 1, -1, -1, -1, -1, -1], [0, -1, -1, 0, 1, 0, 1, -1], [0, -1, -1, 0, 1, -1, 3, 3], [0, -1, -1, 0, -1, 0, 1, 1], [0, -1, -1, 0, -1, -1, 2, 1], [0, -1, -1, 1, -1, -1, 3, -1], [0, -1, -1, -1, 0, -1, -1, 1], [0, -1, -1, -1, 1, 0, 3, 3], [0, -1, -1, -1, 1, 1, -1, -1], [0, -1, -1, -1, 1, -1, 2, 1], [1, 0, 0, -1, -1, 0, -1, -1], [1, 1, -1, -1, -1, 0, -1, -1], [1, -1, 0, 1, -1, -1, -1, -1], [1, -1, 0, -1, 1, 0, -1, -1], [1, -1, -1, 1, -1, 0, -1, -1], [-1, 0, 0, 0, 1, 0, 3, -1], [-1, 0, 0, 0, -1, 0, 1, -1], [-1, 0, 0, -1, 1, 0, 1, -1], [-1, 0, 0, -1, 1, -1, 2, 2], [-1, 0, 0, -1, -1, 0, 1, 1], [-1, 0, -1, -1, 0, -1, -1, 2], [-1, 0, -1, -1, -1, -1, 3, 3], [-1, 1, 0, 0, 1, -1, 2, -1], [-1, 1, 0, 0, -1, -1, -1, 1], [-1, 1, 0, -1, -1, 0, 1, -1], [-1, 1, 0, -1, -1, 0, 4, 3], [-1, 1, -1, 0, -1, 0, -1, 1], [-1, -1, 0, 0, 1, 0, 1, -1], [-1, -1, 0, 0, 1, -1, 3, 3], [-1, -1, 0, 0, -1, 0, 1, 1], [-1, -1, 0, 1, 0, -1, -1, -1], [-1, -1, 0, 1, 1, -1, -1, 2], [-1, -1, 0, 1, -1, 0, -1, 1], [-1, -1, 0, 1, -1, 0, -1, 2], [-1, -1, 0, 1, -1, -1, 3, -1], [-1, -1, 0, 1, -1, -1, -1, 4], [-1, -1, 0, -1, 0, 0, -1, 1], [-1, -1, 0, -1, 0, 0, -1, 3], [-1, -1, 0, -1, 1, -1, 2, 1], [-1, -1, 1, 0, -1, -1, -1, -1], [-1, -1, 1, -1, 1, 0, -1, -1], [-1, -1, -1, 0, 0, -1, 3, -1], [-1, -1, -1, 0, 0, -1, -1, 1], [-1, -1, -1, 0, 1, 0, 3, 3], [-1, -1, -1, 0, -1, -1, 3, 2], [-1, -1, -1, 1, 1, 0, 2, -1], [-1, -1, -1, 1, -1, 0, 1, -1], [-1, -1, -1, 1, -1, 0, 3, -1], [-1, -1, -1, -1, 0, 0, 1, -1], [-1, -1, -1, -1, 1, 0, 1, 1], [-1, -1, -1, -1, 1, 0, 2, 1], [-1, -1, -1, -1, -1, 0, 3, 2]]
150 108 
 [[0, 0, 0, 0, 0, 0, -1, -1], [0, 0, 0, 0, 1, 0, 2, -1], [0, 0, 0, 0, 1, 0, 4, -1], [0, 0, 0, 0, 1, 0, -1, 2], [0, 0, 0, 0, 1, 0, -1, 3], [0, 0, 0, 0, 1, 0, -1, 4], [0, 0, 0, 0, 1, -1, 3, -1], [0, 0, 0, 0, 1, -1, 4, 4], [0, 0, 0, 0, 1, -1, -1, 1], [0, 0, 0, 0, -1, 0, 2, 2], [0, 0, 0, 0, -1, 0, 3, -1], [0, 0, 0, 0, -1, 0, 4, 4], [0, 0, 0, 0, -1, 0, -1, 1], [0, 0, 0, 1, 1, 0, -1, -1], [0, 0, 0, -1, 1, 0, 3, -1], [0, 0, 0, -1, 1, 0, 4, 4], [0, 0, 0, -1, 1, 0, -1, 1], [0, 0, 0, -1, -1, 0, 1, -1], [0, 0, 0, -1, -1, 1, -1, -1], [0, 0, -1, 0, 1, 0, 3, -1], [0, 0, -1, 0, 1, 0, -1, 1], [0, 0, -1, 0, -1, 0, 1, -1], [0, 0, -1, -1, -1, 0, 1, 1], [0, 1, 0, 0, 0, 0, -1, -1], [0, 1, 0, 0, 0, -1, 4, -1], [0, 1, 0, 0, 1, 0, 3, -1], [0, 1, 0, 0, 1, 0, 4, 4], [0, 1, 0, 0, 1, 0, -1, 2], [0, 1, 0, 0, 1, 0, -1, 3], [0, 1, 0, 0, -1, 0, 2, -1], [0, 1, 0, 1, 1, 0, -1, -1], [0, 1, 0, -1, 1, 0, 2, -1], [0, 1, 0, -1, -1, 0, -1, 1], [0, 1, 0, -1, -1, -1, 2, 2], [0, 1, -1, 0, -1, -1, -1, 1], [0, 1, -1, -1, -1, -1, 4, 3], [0, -1, 0, 0, 0, 0, 2, -1], [0, -1, 0, 0, 0, 0, 4, -1], [0, -1, 0, 0, 0, 0, -1, 2], [0, -1, 0, 0, 0, -1, -1, 3], [0, -1, 0, 0, 1, 0, 2, 2], [0, -1, 0, 0, 1, 0, 4, 3], [0, -1, 0, 0, 1, 0, -1, 1], [0, -1, 0, 0, -1, 0, 1, -1], [0, -1, 0, 0, -1, 0, 3, 3], [0, -1, 0, 0, -1, 1, -1, -1], [0, -1, 0, 1, -1, 0, 2, -1], [0, -1, 0, -1, 0, -1, 3, -1], [0, -1, 0, -1, 1, 0, 1, -1], [0, -1, 0, -1, 1, -1, 3, 3], [0, -1, 0, -1, -1, 0, 1, 1], [0, -1, 0, -1, -1, 0, 2, 1], [0, -1, 0, -1, -1, -1, 3, 2], [0, -1, 1, -1, -1, -1, -1, -1], [0, -1, -1, 0, 1, 0, 1, -1], [0, -1, -1, 0, 1, -1, 3, 3], [0, -1, -1, 0, -1, 0, 1, 1], [0, -1, -1, 0, -1, -1, 2, 1], [0, -1, -1, 1, -1, -1, 3, -1], [0, -1, -1, -1, 0, -1, -1, 1], [0, -1, -1, -1, 1, 0, 3, 3], [0, -1, -1, -1, 1, 1, -1, -1], [0, -1, -1, -1, 1, -1, 2, 1], [1, 0, 0, -1, -1, 0, -1, -1], [1, 1, -1, -1, -1, 0, -1, -1], [1, -1, 0, 1, -1, -1, -1, -1], [1, -1, 0, -1, 1, 0, -1, -1], [1, -1, -1, 0, -1, -1, -1, -1], [1, -1, -1, 1, -1, 0, -1, -1], [-1, 0, 0, 0, 1, 0, 3, -1], [-1, 0, 0, 0, -1, 0, 1, -1], [-1, 0, 0, -1, 1, 0, 1, -1], [-1, 0, 0, -1, 1, -1, 2, 2], [-1, 0, 0, -1, -1, 0, 1, 1], [-1, 0, -1, -1, 0, -1, -1, 2], [-1, 0, -1, -1, -1, -1, 3, 3], [-1, 1, 0, 0, 1, -1, 2, -1], [-1, 1, 0, 0, -1, -1, -1, 1], [-1, 1, 0, -1, -1, 0, 1, -1], [-1, 1, 0, -1, -1, 0, 4, 3], [-1, 1, -1, 0, -1, 0, -1, 1], [-1, -1, 0, 0, 1, 0, 1, -1], [-1, -1, 0, 0, 1, -1, 3, 3], [-1, -1, 0, 0, -1, 0, 1, 1], [-1, -1, 0, 1, 0, -1, -1, -1], [-1, -1, 0, 1, 1, -1, -1, 2], [-1, -1, 0, 1, -1, 0, -1, 1], [-1, -1, 0, 1, -1, 0, -1, 2], [-1, -1, 0, 1, -1, -1, 3, -1], [-1, -1, 0, 1, -1, -1, -1, 4], [-1, -1, 0, -1, 0, 0, -1, 1], [-1, -1, 0, -1, 0, 0, -1, 3], [-1, -1, 0, -1, 1, 0, 3, 3], [-1, -1, 0, -1, 1, -1, 2, 1], [-1, -1, 1, 0, -1, -1, -1, -1], [-1, -1, 1, -1, 1, 0, -1, -1], [-1, -1, -1, 0, 0, -1, 3, -1], [-1, -1, -1, 0, 0, -1, -1, 1], [-1, -1, -1, 0, 1, 0, 3, 3], [-1, -1, -1, 0, -1, -1, 3, 2], [-1, -1, -1, 1, 1, 0, 2, -1], [-1, -1, -1, 1, -1, 0, 1, -1], [-1, -1, -1, 1, -1, 0, 3, -1], [-1, -1, -1, -1, 0, 0, 1, -1], [-1, -1, -1, -1, 0, 1, -1, -1], [-1, -1, -1, -1, 1, 0, 1, 1], [-1, -1, -1, -1, 1, 0, 2, 1], [-1, -1, -1, -1, -1, 0, 3, 2]]
200 109 
 [[0, 0, 0, 0, 0, 0, -1, -1], [0, 0, 0, 0, 1, 0, 2, -1], [0, 0, 0, 0, 1, 0, 4, -1], [0, 0, 0, 0, 1, 0, -1, 2], [0, 0, 0, 0, 1, 0, -1, 3], [0, 0, 0, 0, 1, 0, -1, 4], [0, 0, 0, 0, 1, -1, 3, -1], [0, 0, 0, 0, 1, -1, 4, 4], [0, 0, 0, 0, 1, -1, -1, 1], [0, 0, 0, 0, -1, 0, 2, 2], [0, 0, 0, 0, -1, 0, 3, -1], [0, 0, 0, 0, -1, 0, 4, 4], [0, 0, 0, 0, -1, 0, -1, 1], [0, 0, 0, 1, 1, 0, -1, -1], [0, 0, 0, -1, 1, 0, 3, -1], [0, 0, 0, -1, 1, 0, 4, 4], [0, 0, 0, -1, 1, 0, -1, 1], [0, 0, 0, -1, -1, 0, 1, -1], [0, 0, 0, -1, -1, 1, -1, -1], [0, 0, -1, 0, 1, 0, 3, -1], [0, 0, -1, 0, 1, 0, -1, 1], [0, 0, -1, 0, -1, 0, 1, -1], [0, 0, -1, -1, -1, 0, 1, 1], [0, 1, 0, 0, 0, 0, -1, -1], [0, 1, 0, 0, 0, -1, 4, -1], [0, 1, 0, 0, 1, 0, 3, -1], [0, 1, 0, 0, 1, 0, 4, 4], [0, 1, 0, 0, 1, 0, -1, 2], [0, 1, 0, 0, 1, 0, -1, 3], [0, 1, 0, 0, -1, 0, 2, -1], [0, 1, 0, 1, 1, 0, -1, -1], [0, 1, 0, -1, 1, 0, 2, -1], [0, 1, 0, -1, -1, 0, -1, 1], [0, 1, 0, -1, -1, -1, 2, 2], [0, 1, -1, 0, -1, -1, -1, 1], [0, 1, -1, -1, -1, -1, 4, 3], [0, -1, 0, 0, 0, 0, 2, -1], [0, -1, 0, 0, 0, 0, 4, -1], [0, -1, 0, 0, 0, 0, -1, 2], [0, -1, 0, 0, 0, -1, -1, 3], [0, -1, 0, 0, 1, 0, 2, 2], [0, -1, 0, 0, 1, 0, 4, 3], [0, -1, 0, 0, 1, 0, -1, 1], [0, -1, 0, 0, -1, 0, 1, -1], [0, -1, 0, 0, -1, 0, 3, 3], [0, -1, 0, 0, -1, 1, -1, -1], [0, -1, 0, 1, -1, 0, 2, -1], [0, -1, 0, -1, 0, -1, 3, -1], [0, -1, 0, -1, 0, -1, -1, 4], [0, -1, 0, -1, 1, 0, 1, -1], [0, -1, 0, -1, 1, -1, 3, 3], [0, -1, 0, -1, -1, 0, 1, 1], [0, -1, 0, -1, -1, 0, 2, 1], [0, -1, 0, -1, -1, -1, 3, 2], [0, -1, 1, -1, -1, -1, -1, -1], [0, -1, -1, 0, 1, 0, 1, -1], [0, -1, -1, 0, 1, -1, 3, 3], [0, -1, -1, 0, -1, 0, 1, 1], [0, -1, -1, 0, -1, -1, 2, 1], [0, -1, -1, 1, -1, -1, 3, -1], [0, -1, -1, -1, 0, -1, -1, 1], [0, -1, -1, -1, 1, 0, 3, 3], [0, -1, -1, -1, 1, 1, -1, -1], [0, -1, -1, -1, 1, -1, 2, 1], [1, 0, 0, -1, -1, 0, -1, -1], [1, 1, -1, -1, -1, 0, -1, -1], [1, -1, 0, 1, -1, -1, -1, -1], [1, -1, 0, -1, 1, 0, -1, -1], [1, -1, -1, 0, -1, -1, -1, -1], [1, -1, -1, 1, -1, 0, -1, -1], [-1, 0, 0, 0, 1, 0, 3, -1], [-1, 0, 0, 0, -1, 0, 1, -1], [-1, 0, 0, -1, 1, 0, 1, -1], [-1, 0, 0, -1, 1, -1, 2, 2], [-1, 0, 0, -1, -1, 0, 1, 1], [-1, 0, -1, -1, 0, -1, -1, 2], [-1, 0, -1, -1, -1, -1, 3, 3], [-1, 1, 0, 0, 1, -1, 2, -1], [-1, 1, 0, 0, -1, -1, -1, 1], [-1, 1, 0, -1, -1, 0, 1, -1], [-1, 1, 0, -1, -1, 0, 4, 3], [-1, 1, -1, 0, -1, 0, -1, 1], [-1, -1, 0, 0, 1, 0, 1, -1], [-1, -1, 0, 0, 1, -1, 3, 3], [-1, -1, 0, 0, -1, 0, 1, 1], [-1, -1, 0, 1, 0, -1, -1, -1], [-1, -1, 0, 1, 1, -1, -1, 2], [-1, -1, 0, 1, -1, 0, -1, 1], [-1, -1, 0, 1, -1, 0, -1, 2], [-1, -1, 0, 1, -1, -1, 3, -1], [-1, -1, 0, 1, -1, -1, -1, 4], [-1, -1, 0, -1, 0, 0, -1, 1], [-1, -1, 0, -1, 0, 0, -1, 3], [-1, -1, 0, -1, 1, 0, 3, 3], [-1, -1, 0, -1, 1, -1, 2, 1], [-1, -1, 1, 0, -1, -1, -1, -1], [-1, -1, 1, -1, 1, 0, -1, -1], [-1, -1, -1, 0, 0, -1, 3, -1], [-1, -1, -1, 0, 0, -1, -1, 1], [-1, -1, -1, 0, 1, 0, 3, 3], [-1, -1, -1, 0, -1, -1, 3, 2], [-1, -1, -1, 1, 1, 0, 2, -1], [-1, -1, -1, 1, -1, 0, 1, -1], [-1, -1, -1, 1, -1, 0, 3, -1], [-1, -1, -1, -1, 0, 0, 1, -1], [-1, -1, -1, -1, 0, 1, -1, -1], [-1, -1, -1, -1, 1, 0, 1, 1], [-1, -1, -1, -1, 1, 0, 2, 1], [-1, -1, -1, -1, -1, 0, 3, 2]]
250 109 
 [[0, 0, 0, 0, 0, 0, -1, -1], [0, 0, 0, 0, 1, 0, 2, -1], [0, 0, 0, 0, 1, 0, 4, -1], [0, 0, 0, 0, 1, 0, -1, 2], [0, 0, 0, 0, 1, 0, -1, 3], [0, 0, 0, 0, 1, 0, -1, 4], [0, 0, 0, 0, 1, -1, 3, -1], [0, 0, 0, 0, 1, -1, 4, 4], [0, 0, 0, 0, 1, -1, -1, 1], [0, 0, 0, 0, -1, 0, 2, 2], [0, 0, 0, 0, -1, 0, 3, -1], [0, 0, 0, 0, -1, 0, 4, 4], [0, 0, 0, 0, -1, 0, -1, 1], [0, 0, 0, 1, 1, 0, -1, -1], [0, 0, 0, -1, 1, 0, 3, -1], [0, 0, 0, -1, 1, 0, 4, 4], [0, 0, 0, -1, 1, 0, -1, 1], [0, 0, 0, -1, -1, 0, 1, -1], [0, 0, 0, -1, -1, 1, -1, -1], [0, 0, -1, 0, 1, 0, 3, -1], [0, 0, -1, 0, 1, 0, -1, 1], [0, 0, -1, 0, -1, 0, 1, -1], [0, 0, -1, -1, -1, 0, 1, 1], [0, 1, 0, 0, 0, 0, -1, -1], [0, 1, 0, 0, 0, -1, 4, -1], [0, 1, 0, 0, 1, 0, 3, -1], [0, 1, 0, 0, 1, 0, 4, 4], [0, 1, 0, 0, 1, 0, -1, 2], [0, 1, 0, 0, 1, 0, -1, 3], [0, 1, 0, 0, -1, 0, 2, -1], [0, 1, 0, 1, 1, 0, -1, -1], [0, 1, 0, -1, 1, 0, 2, -1], [0, 1, 0, -1, -1, 0, -1, 1], [0, 1, 0, -1, -1, -1, 2, 2], [0, 1, -1, 0, -1, -1, -1, 1], [0, 1, -1, -1, -1, -1, 4, 3], [0, -1, 0, 0, 0, 0, 2, -1], [0, -1, 0, 0, 0, 0, 4, -1], [0, -1, 0, 0, 0, 0, -1, 2], [0, -1, 0, 0, 0, -1, -1, 3], [0, -1, 0, 0, 1, 0, 2, 2], [0, -1, 0, 0, 1, 0, 4, 3], [0, -1, 0, 0, 1, 0, -1, 1], [0, -1, 0, 0, -1, 0, 1, -1], [0, -1, 0, 0, -1, 0, 3, 3], [0, -1, 0, 0, -1, 1, -1, -1], [0, -1, 0, 1, -1, 0, 2, -1], [0, -1, 0, -1, 0, -1, 3, -1], [0, -1, 0, -1, 0, -1, -1, 4], [0, -1, 0, -1, 1, 0, 1, -1], [0, -1, 0, -1, 1, -1, 3, 3], [0, -1, 0, -1, -1, 0, 1, 1], [0, -1, 0, -1, -1, 0, 2, 1], [0, -1, 0, -1, -1, -1, 3, 2], [0, -1, 1, -1, -1, -1, -1, -1], [0, -1, -1, 0, 1, 0, 1, -1], [0, -1, -1, 0, 1, -1, 3, 3], [0, -1, -1, 0, -1, 0, 1, 1], [0, -1, -1, 0, -1, -1, 2, 1], [0, -1, -1, 1, -1, -1, 3, -1], [0, -1, -1, -1, 0, -1, -1, 1], [0, -1, -1, -1, 1, 0, 3, 3], [0, -1, -1, -1, 1, 1, -1, -1], [0, -1, -1, -1, 1, -1, 2, 1], [1, 0, 0, -1, -1, 0, -1, -1], [1, 1, -1, -1, -1, 0, -1, -1], [1, -1, 0, 1, -1, -1, -1, -1], [1, -1, 0, -1, 1, 0, -1, -1], [1, -1, -1, 0, -1, -1, -1, -1], [1, -1, -1, 1, -1, 0, -1, -1], [-1, 0, 0, 0, 1, 0, 3, -1], [-1, 0, 0, 0, -1, 0, 1, -1], [-1, 0, 0, -1, 1, 0, 1, -1], [-1, 0, 0, -1, 1, -1, 2, 2], [-1, 0, 0, -1, -1, 0, 1, 1], [-1, 0, -1, -1, 0, -1, -1, 2], [-1, 0, -1, -1, -1, -1, 3, 3], [-1, 1, 0, 0, 1, -1, 2, -1], [-1, 1, 0, 0, -1, -1, -1, 1], [-1, 1, 0, -1, -1, 0, 1, -1], [-1, 1, 0, -1, -1, 0, 4, 3], [-1, 1, -1, 0, -1, 0, -1, 1], [-1, -1, 0, 0, 1, 0, 1, -1], [-1, -1, 0, 0, 1, -1, 3, 3], [-1, -1, 0, 0, -1, 0, 1, 1], [-1, -1, 0, 1, 0, -1, -1, -1], [-1, -1, 0, 1, 1, -1, -1, 2], [-1, -1, 0, 1, -1, 0, -1, 1], [-1, -1, 0, 1, -1, 0, -1, 2], [-1, -1, 0, 1, -1, -1, 3, -1], [-1, -1, 0, 1, -1, -1, -1, 4], [-1, -1, 0, -1, 0, 0, -1, 1], [-1, -1, 0, -1, 0, 0, -1, 3], [-1, -1, 0, -1, 1, 0, 3, 3], [-1, -1, 0, -1, 1, -1, 2, 1], [-1, -1, 1, 0, -1, -1, -1, -1], [-1, -1, 1, -1, 1, 0, -1, -1], [-1, -1, -1, 0, 0, -1, 3, -1], [-1, -1, -1, 0, 0, -1, -1, 1], [-1, -1, -1, 0, 1, 0, 3, 3], [-1, -1, -1, 0, -1, -1, 3, 2], [-1, -1, -1, 1, 1, 0, 2, -1], [-1, -1, -1, 1, -1, 0, 1, -1], [-1, -1, -1, 1, -1, 0, 3, -1], [-1, -1, -1, -1, 0, 0, 1, -1], [-1, -1, -1, -1, 0, 1, -1, -1], [-1, -1, -1, -1, 1, 0, 1, 1], [-1, -1, -1, -1, 1, 0, 2, 1], [-1, -1, -1, -1, -1, 0, 3, 2]]
300 109 
 [[0, 0, 0, 0, 0, 0, -1, -1], [0, 0, 0, 0, 1, 0, 2, -1], [0, 0, 0, 0, 1, 0, 4, -1], [0, 0, 0, 0, 1, 0, -1, 2], [0, 0, 0, 0, 1, 0, -1, 3], [0, 0, 0, 0, 1, 0, -1, 4], [0, 0, 0, 0, 1, -1, 3, -1], [0, 0, 0, 0, 1, -1, 4, 4], [0, 0, 0, 0, 1, -1, -1, 1], [0, 0, 0, 0, -1, 0, 2, 2], [0, 0, 0, 0, -1, 0, 3, -1], [0, 0, 0, 0, -1, 0, 4, 4], [0, 0, 0, 0, -1, 0, -1, 1], [0, 0, 0, 1, 1, 0, -1, -1], [0, 0, 0, -1, 1, 0, 3, -1], [0, 0, 0, -1, 1, 0, 4, 4], [0, 0, 0, -1, 1, 0, -1, 1], [0, 0, 0, -1, -1, 0, 1, -1], [0, 0, 0, -1, -1, 1, -1, -1], [0, 0, -1, 0, 1, 0, 3, -1], [0, 0, -1, 0, 1, 0, -1, 1], [0, 0, -1, 0, -1, 0, 1, -1], [0, 0, -1, -1, -1, 0, 1, 1], [0, 1, 0, 0, 0, 0, -1, -1], [0, 1, 0, 0, 0, -1, 4, -1], [0, 1, 0, 0, 1, 0, 3, -1], [0, 1, 0, 0, 1, 0, 4, 4], [0, 1, 0, 0, 1, 0, -1, 2], [0, 1, 0, 0, 1, 0, -1, 3], [0, 1, 0, 0, -1, 0, 2, -1], [0, 1, 0, 1, 1, 0, -1, -1], [0, 1, 0, -1, 1, 0, 2, -1], [0, 1, 0, -1, -1, 0, -1, 1], [0, 1, 0, -1, -1, -1, 2, 2], [0, 1, -1, 0, -1, -1, -1, 1], [0, 1, -1, -1, -1, -1, 4, 3], [0, -1, 0, 0, 0, 0, 2, -1], [0, -1, 0, 0, 0, 0, 4, -1], [0, -1, 0, 0, 0, 0, -1, 2], [0, -1, 0, 0, 0, -1, -1, 3], [0, -1, 0, 0, 1, 0, 2, 2], [0, -1, 0, 0, 1, 0, 4, 3], [0, -1, 0, 0, 1, 0, -1, 1], [0, -1, 0, 0, -1, 0, 1, -1], [0, -1, 0, 0, -1, 0, 3, 3], [0, -1, 0, 0, -1, 1, -1, -1], [0, -1, 0, 1, -1, 0, 2, -1], [0, -1, 0, -1, 0, -1, 3, -1], [0, -1, 0, -1, 0, -1, -1, 4], [0, -1, 0, -1, 1, 0, 1, -1], [0, -1, 0, -1, 1, -1, 3, 3], [0, -1, 0, -1, -1, 0, 1, 1], [0, -1, 0, -1, -1, 0, 2, 1], [0, -1, 0, -1, -1, -1, 3, 2], [0, -1, 1, -1, -1, -1, -1, -1], [0, -1, -1, 0, 1, 0, 1, -1], [0, -1, -1, 0, 1, -1, 3, 3], [0, -1, -1, 0, -1, 0, 1, 1], [0, -1, -1, 0, -1, -1, 2, 1], [0, -1, -1, 1, -1, -1, 3, -1], [0, -1, -1, -1, 0, -1, -1, 1], [0, -1, -1, -1, 1, 0, 3, 3], [0, -1, -1, -1, 1, 1, -1, -1], [0, -1, -1, -1, 1, -1, 2, 1], [1, 0, 0, -1, -1, 0, -1, -1], [1, 1, -1, -1, -1, 0, -1, -1], [1, -1, 0, 1, -1, -1, -1, -1], [1, -1, 0, -1, 1, 0, -1, -1], [1, -1, -1, 0, -1, -1, -1, -1], [1, -1, -1, 1, -1, 0, -1, -1], [-1, 0, 0, 0, 1, 0, 3, -1], [-1, 0, 0, 0, -1, 0, 1, -1], [-1, 0, 0, -1, 1, 0, 1, -1], [-1, 0, 0, -1, 1, -1, 2, 2], [-1, 0, 0, -1, -1, 0, 1, 1], [-1, 0, -1, -1, 0, -1, -1, 2], [-1, 0, -1, -1, -1, -1, 3, 3], [-1, 1, 0, 0, 1, -1, 2, -1], [-1, 1, 0, 0, -1, -1, -1, 1], [-1, 1, 0, -1, -1, 0, 1, -1], [-1, 1, 0, -1, -1, 0, 4, 3], [-1, 1, -1, 0, -1, 0, -1, 1], [-1, -1, 0, 0, 1, 0, 1, -1], [-1, -1, 0, 0, 1, -1, 3, 3], [-1, -1, 0, 0, -1, 0, 1, 1], [-1, -1, 0, 1, 0, -1, -1, -1], [-1, -1, 0, 1, 1, -1, -1, 2], [-1, -1, 0, 1, -1, 0, -1, 1], [-1, -1, 0, 1, -1, 0, -1, 2], [-1, -1, 0, 1, -1, -1, 3, -1], [-1, -1, 0, 1, -1, -1, -1, 4], [-1, -1, 0, -1, 0, 0, -1, 1], [-1, -1, 0, -1, 0, 0, -1, 3], [-1, -1, 0, -1, 1, 0, 3, 3], [-1, -1, 0, -1, 1, -1, 2, 1], [-1, -1, 1, 0, -1, -1, -1, -1], [-1, -1, 1, -1, 1, 0, -1, -1], [-1, -1, -1, 0, 0, -1, 3, -1], [-1, -1, -1, 0, 0, -1, -1, 1], [-1, -1, -1, 0, 1, 0, 3, 3], [-1, -1, -1, 0, -1, -1, 3, 2], [-1, -1, -1, 1, 1, 0, 2, -1], [-1, -1, -1, 1, -1, 0, 1, -1], [-1, -1, -1, 1, -1, 0, 3, -1], [-1, -1, -1, -1, 0, 0, 1, -1], [-1, -1, -1, -1, 0, 1, -1, -1], [-1, -1, -1, -1, 1, 0, 1, 1], [-1, -1, -1, -1, 1, 0, 2, 1], [-1, -1, -1, -1, -1, 0, 3, 2]]
