execution time
40 3.981579065322876 50.35643410682678
90 9.1822509765625 188.45333790779114
140 21.24028992652893 396.1665840148926
190 36.16809582710266 537.6031312942505
240 46.916240215301514 600.0480809211731
290 73.21249389648438 600.0043880939484
340 82.84694981575012 600.0005099773407


number of patterns visited
40 26040 305248
90 66838 1005751
140 103183 1917415
190 138997 2981068
240 175386 3781211
290 206597 3135085
340 240177 3429650


number of patterns found, lowerbound
40 37 
 [[0, -1, -1, -1, 0, -1, -1, -1, -1, -1, -1, -1], [0, -1, -1, -1, -1, 0, 4, -1, -1, -1, -1, 0], [0, -1, -1, -1, -1, -1, -1, -1, -1, 4, -1, -1], [-1, 0, -1, -1, 0, -1, -1, -1, -1, -1, -1, -1], [-1, 0, -1, -1, 1, -1, -1, -1, -1, -1, -1, -1], [-1, 0, -1, -1, -1, 0, -1, -1, -1, -1, -1, -1], [-1, 0, -1, -1, -1, -1, 4, -1, -1, -1, -1, 0], [-1, 0, -1, -1, -1, -1, -1, -1, -1, 4, -1, -1], [-1, 1, -1, -1, -1, -1, -1, -1, -1, -1, -1, -1], [-1, -1, -1, 0, 0, -1, -1, -1, -1, -1, -1, -1], [-1, -1, -1, 0, -1, 0, 4, -1, -1, -1, -1, 0], [-1, -1, -1, 0, -1, -1, -1, -1, -1, 4, -1, -1], [-1, -1, -1, 1, -1, -1, -1, -1, -1, -1, -1, -1], [-1, -1, -1, -1, 0, 0, -1, -1, -1, -1, -1, -1], [-1, -1, -1, -1, 0, -1, -1, -1, -1, 4, -1, -1], [-1, -1, -1, -1, 1, 0, -1, -1, -1, -1, -1, -1], [-1, -1, -1, -1, 1, -1, 4, -1, -1, -1, -1, -1], [-1, -1, -1, -1, 1, -1, -1, -1, -1, 4, -1, -1], [-1, -1, -1, -1, 1, -1, -1, -1, -1, -1, -1, 0], [-1, -1, -1, -1, -1, 0, -1, -1, -1, 4, -1, -1], [-1, -1, -1, -1, -1, -1, 1, -1, -1, -1, -1, -1], [-1, -1, -1, -1, -1, -1, 2, -1, -1, -1, -1, -1], [-1, -1, -1, -1, -1, -1, 3, -1, -1, -1, -1, -1], [-1, -1, -1, -1, -1, -1, 4, -1, -1, 4, -1, -1], [-1, -1, -1, -1, -1, -1, -1, 1, -1, -1, -1, -1], [-1, -1, -1, -1, -1, -1, -1, 2, -1, -1, -1, -1], [-1, -1, -1, -1, -1, -1, -1, 3, -1, -1, -1, -1], [-1, -1, -1, -1, -1, -1, -1, 4, -1, -1, -1, -1], [-1, -1, -1, -1, -1, -1, -1, -1, 0, -1, -1, -1], [-1, -1, -1, -1, -1, -1, -1, -1, 2, -1, -1, -1], [-1, -1, -1, -1, -1, -1, -1, -1, 3, -1, -1, -1], [-1, -1, -1, -1, -1, -1, -1, -1, 4, -1, -1, -1], [-1, -1, -1, -1, -1, -1, -1, -1, -1, 2, -1, -1], [-1, -1, -1, -1, -1, -1, -1, -1, -1, -1, 0, -1], [-1, -1, -1, -1, -1, -1, -1, -1, -1, -1, 1, -1], [-1, -1, -1, -1, -1, -1, -1, -1, -1, -1, 2, -1], [-1, -1, -1, -1, -1, -1, -1, -1, -1, -1, -1, 1]]
90 37 
 [[0, -1, -1, -1, 0, -1, -1, -1, -1, -1, -1, -1], [0, -1, -1, -1, -1, 0, 4, -1, -1, -1, -1, 0], [0, -1, -1, -1, -1, -1, -1, -1, -1, 4, -1, -1], [-1, 0, -1, -1, 0, -1, -1, -1, -1, -1, -1, -1], [-1, 0, -1, -1, 1, -1, -1, -1, -1, -1, -1, -1], [-1, 0, -1, -1, -1, 0, -1, -1, -1, -1, -1, -1], [-1, 0, -1, -1, -1, -1, 4, -1, -1, -1, -1, 0], [-1, 0, -1, -1, -1, -1, -1, -1, -1, 4, -1, -1], [-1, 1, -1, -1, -1, -1, -1, -1, -1, -1, -1, -1], [-1, -1, -1, 0, 0, -1, -1, -1, -1, -1, -1, -1], [-1, -1, -1, 0, -1, 0, 4, -1, -1, -1, -1, 0], [-1, -1, -1, 0, -1, -1, -1, -1, -1, 4, -1, -1], [-1, -1, -1, 1, -1, -1, -1, -1, -1, -1, -1, -1], [-1, -1, -1, -1, 0, 0, -1, -1, -1, -1, -1, -1], [-1, -1, -1, -1, 0, -1, -1, -1, -1, 4, -1, -1], [-1, -1, -1, -1, 1, 0, -1, -1, -1, -1, -1, -1], [-1, -1, -1, -1, 1, -1, 4, -1, -1, -1, -1, -1], [-1, -1, -1, -1, 1, -1, -1, -1, -1, 4, -1, -1], [-1, -1, -1, -1, 1, -1, -1, -1, -1, -1, -1, 0], [-1, -1, -1, -1, -1, 0, -1, -1, -1, 4, -1, -1], [-1, -1, -1, -1, -1, -1, 1, -1, -1, -1, -1, -1], [-1, -1, -1, -1, -1, -1, 2, -1, -1, -1, -1, -1], [-1, -1, -1, -1, -1, -1, 3, -1, -1, -1, -1, -1], [-1, -1, -1, -1, -1, -1, 4, -1, -1, 4, -1, -1], [-1, -1, -1, -1, -1, -1, -1, 1, -1, -1, -1, -1], [-1, -1, -1, -1, -1, -1, -1, 2, -1, -1, -1, -1], [-1, -1, -1, -1, -1, -1, -1, 3, -1, -1, -1, -1], [-1, -1, -1, -1, -1, -1, -1, 4, -1, -1, -1, -1], [-1, -1, -1, -1, -1, -1, -1, -1, 0, -1, -1, -1], [-1, -1, -1, -1, -1, -1, -1, -1, 2, -1, -1, -1], [-1, -1, -1, -1, -1, -1, -1, -1, 3, -1, -1, -1], [-1, -1, -1, -1, -1, -1, -1, -1, 4, -1, -1, -1], [-1, -1, -1, -1, -1, -1, -1, -1, -1, 2, -1, -1], [-1, -1, -1, -1, -1, -1, -1, -1, -1, -1, 0, -1], [-1, -1, -1, -1, -1, -1, -1, -1, -1, -1, 1, -1], [-1, -1, -1, -1, -1, -1, -1, -1, -1, -1, 2, -1], [-1, -1, -1, -1, -1, -1, -1, -1, -1, -1, -1, 1]]
140 37 
 [[0, -1, -1, -1, 0, -1, -1, -1, -1, -1, -1, -1], [0, -1, -1, -1, -1, 0, 4, -1, -1, -1, -1, 0], [0, -1, -1, -1, -1, -1, -1, -1, -1, 4, -1, -1], [-1, 0, -1, -1, 0, -1, -1, -1, -1, -1, -1, -1], [-1, 0, -1, -1, 1, -1, -1, -1, -1, -1, -1, -1], [-1, 0, -1, -1, -1, 0, -1, -1, -1, -1, -1, -1], [-1, 0, -1, -1, -1, -1, 4, -1, -1, -1, -1, 0], [-1, 0, -1, -1, -1, -1, -1, -1, -1, 4, -1, -1], [-1, 1, -1, -1, -1, -1, -1, -1, -1, -1, -1, -1], [-1, -1, -1, 0, 0, -1, -1, -1, -1, -1, -1, -1], [-1, -1, -1, 0, -1, 0, 4, -1, -1, -1, -1, 0], [-1, -1, -1, 0, -1, -1, -1, -1, -1, 4, -1, -1], [-1, -1, -1, 1, -1, -1, -1, -1, -1, -1, -1, -1], [-1, -1, -1, -1, 0, 0, -1, -1, -1, -1, -1, -1], [-1, -1, -1, -1, 0, -1, -1, -1, -1, 4, -1, -1], [-1, -1, -1, -1, 1, 0, -1, -1, -1, -1, -1, -1], [-1, -1, -1, -1, 1, -1, 4, -1, -1, -1, -1, -1], [-1, -1, -1, -1, 1, -1, -1, -1, -1, 4, -1, -1], [-1, -1, -1, -1, 1, -1, -1, -1, -1, -1, -1, 0], [-1, -1, -1, -1, -1, 0, -1, -1, -1, 4, -1, -1], [-1, -1, -1, -1, -1, -1, 1, -1, -1, -1, -1, -1], [-1, -1, -1, -1, -1, -1, 2, -1, -1, -1, -1, -1], [-1, -1, -1, -1, -1, -1, 3, -1, -1, -1, -1, -1], [-1, -1, -1, -1, -1, -1, 4, -1, -1, 4, -1, -1], [-1, -1, -1, -1, -1, -1, -1, 1, -1, -1, -1, -1], [-1, -1, -1, -1, -1, -1, -1, 2, -1, -1, -1, -1], [-1, -1, -1, -1, -1, -1, -1, 3, -1, -1, -1, -1], [-1, -1, -1, -1, -1, -1, -1, 4, -1, -1, -1, -1], [-1, -1, -1, -1, -1, -1, -1, -1, 0, -1, -1, -1], [-1, -1, -1, -1, -1, -1, -1, -1, 2, -1, -1, -1], [-1, -1, -1, -1, -1, -1, -1, -1, 3, -1, -1, -1], [-1, -1, -1, -1, -1, -1, -1, -1, 4, -1, -1, -1], [-1, -1, -1, -1, -1, -1, -1, -1, -1, 2, -1, -1], [-1, -1, -1, -1, -1, -1, -1, -1, -1, -1, 0, -1], [-1, -1, -1, -1, -1, -1, -1, -1, -1, -1, 1, -1], [-1, -1, -1, -1, -1, -1, -1, -1, -1, -1, 2, -1], [-1, -1, -1, -1, -1, -1, -1, -1, -1, -1, -1, 1]]
190 37 
 [[0, -1, -1, -1, 0, -1, -1, -1, -1, -1, -1, -1], [0, -1, -1, -1, -1, 0, 4, -1, -1, -1, -1, 0], [0, -1, -1, -1, -1, -1, -1, -1, -1, 4, -1, -1], [-1, 0, -1, -1, 0, -1, -1, -1, -1, -1, -1, -1], [-1, 0, -1, -1, 1, -1, -1, -1, -1, -1, -1, -1], [-1, 0, -1, -1, -1, 0, -1, -1, -1, -1, -1, -1], [-1, 0, -1, -1, -1, -1, 4, -1, -1, -1, -1, 0], [-1, 0, -1, -1, -1, -1, -1, -1, -1, 4, -1, -1], [-1, 1, -1, -1, -1, -1, -1, -1, -1, -1, -1, -1], [-1, -1, -1, 0, 0, -1, -1, -1, -1, -1, -1, -1], [-1, -1, -1, 0, -1, 0, 4, -1, -1, -1, -1, 0], [-1, -1, -1, 0, -1, -1, -1, -1, -1, 4, -1, -1], [-1, -1, -1, 1, -1, -1, -1, -1, -1, -1, -1, -1], [-1, -1, -1, -1, 0, 0, -1, -1, -1, -1, -1, -1], [-1, -1, -1, -1, 0, -1, -1, -1, -1, 4, -1, -1], [-1, -1, -1, -1, 1, 0, -1, -1, -1, -1, -1, -1], [-1, -1, -1, -1, 1, -1, 4, -1, -1, -1, -1, -1], [-1, -1, -1, -1, 1, -1, -1, -1, -1, 4, -1, -1], [-1, -1, -1, -1, 1, -1, -1, -1, -1, -1, -1, 0], [-1, -1, -1, -1, -1, 0, -1, -1, -1, 4, -1, -1], [-1, -1, -1, -1, -1, -1, 1, -1, -1, -1, -1, -1], [-1, -1, -1, -1, -1, -1, 2, -1, -1, -1, -1, -1], [-1, -1, -1, -1, -1, -1, 3, -1, -1, -1, -1, -1], [-1, -1, -1, -1, -1, -1, 4, -1, -1, 4, -1, -1], [-1, -1, -1, -1, -1, -1, -1, 1, -1, -1, -1, -1], [-1, -1, -1, -1, -1, -1, -1, 2, -1, -1, -1, -1], [-1, -1, -1, -1, -1, -1, -1, 3, -1, -1, -1, -1], [-1, -1, -1, -1, -1, -1, -1, 4, -1, -1, -1, -1], [-1, -1, -1, -1, -1, -1, -1, -1, 0, -1, -1, -1], [-1, -1, -1, -1, -1, -1, -1, -1, 2, -1, -1, -1], [-1, -1, -1, -1, -1, -1, -1, -1, 3, -1, -1, -1], [-1, -1, -1, -1, -1, -1, -1, -1, 4, -1, -1, -1], [-1, -1, -1, -1, -1, -1, -1, -1, -1, 2, -1, -1], [-1, -1, -1, -1, -1, -1, -1, -1, -1, -1, 0, -1], [-1, -1, -1, -1, -1, -1, -1, -1, -1, -1, 1, -1], [-1, -1, -1, -1, -1, -1, -1, -1, -1, -1, 2, -1], [-1, -1, -1, -1, -1, -1, -1, -1, -1, -1, -1, 1]]
240 37 
 [[0, -1, -1, -1, 0, -1, -1, -1, -1, -1, -1, -1], [0, -1, -1, -1, -1, 0, 4, -1, -1, -1, -1, 0], [0, -1, -1, -1, -1, -1, -1, -1, -1, 4, -1, -1], [-1, 0, -1, -1, 0, -1, -1, -1, -1, -1, -1, -1], [-1, 0, -1, -1, 1, -1, -1, -1, -1, -1, -1, -1], [-1, 0, -1, -1, -1, 0, -1, -1, -1, -1, -1, -1], [-1, 0, -1, -1, -1, -1, 4, -1, -1, -1, -1, 0], [-1, 0, -1, -1, -1, -1, -1, -1, -1, 4, -1, -1], [-1, 1, -1, -1, -1, -1, -1, -1, -1, -1, -1, -1], [-1, -1, -1, 0, 0, -1, -1, -1, -1, -1, -1, -1], [-1, -1, -1, 0, -1, 0, 4, -1, -1, -1, -1, 0], [-1, -1, -1, 0, -1, -1, -1, -1, -1, 4, -1, -1], [-1, -1, -1, 1, -1, -1, -1, -1, -1, -1, -1, -1], [-1, -1, -1, -1, 0, 0, -1, -1, -1, -1, -1, -1], [-1, -1, -1, -1, 0, -1, -1, -1, -1, 4, -1, -1], [-1, -1, -1, -1, 1, 0, -1, -1, -1, -1, -1, -1], [-1, -1, -1, -1, 1, -1, 4, -1, -1, -1, -1, -1], [-1, -1, -1, -1, 1, -1, -1, -1, -1, 4, -1, -1], [-1, -1, -1, -1, 1, -1, -1, -1, -1, -1, -1, 0], [-1, -1, -1, -1, -1, 0, -1, -1, -1, 4, -1, -1], [-1, -1, -1, -1, -1, -1, 1, -1, -1, -1, -1, -1], [-1, -1, -1, -1, -1, -1, 2, -1, -1, -1, -1, -1], [-1, -1, -1, -1, -1, -1, 3, -1, -1, -1, -1, -1], [-1, -1, -1, -1, -1, -1, 4, -1, -1, 4, -1, -1], [-1, -1, -1, -1, -1, -1, -1, 1, -1, -1, -1, -1], [-1, -1, -1, -1, -1, -1, -1, 2, -1, -1, -1, -1], [-1, -1, -1, -1, -1, -1, -1, 3, -1, -1, -1, -1], [-1, -1, -1, -1, -1, -1, -1, 4, -1, -1, -1, -1], [-1, -1, -1, -1, -1, -1, -1, -1, 0, -1, -1, -1], [-1, -1, -1, -1, -1, -1, -1, -1, 2, -1, -1, -1], [-1, -1, -1, -1, -1, -1, -1, -1, 3, -1, -1, -1], [-1, -1, -1, -1, -1, -1, -1, -1, 4, -1, -1, -1], [-1, -1, -1, -1, -1, -1, -1, -1, -1, 2, -1, -1], [-1, -1, -1, -1, -1, -1, -1, -1, -1, -1, 0, -1], [-1, -1, -1, -1, -1, -1, -1, -1, -1, -1, 1, -1], [-1, -1, -1, -1, -1, -1, -1, -1, -1, -1, 2, -1], [-1, -1, -1, -1, -1, -1, -1, -1, -1, -1, -1, 1]]
290 37 
 [[0, -1, -1, -1, 0, -1, -1, -1, -1, -1, -1, -1], [0, -1, -1, -1, -1, 0, 4, -1, -1, -1, -1, 0], [0, -1, -1, -1, -1, -1, -1, -1, -1, 4, -1, -1], [-1, 0, -1, -1, 0, -1, -1, -1, -1, -1, -1, -1], [-1, 0, -1, -1, 1, -1, -1, -1, -1, -1, -1, -1], [-1, 0, -1, -1, -1, 0, -1, -1, -1, -1, -1, -1], [-1, 0, -1, -1, -1, -1, 4, -1, -1, -1, -1, 0], [-1, 0, -1, -1, -1, -1, -1, -1, -1, 4, -1, -1], [-1, 1, -1, -1, -1, -1, -1, -1, -1, -1, -1, -1], [-1, -1, -1, 0, 0, -1, -1, -1, -1, -1, -1, -1], [-1, -1, -1, 0, -1, 0, 4, -1, -1, -1, -1, 0], [-1, -1, -1, 0, -1, -1, -1, -1, -1, 4, -1, -1], [-1, -1, -1, 1, -1, -1, -1, -1, -1, -1, -1, -1], [-1, -1, -1, -1, 0, 0, -1, -1, -1, -1, -1, -1], [-1, -1, -1, -1, 0, -1, -1, -1, -1, 4, -1, -1], [-1, -1, -1, -1, 1, 0, -1, -1, -1, -1, -1, -1], [-1, -1, -1, -1, 1, -1, 4, -1, -1, -1, -1, -1], [-1, -1, -1, -1, 1, -1, -1, -1, -1, 4, -1, -1], [-1, -1, -1, -1, 1, -1, -1, -1, -1, -1, -1, 0], [-1, -1, -1, -1, -1, 0, -1, -1, -1, 4, -1, -1], [-1, -1, -1, -1, -1, -1, 1, -1, -1, -1, -1, -1], [-1, -1, -1, -1, -1, -1, 2, -1, -1, -1, -1, -1], [-1, -1, -1, -1, -1, -1, 3, -1, -1, -1, -1, -1], [-1, -1, -1, -1, -1, -1, 4, -1, -1, 4, -1, -1], [-1, -1, -1, -1, -1, -1, -1, 1, -1, -1, -1, -1], [-1, -1, -1, -1, -1, -1, -1, 2, -1, -1, -1, -1], [-1, -1, -1, -1, -1, -1, -1, 3, -1, -1, -1, -1], [-1, -1, -1, -1, -1, -1, -1, 4, -1, -1, -1, -1], [-1, -1, -1, -1, -1, -1, -1, -1, 0, -1, -1, -1], [-1, -1, -1, -1, -1, -1, -1, -1, 2, -1, -1, -1], [-1, -1, -1, -1, -1, -1, -1, -1, 3, -1, -1, -1], [-1, -1, -1, -1, -1, -1, -1, -1, 4, -1, -1, -1], [-1, -1, -1, -1, -1, -1, -1, -1, -1, 2, -1, -1], [-1, -1, -1, -1, -1, -1, -1, -1, -1, -1, 0, -1], [-1, -1, -1, -1, -1, -1, -1, -1, -1, -1, 1, -1], [-1, -1, -1, -1, -1, -1, -1, -1, -1, -1, 2, -1], [-1, -1, -1, -1, -1, -1, -1, -1, -1, -1, -1, 1]]
340 37 
 [[0, -1, -1, -1, 0, -1, -1, -1, -1, -1, -1, -1], [0, -1, -1, -1, -1, 0, 4, -1, -1, -1, -1, 0], [0, -1, -1, -1, -1, -1, -1, -1, -1, 4, -1, -1], [-1, 0, -1, -1, 0, -1, -1, -1, -1, -1, -1, -1], [-1, 0, -1, -1, 1, -1, -1, -1, -1, -1, -1, -1], [-1, 0, -1, -1, -1, 0, -1, -1, -1, -1, -1, -1], [-1, 0, -1, -1, -1, -1, 4, -1, -1, -1, -1, 0], [-1, 0, -1, -1, -1, -1, -1, -1, -1, 4, -1, -1], [-1, 1, -1, -1, -1, -1, -1, -1, -1, -1, -1, -1], [-1, -1, -1, 0, 0, -1, -1, -1, -1, -1, -1, -1], [-1, -1, -1, 0, -1, 0, 4, -1, -1, -1, -1, 0], [-1, -1, -1, 0, -1, -1, -1, -1, -1, 4, -1, -1], [-1, -1, -1, 1, -1, -1, -1, -1, -1, -1, -1, -1], [-1, -1, -1, -1, 0, 0, -1, -1, -1, -1, -1, -1], [-1, -1, -1, -1, 0, -1, -1, -1, -1, 4, -1, -1], [-1, -1, -1, -1, 1, 0, -1, -1, -1, -1, -1, -1], [-1, -1, -1, -1, 1, -1, 4, -1, -1, -1, -1, -1], [-1, -1, -1, -1, 1, -1, -1, -1, -1, 4, -1, -1], [-1, -1, -1, -1, 1, -1, -1, -1, -1, -1, -1, 0], [-1, -1, -1, -1, -1, 0, -1, -1, -1, 4, -1, -1], [-1, -1, -1, -1, -1, -1, 1, -1, -1, -1, -1, -1], [-1, -1, -1, -1, -1, -1, 2, -1, -1, -1, -1, -1], [-1, -1, -1, -1, -1, -1, 3, -1, -1, -1, -1, -1], [-1, -1, -1, -1, -1, -1, 4, -1, -1, 4, -1, -1], [-1, -1, -1, -1, -1, -1, -1, 1, -1, -1, -1, -1], [-1, -1, -1, -1, -1, -1, -1, 2, -1, -1, -1, -1], [-1, -1, -1, -1, -1, -1, -1, 3, -1, -1, -1, -1], [-1, -1, -1, -1, -1, -1, -1, 4, -1, -1, -1, -1], [-1, -1, -1, -1, -1, -1, -1, -1, 0, -1, -1, -1], [-1, -1, -1, -1, -1, -1, -1, -1, 2, -1, -1, -1], [-1, -1, -1, -1, -1, -1, -1, -1, 3, -1, -1, -1], [-1, -1, -1, -1, -1, -1, -1, -1, 4, -1, -1, -1], [-1, -1, -1, -1, -1, -1, -1, -1, -1, 2, -1, -1], [-1, -1, -1, -1, -1, -1, -1, -1, -1, -1, 0, -1], [-1, -1, -1, -1, -1, -1, -1, -1, -1, -1, 1, -1], [-1, -1, -1, -1, -1, -1, -1, -1, -1, -1, 2, -1], [-1, -1, -1, -1, -1, -1, -1, -1, -1, -1, -1, 1]]


number of patterns found, upperbound
40 7 
 [[0, -1, 0, -1, -1, 0, -1, -1, -1, -1, -1, 0], [0, 0, 0, -1, -1, -1, -1, -1, -1, -1, -1, -1], [0, -1, 0, 0, -1, -1, -1, -1, -1, -1, -1, 0], [0, -1, 0, -1, -1, -1, 4, -1, -1, -1, -1, -1], [-1, -1, 0, -1, -1, 0, 4, -1, -1, -1, -1, -1], [0, -1, 0, 0, 1, 0, -1, -1, -1, -1, -1, -1], [-1, 0, -1, 0, -1, -1, -1, -1, -1, -1, -1, -1]]
90 31 
 [[0, -1, 0, 0, 1, 0, -1, -1, -1, -1, -1, 0], [-1, -1, 0, -1, 0, -1, -1, -1, -1, -1, -1, -1], [0, -1, 0, 0, -1, 0, 4, -1, -1, -1, -1, 0], [0, -1, 0, 0, 1, 0, 4, -1, -1, -1, -1, -1], [0, 0, 0, -1, -1, -1, 4, -1, -1, -1, -1, -1], [0, -1, 0, 0, -1, -1, -1, 4, -1, -1, -1, -1], [0, -1, 0, -1, 1, 0, 4, -1, -1, -1, -1, 0], [0, 0, 0, 0, -1, 0, -1, -1, -1, -1, -1, 0], [0, -1, 0, 0, 1, -1, -1, -1, -1, 4, -1, -1], [0, -1, 0, 0, -1, 0, -1, -1, -1, 4, -1, 0], [0, 0, 0, 0, 1, 0, -1, -1, -1, -1, -1, -1], [0, -1, 0, 0, -1, -1, -1, -1, 2, -1, -1, -1], [0, 0, 0, -1, -1, -1, -1, -1, -1, 4, -1, -1], [0, -1, 0, -1, -1, 0, -1, -1, 2, -1, -1, -1], [0, -1, 0, -1, -1, -1, -1, -1, -1, -1, 1, 0], [0, 1, 0, 0, 1, 0, -1, -1, -1, -1, -1, -1], [0, -1, 0, -1, 1, 0, -1, -1, -1, 4, -1, -1], [0, -1, 0, 0, -1, 0, -1, -1, -1, -1, 1, -1], [0, -1, 0, -1, 1, -1, -1, -1, -1, -1, 1, -1], [0, -1, 0, -1, -1, -1, -1, 2, -1, -1, -1, -1], [-1, -1, 0, 0, 1, 0, -1, -1, -1, 4, -1, -1], [-1, -1, 0, -1, -1, -1, -1, -1, 4, -1, -1, -1], [0, -1, 0, -1, -1, 0, -1, 4, -1, -1, -1, -1], [-1, 1, -1, -1, -1, -1, 4, -1, -1, -1, -1, -1], [-1, -1, 0, 0, -1, 0, -1, 4, -1, -1, -1, -1], [-1, -1, 0, -1, -1, -1, 4, 4, -1, -1, -1, -1], [0, -1, -1, -1, -1, -1, -1, -1, -1, -1, 2, -1], [-1, -1, 0, -1, -1, 0, -1, -1, -1, -1, 2, -1], [0, 1, 0, 0, -1, 0, -1, -1, -1, -1, -1, 0], [-1, -1, 0, -1, -1, -1, -1, -1, -1, 2, -1, -1], [-1, -1, -1, 0, -1, -1, -1, 2, -1, -1, -1, -1]]
140 91 
 [[0, 0, 0, 0, -1, 0, -1, -1, -1, -1, -1, 0], [0, 0, 0, 0, 1, 0, -1, -1, -1, -1, -1, -1], [0, -1, 0, 0, -1, 0, -1, -1, -1, -1, 1, -1], [0, -1, 0, 0, -1, 0, -1, 4, -1, -1, -1, -1], [0, -1, 0, 0, 1, 0, 4, -1, -1, -1, -1, 0], [-1, 1, 0, 0, -1, -1, 4, -1, -1, -1, -1, -1], [-1, 1, 0, -1, -1, 0, 4, -1, -1, -1, -1, -1], [0, 0, 0, -1, -1, 0, 4, -1, -1, -1, -1, -1], [0, -1, 0, 0, -1, 0, -1, -1, 2, -1, -1, -1], [0, -1, 0, -1, -1, 0, -1, 2, -1, -1, -1, 0], [0, -1, 0, 0, 1, -1, -1, -1, -1, -1, 1, -1], [0, -1, 0, -1, 1, 0, -1, 4, -1, -1, -1, -1], [0, -1, 0, -1, 1, 0, -1, -1, -1, -1, 1, -1], [0, -1, 0, 0, -1, 0, -1, 2, -1, -1, -1, -1], [0, -1, 0, 0, -1, 0, -1, -1, -1, -1, 0, -1], [0, 0, 0, 0, -1, 0, -1, -1, -1, 4, -1, -1], [0, -1, 0, 0, -1, 0, -1, -1, -1, -1, -1, 1], [0, 1, 0, -1, -1, -1, 4, -1, -1, -1, -1, -1], [0, 1, -1, 0, -1, -1, 4, -1, -1, -1, -1, -1], [0, -1, 0, 0, -1, 0, -1, -1, -1, 2, -1, -1], [0, -1, 0, 0, 0, 0, -1, -1, -1, -1, -1, -1], [0, -1, 0, -1, -1, 0, -1, -1, -1, -1, 1, 0], [-1, -1, -1, 0, -1, 0, 4, 4, -1, -1, -1, -1], [0, 0, 0, -1, 1, 0, -1, -1, -1, -1, -1, 0], [0, -1, 0, 0, -1, -1, 4, 4, -1, -1, -1, -1], [0, -1, 0, -1, -1, 0, 4, 4, -1, -1, -1, -1], [0, -1, 0, -1, -1, -1, -1, 4, -1, -1, -1, 0], [0, -1, 0, 0, 0, -1, -1, -1, -1, -1, -1, 0], [-1, -1, 0, -1, -1, 0, -1, -1, -1, -1, 2, 0], [0, 0, 0, 0, -1, -1, 4, -1, -1, -1, -1, -1], [-1, 0, 0, 0, -1, 0, 4, -1, -1, -1, -1, -1], [-1, -1, 0, -1, -1, 0, 4, -1, -1, 4, -1, -1], [0, -1, 0, 0, 1, -1, -1, 4, -1, -1, -1, -1], [-1, -1, 0, 0, -1, -1, -1, 4, -1, -1, -1, 0], [-1, -1, 0, -1, 1, -1, 4, 4, -1, -1, -1, -1], [0, 0, 0, -1, -1, -1, -1, -1, 4, -1, -1, -1], [0, -1, 0, 0, -1, 0, -1, -1, -1, -1, 2, -1], [0, -1, 0, 0, -1, 0, 2, -1, -1, -1, -1, -1], [0, -1, 0, 0, -1, -1, -1, -1, 4, 4, -1, -1], [0, -1, 0, -1, -1, 0, -1, -1, 4, 4, -1, -1], [-1, -1, -1, -1, -1, -1, -1, 2, -1, 4, -1, -1], [0, 0, 0, -1, -1, 0, -1, -1, -1, 4, -1, 0], [0, -1, 0, -1, 0, 0, -1, -1, -1, -1, -1, 0], [0, -1, 0, -1, -1, -1, -1, -1, -1, -1, 2, 0], [0, 1, 0, 0, 1, 0, -1, -1, -1, -1, -1, 0], [0, -1, -1, 0, 1, 0, -1, 4, -1, -1, -1, -1], [-1, -1, 0, 0, -1, -1, -1, -1, -1, -1, 2, 0], [-1, -1, 0, -1, -1, -1, 4, 4, -1, -1, -1, 0], [0, -1, 0, -1, 1, 0, -1, -1, -1, -1, -1, 1], [0, -1, 0, -1, -1, -1, 3, -1, -1, -1, -1, -1], [-1, -1, 0, -1, 1, -1, -1, 3, -1, -1, -1, -1], [-1, -1, 0, -1, -1, 0, 3, -1, -1, -1, -1, -1], [0, -1, 0, 0, 1, -1, -1, -1, -1, 2, -1, -1], [0, -1, 0, 0, -1, -1, -1, 2, -1, -1, -1, 0], [-1, 0, -1, -1, -1, -1, -1, -1, -1, -1, 2, -1], [-1, -1, 0, 0, -1, -1, 3, -1, -1, -1, -1, -1], [-1, -1, 0, -1, -1, -1, -1, -1, -1, 2, -1, 0], [-1, -1, -1, -1, 1, 0, -1, -1, -1, -1, 2, -1], [-1, -1, -1, -1, 1, -1, -1, 2, -1, -1, -1, -1], [0, 0, -1, -1, 1, -1, -1, -1, -1, 4, -1, -1], [0, -1, 0, 0, -1, 0, -1, 3, -1, -1, -1, -1], [0, -1, 0, 0, -1, -1, -1, -1, 2, -1, -1, 0], [0, -1, 0, -1, 1, -1, -1, -1, 2, -1, -1, -1], [0, -1, -1, 0, 1, -1, -1, -1, 2, -1, -1, -1], [0, -1, -1, 0, -1, -1, 3, -1, -1, -1, -1, -1], [0, -1, -1, -1, 1, -1, -1, 3, -1, -1, -1, -1], [-1, 0, 0, 0, -1, -1, -1, -1, -1, 4, -1, 0], [-1, 0, 0, -1, 1, -1, -1, -1, -1, 4, -1, -1], [-1, 0, -1, -1, -1, -1, -1, -1, -1, -1, 0, -1], [-1, -1, 0, -1, -1, 0, -1, -1, 2, -1, -1, 0], [-1, -1, -1, -1, 1, 0, -1, 3, -1, -1, -1, -1], [0, 1, 0, -1, -1, -1, -1, -1, -1, 4, -1, -1], [0, -1, 0, 0, 1, 0, -1, -1, 4, -1, -1, -1], [0, -1, 0, 0, 1, 0, -1, -1, -1, 4, -1, 0], [0, -1, 0, -1, -1, -1, -1, -1, 4, -1, -1, 0], [0, -1, 0, -1, -1, -1, -1, -1, -1, 4, 1, -1], [0, -1, -1, -1, -1, 0, 3, -1, -1, -1, -1, -1], [-1, 1, 0, -1, -1, 0, -1, -1, -1, 4, -1, -1], [-1, -1, -1, 0, -1, 0, 3, -1, -1, -1, -1, -1], [-1, 0, 0, -1, 0, -1, -1, -1, -1, -1, -1, -1], [0, -1, 0, -1, 1, -1, -1, -1, -1, -1, 2, -1], [-1, 1, -1, 0, -1, -1, -1, -1, -1, 4, -1, -1], [0, 1, -1, -1, -1, 0, -1, -1, -1, 4, -1, -1], [0, -1, -1, 0, -1, 0, -1, -1, 4, 4, -1, -1], [0, -1, -1, -1, 1, 0, -1, -1, -1, -1, 0, -1], [-1, -1, 0, 0, -1, 0, -1, -1, 4, 4, -1, -1], [-1, -1, 0, 0, -1, -1, -1, -1, 4, -1, -1, 0], [-1, -1, 0, -1, 1, 0, -1, -1, -1, -1, 0, -1], [-1, -1, 0, -1, -1, -1, -1, -1, 4, 4, -1, 0], [-1, -1, -1, 0, 1, 0, -1, -1, -1, -1, 0, -1], [-1, -1, -1, -1, 1, -1, -1, -1, 4, 4, -1, -1]]
190 144 
 [[0, -1, 0, 0, -1, 0, -1, -1, -1, -1, 1, -1], [0, -1, 0, 0, -1, 0, -1, 4, -1, -1, -1, -1], [0, -1, 0, 0, 1, 0, 4, -1, -1, -1, -1, 0], [-1, 1, 0, 0, -1, -1, 4, -1, -1, -1, -1, -1], [-1, 1, 0, -1, -1, 0, 4, -1, -1, -1, -1, -1], [0, -1, 0, 0, -1, 0, -1, -1, 2, -1, -1, -1], [0, -1, 0, 0, 1, -1, -1, -1, -1, -1, 1, -1], [0, -1, 0, -1, 1, 0, -1, 4, -1, -1, -1, -1], [0, -1, 0, -1, 1, 0, -1, -1, -1, -1, 1, -1], [0, -1, 0, 0, -1, 0, -1, -1, -1, -1, -1, 1], [0, 1, 0, -1, -1, -1, 4, -1, -1, -1, -1, -1], [0, 1, -1, 0, -1, -1, 4, -1, -1, -1, -1, -1], [0, -1, 0, 0, 0, 0, -1, -1, -1, -1, -1, -1], [0, -1, 0, -1, -1, 0, -1, -1, -1, -1, 1, 0], [-1, -1, -1, 0, -1, 0, 4, 4, -1, -1, -1, -1], [0, -1, 0, 0, -1, -1, 4, 4, -1, -1, -1, -1], [0, -1, 0, -1, -1, 0, 4, 4, -1, -1, -1, -1], [0, -1, 0, -1, -1, -1, -1, 4, -1, -1, -1, 0], [0, -1, 0, 0, 0, -1, -1, -1, -1, -1, -1, 0], [-1, -1, 0, -1, -1, 0, 4, -1, -1, 4, -1, -1], [0, -1, 0, 0, 1, -1, -1, 4, -1, -1, -1, -1], [-1, -1, 0, 0, -1, -1, -1, 4, -1, -1, -1, 0], [-1, -1, 0, -1, 1, -1, 4, 4, -1, -1, -1, -1], [0, -1, 0, 0, -1, 0, 2, -1, -1, -1, -1, -1], [0, -1, 0, -1, 0, 0, -1, -1, -1, -1, -1, 0], [0, 1, 0, 0, 1, 0, -1, -1, -1, -1, -1, 0], [0, -1, -1, 0, 1, 0, -1, 4, -1, -1, -1, -1], [-1, -1, 0, -1, -1, -1, 4, 4, -1, -1, -1, 0], [0, -1, 0, -1, 1, 0, -1, -1, -1, -1, -1, 1], [0, -1, 0, 0, -1, 0, -1, 3, -1, -1, -1, -1], [0, -1, 0, 0, -1, -1, -1, -1, 2, -1, -1, 0], [0, -1, 0, 0, 1, 0, -1, -1, 4, -1, -1, -1], [0, -1, 0, 0, 1, 0, -1, -1, -1, 4, -1, 0], [0, -1, 0, -1, -1, -1, -1, -1, -1, 4, 1, -1], [0, -1, 0, -1, -1, -1, 4, -1, -1, 4, -1, -1], [-1, 0, 0, -1, -1, -1, 4, -1, -1, -1, -1, 0], [0, 0, 0, -1, 0, -1, -1, -1, -1, -1, -1, -1], [0, 0, -1, -1, -1, -1, 4, -1, -1, -1, -1, 0], [0, 0, 0, 0, -1, 0, 4, -1, -1, -1, -1, -1], [0, -1, 0, 0, 1, -1, -1, -1, 2, -1, -1, -1], [0, -1, 0, -1, -1, 0, -1, -1, 2, -1, -1, 0], [-1, -1, 0, -1, -1, 0, -1, 4, -1, -1, -1, 0], [-1, -1, -1, 0, -1, -1, -1, -1, -1, 2, -1, 0], [0, -1, 0, -1, -1, 0, 3, -1, -1, -1, -1, -1], [0, -1, 0, 0, -1, 0, -1, 2, -1, -1, -1, 0], [0, -1, 0, -1, 0, -1, -1, -1, -1, 4, -1, -1], [-1, -1, 0, -1, -1, 0, -1, -1, -1, 4, 1, -1], [0, -1, 0, -1, 1, 0, -1, -1, 2, -1, -1, -1], [-1, 0, -1, -1, 1, -1, -1, -1, 4, -1, -1, -1], [0, 0, 0, -1, -1, 0, -1, -1, 4, -1, -1, -1], [-1, 0, 0, -1, -1, -1, -1, -1, -1, -1, 0, -1], [-1, -1, 0, -1, 0, 0, -1, -1, -1, 4, -1, -1], [-1, -1, 0, -1, 0, -1, -1, -1, -1, 4, -1, 0], [0, 0, 0, 0, -1, 0, -1, -1, -1, 4, -1, 0], [0, 0, 0, -1, 1, 0, -1, -1, -1, 4, -1, -1], [-1, 0, -1, 0, 1, -1, -1, -1, -1, 4, -1, -1], [-1, 0, -1, -1, -1, 0, -1, -1, -1, -1, 0, -1], [0, -1, 0, 0, -1, -1, 3, -1, -1, -1, -1, -1], [-1, 0, -1, 0, 0, -1, -1, -1, -1, -1, -1, -1], [0, 0, 0, 0, 1, 0, -1, -1, -1, -1, -1, 0], [0, -1, 0, -1, -1, 0, -1, 2, -1, 4, -1, -1], [0, -1, 0, -1, -1, -1, -1, 2, -1, 4, -1, 0], [-1, -1, -1, 0, -1, -1, -1, 2, -1, 4, -1, -1], [0, 0, 0, -1, -1, 0, -1, -1, -1, -1, 2, -1], [-1, -1, 0, 0, 1, 0, -1, -1, -1, -1, -1, 1], [-1, -1, -1, 0, 1, 0, -1, -1, 2, -1, -1, -1], [0, -1, 0, 0, 1, 0, -1, -1, -1, 2, -1, -1], [0, -1, 0, 0, -1, 0, -1, -1, -1, -1, 2, 0], [0, -1, 0, 0, -1, 0, -1, -1, -1, -1, 0, 0], [-1, -1, 0, 0, -1, 0, 3, -1, -1, -1, -1, -1], [0, -1, 0, -1, 1, -1, -1, -1, 4, -1, -1, 0], [0, -1, -1, -1, -1, 0, -1, -1, -1, 4, 1, -1], [-1, -1, 0, -1, -1, 0, -1, 2, -1, 4, -1, 0], [0, -1, 0, 0, 1, 0, -1, -1, -1, -1, 0, -1], [0, -1, 0, -1, 1, 0, -1, 3, -1, -1, -1, -1], [-1, -1, 0, 0, -1, -1, -1, 3, -1, -1, -1, 0], [0, -1, 0, 0, 1, -1, -1, 3, -1, -1, -1, -1], [0, -1, 0, -1, -1, -1, 3, -1, -1, -1, -1, 0], [-1, 1, -1, -1, 0, -1, -1, -1, -1, -1, -1, -1], [-1, -1, 0, -1, -1, -1, 3, -1, -1, 4, -1, -1], [0, -1, -1, -1, -1, -1, 3, -1, -1, 4, -1, -1], [-1, 1, -1, -1, -1, -1, -1, -1, 2, -1, -1, -1], [0, 1, 0, -1, -1, -1, -1, -1, -1, -1, 2, -1], [0, -1, 0, 0, 1, 0, -1, -1, -1, -1, 2, -1], [0, -1, 0, -1, -1, -1, -1, -1, -1, 4, 2, -1], [-1, 1, 0, 0, -1, -1, -1, -1, -1, -1, 2, -1], [-1, 1, 0, -1, -1, 0, -1, -1, -1, -1, 2, -1], [0, 1, 0, 0, -1, 0, -1, -1, -1, 4, -1, -1], [0, 1, 0, -1, -1, 0, -1, -1, -1, -1, 1, -1], [0, -1, 0, 0, 1, -1, -1, 2, -1, -1, -1, -1], [0, -1, 0, -1, 1, 0, 2, -1, -1, -1, -1, -1], [0, -1, 0, -1, -1, 0, 2, -1, -1, -1, -1, 0], [-1, 1, -1, 0, 1, -1, -1, -1, -1, 4, -1, -1], [0, -1, 0, 0, 1, -1, -1, -1, 4, 4, -1, -1], [0, -1, 0, -1, 1, 0, -1, -1, 4, 4, -1, -1], [-1, 0, 0, -1, -1, -1, -1, -1, -1, -1, 2, 0], [-1, 0, -1, 0, -1, -1, -1, -1, -1, -1, 2, -1], [-1, -1, 0, 0, 1, 0, -1, 3, -1, -1, -1, -1], [-1, -1, 0, 0, 1, -1, -1, -1, 4, -1, -1, 0], [-1, -1, 0, -1, 1, 0, -1, -1, 4, -1, -1, 0], [-1, -1, 0, -1, -1, -1, -1, -1, -1, 4, 2, 0], [0, -1, 0, -1, -1, 0, -1, -1, -1, 2, -1, 0], [0, -1, -1, 0, 1, 0, -1, 3, -1, -1, -1, -1], [0, -1, -1, 0, -1, -1, -1, 3, -1, -1, -1, 0], [-1, 0, 0, -1, -1, -1, -1, 2, -1, -1, -1, -1], [0, 1, 0, -1, -1, -1, -1, 2, -1, -1, -1, -1], [0, -1, 0, -1, 1, 0, -1, 2, -1, -1, -1, 0], [-1, 1, 0, -1, -1, 0, -1, 2, -1, -1, -1, -1], [0, 0, -1, -1, -1, -1, -1, 2, -1, -1, -1, -1], [-1, -1, 0, 1, -1, 0, -1, -1, -1, -1, -1, -1], [-1, -1, 0, -1, -1, 0, -1, -1, -1, 4, 2, -1], [0, -1, 0, -1, 1, 0, -1, -1, -1, -1, 2, 0], [0, -1, -1, 1, -1, -1, -1, -1, -1, -1, -1, -1], [-1, 1, 0, -1, -1, 0, -1, -1, -1, 2, -1, -1], [0, 1, 0, -1, 1, -1, -1, -1, -1, 4, -1, -1], [-1, 1, -1, -1, 1, 0, -1, -1, -1, 4, -1, -1], [0, 1, 0, 0, -1, -1, -1, -1, -1, 4, -1, 0], [0, 1, 0, -1, -1, 0, -1, -1, -1, 4, -1, 0], [0, -1, 0, 0, -1, -1, -1, -1, -1, 4, 0, -1], [0, -1, -1, -1, -1, -1, -1, 1, -1, -1, -1, -1], [0, 1, 0, -1, -1, -1, -1, -1, 4, -1, -1, -1], [0, 1, -1, -1, -1, -1, 2, -1, -1, -1, -1, -1], [0, -1, 0, 0, 1, -1, 2, -1, -1, -1, -1, -1], [0, -1, 0, 0, -1, 0, -1, -1, 4, 4, -1, 0], [0, -1, 0, -1, -1, 0, 2, -1, -1, 4, -1, -1], [0, -1, -1, 0, 1, 0, -1, 2, -1, -1, -1, -1], [-1, 1, 0, 0, -1, -1, -1, -1, 4, -1, -1, -1], [-1, -1, -1, 0, -1, -1, -1, -1, -1, 4, 2, -1], [0, -1, -1, 0, 1, 0, -1, -1, 4, 4, -1, -1], [-1, -1, 0, 0, 1, 0, -1, -1, 4, 4, -1, -1], [-1, -1, 0, -1, -1, 0, -1, 1, -1, -1, -1, -1], [0, -1, 0, -1, -1, -1, -1, -1, 0, -1, -1, -1], [0, -1, -1, -1, -1, -1, 4, -1, 0, -1, -1, -1], [-1, -1, 0, -1, -1, 0, 4, -1, 0, -1, -1, -1], [0, -1, 0, -1, 1, -1, 3, -1, -1, -1, -1, -1], [0, -1, 0, -1, -1, 0, -1, 3, -1, -1, -1, 0], [0, -1, -1, 0, 1, -1, 3, -1, -1, -1, -1, -1], [0, -1, -1, 0, -1, 0, 3, -1, -1, -1, -1, -1], [0, -1, -1, -1, -1, 0, -1, -1, -1, 4, 0, -1], [-1, -1, 0, -1, 1, 0, 3, -1, -1, -1, -1, -1], [-1, -1, 0, -1, -1, 0, -1, -1, -1, 4, 0, -1], [-1, -1, -1, 0, -1, -1, 3, -1, -1, -1, -1, 0], [-1, -1, -1, 0, 0, -1, -1, -1, -1, 4, -1, -1], [-1, 0, -1, -1, -1, 0, -1, -1, -1, 2, -1, -1]]
240 173 
 [[0, -1, 0, 0, -1, 0, -1, -1, -1, -1, 1, -1], [0, -1, 0, 0, -1, 0, -1, 4, -1, -1, -1, -1], [0, -1, 0, 0, 1, 0, 4, -1, -1, -1, -1, 0], [-1, 1, 0, 0, -1, -1, 4, -1, -1, -1, -1, -1], [-1, 1, 0, -1, -1, 0, 4, -1, -1, -1, -1, -1], [0, -1, 0, 0, -1, 0, -1, -1, 2, -1, -1, -1], [0, -1, 0, 0, 1, -1, -1, -1, -1, -1, 1, -1], [0, -1, 0, -1, 1, 0, -1, 4, -1, -1, -1, -1], [0, -1, 0, -1, 1, 0, -1, -1, -1, -1, 1, -1], [0, -1, 0, 0, -1, 0, -1, -1, -1, -1, -1, 1], [0, 1, 0, -1, -1, -1, 4, -1, -1, -1, -1, -1], [0, 1, -1, 0, -1, -1, 4, -1, -1, -1, -1, -1], [0, -1, 0, 0, 0, 0, -1, -1, -1, -1, -1, -1], [0, -1, 0, -1, -1, 0, -1, -1, -1, -1, 1, 0], [-1, -1, -1, 0, -1, 0, 4, 4, -1, -1, -1, -1], [0, -1, 0, 0, -1, -1, 4, 4, -1, -1, -1, -1], [0, -1, 0, -1, -1, 0, 4, 4, -1, -1, -1, -1], [0, -1, 0, -1, -1, -1, -1, 4, -1, -1, -1, 0], [0, -1, 0, 0, 0, -1, -1, -1, -1, -1, -1, 0], [-1, -1, 0, -1, -1, 0, 4, -1, -1, 4, -1, -1], [0, -1, 0, 0, 1, -1, -1, 4, -1, -1, -1, -1], [-1, -1, 0, 0, -1, -1, -1, 4, -1, -1, -1, 0], [-1, -1, 0, -1, 1, -1, 4, 4, -1, -1, -1, -1], [0, -1, 0, 0, -1, 0, 2, -1, -1, -1, -1, -1], [0, -1, 0, -1, 0, 0, -1, -1, -1, -1, -1, 0], [0, 1, 0, 0, 1, 0, -1, -1, -1, -1, -1, 0], [0, -1, -1, 0, 1, 0, -1, 4, -1, -1, -1, -1], [-1, -1, 0, -1, -1, -1, 4, 4, -1, -1, -1, 0], [0, -1, 0, -1, 1, 0, -1, -1, -1, -1, -1, 1], [0, -1, 0, 0, -1, 0, -1, 3, -1, -1, -1, -1], [0, -1, 0, 0, -1, -1, -1, -1, 2, -1, -1, 0], [0, -1, 0, 0, 1, 0, -1, -1, -1, 4, -1, 0], [0, -1, 0, -1, -1, -1, -1, -1, -1, 4, 1, -1], [0, -1, 0, -1, -1, -1, 4, -1, -1, 4, -1, -1], [-1, 0, 0, -1, -1, -1, 4, -1, -1, -1, -1, 0], [0, 0, 0, -1, 0, -1, -1, -1, -1, -1, -1, -1], [0, 0, -1, -1, -1, -1, 4, -1, -1, -1, -1, 0], [0, 0, 0, 0, -1, 0, 4, -1, -1, -1, -1, -1], [0, -1, 0, 0, 1, -1, -1, -1, 2, -1, -1, -1], [0, -1, 0, -1, -1, 0, -1, -1, 2, -1, -1, 0], [-1, -1, 0, -1, -1, 0, -1, 4, -1, -1, -1, 0], [-1, -1, -1, 0, -1, -1, -1, -1, -1, 2, -1, 0], [0, -1, 0, 0, -1, 0, -1, 2, -1, -1, -1, 0], [0, -1, 0, -1, 0, -1, -1, -1, -1, 4, -1, -1], [-1, -1, 0, -1, -1, 0, -1, -1, -1, 4, 1, -1], [0, -1, 0, -1, 1, 0, -1, -1, 2, -1, -1, -1], [-1, 0, -1, -1, 1, -1, -1, -1, 4, -1, -1, -1], [0, 0, 0, -1, -1, 0, -1, -1, 4, -1, -1, -1], [-1, 0, 0, -1, -1, -1, -1, -1, -1, -1, 0, -1], [-1, -1, 0, -1, 0, 0, -1, -1, -1, 4, -1, -1], [-1, -1, 0, -1, 0, -1, -1, -1, -1, 4, -1, 0], [0, 0, 0, 0, -1, 0, -1, -1, -1, 4, -1, 0], [0, 0, 0, -1, 1, 0, -1, -1, -1, 4, -1, -1], [-1, 0, -1, 0, 1, -1, -1, -1, -1, 4, -1, -1], [-1, 0, -1, -1, -1, 0, -1, -1, -1, -1, 0, -1], [0, -1, 0, 0, -1, -1, 3, -1, -1, -1, -1, -1], [-1, 0, -1, 0, 0, -1, -1, -1, -1, -1, -1, -1], [0, 0, 0, 0, 1, 0, -1, -1, -1, -1, -1, 0], [0, -1, 0, -1, -1, 0, -1, 2, -1, 4, -1, -1], [0, -1, 0, -1, -1, -1, -1, 2, -1, 4, -1, 0], [-1, -1, -1, 0, -1, -1, -1, 2, -1, 4, -1, -1], [0, 0, 0, -1, -1, 0, -1, -1, -1, -1, 2, -1], [-1, -1, 0, 0, 1, 0, -1, -1, -1, -1, -1, 1], [-1, -1, -1, 0, 1, 0, -1, -1, 2, -1, -1, -1], [0, -1, 0, 0, 1, 0, -1, -1, -1, 2, -1, -1], [0, -1, 0, 0, -1, 0, -1, -1, -1, -1, 2, 0], [0, -1, 0, 0, -1, 0, -1, -1, -1, -1, 0, 0], [-1, -1, 0, 0, -1, 0, 3, -1, -1, -1, -1, -1], [0, -1, -1, -1, -1, 0, -1, -1, -1, 4, 1, -1], [-1, -1, 0, -1, -1, 0, -1, 2, -1, 4, -1, 0], [0, -1, 0, 0, 1, 0, -1, -1, -1, -1, 0, -1], [0, -1, 0, -1, 1, 0, -1, 3, -1, -1, -1, -1], [-1, -1, 0, 0, -1, -1, -1, 3, -1, -1, -1, 0], [0, -1, 0, 0, 1, -1, -1, 3, -1, -1, -1, -1], [0, -1, 0, -1, -1, -1, 3, -1, -1, -1, -1, 0], [-1, 1, -1, -1, 0, -1, -1, -1, -1, -1, -1, -1], [-1, 1, -1, -1, -1, -1, -1, -1, 2, -1, -1, -1], [0, -1, 0, 0, 1, 0, -1, -1, -1, -1, 2, -1], [0, 1, 0, -1, -1, 0, -1, -1, -1, -1, 1, -1], [0, -1, 0, 0, 1, -1, -1, 2, -1, -1, -1, -1], [0, -1, 0, -1, 1, 0, 2, -1, -1, -1, -1, -1], [0, -1, 0, -1, -1, 0, 2, -1, -1, -1, -1, 0], [-1, 0, -1, 0, -1, -1, -1, -1, -1, -1, 2, -1], [-1, -1, 0, 0, 1, 0, -1, 3, -1, -1, -1, -1], [-1, -1, 0, 0, 1, -1, -1, -1, 4, -1, -1, 0], [0, -1, 0, -1, -1, 0, -1, -1, -1, 2, -1, 0], [0, -1, -1, 0, 1, 0, -1, 3, -1, -1, -1, -1], [0, -1, -1, 0, -1, -1, -1, 3, -1, -1, -1, 0], [-1, 0, 0, -1, -1, -1, -1, 2, -1, -1, -1, -1], [0, 1, 0, -1, -1, -1, -1, 2, -1, -1, -1, -1], [0, -1, 0, -1, 1, 0, -1, 2, -1, -1, -1, 0], [-1, 1, 0, -1, -1, 0, -1, 2, -1, -1, -1, -1], [0, 0, -1, -1, -1, -1, -1, 2, -1, -1, -1, -1], [0, -1, 0, -1, 1, 0, -1, -1, -1, -1, 2, 0], [-1, 1, 0, -1, -1, 0, -1, -1, -1, 2, -1, -1], [0, -1, 0, 0, -1, -1, -1, -1, -1, 4, 0, -1], [0, -1, 0, 0, 1, -1, 2, -1, -1, -1, -1, -1], [0, -1, 0, 0, -1, 0, -1, -1, 4, 4, -1, 0], [0, -1, 0, -1, -1, 0, 2, -1, -1, 4, -1, -1], [0, -1, -1, 0, 1, 0, -1, 2, -1, -1, -1, -1], [0, -1, 0, -1, -1, -1, -1, -1, 0, -1, -1, -1], [0, -1, -1, -1, -1, -1, 4, -1, 0, -1, -1, -1], [-1, -1, 0, -1, -1, 0, 4, -1, 0, -1, -1, -1], [0, -1, 0, -1, -1, 0, -1, 3, -1, -1, -1, 0], [0, -1, -1, 0, 1, -1, 3, -1, -1, -1, -1, -1], [0, -1, -1, 0, -1, 0, 3, -1, -1, -1, -1, -1], [0, -1, -1, -1, -1, 0, -1, -1, -1, 4, 0, -1], [-1, -1, 0, -1, -1, 0, -1, -1, -1, 4, 0, -1], [-1, -1, -1, 0, -1, -1, 3, -1, -1, -1, -1, 0], [-1, -1, -1, 0, 0, -1, -1, -1, -1, 4, -1, -1], [-1, 0, -1, -1, -1, 0, -1, -1, -1, 2, -1, -1], [0, 1, 0, 0, -1, -1, -1, -1, -1, -1, 2, -1], [0, 1, 0, -1, -1, 0, -1, -1, -1, -1, 2, -1], [-1, 1, -1, 0, -1, 0, -1, -1, -1, -1, 2, -1], [-1, -1, 0, -1, -1, -1, -1, -1, 0, -1, -1, 0], [0, 1, 0, -1, -1, -1, 2, -1, -1, -1, -1, -1], [0, 1, -1, -1, -1, 0, 2, -1, -1, -1, -1, -1], [0, -1, 0, 0, 1, 0, -1, -1, 4, 4, -1, -1], [0, -1, 0, -1, 1, 0, -1, -1, 4, -1, -1, 0], [-1, -1, 0, -1, -1, -1, 2, 2, -1, -1, -1, -1], [-1, -1, -1, 0, 1, 0, 2, -1, -1, -1, -1, -1], [0, 1, 0, 0, -1, -1, -1, -1, 4, -1, -1, -1], [0, -1, 0, -1, -1, -1, 3, -1, -1, 4, -1, -1], [0, 1, 0, 0, -1, 0, -1, -1, -1, 4, -1, 0], [-1, -1, 0, -1, -1, 0, 3, -1, -1, -1, -1, 0], [-1, -1, 0, -1, -1, 0, -1, 3, -1, 4, -1, -1], [0, -1, 0, 0, -1, -1, -1, -1, -1, 4, 2, -1], [-1, -1, 0, 0, 1, -1, -1, -1, -1, -1, 2, 0], [-1, -1, 0, -1, 1, 0, -1, -1, 4, 4, -1, 0], [-1, -1, 0, -1, 1, -1, -1, -1, -1, -1, 0, 0], [-1, -1, -1, -1, 1, 0, -1, -1, -1, -1, 0, 0], [-1, 0, 0, -1, -1, 0, -1, -1, -1, -1, 2, 0], [0, -1, 0, -1, -1, 0, -1, 1, -1, -1, -1, -1], [0, -1, -1, 0, -1, -1, -1, 1, -1, -1, -1, -1], [-1, -1, -1, 0, -1, 0, -1, 1, -1, -1, -1, -1], [-1, 1, -1, -1, -1, -1, -1, -1, -1, -1, 0, -1], [0, 1, 0, 0, 1, 0, -1, -1, -1, 4, -1, -1], [0, -1, 0, -1, -1, 0, -1, -1, -1, 4, 2, 0], [-1, 1, 0, -1, 1, -1, -1, -1, 4, -1, -1, -1], [-1, 1, 0, -1, -1, 0, 2, -1, -1, -1, -1, -1], [-1, -1, 0, 0, -1, 0, -1, -1, -1, 4, 2, -1], [-1, -1, 0, 0, -1, -1, -1, 1, -1, -1, -1, -1], [-1, -1, 0, 0, -1, -1, -1, -1, -1, 4, 2, 0], [-1, -1, 0, -1, 1, -1, -1, -1, -1, 4, 2, -1], [0, -1, 0, -1, 1, 0, 3, -1, -1, -1, -1, -1], [0, -1, 0, -1, -1, -1, -1, 3, -1, 4, -1, -1], [0, -1, 0, 1, -1, 0, -1, -1, -1, -1, -1, -1], [-1, 1, -1, -1, -1, -1, -1, 3, -1, -1, -1, -1], [0, -1, -1, -1, 1, -1, -1, -1, -1, 4, 2, -1], [-1, 1, 0, -1, -1, -1, -1, -1, -1, -1, 2, 0], [-1, -1, 0, 1, 1, 0, -1, -1, -1, -1, -1, -1], [0, -1, -1, 0, -1, 0, -1, -1, -1, 4, 2, -1], [-1, -1, -1, -1, 1, 0, -1, -1, -1, 4, 2, -1], [-1, -1, 0, 1, -1, 0, -1, -1, -1, -1, -1, 0], [-1, -1, -1, 1, -1, -1, -1, -1, -1, 4, -1, -1], [-1, -1, -1, -1, -1, 0, 1, -1, -1, -1, -1, -1], [0, -1, 0, 1, -1, -1, -1, -1, -1, -1, -1, 0], [0, 1, 0, -1, 1, 0, -1, -1, -1, 4, -1, 0], [-1, 1, 0, -1, -1, -1, -1, -1, 4, 4, -1, -1], [-1, 1, 0, -1, -1, -1, -1, -1, 4, -1, -1, 0], [-1, 1, -1, 0, -1, 0, -1, -1, 4, -1, -1, -1], [-1, -1, 0, -1, 1, -1, 2, -1, -1, -1, -1, 0], [0, 1, 0, -1, -1, 0, -1, -1, 4, -1, -1, -1], [0, 1, -1, -1, -1, -1, -1, -1, 4, 4, -1, -1], [0, -1, -1, -1, -1, -1, -1, 1, -1, 4, -1, -1], [-1, 1, 0, -1, 1, -1, -1, -1, -1, -1, 2, -1], [-1, -1, 0, -1, -1, -1, 1, -1, -1, -1, -1, -1], [-1, -1, 0, -1, -1, -1, -1, 1, -1, 4, -1, -1], [0, -1, -1, -1, -1, -1, -1, 1, -1, -1, -1, 0], [-1, -1, 0, -1, -1, 0, -1, -1, 3, -1, -1, -1], [-1, -1, 0, -1, -1, 0, -1, 1, -1, -1, -1, 0], [-1, -1, -1, -1, -1, 0, -1, 1, -1, 4, -1, -1], [-1, -1, -1, -1, 1, 0, -1, 1, -1, -1, -1, -1]]
290 175 
 [[0, -1, 0, 0, -1, 0, -1, -1, -1, -1, 1, -1], [0, -1, 0, 0, -1, 0, -1, 4, -1, -1, -1, -1], [0, -1, 0, 0, 1, 0, 4, -1, -1, -1, -1, 0], [-1, 1, 0, 0, -1, -1, 4, -1, -1, -1, -1, -1], [-1, 1, 0, -1, -1, 0, 4, -1, -1, -1, -1, -1], [0, -1, 0, 0, -1, 0, -1, -1, 2, -1, -1, -1], [0, -1, 0, 0, 1, -1, -1, -1, -1, -1, 1, -1], [0, -1, 0, -1, 1, 0, -1, 4, -1, -1, -1, -1], [0, -1, 0, -1, 1, 0, -1, -1, -1, -1, 1, -1], [0, -1, 0, 0, -1, 0, -1, -1, -1, -1, -1, 1], [0, 1, 0, -1, -1, -1, 4, -1, -1, -1, -1, -1], [0, 1, -1, 0, -1, -1, 4, -1, -1, -1, -1, -1], [0, -1, 0, 0, 0, 0, -1, -1, -1, -1, -1, -1], [0, -1, 0, -1, -1, 0, -1, -1, -1, -1, 1, 0], [-1, -1, -1, 0, -1, 0, 4, 4, -1, -1, -1, -1], [0, -1, 0, 0, -1, -1, 4, 4, -1, -1, -1, -1], [0, -1, 0, -1, -1, 0, 4, 4, -1, -1, -1, -1], [0, -1, 0, -1, -1, -1, -1, 4, -1, -1, -1, 0], [0, -1, 0, 0, 0, -1, -1, -1, -1, -1, -1, 0], [-1, -1, 0, -1, -1, 0, 4, -1, -1, 4, -1, -1], [0, -1, 0, 0, 1, -1, -1, 4, -1, -1, -1, -1], [-1, -1, 0, 0, -1, -1, -1, 4, -1, -1, -1, 0], [-1, -1, 0, -1, 1, -1, 4, 4, -1, -1, -1, -1], [0, -1, 0, 0, -1, 0, 2, -1, -1, -1, -1, -1], [0, -1, 0, -1, 0, 0, -1, -1, -1, -1, -1, 0], [0, 1, 0, 0, 1, 0, -1, -1, -1, -1, -1, 0], [0, -1, -1, 0, 1, 0, -1, 4, -1, -1, -1, -1], [-1, -1, 0, -1, -1, -1, 4, 4, -1, -1, -1, 0], [0, -1, 0, -1, 1, 0, -1, -1, -1, -1, -1, 1], [0, -1, 0, 0, -1, 0, -1, 3, -1, -1, -1, -1], [0, -1, 0, 0, -1, -1, -1, -1, 2, -1, -1, 0], [0, -1, 0, 0, 1, 0, -1, -1, -1, 4, -1, 0], [0, -1, 0, -1, -1, -1, -1, -1, -1, 4, 1, -1], [0, -1, 0, -1, -1, -1, 4, -1, -1, 4, -1, -1], [-1, 0, 0, -1, -1, -1, 4, -1, -1, -1, -1, 0], [0, 0, 0, -1, 0, -1, -1, -1, -1, -1, -1, -1], [0, 0, -1, -1, -1, -1, 4, -1, -1, -1, -1, 0], [0, 0, 0, 0, -1, 0, 4, -1, -1, -1, -1, -1], [0, -1, 0, 0, 1, -1, -1, -1, 2, -1, -1, -1], [0, -1, 0, -1, -1, 0, -1, -1, 2, -1, -1, 0], [-1, -1, 0, -1, -1, 0, -1, 4, -1, -1, -1, 0], [-1, -1, -1, 0, -1, -1, -1, -1, -1, 2, -1, 0], [0, -1, 0, 0, -1, 0, -1, 2, -1, -1, -1, 0], [0, -1, 0, -1, 0, -1, -1, -1, -1, 4, -1, -1], [-1, -1, 0, -1, -1, 0, -1, -1, -1, 4, 1, -1], [0, -1, 0, -1, 1, 0, -1, -1, 2, -1, -1, -1], [-1, 0, -1, -1, 1, -1, -1, -1, 4, -1, -1, -1], [0, 0, 0, -1, -1, 0, -1, -1, 4, -1, -1, -1], [-1, 0, 0, -1, -1, -1, -1, -1, -1, -1, 0, -1], [-1, -1, 0, -1, 0, 0, -1, -1, -1, 4, -1, -1], [-1, -1, 0, -1, 0, -1, -1, -1, -1, 4, -1, 0], [0, 0, 0, 0, -1, 0, -1, -1, -1, 4, -1, 0], [0, 0, 0, -1, 1, 0, -1, -1, -1, 4, -1, -1], [-1, 0, -1, 0, 1, -1, -1, -1, -1, 4, -1, -1], [-1, 0, -1, -1, -1, 0, -1, -1, -1, -1, 0, -1], [0, -1, 0, 0, -1, -1, 3, -1, -1, -1, -1, -1], [-1, 0, -1, 0, 0, -1, -1, -1, -1, -1, -1, -1], [0, 0, 0, 0, 1, 0, -1, -1, -1, -1, -1, 0], [0, -1, 0, -1, -1, 0, -1, 2, -1, 4, -1, -1], [0, -1, 0, -1, -1, -1, -1, 2, -1, 4, -1, 0], [-1, -1, -1, 0, -1, -1, -1, 2, -1, 4, -1, -1], [0, 0, 0, -1, -1, 0, -1, -1, -1, -1, 2, -1], [-1, -1, 0, 0, 1, 0, -1, -1, -1, -1, -1, 1], [-1, -1, -1, 0, 1, 0, -1, -1, 2, -1, -1, -1], [0, -1, 0, 0, 1, 0, -1, -1, -1, 2, -1, -1], [0, -1, 0, 0, -1, 0, -1, -1, -1, -1, 2, 0], [0, -1, 0, 0, -1, 0, -1, -1, -1, -1, 0, 0], [-1, -1, 0, 0, -1, 0, 3, -1, -1, -1, -1, -1], [0, -1, -1, -1, -1, 0, -1, -1, -1, 4, 1, -1], [-1, -1, 0, -1, -1, 0, -1, 2, -1, 4, -1, 0], [0, -1, 0, 0, 1, 0, -1, -1, -1, -1, 0, -1], [0, -1, 0, -1, 1, 0, -1, 3, -1, -1, -1, -1], [-1, -1, 0, 0, -1, -1, -1, 3, -1, -1, -1, 0], [0, -1, 0, 0, 1, -1, -1, 3, -1, -1, -1, -1], [0, -1, 0, -1, -1, -1, 3, -1, -1, -1, -1, 0], [-1, 1, -1, -1, 0, -1, -1, -1, -1, -1, -1, -1], [-1, 1, -1, -1, -1, -1, -1, -1, 2, -1, -1, -1], [0, -1, 0, 0, 1, 0, -1, -1, -1, -1, 2, -1], [0, 1, 0, -1, -1, 0, -1, -1, -1, -1, 1, -1], [0, -1, 0, 0, 1, -1, -1, 2, -1, -1, -1, -1], [0, -1, 0, -1, 1, 0, 2, -1, -1, -1, -1, -1], [0, -1, 0, -1, -1, 0, 2, -1, -1, -1, -1, 0], [-1, 0, -1, 0, -1, -1, -1, -1, -1, -1, 2, -1], [-1, -1, 0, 0, 1, 0, -1, 3, -1, -1, -1, -1], [-1, -1, 0, 0, 1, -1, -1, -1, 4, -1, -1, 0], [0, -1, 0, -1, -1, 0, -1, -1, -1, 2, -1, 0], [0, -1, -1, 0, 1, 0, -1, 3, -1, -1, -1, -1], [0, -1, -1, 0, -1, -1, -1, 3, -1, -1, -1, 0], [-1, 0, 0, -1, -1, -1, -1, 2, -1, -1, -1, -1], [0, 1, 0, -1, -1, -1, -1, 2, -1, -1, -1, -1], [0, -1, 0, -1, 1, 0, -1, 2, -1, -1, -1, 0], [-1, 1, 0, -1, -1, 0, -1, 2, -1, -1, -1, -1], [0, 0, -1, -1, -1, -1, -1, 2, -1, -1, -1, -1], [0, -1, 0, -1, 1, 0, -1, -1, -1, -1, 2, 0], [-1, 1, 0, -1, -1, 0, -1, -1, -1, 2, -1, -1], [0, -1, 0, 0, -1, -1, -1, -1, -1, 4, 0, -1], [0, -1, 0, 0, 1, -1, 2, -1, -1, -1, -1, -1], [0, -1, 0, 0, -1, 0, -1, -1, 4, 4, -1, 0], [0, -1, 0, -1, -1, 0, 2, -1, -1, 4, -1, -1], [0, -1, -1, 0, 1, 0, -1, 2, -1, -1, -1, -1], [0, -1, 0, -1, -1, -1, -1, -1, 0, -1, -1, -1], [0, -1, -1, -1, -1, -1, 4, -1, 0, -1, -1, -1], [-1, -1, 0, -1, -1, 0, 4, -1, 0, -1, -1, -1], [0, -1, 0, -1, -1, 0, -1, 3, -1, -1, -1, 0], [0, -1, -1, 0, 1, -1, 3, -1, -1, -1, -1, -1], [0, -1, -1, 0, -1, 0, 3, -1, -1, -1, -1, -1], [0, -1, -1, -1, -1, 0, -1, -1, -1, 4, 0, -1], [-1, -1, 0, -1, -1, 0, -1, -1, -1, 4, 0, -1], [-1, -1, -1, 0, -1, -1, 3, -1, -1, -1, -1, 0], [-1, -1, -1, 0, 0, -1, -1, -1, -1, 4, -1, -1], [-1, 0, -1, -1, -1, 0, -1, -1, -1, 2, -1, -1], [0, 1, 0, 0, -1, -1, -1, -1, -1, -1, 2, -1], [0, 1, 0, -1, -1, 0, -1, -1, -1, -1, 2, -1], [-1, 1, -1, 0, -1, 0, -1, -1, -1, -1, 2, -1], [-1, -1, 0, -1, -1, -1, -1, -1, 0, -1, -1, 0], [0, 1, 0, -1, -1, -1, 2, -1, -1, -1, -1, -1], [0, 1, -1, -1, -1, 0, 2, -1, -1, -1, -1, -1], [0, -1, 0, 0, 1, 0, -1, -1, 4, 4, -1, -1], [0, -1, 0, -1, 1, 0, -1, -1, 4, -1, -1, 0], [-1, -1, 0, -1, -1, -1, 2, 2, -1, -1, -1, -1], [-1, -1, -1, 0, 1, 0, 2, -1, -1, -1, -1, -1], [0, 1, 0, 0, -1, -1, -1, -1, 4, -1, -1, -1], [0, -1, 0, -1, -1, -1, 3, -1, -1, 4, -1, -1], [0, 1, 0, 0, -1, 0, -1, -1, -1, 4, -1, 0], [-1, -1, 0, -1, -1, 0, 3, -1, -1, -1, -1, 0], [-1, -1, 0, -1, -1, 0, -1, 3, -1, 4, -1, -1], [0, -1, 0, 0, -1, -1, -1, -1, -1, 4, 2, -1], [-1, -1, 0, 0, 1, -1, -1, -1, -1, -1, 2, 0], [-1, -1, 0, -1, 1, 0, -1, -1, 4, 4, -1, 0], [-1, -1, 0, -1, 1, -1, -1, -1, -1, -1, 0, 0], [-1, -1, -1, -1, 1, 0, -1, -1, -1, -1, 0, 0], [-1, 0, 0, -1, -1, 0, -1, -1, -1, -1, 2, 0], [0, -1, 0, -1, -1, 0, -1, 1, -1, -1, -1, -1], [0, -1, -1, 0, -1, -1, -1, 1, -1, -1, -1, -1], [-1, -1, -1, 0, -1, 0, -1, 1, -1, -1, -1, -1], [-1, 1, -1, -1, -1, -1, -1, -1, -1, -1, 0, -1], [0, 1, 0, 0, 1, 0, -1, -1, -1, 4, -1, -1], [0, -1, 0, -1, -1, 0, -1, -1, -1, 4, 2, 0], [-1, 1, 0, -1, 1, -1, -1, -1, 4, -1, -1, -1], [-1, 1, 0, -1, -1, 0, 2, -1, -1, -1, -1, -1], [-1, -1, 0, 0, -1, 0, -1, -1, -1, 4, 2, -1], [-1, -1, 0, 0, -1, -1, -1, 1, -1, -1, -1, -1], [-1, -1, 0, 0, -1, -1, -1, -1, -1, 4, 2, 0], [-1, -1, 0, -1, 1, -1, -1, -1, -1, 4, 2, -1], [0, -1, 0, -1, 1, 0, 3, -1, -1, -1, -1, -1], [0, -1, 0, -1, -1, -1, -1, 3, -1, 4, -1, -1], [0, -1, 0, 1, -1, 0, -1, -1, -1, -1, -1, -1], [-1, 1, -1, -1, -1, -1, -1, 3, -1, -1, -1, -1], [0, -1, -1, -1, 1, -1, -1, -1, -1, 4, 2, -1], [-1, 1, 0, -1, -1, -1, -1, -1, -1, -1, 2, 0], [-1, -1, 0, 1, 1, 0, -1, -1, -1, -1, -1, -1], [0, -1, -1, 0, -1, 0, -1, -1, -1, 4, 2, -1], [-1, -1, -1, -1, 1, 0, -1, -1, -1, 4, 2, -1], [-1, -1, 0, 1, -1, 0, -1, -1, -1, -1, -1, 0], [-1, -1, -1, 1, -1, -1, -1, -1, -1, 4, -1, -1], [-1, -1, -1, -1, -1, 0, 1, -1, -1, -1, -1, -1], [0, -1, 0, 1, -1, -1, -1, -1, -1, -1, -1, 0], [0, 1, 0, -1, 1, 0, -1, -1, -1, 4, -1, 0], [-1, 1, 0, -1, -1, -1, -1, -1, 4, 4, -1, -1], [-1, 1, 0, -1, -1, -1, -1, -1, 4, -1, -1, 0], [-1, 1, -1, 0, -1, 0, -1, -1, 4, -1, -1, -1], [-1, -1, 0, -1, 1, -1, 2, -1, -1, -1, -1, 0], [0, 1, 0, -1, -1, 0, -1, -1, 4, -1, -1, -1], [0, 1, -1, -1, -1, -1, -1, -1, 4, 4, -1, -1], [0, -1, -1, -1, -1, -1, -1, 1, -1, 4, -1, -1], [-1, 1, 0, -1, 1, -1, -1, -1, -1, -1, 2, -1], [-1, -1, 0, -1, -1, -1, 1, -1, -1, -1, -1, -1], [-1, -1, 0, -1, -1, -1, -1, 1, -1, 4, -1, -1], [0, -1, -1, -1, -1, -1, -1, 1, -1, -1, -1, 0], [-1, -1, 0, -1, -1, 0, -1, -1, 3, -1, -1, -1], [-1, -1, 0, -1, -1, 0, -1, 1, -1, -1, -1, 0], [-1, -1, -1, -1, -1, 0, -1, 1, -1, 4, -1, -1], [-1, -1, -1, -1, 1, 0, -1, 1, -1, -1, -1, -1], [-1, 1, -1, -1, -1, -1, 3, -1, -1, -1, -1, -1], [-1, -1, -1, 1, 1, -1, -1, -1, -1, -1, -1, 0]]
340 175 
 [[0, -1, 0, 0, -1, 0, -1, -1, -1, -1, 1, -1], [0, -1, 0, 0, -1, 0, -1, 4, -1, -1, -1, -1], [0, -1, 0, 0, 1, 0, 4, -1, -1, -1, -1, 0], [-1, 1, 0, 0, -1, -1, 4, -1, -1, -1, -1, -1], [-1, 1, 0, -1, -1, 0, 4, -1, -1, -1, -1, -1], [0, -1, 0, 0, -1, 0, -1, -1, 2, -1, -1, -1], [0, -1, 0, 0, 1, -1, -1, -1, -1, -1, 1, -1], [0, -1, 0, -1, 1, 0, -1, 4, -1, -1, -1, -1], [0, -1, 0, -1, 1, 0, -1, -1, -1, -1, 1, -1], [0, -1, 0, 0, -1, 0, -1, -1, -1, -1, -1, 1], [0, 1, 0, -1, -1, -1, 4, -1, -1, -1, -1, -1], [0, 1, -1, 0, -1, -1, 4, -1, -1, -1, -1, -1], [0, -1, 0, 0, 0, 0, -1, -1, -1, -1, -1, -1], [0, -1, 0, -1, -1, 0, -1, -1, -1, -1, 1, 0], [-1, -1, -1, 0, -1, 0, 4, 4, -1, -1, -1, -1], [0, -1, 0, 0, -1, -1, 4, 4, -1, -1, -1, -1], [0, -1, 0, -1, -1, 0, 4, 4, -1, -1, -1, -1], [0, -1, 0, -1, -1, -1, -1, 4, -1, -1, -1, 0], [0, -1, 0, 0, 0, -1, -1, -1, -1, -1, -1, 0], [-1, -1, 0, -1, -1, 0, 4, -1, -1, 4, -1, -1], [0, -1, 0, 0, 1, -1, -1, 4, -1, -1, -1, -1], [-1, -1, 0, 0, -1, -1, -1, 4, -1, -1, -1, 0], [-1, -1, 0, -1, 1, -1, 4, 4, -1, -1, -1, -1], [0, -1, 0, 0, -1, 0, 2, -1, -1, -1, -1, -1], [0, -1, 0, -1, 0, 0, -1, -1, -1, -1, -1, 0], [0, 1, 0, 0, 1, 0, -1, -1, -1, -1, -1, 0], [0, -1, -1, 0, 1, 0, -1, 4, -1, -1, -1, -1], [-1, -1, 0, -1, -1, -1, 4, 4, -1, -1, -1, 0], [0, -1, 0, -1, 1, 0, -1, -1, -1, -1, -1, 1], [0, -1, 0, 0, -1, 0, -1, 3, -1, -1, -1, -1], [0, -1, 0, 0, -1, -1, -1, -1, 2, -1, -1, 0], [0, -1, 0, 0, 1, 0, -1, -1, -1, 4, -1, 0], [0, -1, 0, -1, -1, -1, -1, -1, -1, 4, 1, -1], [0, -1, 0, -1, -1, -1, 4, -1, -1, 4, -1, -1], [-1, 0, 0, -1, -1, -1, 4, -1, -1, -1, -1, 0], [0, 0, 0, -1, 0, -1, -1, -1, -1, -1, -1, -1], [0, 0, -1, -1, -1, -1, 4, -1, -1, -1, -1, 0], [0, 0, 0, 0, -1, 0, 4, -1, -1, -1, -1, -1], [0, -1, 0, 0, 1, -1, -1, -1, 2, -1, -1, -1], [0, -1, 0, -1, -1, 0, -1, -1, 2, -1, -1, 0], [-1, -1, 0, -1, -1, 0, -1, 4, -1, -1, -1, 0], [-1, -1, -1, 0, -1, -1, -1, -1, -1, 2, -1, 0], [0, -1, 0, 0, -1, 0, -1, 2, -1, -1, -1, 0], [0, -1, 0, -1, 0, -1, -1, -1, -1, 4, -1, -1], [-1, -1, 0, -1, -1, 0, -1, -1, -1, 4, 1, -1], [0, -1, 0, -1, 1, 0, -1, -1, 2, -1, -1, -1], [-1, 0, -1, -1, 1, -1, -1, -1, 4, -1, -1, -1], [0, 0, 0, -1, -1, 0, -1, -1, 4, -1, -1, -1], [-1, 0, 0, -1, -1, -1, -1, -1, -1, -1, 0, -1], [-1, -1, 0, -1, 0, 0, -1, -1, -1, 4, -1, -1], [-1, -1, 0, -1, 0, -1, -1, -1, -1, 4, -1, 0], [0, 0, 0, 0, -1, 0, -1, -1, -1, 4, -1, 0], [0, 0, 0, -1, 1, 0, -1, -1, -1, 4, -1, -1], [-1, 0, -1, 0, 1, -1, -1, -1, -1, 4, -1, -1], [-1, 0, -1, -1, -1, 0, -1, -1, -1, -1, 0, -1], [0, -1, 0, 0, -1, -1, 3, -1, -1, -1, -1, -1], [-1, 0, -1, 0, 0, -1, -1, -1, -1, -1, -1, -1], [0, 0, 0, 0, 1, 0, -1, -1, -1, -1, -1, 0], [0, -1, 0, -1, -1, 0, -1, 2, -1, 4, -1, -1], [0, -1, 0, -1, -1, -1, -1, 2, -1, 4, -1, 0], [-1, -1, -1, 0, -1, -1, -1, 2, -1, 4, -1, -1], [0, 0, 0, -1, -1, 0, -1, -1, -1, -1, 2, -1], [-1, -1, 0, 0, 1, 0, -1, -1, -1, -1, -1, 1], [-1, -1, -1, 0, 1, 0, -1, -1, 2, -1, -1, -1], [0, -1, 0, 0, 1, 0, -1, -1, -1, 2, -1, -1], [0, -1, 0, 0, -1, 0, -1, -1, -1, -1, 2, 0], [0, -1, 0, 0, -1, 0, -1, -1, -1, -1, 0, 0], [-1, -1, 0, 0, -1, 0, 3, -1, -1, -1, -1, -1], [0, -1, -1, -1, -1, 0, -1, -1, -1, 4, 1, -1], [-1, -1, 0, -1, -1, 0, -1, 2, -1, 4, -1, 0], [0, -1, 0, 0, 1, 0, -1, -1, -1, -1, 0, -1], [0, -1, 0, -1, 1, 0, -1, 3, -1, -1, -1, -1], [-1, -1, 0, 0, -1, -1, -1, 3, -1, -1, -1, 0], [0, -1, 0, 0, 1, -1, -1, 3, -1, -1, -1, -1], [0, -1, 0, -1, -1, -1, 3, -1, -1, -1, -1, 0], [-1, 1, -1, -1, 0, -1, -1, -1, -1, -1, -1, -1], [-1, 1, -1, -1, -1, -1, -1, -1, 2, -1, -1, -1], [0, -1, 0, 0, 1, 0, -1, -1, -1, -1, 2, -1], [0, 1, 0, -1, -1, 0, -1, -1, -1, -1, 1, -1], [0, -1, 0, 0, 1, -1, -1, 2, -1, -1, -1, -1], [0, -1, 0, -1, 1, 0, 2, -1, -1, -1, -1, -1], [0, -1, 0, -1, -1, 0, 2, -1, -1, -1, -1, 0], [-1, 0, -1, 0, -1, -1, -1, -1, -1, -1, 2, -1], [-1, -1, 0, 0, 1, 0, -1, 3, -1, -1, -1, -1], [-1, -1, 0, 0, 1, -1, -1, -1, 4, -1, -1, 0], [0, -1, 0, -1, -1, 0, -1, -1, -1, 2, -1, 0], [0, -1, -1, 0, 1, 0, -1, 3, -1, -1, -1, -1], [0, -1, -1, 0, -1, -1, -1, 3, -1, -1, -1, 0], [-1, 0, 0, -1, -1, -1, -1, 2, -1, -1, -1, -1], [0, 1, 0, -1, -1, -1, -1, 2, -1, -1, -1, -1], [0, -1, 0, -1, 1, 0, -1, 2, -1, -1, -1, 0], [-1, 1, 0, -1, -1, 0, -1, 2, -1, -1, -1, -1], [0, 0, -1, -1, -1, -1, -1, 2, -1, -1, -1, -1], [0, -1, 0, -1, 1, 0, -1, -1, -1, -1, 2, 0], [-1, 1, 0, -1, -1, 0, -1, -1, -1, 2, -1, -1], [0, -1, 0, 0, -1, -1, -1, -1, -1, 4, 0, -1], [0, -1, 0, 0, 1, -1, 2, -1, -1, -1, -1, -1], [0, -1, 0, 0, -1, 0, -1, -1, 4, 4, -1, 0], [0, -1, 0, -1, -1, 0, 2, -1, -1, 4, -1, -1], [0, -1, -1, 0, 1, 0, -1, 2, -1, -1, -1, -1], [0, -1, 0, -1, -1, -1, -1, -1, 0, -1, -1, -1], [0, -1, -1, -1, -1, -1, 4, -1, 0, -1, -1, -1], [-1, -1, 0, -1, -1, 0, 4, -1, 0, -1, -1, -1], [0, -1, 0, -1, -1, 0, -1, 3, -1, -1, -1, 0], [0, -1, -1, 0, 1, -1, 3, -1, -1, -1, -1, -1], [0, -1, -1, 0, -1, 0, 3, -1, -1, -1, -1, -1], [0, -1, -1, -1, -1, 0, -1, -1, -1, 4, 0, -1], [-1, -1, 0, -1, -1, 0, -1, -1, -1, 4, 0, -1], [-1, -1, -1, 0, -1, -1, 3, -1, -1, -1, -1, 0], [-1, -1, -1, 0, 0, -1, -1, -1, -1, 4, -1, -1], [-1, 0, -1, -1, -1, 0, -1, -1, -1, 2, -1, -1], [0, 1, 0, 0, -1, -1, -1, -1, -1, -1, 2, -1], [0, 1, 0, -1, -1, 0, -1, -1, -1, -1, 2, -1], [-1, 1, -1, 0, -1, 0, -1, -1, -1, -1, 2, -1], [-1, -1, 0, -1, -1, -1, -1, -1, 0, -1, -1, 0], [0, 1, 0, -1, -1, -1, 2, -1, -1, -1, -1, -1], [0, 1, -1, -1, -1, 0, 2, -1, -1, -1, -1, -1], [0, -1, 0, 0, 1, 0, -1, -1, 4, 4, -1, -1], [0, -1, 0, -1, 1, 0, -1, -1, 4, -1, -1, 0], [-1, -1, 0, -1, -1, -1, 2, 2, -1, -1, -1, -1], [-1, -1, -1, 0, 1, 0, 2, -1, -1, -1, -1, -1], [0, 1, 0, 0, -1, -1, -1, -1, 4, -1, -1, -1], [0, -1, 0, -1, -1, -1, 3, -1, -1, 4, -1, -1], [0, 1, 0, 0, -1, 0, -1, -1, -1, 4, -1, 0], [-1, -1, 0, -1, -1, 0, 3, -1, -1, -1, -1, 0], [-1, -1, 0, -1, -1, 0, -1, 3, -1, 4, -1, -1], [0, -1, 0, 0, -1, -1, -1, -1, -1, 4, 2, -1], [-1, -1, 0, 0, 1, -1, -1, -1, -1, -1, 2, 0], [-1, -1, 0, -1, 1, 0, -1, -1, 4, 4, -1, 0], [-1, -1, 0, -1, 1, -1, -1, -1, -1, -1, 0, 0], [-1, -1, -1, -1, 1, 0, -1, -1, -1, -1, 0, 0], [-1, 0, 0, -1, -1, 0, -1, -1, -1, -1, 2, 0], [0, -1, 0, -1, -1, 0, -1, 1, -1, -1, -1, -1], [0, -1, -1, 0, -1, -1, -1, 1, -1, -1, -1, -1], [-1, -1, -1, 0, -1, 0, -1, 1, -1, -1, -1, -1], [-1, 1, -1, -1, -1, -1, -1, -1, -1, -1, 0, -1], [0, 1, 0, 0, 1, 0, -1, -1, -1, 4, -1, -1], [0, -1, 0, -1, -1, 0, -1, -1, -1, 4, 2, 0], [-1, 1, 0, -1, 1, -1, -1, -1, 4, -1, -1, -1], [-1, 1, 0, -1, -1, 0, 2, -1, -1, -1, -1, -1], [-1, -1, 0, 0, -1, 0, -1, -1, -1, 4, 2, -1], [-1, -1, 0, 0, -1, -1, -1, 1, -1, -1, -1, -1], [-1, -1, 0, 0, -1, -1, -1, -1, -1, 4, 2, 0], [-1, -1, 0, -1, 1, -1, -1, -1, -1, 4, 2, -1], [0, -1, 0, -1, 1, 0, 3, -1, -1, -1, -1, -1], [0, -1, 0, -1, -1, -1, -1, 3, -1, 4, -1, -1], [0, -1, 0, 1, -1, 0, -1, -1, -1, -1, -1, -1], [-1, 1, -1, -1, -1, -1, -1, 3, -1, -1, -1, -1], [0, -1, -1, -1, 1, -1, -1, -1, -1, 4, 2, -1], [-1, 1, 0, -1, -1, -1, -1, -1, -1, -1, 2, 0], [-1, -1, 0, 1, 1, 0, -1, -1, -1, -1, -1, -1], [0, -1, -1, 0, -1, 0, -1, -1, -1, 4, 2, -1], [-1, -1, -1, -1, 1, 0, -1, -1, -1, 4, 2, -1], [-1, -1, 0, 1, -1, 0, -1, -1, -1, -1, -1, 0], [-1, -1, -1, 1, -1, -1, -1, -1, -1, 4, -1, -1], [-1, -1, -1, -1, -1, 0, 1, -1, -1, -1, -1, -1], [0, -1, 0, 1, -1, -1, -1, -1, -1, -1, -1, 0], [0, 1, 0, -1, 1, 0, -1, -1, -1, 4, -1, 0], [-1, 1, 0, -1, -1, -1, -1, -1, 4, 4, -1, -1], [-1, 1, 0, -1, -1, -1, -1, -1, 4, -1, -1, 0], [-1, 1, -1, 0, -1, 0, -1, -1, 4, -1, -1, -1], [-1, -1, 0, -1, 1, -1, 2, -1, -1, -1, -1, 0], [0, 1, 0, -1, -1, 0, -1, -1, 4, -1, -1, -1], [0, 1, -1, -1, -1, -1, -1, -1, 4, 4, -1, -1], [0, -1, -1, -1, -1, -1, -1, 1, -1, 4, -1, -1], [-1, 1, 0, -1, 1, -1, -1, -1, -1, -1, 2, -1], [-1, -1, 0, -1, -1, -1, 1, -1, -1, -1, -1, -1], [-1, -1, 0, -1, -1, -1, -1, 1, -1, 4, -1, -1], [0, -1, -1, -1, -1, -1, -1, 1, -1, -1, -1, 0], [-1, -1, 0, -1, -1, 0, -1, -1, 3, -1, -1, -1], [-1, -1, 0, -1, -1, 0, -1, 1, -1, -1, -1, 0], [-1, -1, -1, -1, -1, 0, -1, 1, -1, 4, -1, -1], [-1, -1, -1, -1, 1, 0, -1, 1, -1, -1, -1, -1], [-1, 1, -1, -1, -1, -1, 3, -1, -1, -1, -1, -1], [-1, -1, -1, 1, 1, -1, -1, -1, -1, -1, -1, 0]]
