execution time
40 3.0459988117218018 42.17036008834839
90 7.885746955871582 115.8458890914917
140 18.406800031661987 308.32333278656006
190 27.488335132598877 416.3912971019745
240 32.79956316947937 505.0066018104553
290 32.84994697570801 600.00364112854
340 56.56577110290527 600.0047721862793


number of patterns visited
40 20431 248662
90 50824 809758
140 77846 1536037
190 104367 2373907
240 131242 3282764
290 154633 3824659
340 179442 3374790


number of patterns found, lowerbound
40 32 
 [[0, -1, -1, -1, 0, -1, -1, -1, -1, -1, -1], [0, -1, -1, -1, -1, -1, -1, -1, -1, 4, -1], [-1, 0, -1, -1, 0, -1, -1, -1, -1, -1, -1], [-1, 0, -1, -1, 1, -1, -1, -1, -1, -1, -1], [-1, 0, -1, -1, -1, 0, -1, -1, -1, -1, -1], [-1, 0, -1, -1, -1, -1, -1, -1, -1, 4, -1], [-1, 1, -1, -1, -1, -1, -1, -1, -1, -1, -1], [-1, -1, -1, 0, 0, -1, -1, -1, -1, -1, -1], [-1, -1, -1, 0, -1, -1, -1, -1, -1, 4, -1], [-1, -1, -1, 1, -1, -1, -1, -1, -1, -1, -1], [-1, -1, -1, -1, 0, 0, -1, -1, -1, -1, -1], [-1, -1, -1, -1, 0, -1, -1, -1, -1, 4, -1], [-1, -1, -1, -1, 1, 0, -1, -1, -1, -1, -1], [-1, -1, -1, -1, 1, -1, 4, -1, -1, -1, -1], [-1, -1, -1, -1, 1, -1, -1, -1, -1, 4, -1], [-1, -1, -1, -1, -1, 0, -1, -1, -1, 4, -1], [-1, -1, -1, -1, -1, -1, 1, -1, -1, -1, -1], [-1, -1, -1, -1, -1, -1, 2, -1, -1, -1, -1], [-1, -1, -1, -1, -1, -1, 3, -1, -1, -1, -1], [-1, -1, -1, -1, -1, -1, 4, -1, -1, 4, -1], [-1, -1, -1, -1, -1, -1, -1, 1, -1, -1, -1], [-1, -1, -1, -1, -1, -1, -1, 2, -1, -1, -1], [-1, -1, -1, -1, -1, -1, -1, 3, -1, -1, -1], [-1, -1, -1, -1, -1, -1, -1, 4, -1, -1, -1], [-1, -1, -1, -1, -1, -1, -1, -1, 0, -1, -1], [-1, -1, -1, -1, -1, -1, -1, -1, 2, -1, -1], [-1, -1, -1, -1, -1, -1, -1, -1, 3, -1, -1], [-1, -1, -1, -1, -1, -1, -1, -1, 4, -1, -1], [-1, -1, -1, -1, -1, -1, -1, -1, -1, 2, -1], [-1, -1, -1, -1, -1, -1, -1, -1, -1, -1, 0], [-1, -1, -1, -1, -1, -1, -1, -1, -1, -1, 1], [-1, -1, -1, -1, -1, -1, -1, -1, -1, -1, 2]]
90 32 
 [[0, -1, -1, -1, 0, -1, -1, -1, -1, -1, -1], [0, -1, -1, -1, -1, -1, -1, -1, -1, 4, -1], [-1, 0, -1, -1, 0, -1, -1, -1, -1, -1, -1], [-1, 0, -1, -1, 1, -1, -1, -1, -1, -1, -1], [-1, 0, -1, -1, -1, 0, -1, -1, -1, -1, -1], [-1, 0, -1, -1, -1, -1, -1, -1, -1, 4, -1], [-1, 1, -1, -1, -1, -1, -1, -1, -1, -1, -1], [-1, -1, -1, 0, 0, -1, -1, -1, -1, -1, -1], [-1, -1, -1, 0, -1, -1, -1, -1, -1, 4, -1], [-1, -1, -1, 1, -1, -1, -1, -1, -1, -1, -1], [-1, -1, -1, -1, 0, 0, -1, -1, -1, -1, -1], [-1, -1, -1, -1, 0, -1, -1, -1, -1, 4, -1], [-1, -1, -1, -1, 1, 0, -1, -1, -1, -1, -1], [-1, -1, -1, -1, 1, -1, 4, -1, -1, -1, -1], [-1, -1, -1, -1, 1, -1, -1, -1, -1, 4, -1], [-1, -1, -1, -1, -1, 0, -1, -1, -1, 4, -1], [-1, -1, -1, -1, -1, -1, 1, -1, -1, -1, -1], [-1, -1, -1, -1, -1, -1, 2, -1, -1, -1, -1], [-1, -1, -1, -1, -1, -1, 3, -1, -1, -1, -1], [-1, -1, -1, -1, -1, -1, 4, -1, -1, 4, -1], [-1, -1, -1, -1, -1, -1, -1, 1, -1, -1, -1], [-1, -1, -1, -1, -1, -1, -1, 2, -1, -1, -1], [-1, -1, -1, -1, -1, -1, -1, 3, -1, -1, -1], [-1, -1, -1, -1, -1, -1, -1, 4, -1, -1, -1], [-1, -1, -1, -1, -1, -1, -1, -1, 0, -1, -1], [-1, -1, -1, -1, -1, -1, -1, -1, 2, -1, -1], [-1, -1, -1, -1, -1, -1, -1, -1, 3, -1, -1], [-1, -1, -1, -1, -1, -1, -1, -1, 4, -1, -1], [-1, -1, -1, -1, -1, -1, -1, -1, -1, 2, -1], [-1, -1, -1, -1, -1, -1, -1, -1, -1, -1, 0], [-1, -1, -1, -1, -1, -1, -1, -1, -1, -1, 1], [-1, -1, -1, -1, -1, -1, -1, -1, -1, -1, 2]]
140 32 
 [[0, -1, -1, -1, 0, -1, -1, -1, -1, -1, -1], [0, -1, -1, -1, -1, -1, -1, -1, -1, 4, -1], [-1, 0, -1, -1, 0, -1, -1, -1, -1, -1, -1], [-1, 0, -1, -1, 1, -1, -1, -1, -1, -1, -1], [-1, 0, -1, -1, -1, 0, -1, -1, -1, -1, -1], [-1, 0, -1, -1, -1, -1, -1, -1, -1, 4, -1], [-1, 1, -1, -1, -1, -1, -1, -1, -1, -1, -1], [-1, -1, -1, 0, 0, -1, -1, -1, -1, -1, -1], [-1, -1, -1, 0, -1, -1, -1, -1, -1, 4, -1], [-1, -1, -1, 1, -1, -1, -1, -1, -1, -1, -1], [-1, -1, -1, -1, 0, 0, -1, -1, -1, -1, -1], [-1, -1, -1, -1, 0, -1, -1, -1, -1, 4, -1], [-1, -1, -1, -1, 1, 0, -1, -1, -1, -1, -1], [-1, -1, -1, -1, 1, -1, 4, -1, -1, -1, -1], [-1, -1, -1, -1, 1, -1, -1, -1, -1, 4, -1], [-1, -1, -1, -1, -1, 0, -1, -1, -1, 4, -1], [-1, -1, -1, -1, -1, -1, 1, -1, -1, -1, -1], [-1, -1, -1, -1, -1, -1, 2, -1, -1, -1, -1], [-1, -1, -1, -1, -1, -1, 3, -1, -1, -1, -1], [-1, -1, -1, -1, -1, -1, 4, -1, -1, 4, -1], [-1, -1, -1, -1, -1, -1, -1, 1, -1, -1, -1], [-1, -1, -1, -1, -1, -1, -1, 2, -1, -1, -1], [-1, -1, -1, -1, -1, -1, -1, 3, -1, -1, -1], [-1, -1, -1, -1, -1, -1, -1, 4, -1, -1, -1], [-1, -1, -1, -1, -1, -1, -1, -1, 0, -1, -1], [-1, -1, -1, -1, -1, -1, -1, -1, 2, -1, -1], [-1, -1, -1, -1, -1, -1, -1, -1, 3, -1, -1], [-1, -1, -1, -1, -1, -1, -1, -1, 4, -1, -1], [-1, -1, -1, -1, -1, -1, -1, -1, -1, 2, -1], [-1, -1, -1, -1, -1, -1, -1, -1, -1, -1, 0], [-1, -1, -1, -1, -1, -1, -1, -1, -1, -1, 1], [-1, -1, -1, -1, -1, -1, -1, -1, -1, -1, 2]]
190 32 
 [[0, -1, -1, -1, 0, -1, -1, -1, -1, -1, -1], [0, -1, -1, -1, -1, -1, -1, -1, -1, 4, -1], [-1, 0, -1, -1, 0, -1, -1, -1, -1, -1, -1], [-1, 0, -1, -1, 1, -1, -1, -1, -1, -1, -1], [-1, 0, -1, -1, -1, 0, -1, -1, -1, -1, -1], [-1, 0, -1, -1, -1, -1, -1, -1, -1, 4, -1], [-1, 1, -1, -1, -1, -1, -1, -1, -1, -1, -1], [-1, -1, -1, 0, 0, -1, -1, -1, -1, -1, -1], [-1, -1, -1, 0, -1, -1, -1, -1, -1, 4, -1], [-1, -1, -1, 1, -1, -1, -1, -1, -1, -1, -1], [-1, -1, -1, -1, 0, 0, -1, -1, -1, -1, -1], [-1, -1, -1, -1, 0, -1, -1, -1, -1, 4, -1], [-1, -1, -1, -1, 1, 0, -1, -1, -1, -1, -1], [-1, -1, -1, -1, 1, -1, 4, -1, -1, -1, -1], [-1, -1, -1, -1, 1, -1, -1, -1, -1, 4, -1], [-1, -1, -1, -1, -1, 0, -1, -1, -1, 4, -1], [-1, -1, -1, -1, -1, -1, 1, -1, -1, -1, -1], [-1, -1, -1, -1, -1, -1, 2, -1, -1, -1, -1], [-1, -1, -1, -1, -1, -1, 3, -1, -1, -1, -1], [-1, -1, -1, -1, -1, -1, 4, -1, -1, 4, -1], [-1, -1, -1, -1, -1, -1, -1, 1, -1, -1, -1], [-1, -1, -1, -1, -1, -1, -1, 2, -1, -1, -1], [-1, -1, -1, -1, -1, -1, -1, 3, -1, -1, -1], [-1, -1, -1, -1, -1, -1, -1, 4, -1, -1, -1], [-1, -1, -1, -1, -1, -1, -1, -1, 0, -1, -1], [-1, -1, -1, -1, -1, -1, -1, -1, 2, -1, -1], [-1, -1, -1, -1, -1, -1, -1, -1, 3, -1, -1], [-1, -1, -1, -1, -1, -1, -1, -1, 4, -1, -1], [-1, -1, -1, -1, -1, -1, -1, -1, -1, 2, -1], [-1, -1, -1, -1, -1, -1, -1, -1, -1, -1, 0], [-1, -1, -1, -1, -1, -1, -1, -1, -1, -1, 1], [-1, -1, -1, -1, -1, -1, -1, -1, -1, -1, 2]]
240 32 
 [[0, -1, -1, -1, 0, -1, -1, -1, -1, -1, -1], [0, -1, -1, -1, -1, -1, -1, -1, -1, 4, -1], [-1, 0, -1, -1, 0, -1, -1, -1, -1, -1, -1], [-1, 0, -1, -1, 1, -1, -1, -1, -1, -1, -1], [-1, 0, -1, -1, -1, 0, -1, -1, -1, -1, -1], [-1, 0, -1, -1, -1, -1, -1, -1, -1, 4, -1], [-1, 1, -1, -1, -1, -1, -1, -1, -1, -1, -1], [-1, -1, -1, 0, 0, -1, -1, -1, -1, -1, -1], [-1, -1, -1, 0, -1, -1, -1, -1, -1, 4, -1], [-1, -1, -1, 1, -1, -1, -1, -1, -1, -1, -1], [-1, -1, -1, -1, 0, 0, -1, -1, -1, -1, -1], [-1, -1, -1, -1, 0, -1, -1, -1, -1, 4, -1], [-1, -1, -1, -1, 1, 0, -1, -1, -1, -1, -1], [-1, -1, -1, -1, 1, -1, 4, -1, -1, -1, -1], [-1, -1, -1, -1, 1, -1, -1, -1, -1, 4, -1], [-1, -1, -1, -1, -1, 0, -1, -1, -1, 4, -1], [-1, -1, -1, -1, -1, -1, 1, -1, -1, -1, -1], [-1, -1, -1, -1, -1, -1, 2, -1, -1, -1, -1], [-1, -1, -1, -1, -1, -1, 3, -1, -1, -1, -1], [-1, -1, -1, -1, -1, -1, 4, -1, -1, 4, -1], [-1, -1, -1, -1, -1, -1, -1, 1, -1, -1, -1], [-1, -1, -1, -1, -1, -1, -1, 2, -1, -1, -1], [-1, -1, -1, -1, -1, -1, -1, 3, -1, -1, -1], [-1, -1, -1, -1, -1, -1, -1, 4, -1, -1, -1], [-1, -1, -1, -1, -1, -1, -1, -1, 0, -1, -1], [-1, -1, -1, -1, -1, -1, -1, -1, 2, -1, -1], [-1, -1, -1, -1, -1, -1, -1, -1, 3, -1, -1], [-1, -1, -1, -1, -1, -1, -1, -1, 4, -1, -1], [-1, -1, -1, -1, -1, -1, -1, -1, -1, 2, -1], [-1, -1, -1, -1, -1, -1, -1, -1, -1, -1, 0], [-1, -1, -1, -1, -1, -1, -1, -1, -1, -1, 1], [-1, -1, -1, -1, -1, -1, -1, -1, -1, -1, 2]]
290 32 
 [[0, -1, -1, -1, 0, -1, -1, -1, -1, -1, -1], [0, -1, -1, -1, -1, -1, -1, -1, -1, 4, -1], [-1, 0, -1, -1, 0, -1, -1, -1, -1, -1, -1], [-1, 0, -1, -1, 1, -1, -1, -1, -1, -1, -1], [-1, 0, -1, -1, -1, 0, -1, -1, -1, -1, -1], [-1, 0, -1, -1, -1, -1, -1, -1, -1, 4, -1], [-1, 1, -1, -1, -1, -1, -1, -1, -1, -1, -1], [-1, -1, -1, 0, 0, -1, -1, -1, -1, -1, -1], [-1, -1, -1, 0, -1, -1, -1, -1, -1, 4, -1], [-1, -1, -1, 1, -1, -1, -1, -1, -1, -1, -1], [-1, -1, -1, -1, 0, 0, -1, -1, -1, -1, -1], [-1, -1, -1, -1, 0, -1, -1, -1, -1, 4, -1], [-1, -1, -1, -1, 1, 0, -1, -1, -1, -1, -1], [-1, -1, -1, -1, 1, -1, 4, -1, -1, -1, -1], [-1, -1, -1, -1, 1, -1, -1, -1, -1, 4, -1], [-1, -1, -1, -1, -1, 0, -1, -1, -1, 4, -1], [-1, -1, -1, -1, -1, -1, 1, -1, -1, -1, -1], [-1, -1, -1, -1, -1, -1, 2, -1, -1, -1, -1], [-1, -1, -1, -1, -1, -1, 3, -1, -1, -1, -1], [-1, -1, -1, -1, -1, -1, 4, -1, -1, 4, -1], [-1, -1, -1, -1, -1, -1, -1, 1, -1, -1, -1], [-1, -1, -1, -1, -1, -1, -1, 2, -1, -1, -1], [-1, -1, -1, -1, -1, -1, -1, 3, -1, -1, -1], [-1, -1, -1, -1, -1, -1, -1, 4, -1, -1, -1], [-1, -1, -1, -1, -1, -1, -1, -1, 0, -1, -1], [-1, -1, -1, -1, -1, -1, -1, -1, 2, -1, -1], [-1, -1, -1, -1, -1, -1, -1, -1, 3, -1, -1], [-1, -1, -1, -1, -1, -1, -1, -1, 4, -1, -1], [-1, -1, -1, -1, -1, -1, -1, -1, -1, 2, -1], [-1, -1, -1, -1, -1, -1, -1, -1, -1, -1, 0], [-1, -1, -1, -1, -1, -1, -1, -1, -1, -1, 1], [-1, -1, -1, -1, -1, -1, -1, -1, -1, -1, 2]]
340 32 
 [[0, -1, -1, -1, 0, -1, -1, -1, -1, -1, -1], [0, -1, -1, -1, -1, -1, -1, -1, -1, 4, -1], [-1, 0, -1, -1, 0, -1, -1, -1, -1, -1, -1], [-1, 0, -1, -1, 1, -1, -1, -1, -1, -1, -1], [-1, 0, -1, -1, -1, 0, -1, -1, -1, -1, -1], [-1, 0, -1, -1, -1, -1, -1, -1, -1, 4, -1], [-1, 1, -1, -1, -1, -1, -1, -1, -1, -1, -1], [-1, -1, -1, 0, 0, -1, -1, -1, -1, -1, -1], [-1, -1, -1, 0, -1, -1, -1, -1, -1, 4, -1], [-1, -1, -1, 1, -1, -1, -1, -1, -1, -1, -1], [-1, -1, -1, -1, 0, 0, -1, -1, -1, -1, -1], [-1, -1, -1, -1, 0, -1, -1, -1, -1, 4, -1], [-1, -1, -1, -1, 1, 0, -1, -1, -1, -1, -1], [-1, -1, -1, -1, 1, -1, 4, -1, -1, -1, -1], [-1, -1, -1, -1, 1, -1, -1, -1, -1, 4, -1], [-1, -1, -1, -1, -1, 0, -1, -1, -1, 4, -1], [-1, -1, -1, -1, -1, -1, 1, -1, -1, -1, -1], [-1, -1, -1, -1, -1, -1, 2, -1, -1, -1, -1], [-1, -1, -1, -1, -1, -1, 3, -1, -1, -1, -1], [-1, -1, -1, -1, -1, -1, 4, -1, -1, 4, -1], [-1, -1, -1, -1, -1, -1, -1, 1, -1, -1, -1], [-1, -1, -1, -1, -1, -1, -1, 2, -1, -1, -1], [-1, -1, -1, -1, -1, -1, -1, 3, -1, -1, -1], [-1, -1, -1, -1, -1, -1, -1, 4, -1, -1, -1], [-1, -1, -1, -1, -1, -1, -1, -1, 0, -1, -1], [-1, -1, -1, -1, -1, -1, -1, -1, 2, -1, -1], [-1, -1, -1, -1, -1, -1, -1, -1, 3, -1, -1], [-1, -1, -1, -1, -1, -1, -1, -1, 4, -1, -1], [-1, -1, -1, -1, -1, -1, -1, -1, -1, 2, -1], [-1, -1, -1, -1, -1, -1, -1, -1, -1, -1, 0], [-1, -1, -1, -1, -1, -1, -1, -1, -1, -1, 1], [-1, -1, -1, -1, -1, -1, -1, -1, -1, -1, 2]]


number of patterns found, upperbound
40 5 
 [[0, 0, 0, -1, -1, -1, -1, -1, -1, -1, -1], [0, -1, 0, -1, -1, -1, 4, -1, -1, -1, -1], [-1, -1, 0, -1, -1, 0, 4, -1, -1, -1, -1], [0, -1, 0, 0, 1, 0, -1, -1, -1, -1, -1], [-1, 0, -1, 0, -1, -1, -1, -1, -1, -1, -1]]
90 25 
 [[-1, -1, 0, -1, 0, -1, -1, -1, -1, -1, -1], [0, -1, 0, 0, -1, 0, -1, -1, -1, 4, -1], [0, -1, 0, 0, 1, 0, 4, -1, -1, -1, -1], [0, 0, 0, -1, -1, -1, 4, -1, -1, -1, -1], [0, -1, 0, 0, -1, -1, -1, 4, -1, -1, -1], [0, -1, 0, 0, 1, -1, -1, -1, -1, 4, -1], [0, 0, 0, 0, 1, 0, -1, -1, -1, -1, -1], [0, -1, 0, 0, -1, -1, -1, -1, 2, -1, -1], [0, 0, 0, -1, -1, -1, -1, -1, -1, 4, -1], [0, -1, 0, -1, -1, 0, -1, -1, 2, -1, -1], [0, 1, 0, 0, 1, 0, -1, -1, -1, -1, -1], [0, -1, 0, -1, 1, 0, -1, -1, -1, 4, -1], [0, -1, 0, 0, -1, 0, -1, -1, -1, -1, 1], [0, -1, 0, -1, 1, -1, -1, -1, -1, -1, 1], [0, -1, 0, -1, -1, -1, -1, 2, -1, -1, -1], [-1, -1, 0, 0, 1, 0, -1, -1, -1, 4, -1], [-1, -1, 0, -1, -1, -1, -1, -1, 4, -1, -1], [0, -1, 0, -1, -1, 0, -1, 4, -1, -1, -1], [-1, 1, -1, -1, -1, -1, 4, -1, -1, -1, -1], [-1, -1, 0, 0, -1, 0, -1, 4, -1, -1, -1], [-1, -1, 0, -1, -1, -1, 4, 4, -1, -1, -1], [0, -1, -1, -1, -1, -1, -1, -1, -1, -1, 2], [-1, -1, 0, -1, -1, 0, -1, -1, -1, -1, 2], [-1, -1, 0, -1, -1, -1, -1, -1, -1, 2, -1], [-1, -1, -1, 0, -1, -1, -1, 2, -1, -1, -1]]
140 68 
 [[0, -1, 0, 0, 1, 0, 4, -1, -1, -1, -1], [0, 0, 0, 0, 1, 0, -1, -1, -1, -1, -1], [0, 1, 0, 0, 1, 0, -1, -1, -1, -1, -1], [0, -1, 0, 0, -1, 0, -1, -1, -1, -1, 1], [0, -1, 0, 0, 1, 0, -1, -1, -1, 4, -1], [0, -1, 0, 0, -1, 0, -1, 4, -1, -1, -1], [-1, 1, 0, 0, -1, -1, 4, -1, -1, -1, -1], [-1, 1, 0, -1, -1, 0, 4, -1, -1, -1, -1], [0, 0, 0, -1, -1, 0, 4, -1, -1, -1, -1], [0, -1, 0, 0, -1, 0, -1, -1, 2, -1, -1], [0, -1, 0, 0, 1, -1, -1, -1, -1, -1, 1], [0, -1, 0, -1, 1, 0, -1, 4, -1, -1, -1], [0, -1, 0, -1, 1, 0, -1, -1, -1, -1, 1], [0, -1, 0, 0, -1, 0, -1, 2, -1, -1, -1], [0, -1, 0, 0, -1, 0, -1, -1, -1, -1, 0], [0, 0, 0, 0, -1, 0, -1, -1, -1, 4, -1], [0, 1, 0, -1, -1, -1, 4, -1, -1, -1, -1], [0, 1, -1, 0, -1, -1, 4, -1, -1, -1, -1], [0, -1, 0, 0, -1, 0, -1, -1, -1, 2, -1], [0, -1, 0, 0, 0, 0, -1, -1, -1, -1, -1], [-1, -1, -1, 0, -1, 0, 4, 4, -1, -1, -1], [0, -1, 0, 0, -1, -1, 4, 4, -1, -1, -1], [0, -1, 0, -1, -1, 0, 4, 4, -1, -1, -1], [0, 0, 0, 0, -1, -1, 4, -1, -1, -1, -1], [-1, 0, 0, 0, -1, 0, 4, -1, -1, -1, -1], [-1, -1, 0, -1, -1, 0, 4, -1, -1, 4, -1], [0, -1, 0, 0, 1, -1, -1, 4, -1, -1, -1], [-1, -1, 0, -1, 1, -1, 4, 4, -1, -1, -1], [0, 0, 0, -1, -1, -1, -1, -1, 4, -1, -1], [0, -1, 0, 0, -1, 0, -1, -1, -1, -1, 2], [0, -1, 0, 0, -1, 0, 2, -1, -1, -1, -1], [0, -1, 0, 0, -1, -1, -1, -1, 4, 4, -1], [0, -1, 0, -1, -1, 0, -1, -1, 4, 4, -1], [-1, -1, -1, -1, -1, -1, -1, 2, -1, 4, -1], [0, -1, -1, 0, 1, 0, -1, 4, -1, -1, -1], [0, -1, 0, -1, -1, -1, 3, -1, -1, -1, -1], [-1, -1, 0, -1, 1, -1, -1, 3, -1, -1, -1], [-1, -1, 0, -1, -1, 0, 3, -1, -1, -1, -1], [0, -1, 0, 0, 1, -1, -1, -1, -1, 2, -1], [-1, 0, -1, -1, -1, -1, -1, -1, -1, -1, 2], [-1, -1, 0, 0, -1, -1, 3, -1, -1, -1, -1], [-1, -1, -1, -1, 1, 0, -1, -1, -1, -1, 2], [-1, -1, -1, -1, 1, -1, -1, 2, -1, -1, -1], [0, 0, -1, -1, 1, -1, -1, -1, -1, 4, -1], [0, -1, 0, 0, -1, 0, -1, 3, -1, -1, -1], [0, -1, 0, -1, 1, -1, -1, -1, 2, -1, -1], [0, -1, -1, 0, 1, -1, -1, -1, 2, -1, -1], [0, -1, -1, 0, -1, -1, 3, -1, -1, -1, -1], [0, -1, -1, -1, 1, -1, -1, 3, -1, -1, -1], [-1, 0, 0, -1, 1, -1, -1, -1, -1, 4, -1], [-1, 0, -1, -1, -1, -1, -1, -1, -1, -1, 0], [-1, -1, -1, -1, 1, 0, -1, 3, -1, -1, -1], [0, 1, 0, -1, -1, -1, -1, -1, -1, 4, -1], [0, -1, 0, 0, 1, 0, -1, -1, 4, -1, -1], [0, -1, 0, -1, -1, -1, -1, -1, -1, 4, 1], [0, -1, -1, -1, -1, 0, 3, -1, -1, -1, -1], [-1, 1, 0, -1, -1, 0, -1, -1, -1, 4, -1], [-1, -1, -1, 0, -1, 0, 3, -1, -1, -1, -1], [-1, 0, 0, -1, 0, -1, -1, -1, -1, -1, -1], [0, -1, 0, -1, 1, -1, -1, -1, -1, -1, 2], [-1, 1, -1, 0, -1, -1, -1, -1, -1, 4, -1], [0, 1, -1, -1, -1, 0, -1, -1, -1, 4, -1], [0, -1, -1, 0, -1, 0, -1, -1, 4, 4, -1], [0, -1, -1, -1, 1, 0, -1, -1, -1, -1, 0], [-1, -1, 0, 0, -1, 0, -1, -1, 4, 4, -1], [-1, -1, 0, -1, 1, 0, -1, -1, -1, -1, 0], [-1, -1, -1, 0, 1, 0, -1, -1, -1, -1, 0], [-1, -1, -1, -1, 1, -1, -1, -1, 4, 4, -1]]
190 109 
 [[0, -1, 0, 0, 1, 0, 4, -1, -1, -1, -1], [0, 0, 0, 0, 1, 0, -1, -1, -1, -1, -1], [0, 1, 0, 0, 1, 0, -1, -1, -1, -1, -1], [0, -1, 0, 0, -1, 0, -1, -1, -1, -1, 1], [0, -1, 0, 0, 1, 0, -1, -1, -1, 4, -1], [0, -1, 0, 0, -1, 0, -1, 4, -1, -1, -1], [-1, 1, 0, 0, -1, -1, 4, -1, -1, -1, -1], [-1, 1, 0, -1, -1, 0, 4, -1, -1, -1, -1], [0, -1, 0, 0, -1, 0, -1, -1, 2, -1, -1], [0, -1, 0, 0, 1, -1, -1, -1, -1, -1, 1], [0, -1, 0, -1, 1, 0, -1, 4, -1, -1, -1], [0, -1, 0, -1, 1, 0, -1, -1, -1, -1, 1], [0, -1, 0, 0, -1, 0, -1, 2, -1, -1, -1], [0, 0, 0, 0, -1, 0, -1, -1, -1, 4, -1], [0, 1, 0, -1, -1, -1, 4, -1, -1, -1, -1], [0, 1, -1, 0, -1, -1, 4, -1, -1, -1, -1], [0, -1, 0, 0, 0, 0, -1, -1, -1, -1, -1], [-1, -1, -1, 0, -1, 0, 4, 4, -1, -1, -1], [0, -1, 0, 0, -1, -1, 4, 4, -1, -1, -1], [0, -1, 0, -1, -1, 0, 4, 4, -1, -1, -1], [-1, -1, 0, -1, -1, 0, 4, -1, -1, 4, -1], [0, -1, 0, 0, 1, -1, -1, 4, -1, -1, -1], [-1, -1, 0, -1, 1, -1, 4, 4, -1, -1, -1], [0, -1, 0, 0, -1, 0, 2, -1, -1, -1, -1], [0, -1, -1, 0, 1, 0, -1, 4, -1, -1, -1], [0, -1, 0, 0, -1, 0, -1, 3, -1, -1, -1], [0, -1, 0, 0, 1, 0, -1, -1, 4, -1, -1], [0, -1, 0, -1, -1, -1, -1, -1, -1, 4, 1], [0, -1, 0, -1, -1, -1, 4, -1, -1, 4, -1], [0, 0, 0, -1, 0, -1, -1, -1, -1, -1, -1], [0, 0, 0, 0, -1, 0, 4, -1, -1, -1, -1], [0, -1, 0, 0, 1, -1, -1, -1, 2, -1, -1], [0, -1, 0, -1, -1, 0, 3, -1, -1, -1, -1], [0, -1, 0, -1, 0, -1, -1, -1, -1, 4, -1], [-1, -1, 0, -1, -1, 0, -1, -1, -1, 4, 1], [0, -1, 0, -1, 1, 0, -1, -1, 2, -1, -1], [-1, 0, -1, -1, 1, -1, -1, -1, 4, -1, -1], [0, 0, 0, -1, -1, 0, -1, -1, 4, -1, -1], [0, -1, 0, 0, -1, 0, -1, -1, 4, 4, -1], [-1, 0, 0, -1, -1, -1, -1, -1, -1, -1, 0], [-1, -1, 0, -1, 0, 0, -1, -1, -1, 4, -1], [0, 0, 0, -1, 1, 0, -1, -1, -1, 4, -1], [-1, 0, -1, 0, 1, -1, -1, -1, -1, 4, -1], [-1, 0, -1, -1, -1, 0, -1, -1, -1, -1, 0], [0, -1, 0, 0, -1, -1, 3, -1, -1, -1, -1], [-1, 0, -1, 0, 0, -1, -1, -1, -1, -1, -1], [0, -1, 0, -1, -1, 0, -1, 2, -1, 4, -1], [-1, -1, -1, 0, -1, -1, -1, 2, -1, 4, -1], [0, 0, 0, -1, -1, 0, -1, -1, -1, -1, 2], [-1, -1, -1, 0, 1, 0, -1, -1, 2, -1, -1], [0, -1, 0, 0, 1, 0, -1, -1, -1, 2, -1], [-1, -1, 0, 0, -1, 0, 3, -1, -1, -1, -1], [0, -1, 0, -1, 1, 0, -1, 2, -1, -1, -1], [0, -1, -1, -1, -1, 0, -1, -1, -1, 4, 1], [0, -1, 0, 0, 1, 0, -1, -1, -1, -1, 0], [0, -1, 0, -1, 1, 0, -1, 3, -1, -1, -1], [0, -1, 0, 0, 1, -1, -1, 3, -1, -1, -1], [-1, 1, -1, -1, 0, -1, -1, -1, -1, -1, -1], [-1, -1, 0, -1, -1, -1, 3, -1, -1, 4, -1], [0, -1, -1, -1, -1, -1, 3, -1, -1, 4, -1], [-1, 1, -1, -1, -1, -1, -1, -1, 2, -1, -1], [0, 1, 0, -1, -1, -1, -1, -1, -1, -1, 2], [0, -1, 0, 0, 1, 0, -1, -1, -1, -1, 2], [0, -1, 0, -1, -1, -1, -1, -1, -1, 4, 2], [-1, 1, 0, 0, -1, -1, -1, -1, -1, -1, 2], [-1, 1, 0, -1, -1, 0, -1, -1, -1, -1, 2], [0, 1, 0, 0, -1, 0, -1, -1, -1, 4, -1], [0, 1, 0, -1, -1, 0, -1, -1, -1, -1, 1], [0, -1, 0, 0, 1, -1, -1, 2, -1, -1, -1], [0, -1, 0, -1, 1, 0, 2, -1, -1, -1, -1], [-1, 1, -1, 0, 1, -1, -1, -1, -1, 4, -1], [0, -1, 0, 0, 1, -1, -1, -1, 4, 4, -1], [0, -1, 0, -1, 1, 0, -1, -1, 4, 4, -1], [-1, 0, -1, 0, -1, -1, -1, -1, -1, -1, 2], [-1, -1, 0, 0, 1, 0, -1, 3, -1, -1, -1], [0, -1, -1, 0, 1, 0, -1, 3, -1, -1, -1], [-1, 0, 0, -1, -1, -1, -1, 2, -1, -1, -1], [0, 1, 0, -1, -1, -1, -1, 2, -1, -1, -1], [-1, 1, 0, -1, -1, 0, -1, 2, -1, -1, -1], [0, 0, -1, -1, -1, -1, -1, 2, -1, -1, -1], [-1, -1, 0, 1, -1, 0, -1, -1, -1, -1, -1], [-1, -1, 0, -1, -1, 0, -1, -1, -1, 4, 2], [0, -1, -1, 1, -1, -1, -1, -1, -1, -1, -1], [-1, 1, 0, -1, -1, 0, -1, -1, -1, 2, -1], [0, 1, 0, -1, 1, -1, -1, -1, -1, 4, -1], [-1, 1, -1, -1, 1, 0, -1, -1, -1, 4, -1], [0, -1, 0, 0, -1, -1, -1, -1, -1, 4, 0], [0, -1, -1, -1, -1, -1, -1, 1, -1, -1, -1], [0, 1, 0, -1, -1, -1, -1, -1, 4, -1, -1], [0, 1, -1, -1, -1, -1, 2, -1, -1, -1, -1], [0, -1, 0, 0, 1, -1, 2, -1, -1, -1, -1], [0, -1, 0, -1, -1, 0, 2, -1, -1, 4, -1], [0, -1, -1, 0, 1, 0, -1, 2, -1, -1, -1], [-1, 1, 0, 0, -1, -1, -1, -1, 4, -1, -1], [-1, -1, -1, 0, -1, -1, -1, -1, -1, 4, 2], [0, -1, -1, 0, 1, 0, -1, -1, 4, 4, -1], [-1, -1, 0, 0, 1, 0, -1, -1, 4, 4, -1], [-1, -1, 0, -1, -1, 0, -1, 1, -1, -1, -1], [0, -1, 0, -1, -1, -1, -1, -1, 0, -1, -1], [0, -1, -1, -1, -1, -1, 4, -1, 0, -1, -1], [-1, -1, 0, -1, -1, 0, 4, -1, 0, -1, -1], [0, -1, 0, -1, 1, -1, 3, -1, -1, -1, -1], [0, -1, -1, 0, 1, -1, 3, -1, -1, -1, -1], [0, -1, -1, 0, -1, 0, 3, -1, -1, -1, -1], [0, -1, -1, -1, -1, 0, -1, -1, -1, 4, 0], [-1, -1, 0, -1, 1, 0, 3, -1, -1, -1, -1], [-1, -1, 0, -1, -1, 0, -1, -1, -1, 4, 0], [-1, -1, -1, 0, 0, -1, -1, -1, -1, 4, -1], [-1, 0, -1, -1, -1, 0, -1, -1, -1, 2, -1]]
240 123 
 [[0, -1, 0, 0, 1, 0, 4, -1, -1, -1, -1], [0, 0, 0, 0, 1, 0, -1, -1, -1, -1, -1], [0, -1, 0, 0, -1, 0, -1, -1, -1, -1, 1], [0, -1, 0, 0, -1, 0, -1, 4, -1, -1, -1], [-1, 1, 0, 0, -1, -1, 4, -1, -1, -1, -1], [-1, 1, 0, -1, -1, 0, 4, -1, -1, -1, -1], [0, -1, 0, 0, -1, 0, -1, -1, 2, -1, -1], [0, -1, 0, 0, 1, -1, -1, -1, -1, -1, 1], [0, -1, 0, -1, 1, 0, -1, 4, -1, -1, -1], [0, -1, 0, -1, 1, 0, -1, -1, -1, -1, 1], [0, -1, 0, 0, -1, 0, -1, 2, -1, -1, -1], [0, 0, 0, 0, -1, 0, -1, -1, -1, 4, -1], [0, 1, 0, -1, -1, -1, 4, -1, -1, -1, -1], [0, 1, -1, 0, -1, -1, 4, -1, -1, -1, -1], [0, -1, 0, 0, 0, 0, -1, -1, -1, -1, -1], [-1, -1, -1, 0, -1, 0, 4, 4, -1, -1, -1], [0, -1, 0, 0, -1, -1, 4, 4, -1, -1, -1], [0, -1, 0, -1, -1, 0, 4, 4, -1, -1, -1], [-1, -1, 0, -1, -1, 0, 4, -1, -1, 4, -1], [0, -1, 0, 0, 1, -1, -1, 4, -1, -1, -1], [-1, -1, 0, -1, 1, -1, 4, 4, -1, -1, -1], [0, -1, 0, 0, -1, 0, 2, -1, -1, -1, -1], [0, -1, -1, 0, 1, 0, -1, 4, -1, -1, -1], [0, -1, 0, 0, -1, 0, -1, 3, -1, -1, -1], [0, -1, 0, -1, -1, -1, -1, -1, -1, 4, 1], [0, -1, 0, -1, -1, -1, 4, -1, -1, 4, -1], [0, 0, 0, -1, 0, -1, -1, -1, -1, -1, -1], [0, 0, 0, 0, -1, 0, 4, -1, -1, -1, -1], [0, -1, 0, 0, 1, -1, -1, -1, 2, -1, -1], [0, -1, 0, -1, 0, -1, -1, -1, -1, 4, -1], [-1, -1, 0, -1, -1, 0, -1, -1, -1, 4, 1], [0, -1, 0, -1, 1, 0, -1, -1, 2, -1, -1], [-1, 0, -1, -1, 1, -1, -1, -1, 4, -1, -1], [0, 0, 0, -1, -1, 0, -1, -1, 4, -1, -1], [-1, 0, 0, -1, -1, -1, -1, -1, -1, -1, 0], [-1, -1, 0, -1, 0, 0, -1, -1, -1, 4, -1], [0, 0, 0, -1, 1, 0, -1, -1, -1, 4, -1], [-1, 0, -1, 0, 1, -1, -1, -1, -1, 4, -1], [-1, 0, -1, -1, -1, 0, -1, -1, -1, -1, 0], [0, -1, 0, 0, -1, -1, 3, -1, -1, -1, -1], [-1, 0, -1, 0, 0, -1, -1, -1, -1, -1, -1], [0, -1, 0, -1, -1, 0, -1, 2, -1, 4, -1], [-1, -1, -1, 0, -1, -1, -1, 2, -1, 4, -1], [0, 0, 0, -1, -1, 0, -1, -1, -1, -1, 2], [-1, -1, -1, 0, 1, 0, -1, -1, 2, -1, -1], [0, -1, 0, 0, 1, 0, -1, -1, -1, 2, -1], [-1, -1, 0, 0, -1, 0, 3, -1, -1, -1, -1], [0, -1, 0, -1, 1, 0, -1, 2, -1, -1, -1], [0, -1, -1, -1, -1, 0, -1, -1, -1, 4, 1], [0, -1, 0, 0, 1, 0, -1, -1, -1, -1, 0], [0, -1, 0, -1, 1, 0, -1, 3, -1, -1, -1], [0, -1, 0, 0, 1, -1, -1, 3, -1, -1, -1], [-1, 1, -1, -1, 0, -1, -1, -1, -1, -1, -1], [-1, 1, -1, -1, -1, -1, -1, -1, 2, -1, -1], [0, -1, 0, 0, 1, 0, -1, -1, -1, -1, 2], [0, 1, 0, -1, -1, 0, -1, -1, -1, -1, 1], [0, -1, 0, 0, 1, -1, -1, 2, -1, -1, -1], [0, -1, 0, -1, 1, 0, 2, -1, -1, -1, -1], [-1, 0, -1, 0, -1, -1, -1, -1, -1, -1, 2], [-1, -1, 0, 0, 1, 0, -1, 3, -1, -1, -1], [0, -1, -1, 0, 1, 0, -1, 3, -1, -1, -1], [-1, 0, 0, -1, -1, -1, -1, 2, -1, -1, -1], [0, 1, 0, -1, -1, -1, -1, 2, -1, -1, -1], [-1, 1, 0, -1, -1, 0, -1, 2, -1, -1, -1], [0, 0, -1, -1, -1, -1, -1, 2, -1, -1, -1], [-1, 1, 0, -1, -1, 0, -1, -1, -1, 2, -1], [0, -1, 0, 0, -1, -1, -1, -1, -1, 4, 0], [0, -1, 0, 0, 1, -1, 2, -1, -1, -1, -1], [0, -1, 0, -1, -1, 0, 2, -1, -1, 4, -1], [0, -1, -1, 0, 1, 0, -1, 2, -1, -1, -1], [0, -1, 0, -1, -1, -1, -1, -1, 0, -1, -1], [0, -1, -1, -1, -1, -1, 4, -1, 0, -1, -1], [-1, -1, 0, -1, -1, 0, 4, -1, 0, -1, -1], [0, -1, -1, 0, 1, -1, 3, -1, -1, -1, -1], [0, -1, -1, 0, -1, 0, 3, -1, -1, -1, -1], [0, -1, -1, -1, -1, 0, -1, -1, -1, 4, 0], [-1, -1, 0, -1, -1, 0, -1, -1, -1, 4, 0], [-1, -1, -1, 0, 0, -1, -1, -1, -1, 4, -1], [-1, 0, -1, -1, -1, 0, -1, -1, -1, 2, -1], [0, 1, 0, 0, -1, -1, -1, -1, -1, -1, 2], [0, 1, 0, -1, -1, 0, -1, -1, -1, -1, 2], [0, -1, 0, -1, -1, 0, -1, -1, -1, 4, 2], [-1, 1, -1, 0, -1, 0, -1, -1, -1, -1, 2], [0, 1, 0, -1, -1, -1, 2, -1, -1, -1, -1], [0, 1, -1, -1, -1, 0, 2, -1, -1, -1, -1], [0, -1, 0, 0, 1, 0, -1, -1, 4, 4, -1], [-1, -1, 0, -1, -1, -1, 2, 2, -1, -1, -1], [-1, -1, -1, 0, 1, 0, 2, -1, -1, -1, -1], [0, 1, 0, 0, -1, -1, -1, -1, 4, -1, -1], [0, -1, 0, -1, -1, -1, 3, -1, -1, 4, -1], [-1, -1, 0, -1, -1, 0, -1, 3, -1, 4, -1], [0, -1, 0, 0, -1, -1, -1, -1, -1, 4, 2], [0, -1, 0, -1, -1, 0, -1, 1, -1, -1, -1], [0, -1, -1, 0, -1, -1, -1, 1, -1, -1, -1], [-1, -1, -1, 0, -1, 0, -1, 1, -1, -1, -1], [-1, 1, -1, -1, -1, -1, -1, -1, -1, -1, 0], [0, 1, 0, 0, 1, 0, -1, -1, -1, 4, -1], [-1, 1, 0, -1, 1, -1, -1, -1, 4, -1, -1], [-1, 1, 0, -1, -1, 0, 2, -1, -1, -1, -1], [-1, -1, 0, 0, -1, 0, -1, -1, -1, 4, 2], [-1, -1, 0, 0, -1, -1, -1, 1, -1, -1, -1], [-1, -1, 0, -1, 1, -1, -1, -1, -1, 4, 2], [0, -1, 0, -1, 1, 0, 3, -1, -1, -1, -1], [0, -1, 0, -1, -1, -1, -1, 3, -1, 4, -1], [0, -1, 0, 1, -1, 0, -1, -1, -1, -1, -1], [-1, 1, -1, -1, -1, -1, -1, 3, -1, -1, -1], [0, -1, -1, -1, 1, -1, -1, -1, -1, 4, 2], [-1, -1, 0, 1, 1, 0, -1, -1, -1, -1, -1], [0, -1, -1, 0, -1, 0, -1, -1, -1, 4, 2], [-1, -1, -1, -1, 1, 0, -1, -1, -1, 4, 2], [-1, -1, -1, 1, -1, -1, -1, -1, -1, 4, -1], [-1, -1, -1, -1, -1, 0, 1, -1, -1, -1, -1], [-1, 1, 0, -1, -1, -1, -1, -1, 4, 4, -1], [-1, 1, -1, 0, -1, 0, -1, -1, 4, -1, -1], [0, 1, 0, -1, -1, 0, -1, -1, 4, -1, -1], [0, 1, -1, -1, -1, -1, -1, -1, 4, 4, -1], [0, -1, -1, -1, -1, -1, -1, 1, -1, 4, -1], [-1, 1, 0, -1, 1, -1, -1, -1, -1, -1, 2], [-1, -1, 0, -1, -1, -1, 1, -1, -1, -1, -1], [-1, -1, 0, -1, -1, -1, -1, 1, -1, 4, -1], [-1, -1, 0, -1, -1, 0, -1, -1, 3, -1, -1], [-1, -1, -1, -1, -1, 0, -1, 1, -1, 4, -1], [-1, -1, -1, -1, 1, 0, -1, 1, -1, -1, -1]]
290 124 
 [[0, -1, 0, 0, 1, 0, 4, -1, -1, -1, -1], [0, 0, 0, 0, 1, 0, -1, -1, -1, -1, -1], [0, -1, 0, 0, -1, 0, -1, -1, -1, -1, 1], [0, -1, 0, 0, -1, 0, -1, 4, -1, -1, -1], [-1, 1, 0, 0, -1, -1, 4, -1, -1, -1, -1], [-1, 1, 0, -1, -1, 0, 4, -1, -1, -1, -1], [0, -1, 0, 0, -1, 0, -1, -1, 2, -1, -1], [0, -1, 0, 0, 1, -1, -1, -1, -1, -1, 1], [0, -1, 0, -1, 1, 0, -1, 4, -1, -1, -1], [0, -1, 0, -1, 1, 0, -1, -1, -1, -1, 1], [0, -1, 0, 0, -1, 0, -1, 2, -1, -1, -1], [0, 0, 0, 0, -1, 0, -1, -1, -1, 4, -1], [0, 1, 0, -1, -1, -1, 4, -1, -1, -1, -1], [0, 1, -1, 0, -1, -1, 4, -1, -1, -1, -1], [0, -1, 0, 0, 0, 0, -1, -1, -1, -1, -1], [-1, -1, -1, 0, -1, 0, 4, 4, -1, -1, -1], [0, -1, 0, 0, -1, -1, 4, 4, -1, -1, -1], [0, -1, 0, -1, -1, 0, 4, 4, -1, -1, -1], [-1, -1, 0, -1, -1, 0, 4, -1, -1, 4, -1], [0, -1, 0, 0, 1, -1, -1, 4, -1, -1, -1], [-1, -1, 0, -1, 1, -1, 4, 4, -1, -1, -1], [0, -1, 0, 0, -1, 0, 2, -1, -1, -1, -1], [0, -1, -1, 0, 1, 0, -1, 4, -1, -1, -1], [0, -1, 0, 0, -1, 0, -1, 3, -1, -1, -1], [0, -1, 0, -1, -1, -1, -1, -1, -1, 4, 1], [0, -1, 0, -1, -1, -1, 4, -1, -1, 4, -1], [0, 0, 0, -1, 0, -1, -1, -1, -1, -1, -1], [0, 0, 0, 0, -1, 0, 4, -1, -1, -1, -1], [0, -1, 0, 0, 1, -1, -1, -1, 2, -1, -1], [0, -1, 0, -1, 0, -1, -1, -1, -1, 4, -1], [-1, -1, 0, -1, -1, 0, -1, -1, -1, 4, 1], [0, -1, 0, -1, 1, 0, -1, -1, 2, -1, -1], [-1, 0, -1, -1, 1, -1, -1, -1, 4, -1, -1], [0, 0, 0, -1, -1, 0, -1, -1, 4, -1, -1], [-1, 0, 0, -1, -1, -1, -1, -1, -1, -1, 0], [-1, -1, 0, -1, 0, 0, -1, -1, -1, 4, -1], [0, 0, 0, -1, 1, 0, -1, -1, -1, 4, -1], [-1, 0, -1, 0, 1, -1, -1, -1, -1, 4, -1], [-1, 0, -1, -1, -1, 0, -1, -1, -1, -1, 0], [0, -1, 0, 0, -1, -1, 3, -1, -1, -1, -1], [-1, 0, -1, 0, 0, -1, -1, -1, -1, -1, -1], [0, -1, 0, -1, -1, 0, -1, 2, -1, 4, -1], [-1, -1, -1, 0, -1, -1, -1, 2, -1, 4, -1], [0, 0, 0, -1, -1, 0, -1, -1, -1, -1, 2], [-1, -1, -1, 0, 1, 0, -1, -1, 2, -1, -1], [0, -1, 0, 0, 1, 0, -1, -1, -1, 2, -1], [-1, -1, 0, 0, -1, 0, 3, -1, -1, -1, -1], [0, -1, 0, -1, 1, 0, -1, 2, -1, -1, -1], [0, -1, -1, -1, -1, 0, -1, -1, -1, 4, 1], [0, -1, 0, 0, 1, 0, -1, -1, -1, -1, 0], [0, -1, 0, -1, 1, 0, -1, 3, -1, -1, -1], [0, -1, 0, 0, 1, -1, -1, 3, -1, -1, -1], [-1, 1, -1, -1, 0, -1, -1, -1, -1, -1, -1], [-1, 1, -1, -1, -1, -1, -1, -1, 2, -1, -1], [0, -1, 0, 0, 1, 0, -1, -1, -1, -1, 2], [0, 1, 0, -1, -1, 0, -1, -1, -1, -1, 1], [0, -1, 0, 0, 1, -1, -1, 2, -1, -1, -1], [0, -1, 0, -1, 1, 0, 2, -1, -1, -1, -1], [-1, 0, -1, 0, -1, -1, -1, -1, -1, -1, 2], [-1, -1, 0, 0, 1, 0, -1, 3, -1, -1, -1], [0, -1, -1, 0, 1, 0, -1, 3, -1, -1, -1], [-1, 0, 0, -1, -1, -1, -1, 2, -1, -1, -1], [0, 1, 0, -1, -1, -1, -1, 2, -1, -1, -1], [-1, 1, 0, -1, -1, 0, -1, 2, -1, -1, -1], [0, 0, -1, -1, -1, -1, -1, 2, -1, -1, -1], [-1, 1, 0, -1, -1, 0, -1, -1, -1, 2, -1], [0, -1, 0, 0, -1, -1, -1, -1, -1, 4, 0], [0, -1, 0, 0, 1, -1, 2, -1, -1, -1, -1], [0, -1, 0, -1, -1, 0, 2, -1, -1, 4, -1], [0, -1, -1, 0, 1, 0, -1, 2, -1, -1, -1], [0, -1, 0, -1, -1, -1, -1, -1, 0, -1, -1], [0, -1, -1, -1, -1, -1, 4, -1, 0, -1, -1], [-1, -1, 0, -1, -1, 0, 4, -1, 0, -1, -1], [0, -1, -1, 0, 1, -1, 3, -1, -1, -1, -1], [0, -1, -1, 0, -1, 0, 3, -1, -1, -1, -1], [0, -1, -1, -1, -1, 0, -1, -1, -1, 4, 0], [-1, -1, 0, -1, -1, 0, -1, -1, -1, 4, 0], [-1, -1, -1, 0, 0, -1, -1, -1, -1, 4, -1], [-1, 0, -1, -1, -1, 0, -1, -1, -1, 2, -1], [0, 1, 0, 0, -1, -1, -1, -1, -1, -1, 2], [0, 1, 0, -1, -1, 0, -1, -1, -1, -1, 2], [0, -1, 0, -1, -1, 0, -1, -1, -1, 4, 2], [-1, 1, -1, 0, -1, 0, -1, -1, -1, -1, 2], [0, 1, 0, -1, -1, -1, 2, -1, -1, -1, -1], [0, 1, -1, -1, -1, 0, 2, -1, -1, -1, -1], [0, -1, 0, 0, 1, 0, -1, -1, 4, 4, -1], [-1, -1, 0, -1, -1, -1, 2, 2, -1, -1, -1], [-1, -1, -1, 0, 1, 0, 2, -1, -1, -1, -1], [0, 1, 0, 0, -1, -1, -1, -1, 4, -1, -1], [0, -1, 0, -1, -1, -1, 3, -1, -1, 4, -1], [-1, -1, 0, -1, -1, 0, -1, 3, -1, 4, -1], [0, -1, 0, 0, -1, -1, -1, -1, -1, 4, 2], [0, -1, 0, -1, -1, 0, -1, 1, -1, -1, -1], [0, -1, -1, 0, -1, -1, -1, 1, -1, -1, -1], [-1, -1, -1, 0, -1, 0, -1, 1, -1, -1, -1], [-1, 1, -1, -1, -1, -1, -1, -1, -1, -1, 0], [0, 1, 0, 0, 1, 0, -1, -1, -1, 4, -1], [-1, 1, 0, -1, 1, -1, -1, -1, 4, -1, -1], [-1, 1, 0, -1, -1, 0, 2, -1, -1, -1, -1], [-1, -1, 0, 0, -1, 0, -1, -1, -1, 4, 2], [-1, -1, 0, 0, -1, -1, -1, 1, -1, -1, -1], [-1, -1, 0, -1, 1, -1, -1, -1, -1, 4, 2], [0, -1, 0, -1, 1, 0, 3, -1, -1, -1, -1], [0, -1, 0, -1, -1, -1, -1, 3, -1, 4, -1], [0, -1, 0, 1, -1, 0, -1, -1, -1, -1, -1], [-1, 1, -1, -1, -1, -1, -1, 3, -1, -1, -1], [0, -1, -1, -1, 1, -1, -1, -1, -1, 4, 2], [-1, -1, 0, 1, 1, 0, -1, -1, -1, -1, -1], [0, -1, -1, 0, -1, 0, -1, -1, -1, 4, 2], [-1, -1, -1, -1, 1, 0, -1, -1, -1, 4, 2], [-1, -1, -1, 1, -1, -1, -1, -1, -1, 4, -1], [-1, -1, -1, -1, -1, 0, 1, -1, -1, -1, -1], [-1, 1, 0, -1, -1, -1, -1, -1, 4, 4, -1], [-1, 1, -1, 0, -1, 0, -1, -1, 4, -1, -1], [0, 1, 0, -1, -1, 0, -1, -1, 4, -1, -1], [0, 1, -1, -1, -1, -1, -1, -1, 4, 4, -1], [0, -1, -1, -1, -1, -1, -1, 1, -1, 4, -1], [-1, 1, 0, -1, 1, -1, -1, -1, -1, -1, 2], [-1, -1, 0, -1, -1, -1, 1, -1, -1, -1, -1], [-1, -1, 0, -1, -1, -1, -1, 1, -1, 4, -1], [-1, -1, 0, -1, -1, 0, -1, -1, 3, -1, -1], [-1, -1, -1, -1, -1, 0, -1, 1, -1, 4, -1], [-1, -1, -1, -1, 1, 0, -1, 1, -1, -1, -1], [-1, 1, -1, -1, -1, -1, 3, -1, -1, -1, -1]]
340 124 
 [[0, -1, 0, 0, 1, 0, 4, -1, -1, -1, -1], [0, 0, 0, 0, 1, 0, -1, -1, -1, -1, -1], [0, -1, 0, 0, -1, 0, -1, -1, -1, -1, 1], [0, -1, 0, 0, -1, 0, -1, 4, -1, -1, -1], [-1, 1, 0, 0, -1, -1, 4, -1, -1, -1, -1], [-1, 1, 0, -1, -1, 0, 4, -1, -1, -1, -1], [0, -1, 0, 0, -1, 0, -1, -1, 2, -1, -1], [0, -1, 0, 0, 1, -1, -1, -1, -1, -1, 1], [0, -1, 0, -1, 1, 0, -1, 4, -1, -1, -1], [0, -1, 0, -1, 1, 0, -1, -1, -1, -1, 1], [0, -1, 0, 0, -1, 0, -1, 2, -1, -1, -1], [0, 0, 0, 0, -1, 0, -1, -1, -1, 4, -1], [0, 1, 0, -1, -1, -1, 4, -1, -1, -1, -1], [0, 1, -1, 0, -1, -1, 4, -1, -1, -1, -1], [0, -1, 0, 0, 0, 0, -1, -1, -1, -1, -1], [-1, -1, -1, 0, -1, 0, 4, 4, -1, -1, -1], [0, -1, 0, 0, -1, -1, 4, 4, -1, -1, -1], [0, -1, 0, -1, -1, 0, 4, 4, -1, -1, -1], [-1, -1, 0, -1, -1, 0, 4, -1, -1, 4, -1], [0, -1, 0, 0, 1, -1, -1, 4, -1, -1, -1], [-1, -1, 0, -1, 1, -1, 4, 4, -1, -1, -1], [0, -1, 0, 0, -1, 0, 2, -1, -1, -1, -1], [0, -1, -1, 0, 1, 0, -1, 4, -1, -1, -1], [0, -1, 0, 0, -1, 0, -1, 3, -1, -1, -1], [0, -1, 0, -1, -1, -1, -1, -1, -1, 4, 1], [0, -1, 0, -1, -1, -1, 4, -1, -1, 4, -1], [0, 0, 0, -1, 0, -1, -1, -1, -1, -1, -1], [0, 0, 0, 0, -1, 0, 4, -1, -1, -1, -1], [0, -1, 0, 0, 1, -1, -1, -1, 2, -1, -1], [0, -1, 0, -1, 0, -1, -1, -1, -1, 4, -1], [-1, -1, 0, -1, -1, 0, -1, -1, -1, 4, 1], [0, -1, 0, -1, 1, 0, -1, -1, 2, -1, -1], [-1, 0, -1, -1, 1, -1, -1, -1, 4, -1, -1], [0, 0, 0, -1, -1, 0, -1, -1, 4, -1, -1], [-1, 0, 0, -1, -1, -1, -1, -1, -1, -1, 0], [-1, -1, 0, -1, 0, 0, -1, -1, -1, 4, -1], [0, 0, 0, -1, 1, 0, -1, -1, -1, 4, -1], [-1, 0, -1, 0, 1, -1, -1, -1, -1, 4, -1], [-1, 0, -1, -1, -1, 0, -1, -1, -1, -1, 0], [0, -1, 0, 0, -1, -1, 3, -1, -1, -1, -1], [-1, 0, -1, 0, 0, -1, -1, -1, -1, -1, -1], [0, -1, 0, -1, -1, 0, -1, 2, -1, 4, -1], [-1, -1, -1, 0, -1, -1, -1, 2, -1, 4, -1], [0, 0, 0, -1, -1, 0, -1, -1, -1, -1, 2], [-1, -1, -1, 0, 1, 0, -1, -1, 2, -1, -1], [0, -1, 0, 0, 1, 0, -1, -1, -1, 2, -1], [-1, -1, 0, 0, -1, 0, 3, -1, -1, -1, -1], [0, -1, 0, -1, 1, 0, -1, 2, -1, -1, -1], [0, -1, -1, -1, -1, 0, -1, -1, -1, 4, 1], [0, -1, 0, 0, 1, 0, -1, -1, -1, -1, 0], [0, -1, 0, -1, 1, 0, -1, 3, -1, -1, -1], [0, -1, 0, 0, 1, -1, -1, 3, -1, -1, -1], [-1, 1, -1, -1, 0, -1, -1, -1, -1, -1, -1], [-1, 1, -1, -1, -1, -1, -1, -1, 2, -1, -1], [0, -1, 0, 0, 1, 0, -1, -1, -1, -1, 2], [0, 1, 0, -1, -1, 0, -1, -1, -1, -1, 1], [0, -1, 0, 0, 1, -1, -1, 2, -1, -1, -1], [0, -1, 0, -1, 1, 0, 2, -1, -1, -1, -1], [-1, 0, -1, 0, -1, -1, -1, -1, -1, -1, 2], [-1, -1, 0, 0, 1, 0, -1, 3, -1, -1, -1], [0, -1, -1, 0, 1, 0, -1, 3, -1, -1, -1], [-1, 0, 0, -1, -1, -1, -1, 2, -1, -1, -1], [0, 1, 0, -1, -1, -1, -1, 2, -1, -1, -1], [-1, 1, 0, -1, -1, 0, -1, 2, -1, -1, -1], [0, 0, -1, -1, -1, -1, -1, 2, -1, -1, -1], [-1, 1, 0, -1, -1, 0, -1, -1, -1, 2, -1], [0, -1, 0, 0, -1, -1, -1, -1, -1, 4, 0], [0, -1, 0, 0, 1, -1, 2, -1, -1, -1, -1], [0, -1, 0, -1, -1, 0, 2, -1, -1, 4, -1], [0, -1, -1, 0, 1, 0, -1, 2, -1, -1, -1], [0, -1, 0, -1, -1, -1, -1, -1, 0, -1, -1], [0, -1, -1, -1, -1, -1, 4, -1, 0, -1, -1], [-1, -1, 0, -1, -1, 0, 4, -1, 0, -1, -1], [0, -1, -1, 0, 1, -1, 3, -1, -1, -1, -1], [0, -1, -1, 0, -1, 0, 3, -1, -1, -1, -1], [0, -1, -1, -1, -1, 0, -1, -1, -1, 4, 0], [-1, -1, 0, -1, -1, 0, -1, -1, -1, 4, 0], [-1, -1, -1, 0, 0, -1, -1, -1, -1, 4, -1], [-1, 0, -1, -1, -1, 0, -1, -1, -1, 2, -1], [0, 1, 0, 0, -1, -1, -1, -1, -1, -1, 2], [0, 1, 0, -1, -1, 0, -1, -1, -1, -1, 2], [0, -1, 0, -1, -1, 0, -1, -1, -1, 4, 2], [-1, 1, -1, 0, -1, 0, -1, -1, -1, -1, 2], [0, 1, 0, -1, -1, -1, 2, -1, -1, -1, -1], [0, 1, -1, -1, -1, 0, 2, -1, -1, -1, -1], [0, -1, 0, 0, 1, 0, -1, -1, 4, 4, -1], [-1, -1, 0, -1, -1, -1, 2, 2, -1, -1, -1], [-1, -1, -1, 0, 1, 0, 2, -1, -1, -1, -1], [0, 1, 0, 0, -1, -1, -1, -1, 4, -1, -1], [0, -1, 0, -1, -1, -1, 3, -1, -1, 4, -1], [-1, -1, 0, -1, -1, 0, -1, 3, -1, 4, -1], [0, -1, 0, 0, -1, -1, -1, -1, -1, 4, 2], [0, -1, 0, -1, -1, 0, -1, 1, -1, -1, -1], [0, -1, -1, 0, -1, -1, -1, 1, -1, -1, -1], [-1, -1, -1, 0, -1, 0, -1, 1, -1, -1, -1], [-1, 1, -1, -1, -1, -1, -1, -1, -1, -1, 0], [0, 1, 0, 0, 1, 0, -1, -1, -1, 4, -1], [-1, 1, 0, -1, 1, -1, -1, -1, 4, -1, -1], [-1, 1, 0, -1, -1, 0, 2, -1, -1, -1, -1], [-1, -1, 0, 0, -1, 0, -1, -1, -1, 4, 2], [-1, -1, 0, 0, -1, -1, -1, 1, -1, -1, -1], [-1, -1, 0, -1, 1, -1, -1, -1, -1, 4, 2], [0, -1, 0, -1, 1, 0, 3, -1, -1, -1, -1], [0, -1, 0, -1, -1, -1, -1, 3, -1, 4, -1], [0, -1, 0, 1, -1, 0, -1, -1, -1, -1, -1], [-1, 1, -1, -1, -1, -1, -1, 3, -1, -1, -1], [0, -1, -1, -1, 1, -1, -1, -1, -1, 4, 2], [-1, -1, 0, 1, 1, 0, -1, -1, -1, -1, -1], [0, -1, -1, 0, -1, 0, -1, -1, -1, 4, 2], [-1, -1, -1, -1, 1, 0, -1, -1, -1, 4, 2], [-1, -1, -1, 1, -1, -1, -1, -1, -1, 4, -1], [-1, -1, -1, -1, -1, 0, 1, -1, -1, -1, -1], [-1, 1, 0, -1, -1, -1, -1, -1, 4, 4, -1], [-1, 1, -1, 0, -1, 0, -1, -1, 4, -1, -1], [0, 1, 0, -1, -1, 0, -1, -1, 4, -1, -1], [0, 1, -1, -1, -1, -1, -1, -1, 4, 4, -1], [0, -1, -1, -1, -1, -1, -1, 1, -1, 4, -1], [-1, 1, 0, -1, 1, -1, -1, -1, -1, -1, 2], [-1, -1, 0, -1, -1, -1, 1, -1, -1, -1, -1], [-1, -1, 0, -1, -1, -1, -1, 1, -1, 4, -1], [-1, -1, 0, -1, -1, 0, -1, -1, 3, -1, -1], [-1, -1, -1, -1, -1, 0, -1, 1, -1, 4, -1], [-1, -1, -1, -1, 1, 0, -1, 1, -1, -1, -1], [-1, 1, -1, -1, -1, -1, 3, -1, -1, -1, -1]]
