execution time
20 6.345812082290649 3.348193645477295
40 2.5975611209869385 2.210422992706299
60 1.2379651069641113 2.4177732467651367
80 0.873528242111206 1.6115682125091553
100 0.6452867984771729 1.650359869003296


number of patterns visited
20 66601 103214
40 44150 98145
60 30874 91790
80 24366 84764
100 20203 76791


number of patterns found, lowerbound
20 41 
 [[1, -1, -1, -1, -1, -1, -1, -1], [-1, 0, -1, -1, -1, -1, 2, -1], [-1, -1, 1, -1, -1, -1, -1, -1], [-1, -1, -1, 1, -1, -1, -1, 1], [-1, -1, -1, -1, 0, -1, -1, -1], [-1, 0, -1, 1, -1, -1, -1, -1], [-1, 0, -1, -1, -1, -1, -1, 1], [-1, 0, -1, -1, -1, -1, -1, 2], [-1, 1, -1, -1, -1, -1, -1, 1], [-1, 1, -1, -1, -1, -1, -1, 2], [-1, -1, -1, 0, -1, -1, 2, -1], [-1, -1, -1, 0, -1, -1, -1, 2], [-1, -1, -1, 1, -1, -1, 2, -1], [-1, -1, -1, 1, -1, -1, -1, 2], [-1, -1, -1, -1, -1, 1, -1, -1], [-1, -1, -1, -1, -1, -1, 1, -1], [-1, -1, -1, -1, -1, -1, 2, 1], [-1, -1, -1, -1, -1, -1, 2, 2], [-1, -1, -1, -1, -1, -1, 3, 2], [-1, -1, 0, -1, 1, -1, -1, 2], [-1, -1, -1, -1, 1, -1, 2, -1], [-1, -1, -1, -1, 1, -1, -1, 1], [-1, -1, -1, -1, -1, -1, -1, 3], [-1, 0, -1, -1, -1, -1, 3, -1], [-1, 1, -1, -1, -1, -1, 2, -1], [-1, -1, -1, 1, -1, -1, 3, -1], [-1, -1, -1, -1, -1, -1, 4, -1], [-1, 1, -1, 1, -1, -1, -1, -1], [-1, 1, -1, -1, -1, -1, 3, -1], [-1, -1, -1, 0, -1, -1, 3, -1], [-1, -1, -1, 1, 1, -1, -1, -1], [-1, -1, -1, 0, -1, -1, -1, 1], [-1, 1, -1, 0, 1, -1, -1, -1], [0, -1, -1, 1, -1, -1, -1, -1], [0, -1, -1, -1, -1, -1, -1, 1], [-1, -1, 0, 1, -1, -1, -1, -1], [-1, -1, 0, -1, -1, -1, 3, -1], [-1, -1, -1, -1, 1, 0, -1, 2], [-1, -1, -1, -1, -1, 0, 3, -1], [-1, -1, -1, -1, -1, -1, -1, 4], [0, -1, -1, -1, 1, -1, -1, 2]]
40 33 
 [[1, -1, -1, -1, -1, -1, -1, -1], [-1, 0, -1, -1, -1, -1, 2, -1], [-1, -1, -1, -1, 0, -1, -1, -1], [-1, 0, -1, 1, -1, -1, -1, -1], [-1, 0, -1, -1, -1, -1, -1, 1], [-1, 0, -1, -1, -1, -1, -1, 2], [-1, 1, -1, -1, -1, -1, -1, 2], [-1, -1, -1, 0, -1, -1, 2, -1], [-1, -1, -1, 0, -1, -1, -1, 2], [-1, -1, -1, -1, -1, 1, -1, -1], [-1, -1, -1, -1, -1, -1, 1, -1], [-1, -1, -1, -1, -1, -1, 2, 2], [-1, -1, 0, -1, 1, -1, -1, 2], [-1, -1, -1, -1, 1, -1, 2, -1], [-1, -1, -1, -1, 1, -1, -1, 1], [-1, -1, -1, -1, -1, -1, -1, 3], [-1, 0, -1, -1, -1, -1, 3, -1], [-1, 1, -1, -1, -1, -1, 2, -1], [-1, -1, -1, -1, -1, -1, 4, -1], [-1, 1, -1, 1, -1, -1, -1, -1], [-1, 1, -1, -1, -1, -1, 3, -1], [-1, -1, -1, 0, -1, -1, 3, -1], [-1, -1, -1, 1, 1, -1, -1, -1], [-1, -1, -1, 0, -1, -1, -1, 1], [-1, 1, -1, 0, 1, -1, -1, -1], [0, -1, -1, 1, -1, -1, -1, -1], [0, -1, -1, -1, -1, -1, -1, 1], [-1, -1, 0, 1, -1, -1, -1, -1], [-1, -1, 0, -1, -1, -1, 3, -1], [-1, -1, -1, -1, 1, 0, -1, 2], [-1, -1, -1, -1, -1, 0, 3, -1], [-1, -1, -1, -1, -1, -1, -1, 4], [0, -1, -1, -1, 1, -1, -1, 2]]
60 20 
 [[-1, 0, -1, -1, -1, -1, 2, -1], [-1, -1, -1, -1, 0, -1, -1, -1], [-1, 0, -1, -1, -1, -1, -1, 2], [-1, -1, -1, 0, -1, -1, 2, -1], [-1, -1, -1, 0, -1, -1, -1, 2], [-1, -1, 0, -1, 1, -1, -1, 2], [-1, -1, -1, -1, 1, -1, 2, -1], [-1, -1, -1, -1, -1, -1, -1, 3], [-1, -1, -1, -1, -1, -1, 4, -1], [-1, -1, -1, 0, -1, -1, 3, -1], [-1, -1, -1, 1, 1, -1, -1, -1], [-1, 1, -1, 0, 1, -1, -1, -1], [0, -1, -1, 1, -1, -1, -1, -1], [0, -1, -1, -1, -1, -1, -1, 1], [-1, -1, 0, 1, -1, -1, -1, -1], [-1, -1, 0, -1, -1, -1, 3, -1], [-1, -1, -1, -1, 1, 0, -1, 2], [-1, -1, -1, -1, -1, 0, 3, -1], [-1, -1, -1, -1, -1, -1, -1, 4], [0, -1, -1, -1, 1, -1, -1, 2]]
80 9 
 [[-1, -1, -1, -1, 0, -1, -1, -1], [-1, -1, -1, 0, -1, -1, -1, 2], [-1, -1, -1, -1, -1, -1, -1, 3], [-1, -1, -1, -1, -1, -1, 4, -1], [-1, 1, -1, 0, 1, -1, -1, -1], [-1, -1, 0, 1, -1, -1, -1, -1], [-1, -1, 0, -1, -1, -1, 3, -1], [-1, -1, -1, -1, -1, 0, 3, -1], [-1, -1, -1, -1, -1, -1, -1, 4]]
100 3 
 [[-1, -1, -1, -1, 0, -1, -1, -1], [-1, -1, -1, -1, -1, -1, -1, 3], [-1, -1, -1, -1, -1, -1, 4, -1]]


number of patterns found, upperbound
20 8 
 [[0, 1, 0, -1, 1, 0, -1, -1], [0, -1, 0, 1, 1, 0, -1, -1], [0, -1, 0, -1, 1, 0, 3, -1], [0, -1, 0, -1, 1, 0, -1, 4], [0, 1, 0, 0, -1, 0, -1, -1], [0, -1, 0, -1, -1, 0, 2, -1], [0, 0, 0, 0, 1, 0, -1, -1], [0, -1, -1, -1, -1, 0, -1, 2]]
40 8 
 [[0, 1, 0, -1, 1, 0, -1, -1], [0, -1, 0, 1, 1, 0, -1, -1], [0, -1, 0, -1, 1, 0, 3, -1], [0, -1, 0, -1, 1, 0, -1, 4], [0, 1, 0, 0, -1, 0, -1, -1], [0, -1, 0, -1, -1, 0, 2, -1], [0, 0, 0, 0, 1, 0, -1, -1], [0, -1, -1, -1, -1, 0, -1, 2]]
60 17 
 [[0, 1, 0, -1, 1, 0, -1, -1], [0, -1, 0, 1, -1, -1, -1, -1], [0, -1, 0, -1, 1, -1, -1, 4], [0, -1, 0, -1, -1, 0, 3, -1], [0, -1, 0, -1, -1, 0, -1, 4], [0, -1, -1, -1, 1, 0, -1, 4], [0, -1, -1, -1, 1, -1, 3, -1], [-1, -1, 0, 1, 1, -1, -1, -1], [-1, -1, 0, 1, -1, 0, -1, -1], [-1, -1, 0, -1, 1, 0, -1, 4], [-1, -1, 0, -1, 1, -1, 3, -1], [-1, -1, -1, 1, 1, 0, -1, -1], [-1, -1, -1, -1, 1, 0, 3, -1], [0, 1, 0, 0, -1, 0, -1, -1], [0, -1, 0, -1, -1, 0, 2, -1], [0, 0, 0, 0, 1, 0, -1, -1], [0, -1, -1, -1, -1, 0, -1, 2]]
80 12 
 [[0, 1, 0, -1, 1, 0, -1, -1], [0, -1, 0, -1, -1, -1, -1, 4], [0, -1, -1, -1, -1, -1, 3, -1], [-1, -1, 0, 1, -1, -1, -1, -1], [-1, -1, 0, -1, -1, -1, 3, -1], [-1, -1, -1, 1, -1, 0, -1, -1], [-1, -1, -1, -1, -1, 0, 3, -1], [-1, -1, -1, -1, -1, 0, -1, 4], [0, 1, 0, 0, -1, 0, -1, -1], [0, -1, 0, -1, -1, 0, 2, -1], [0, 0, 0, 0, 1, 0, -1, -1], [0, -1, -1, -1, -1, 0, -1, 2]]
100 11 
 [[0, 0, 0, 0, 1, -1, -1, -1], [0, 0, 0, -1, 1, 0, -1, -1], [0, 1, 0, -1, 1, 0, -1, -1], [0, -1, 0, 0, 1, 0, -1, -1], [0, 1, 0, 0, -1, 0, -1, -1], [0, 0, 0, 0, -1, 0, -1, -1], [-1, -1, -1, -1, -1, -1, 2, -1], [0, 0, -1, 0, 1, 0, -1, -1], [-1, 0, 0, 0, 1, 0, -1, -1], [0, -1, -1, -1, -1, -1, -1, 2], [-1, -1, -1, -1, -1, 0, -1, 2]]
