execution time
10 22.28321099281311 446.49802803993225
20 17.314515829086304 274.69649481773376
30 11.205801963806152 169.2563841342926
40 8.99392580986023 128.35433316230774
50 7.055639743804932 86.83119010925293
60 5.438482999801636 71.28847002983093
70 4.891112804412842 56.08590602874756
80 4.009521961212158 45.530598163604736
90 3.283268928527832 37.0462372303009
100 2.8065202236175537 34.77669405937195


number of patterns visited
10 76466 1284719
20 70319 1092677
30 62102 889237
40 54680 727450
50 47926 590736
60 41993 481830
70 37264 402261
80 32574 327433
90 28300 268893
100 24966 224379


number of patterns found, lowerbound
10 56 
 [[0, -1, -1, -1, 0, -1, -1, -1, -1, -1, -1, -1, -1, -1], [0, -1, -1, -1, -1, 0, 4, -1, -1, -1, -1, 0, -1, -1], [0, -1, -1, -1, -1, -1, -1, -1, -1, 4, -1, -1, -1, -1], [1, -1, -1, -1, -1, -1, -1, -1, -1, -1, -1, -1, -1, -1], [-1, 0, -1, -1, 0, -1, -1, -1, -1, -1, -1, -1, -1, -1], [-1, 0, -1, -1, 1, -1, -1, -1, -1, -1, -1, -1, -1, -1], [-1, 0, -1, -1, -1, 0, -1, -1, -1, -1, -1, -1, -1, -1], [-1, 0, -1, -1, -1, -1, 4, -1, -1, -1, -1, 0, -1, -1], [-1, 0, -1, -1, -1, -1, -1, -1, -1, 4, -1, -1, -1, -1], [-1, 1, -1, -1, -1, -1, -1, -1, -1, -1, -1, -1, -1, -1], [-1, -1, 1, -1, -1, -1, -1, -1, -1, -1, -1, -1, -1, -1], [-1, -1, -1, 0, 0, -1, -1, -1, -1, -1, -1, -1, -1, -1], [-1, -1, -1, 0, -1, 0, 4, -1, -1, -1, -1, 0, -1, -1], [-1, -1, -1, 0, -1, -1, -1, -1, -1, 4, -1, -1, -1, -1], [-1, -1, -1, 1, -1, -1, -1, -1, -1, -1, -1, -1, -1, -1], [-1, -1, -1, -1, 0, 0, -1, -1, -1, -1, -1, -1, -1, -1], [-1, -1, -1, -1, 0, -1, 4, -1, -1, -1, -1, -1, -1, -1], [-1, -1, -1, -1, 0, -1, -1, -1, -1, 4, -1, -1, -1, -1], [-1, -1, -1, -1, 0, -1, -1, -1, -1, -1, -1, -1, 1, -1], [-1, -1, -1, -1, 1, 0, -1, -1, -1, -1, -1, -1, -1, -1], [-1, -1, -1, -1, 1, -1, 4, -1, -1, -1, -1, -1, -1, -1], [-1, -1, -1, -1, 1, -1, -1, -1, -1, 4, -1, -1, -1, -1], [-1, -1, -1, -1, 1, -1, -1, -1, -1, -1, -1, 0, -1, -1], [-1, -1, -1, -1, -1, 0, 4, -1, -1, -1, -1, 0, 1, -1], [-1, -1, -1, -1, -1, 0, -1, -1, -1, 4, -1, -1, -1, -1], [-1, -1, -1, -1, -1, 1, -1, -1, -1, -1, -1, -1, -1, -1], [-1, -1, -1, -1, -1, -1, 1, -1, -1, -1, -1, -1, -1, -1], [-1, -1, -1, -1, -1, -1, 2, -1, -1, -1, -1, -1, -1, -1], [-1, -1, -1, -1, -1, -1, 3, -1, -1, -1, -1, -1, -1, -1], [-1, -1, -1, -1, -1, -1, 4, -1, -1, 4, -1, -1, -1, -1], [-1, -1, -1, -1, -1, -1, -1, 1, -1, -1, -1, -1, -1, -1], [-1, -1, -1, -1, -1, -1, -1, 2, -1, -1, -1, -1, -1, -1], [-1, -1, -1, -1, -1, -1, -1, 3, -1, -1, -1, -1, -1, -1], [-1, -1, -1, -1, -1, -1, -1, 4, -1, -1, -1, -1, -1, -1], [-1, -1, -1, -1, -1, -1, -1, -1, 0, -1, -1, -1, -1, -1], [-1, -1, -1, -1, -1, -1, -1, -1, 1, -1, -1, -1, -1, -1], [-1, -1, -1, -1, -1, -1, -1, -1, 2, -1, -1, -1, -1, -1], [-1, -1, -1, -1, -1, -1, -1, -1, 3, -1, -1, -1, -1, -1], [-1, -1, -1, -1, -1, -1, -1, -1, 4, -1, -1, -1, -1, -1], [-1, -1, -1, -1, -1, -1, -1, -1, -1, 0, -1, -1, -1, -1], [-1, -1, -1, -1, -1, -1, -1, -1, -1, 1, -1, -1, -1, -1], [-1, -1, -1, -1, -1, -1, -1, -1, -1, 2, -1, -1, -1, -1], [-1, -1, -1, -1, -1, -1, -1, -1, -1, 3, -1, -1, -1, -1], [-1, -1, -1, -1, -1, -1, -1, -1, -1, 4, -1, -1, 1, -1], [-1, -1, -1, -1, -1, -1, -1, -1, -1, -1, 0, -1, -1, -1], [-1, -1, -1, -1, -1, -1, -1, -1, -1, -1, 1, -1, -1, -1], [-1, -1, -1, -1, -1, -1, -1, -1, -1, -1, 2, -1, -1, -1], [-1, -1, -1, -1, -1, -1, -1, -1, -1, -1, 3, -1, -1, -1], [-1, -1, -1, -1, -1, -1, -1, -1, -1, -1, -1, 1, -1, -1], [-1, -1, -1, -1, -1, -1, -1, -1, -1, -1, -1, 2, -1, -1], [-1, -1, -1, -1, -1, -1, -1, -1, -1, -1, -1, -1, 2, -1], [-1, -1, -1, -1, -1, -1, -1, -1, -1, -1, -1, -1, 3, -1], [-1, -1, -1, -1, -1, -1, -1, -1, -1, -1, -1, -1, -1, 1], [-1, -1, -1, -1, -1, -1, -1, -1, -1, -1, -1, -1, -1, 2], [-1, -1, -1, -1, -1, -1, -1, -1, -1, -1, -1, -1, -1, 3], [-1, -1, -1, -1, -1, -1, -1, -1, -1, -1, -1, -1, -1, 4]]
20 55 
 [[0, -1, -1, -1, 0, -1, -1, -1, -1, -1, -1, -1, -1, -1], [0, -1, -1, -1, -1, 0, 4, -1, -1, -1, -1, 0, -1, -1], [0, -1, -1, -1, -1, -1, -1, -1, -1, 4, -1, -1, -1, -1], [1, -1, -1, -1, -1, -1, -1, -1, -1, -1, -1, -1, -1, -1], [-1, 0, -1, -1, 0, -1, -1, -1, -1, -1, -1, -1, -1, -1], [-1, 0, -1, -1, 1, -1, -1, -1, -1, -1, -1, -1, -1, -1], [-1, 0, -1, -1, -1, 0, -1, -1, -1, -1, -1, -1, -1, -1], [-1, 0, -1, -1, -1, -1, 4, -1, -1, -1, -1, 0, -1, -1], [-1, 0, -1, -1, -1, -1, -1, -1, -1, 4, -1, -1, -1, -1], [-1, 1, -1, -1, -1, -1, -1, -1, -1, -1, -1, -1, -1, -1], [-1, -1, 1, -1, -1, -1, -1, -1, -1, -1, -1, -1, -1, -1], [-1, -1, -1, 0, 0, -1, -1, -1, -1, -1, -1, -1, -1, -1], [-1, -1, -1, 0, -1, 0, 4, -1, -1, -1, -1, 0, -1, -1], [-1, -1, -1, 0, -1, -1, -1, -1, -1, 4, -1, -1, -1, -1], [-1, -1, -1, 1, -1, -1, -1, -1, -1, -1, -1, -1, -1, -1], [-1, -1, -1, -1, 0, 0, -1, -1, -1, -1, -1, -1, -1, -1], [-1, -1, -1, -1, 0, -1, 4, -1, -1, -1, -1, -1, -1, -1], [-1, -1, -1, -1, 0, -1, -1, -1, -1, 4, -1, -1, -1, -1], [-1, -1, -1, -1, 0, -1, -1, -1, -1, -1, -1, -1, 1, -1], [-1, -1, -1, -1, 1, 0, -1, -1, -1, -1, -1, -1, -1, -1], [-1, -1, -1, -1, 1, -1, 4, -1, -1, -1, -1, -1, -1, -1], [-1, -1, -1, -1, 1, -1, -1, -1, -1, 4, -1, -1, -1, -1], [-1, -1, -1, -1, 1, -1, -1, -1, -1, -1, -1, 0, -1, -1], [-1, -1, -1, -1, -1, 0, 4, -1, -1, -1, -1, 0, 1, -1], [-1, -1, -1, -1, -1, 0, -1, -1, -1, 4, -1, -1, -1, -1], [-1, -1, -1, -1, -1, 1, -1, -1, -1, -1, -1, -1, -1, -1], [-1, -1, -1, -1, -1, -1, 1, -1, -1, -1, -1, -1, -1, -1], [-1, -1, -1, -1, -1, -1, 2, -1, -1, -1, -1, -1, -1, -1], [-1, -1, -1, -1, -1, -1, 3, -1, -1, -1, -1, -1, -1, -1], [-1, -1, -1, -1, -1, -1, 4, -1, -1, 4, -1, -1, -1, -1], [-1, -1, -1, -1, -1, -1, -1, 1, -1, -1, -1, -1, -1, -1], [-1, -1, -1, -1, -1, -1, -1, 2, -1, -1, -1, -1, -1, -1], [-1, -1, -1, -1, -1, -1, -1, 3, -1, -1, -1, -1, -1, -1], [-1, -1, -1, -1, -1, -1, -1, 4, -1, -1, -1, -1, -1, -1], [-1, -1, -1, -1, -1, -1, -1, -1, 0, -1, -1, -1, -1, -1], [-1, -1, -1, -1, -1, -1, -1, -1, 1, -1, -1, -1, -1, -1], [-1, -1, -1, -1, -1, -1, -1, -1, 2, -1, -1, -1, -1, -1], [-1, -1, -1, -1, -1, -1, -1, -1, 3, -1, -1, -1, -1, -1], [-1, -1, -1, -1, -1, -1, -1, -1, 4, -1, -1, -1, -1, -1], [-1, -1, -1, -1, -1, -1, -1, -1, -1, 0, -1, -1, -1, -1], [-1, -1, -1, -1, -1, -1, -1, -1, -1, 2, -1, -1, -1, -1], [-1, -1, -1, -1, -1, -1, -1, -1, -1, 3, -1, -1, -1, -1], [-1, -1, -1, -1, -1, -1, -1, -1, -1, 4, -1, -1, 1, -1], [-1, -1, -1, -1, -1, -1, -1, -1, -1, -1, 0, -1, -1, -1], [-1, -1, -1, -1, -1, -1, -1, -1, -1, -1, 1, -1, -1, -1], [-1, -1, -1, -1, -1, -1, -1, -1, -1, -1, 2, -1, -1, -1], [-1, -1, -1, -1, -1, -1, -1, -1, -1, -1, 3, -1, -1, -1], [-1, -1, -1, -1, -1, -1, -1, -1, -1, -1, -1, 1, -1, -1], [-1, -1, -1, -1, -1, -1, -1, -1, -1, -1, -1, 2, -1, -1], [-1, -1, -1, -1, -1, -1, -1, -1, -1, -1, -1, -1, 2, -1], [-1, -1, -1, -1, -1, -1, -1, -1, -1, -1, -1, -1, 3, -1], [-1, -1, -1, -1, -1, -1, -1, -1, -1, -1, -1, -1, -1, 1], [-1, -1, -1, -1, -1, -1, -1, -1, -1, -1, -1, -1, -1, 2], [-1, -1, -1, -1, -1, -1, -1, -1, -1, -1, -1, -1, -1, 3], [-1, -1, -1, -1, -1, -1, -1, -1, -1, -1, -1, -1, -1, 4]]
30 50 
 [[0, -1, -1, -1, 0, -1, -1, -1, -1, -1, -1, -1, -1, -1], [0, -1, -1, -1, -1, 0, 4, -1, -1, -1, -1, 0, -1, -1], [0, -1, -1, -1, -1, -1, -1, -1, -1, 4, -1, -1, -1, -1], [1, -1, -1, -1, -1, -1, -1, -1, -1, -1, -1, -1, -1, -1], [-1, 0, -1, -1, 0, -1, -1, -1, -1, -1, -1, -1, -1, -1], [-1, 0, -1, -1, 1, -1, -1, -1, -1, -1, -1, -1, -1, -1], [-1, 0, -1, -1, -1, 0, -1, -1, -1, -1, -1, -1, -1, -1], [-1, 0, -1, -1, -1, -1, 4, -1, -1, -1, -1, 0, -1, -1], [-1, 0, -1, -1, -1, -1, -1, -1, -1, 4, -1, -1, -1, -1], [-1, 1, -1, -1, -1, -1, -1, -1, -1, -1, -1, -1, -1, -1], [-1, -1, -1, 0, 0, -1, -1, -1, -1, -1, -1, -1, -1, -1], [-1, -1, -1, 0, -1, 0, 4, -1, -1, -1, -1, 0, -1, -1], [-1, -1, -1, 0, -1, -1, -1, -1, -1, 4, -1, -1, -1, -1], [-1, -1, -1, 1, -1, -1, -1, -1, -1, -1, -1, -1, -1, -1], [-1, -1, -1, -1, 0, 0, -1, -1, -1, -1, -1, -1, -1, -1], [-1, -1, -1, -1, 0, -1, 4, -1, -1, -1, -1, -1, -1, -1], [-1, -1, -1, -1, 0, -1, -1, -1, -1, 4, -1, -1, -1, -1], [-1, -1, -1, -1, 0, -1, -1, -1, -1, -1, -1, -1, 1, -1], [-1, -1, -1, -1, 1, 0, -1, -1, -1, -1, -1, -1, -1, -1], [-1, -1, -1, -1, 1, -1, 4, -1, -1, -1, -1, -1, -1, -1], [-1, -1, -1, -1, 1, -1, -1, -1, -1, 4, -1, -1, -1, -1], [-1, -1, -1, -1, 1, -1, -1, -1, -1, -1, -1, 0, -1, -1], [-1, -1, -1, -1, -1, 0, 4, -1, -1, -1, -1, 0, 1, -1], [-1, -1, -1, -1, -1, 0, -1, -1, -1, 4, -1, -1, -1, -1], [-1, -1, -1, -1, -1, 1, -1, -1, -1, -1, -1, -1, -1, -1], [-1, -1, -1, -1, -1, -1, 1, -1, -1, -1, -1, -1, -1, -1], [-1, -1, -1, -1, -1, -1, 2, -1, -1, -1, -1, -1, -1, -1], [-1, -1, -1, -1, -1, -1, 3, -1, -1, -1, -1, -1, -1, -1], [-1, -1, -1, -1, -1, -1, 4, -1, -1, 4, -1, -1, -1, -1], [-1, -1, -1, -1, -1, -1, -1, 1, -1, -1, -1, -1, -1, -1], [-1, -1, -1, -1, -1, -1, -1, 2, -1, -1, -1, -1, -1, -1], [-1, -1, -1, -1, -1, -1, -1, 3, -1, -1, -1, -1, -1, -1], [-1, -1, -1, -1, -1, -1, -1, 4, -1, -1, -1, -1, -1, -1], [-1, -1, -1, -1, -1, -1, -1, -1, 0, -1, -1, -1, -1, -1], [-1, -1, -1, -1, -1, -1, -1, -1, 1, -1, -1, -1, -1, -1], [-1, -1, -1, -1, -1, -1, -1, -1, 2, -1, -1, -1, -1, -1], [-1, -1, -1, -1, -1, -1, -1, -1, 3, -1, -1, -1, -1, -1], [-1, -1, -1, -1, -1, -1, -1, -1, 4, -1, -1, -1, -1, -1], [-1, -1, -1, -1, -1, -1, -1, -1, -1, 2, -1, -1, -1, -1], [-1, -1, -1, -1, -1, -1, -1, -1, -1, 4, -1, -1, 1, -1], [-1, -1, -1, -1, -1, -1, -1, -1, -1, -1, 0, -1, -1, -1], [-1, -1, -1, -1, -1, -1, -1, -1, -1, -1, 1, -1, -1, -1], [-1, -1, -1, -1, -1, -1, -1, -1, -1, -1, 2, -1, -1, -1], [-1, -1, -1, -1, -1, -1, -1, -1, -1, -1, 3, -1, -1, -1], [-1, -1, -1, -1, -1, -1, -1, -1, -1, -1, -1, 1, -1, -1], [-1, -1, -1, -1, -1, -1, -1, -1, -1, -1, -1, 2, -1, -1], [-1, -1, -1, -1, -1, -1, -1, -1, -1, -1, -1, -1, 2, -1], [-1, -1, -1, -1, -1, -1, -1, -1, -1, -1, -1, -1, -1, 1], [-1, -1, -1, -1, -1, -1, -1, -1, -1, -1, -1, -1, -1, 2], [-1, -1, -1, -1, -1, -1, -1, -1, -1, -1, -1, -1, -1, 3]]
40 46 
 [[0, -1, -1, -1, 0, -1, -1, -1, -1, -1, -1, -1, -1, -1], [0, -1, -1, -1, -1, 0, 4, -1, -1, -1, -1, 0, -1, -1], [0, -1, -1, -1, -1, -1, -1, -1, -1, 4, -1, -1, -1, -1], [1, -1, -1, -1, -1, -1, -1, -1, -1, -1, -1, -1, -1, -1], [-1, 0, -1, -1, 0, -1, -1, -1, -1, -1, -1, -1, -1, -1], [-1, 0, -1, -1, 1, -1, -1, -1, -1, -1, -1, -1, -1, -1], [-1, 0, -1, -1, -1, 0, -1, -1, -1, -1, -1, -1, -1, -1], [-1, 0, -1, -1, -1, -1, 4, -1, -1, -1, -1, 0, -1, -1], [-1, 0, -1, -1, -1, -1, -1, -1, -1, 4, -1, -1, -1, -1], [-1, 1, -1, -1, -1, -1, -1, -1, -1, -1, -1, -1, -1, -1], [-1, -1, -1, 0, 0, -1, -1, -1, -1, -1, -1, -1, -1, -1], [-1, -1, -1, 0, -1, 0, 4, -1, -1, -1, -1, 0, -1, -1], [-1, -1, -1, 0, -1, -1, -1, -1, -1, 4, -1, -1, -1, -1], [-1, -1, -1, 1, -1, -1, -1, -1, -1, -1, -1, -1, -1, -1], [-1, -1, -1, -1, 0, 0, -1, -1, -1, -1, -1, -1, -1, -1], [-1, -1, -1, -1, 0, -1, -1, -1, -1, 4, -1, -1, -1, -1], [-1, -1, -1, -1, 0, -1, -1, -1, -1, -1, -1, -1, 1, -1], [-1, -1, -1, -1, 1, 0, -1, -1, -1, -1, -1, -1, -1, -1], [-1, -1, -1, -1, 1, -1, 4, -1, -1, -1, -1, -1, -1, -1], [-1, -1, -1, -1, 1, -1, -1, -1, -1, 4, -1, -1, -1, -1], [-1, -1, -1, -1, 1, -1, -1, -1, -1, -1, -1, 0, -1, -1], [-1, -1, -1, -1, -1, 0, 4, -1, -1, -1, -1, 0, 1, -1], [-1, -1, -1, -1, -1, 0, -1, -1, -1, 4, -1, -1, -1, -1], [-1, -1, -1, -1, -1, 1, -1, -1, -1, -1, -1, -1, -1, -1], [-1, -1, -1, -1, -1, -1, 1, -1, -1, -1, -1, -1, -1, -1], [-1, -1, -1, -1, -1, -1, 2, -1, -1, -1, -1, -1, -1, -1], [-1, -1, -1, -1, -1, -1, 3, -1, -1, -1, -1, -1, -1, -1], [-1, -1, -1, -1, -1, -1, 4, -1, -1, 4, -1, -1, -1, -1], [-1, -1, -1, -1, -1, -1, -1, 1, -1, -1, -1, -1, -1, -1], [-1, -1, -1, -1, -1, -1, -1, 2, -1, -1, -1, -1, -1, -1], [-1, -1, -1, -1, -1, -1, -1, 3, -1, -1, -1, -1, -1, -1], [-1, -1, -1, -1, -1, -1, -1, 4, -1, -1, -1, -1, -1, -1], [-1, -1, -1, -1, -1, -1, -1, -1, 0, -1, -1, -1, -1, -1], [-1, -1, -1, -1, -1, -1, -1, -1, 2, -1, -1, -1, -1, -1], [-1, -1, -1, -1, -1, -1, -1, -1, 3, -1, -1, -1, -1, -1], [-1, -1, -1, -1, -1, -1, -1, -1, 4, -1, -1, -1, -1, -1], [-1, -1, -1, -1, -1, -1, -1, -1, -1, 2, -1, -1, -1, -1], [-1, -1, -1, -1, -1, -1, -1, -1, -1, 4, -1, -1, 1, -1], [-1, -1, -1, -1, -1, -1, -1, -1, -1, -1, 0, -1, -1, -1], [-1, -1, -1, -1, -1, -1, -1, -1, -1, -1, 1, -1, -1, -1], [-1, -1, -1, -1, -1, -1, -1, -1, -1, -1, 2, -1, -1, -1], [-1, -1, -1, -1, -1, -1, -1, -1, -1, -1, -1, 1, -1, -1], [-1, -1, -1, -1, -1, -1, -1, -1, -1, -1, -1, -1, 2, -1], [-1, -1, -1, -1, -1, -1, -1, -1, -1, -1, -1, -1, -1, 1], [-1, -1, -1, -1, -1, -1, -1, -1, -1, -1, -1, -1, -1, 2], [-1, -1, -1, -1, -1, -1, -1, -1, -1, -1, -1, -1, -1, 3]]
50 44 
 [[0, -1, -1, -1, 0, -1, -1, -1, -1, -1, -1, -1, -1, -1], [0, -1, -1, -1, -1, 0, 4, -1, -1, -1, -1, 0, -1, -1], [0, -1, -1, -1, -1, -1, -1, -1, -1, 4, -1, -1, -1, -1], [-1, 0, -1, -1, 0, -1, -1, -1, -1, -1, -1, -1, -1, -1], [-1, 0, -1, -1, 1, -1, -1, -1, -1, -1, -1, -1, -1, -1], [-1, 0, -1, -1, -1, 0, -1, -1, -1, -1, -1, -1, -1, -1], [-1, 0, -1, -1, -1, -1, 4, -1, -1, -1, -1, 0, -1, -1], [-1, 0, -1, -1, -1, -1, -1, -1, -1, 4, -1, -1, -1, -1], [-1, 1, -1, -1, -1, -1, -1, -1, -1, -1, -1, -1, -1, -1], [-1, -1, -1, 0, 0, -1, -1, -1, -1, -1, -1, -1, -1, -1], [-1, -1, -1, 0, -1, 0, 4, -1, -1, -1, -1, 0, -1, -1], [-1, -1, -1, 0, -1, -1, -1, -1, -1, 4, -1, -1, -1, -1], [-1, -1, -1, 1, -1, -1, -1, -1, -1, -1, -1, -1, -1, -1], [-1, -1, -1, -1, 0, 0, -1, -1, -1, -1, -1, -1, -1, -1], [-1, -1, -1, -1, 0, -1, -1, -1, -1, 4, -1, -1, -1, -1], [-1, -1, -1, -1, 0, -1, -1, -1, -1, -1, -1, -1, 1, -1], [-1, -1, -1, -1, 1, 0, -1, -1, -1, -1, -1, -1, -1, -1], [-1, -1, -1, -1, 1, -1, 4, -1, -1, -1, -1, -1, -1, -1], [-1, -1, -1, -1, 1, -1, -1, -1, -1, 4, -1, -1, -1, -1], [-1, -1, -1, -1, 1, -1, -1, -1, -1, -1, -1, 0, -1, -1], [-1, -1, -1, -1, -1, 0, 4, -1, -1, -1, -1, 0, 1, -1], [-1, -1, -1, -1, -1, 0, -1, -1, -1, 4, -1, -1, -1, -1], [-1, -1, -1, -1, -1, -1, 1, -1, -1, -1, -1, -1, -1, -1], [-1, -1, -1, -1, -1, -1, 2, -1, -1, -1, -1, -1, -1, -1], [-1, -1, -1, -1, -1, -1, 3, -1, -1, -1, -1, -1, -1, -1], [-1, -1, -1, -1, -1, -1, 4, -1, -1, 4, -1, -1, -1, -1], [-1, -1, -1, -1, -1, -1, -1, 1, -1, -1, -1, -1, -1, -1], [-1, -1, -1, -1, -1, -1, -1, 2, -1, -1, -1, -1, -1, -1], [-1, -1, -1, -1, -1, -1, -1, 3, -1, -1, -1, -1, -1, -1], [-1, -1, -1, -1, -1, -1, -1, 4, -1, -1, -1, -1, -1, -1], [-1, -1, -1, -1, -1, -1, -1, -1, 0, -1, -1, -1, -1, -1], [-1, -1, -1, -1, -1, -1, -1, -1, 2, -1, -1, -1, -1, -1], [-1, -1, -1, -1, -1, -1, -1, -1, 3, -1, -1, -1, -1, -1], [-1, -1, -1, -1, -1, -1, -1, -1, 4, -1, -1, -1, -1, -1], [-1, -1, -1, -1, -1, -1, -1, -1, -1, 2, -1, -1, -1, -1], [-1, -1, -1, -1, -1, -1, -1, -1, -1, 4, -1, -1, 1, -1], [-1, -1, -1, -1, -1, -1, -1, -1, -1, -1, 0, -1, -1, -1], [-1, -1, -1, -1, -1, -1, -1, -1, -1, -1, 1, -1, -1, -1], [-1, -1, -1, -1, -1, -1, -1, -1, -1, -1, 2, -1, -1, -1], [-1, -1, -1, -1, -1, -1, -1, -1, -1, -1, -1, 1, -1, -1], [-1, -1, -1, -1, -1, -1, -1, -1, -1, -1, -1, -1, 2, -1], [-1, -1, -1, -1, -1, -1, -1, -1, -1, -1, -1, -1, -1, 1], [-1, -1, -1, -1, -1, -1, -1, -1, -1, -1, -1, -1, -1, 2], [-1, -1, -1, -1, -1, -1, -1, -1, -1, -1, -1, -1, -1, 3]]
60 39 
 [[0, -1, -1, -1, 0, -1, -1, -1, -1, -1, -1, -1, -1, -1], [0, -1, -1, -1, -1, 0, 4, -1, -1, -1, -1, 0, -1, -1], [0, -1, -1, -1, -1, -1, -1, -1, -1, 4, -1, -1, -1, -1], [-1, 0, -1, -1, 0, -1, -1, -1, -1, -1, -1, -1, -1, -1], [-1, 0, -1, -1, 1, -1, -1, -1, -1, -1, -1, -1, -1, -1], [-1, 0, -1, -1, -1, 0, -1, -1, -1, -1, -1, -1, -1, -1], [-1, 0, -1, -1, -1, -1, -1, -1, -1, 4, -1, -1, -1, -1], [-1, 1, -1, -1, -1, -1, -1, -1, -1, -1, -1, -1, -1, -1], [-1, -1, -1, 0, 0, -1, -1, -1, -1, -1, -1, -1, -1, -1], [-1, -1, -1, 0, -1, 0, 4, -1, -1, -1, -1, 0, -1, -1], [-1, -1, -1, 0, -1, -1, -1, -1, -1, 4, -1, -1, -1, -1], [-1, -1, -1, 1, -1, -1, -1, -1, -1, -1, -1, -1, -1, -1], [-1, -1, -1, -1, 0, 0, -1, -1, -1, -1, -1, -1, -1, -1], [-1, -1, -1, -1, 0, -1, -1, -1, -1, 4, -1, -1, -1, -1], [-1, -1, -1, -1, 0, -1, -1, -1, -1, -1, -1, -1, 1, -1], [-1, -1, -1, -1, 1, 0, -1, -1, -1, -1, -1, -1, -1, -1], [-1, -1, -1, -1, 1, -1, 4, -1, -1, -1, -1, -1, -1, -1], [-1, -1, -1, -1, 1, -1, -1, -1, -1, 4, -1, -1, -1, -1], [-1, -1, -1, -1, 1, -1, -1, -1, -1, -1, -1, 0, -1, -1], [-1, -1, -1, -1, -1, 0, 4, -1, -1, -1, -1, 0, 1, -1], [-1, -1, -1, -1, -1, 0, -1, -1, -1, 4, -1, -1, -1, -1], [-1, -1, -1, -1, -1, -1, 2, -1, -1, -1, -1, -1, -1, -1], [-1, -1, -1, -1, -1, -1, 3, -1, -1, -1, -1, -1, -1, -1], [-1, -1, -1, -1, -1, -1, -1, 1, -1, -1, -1, -1, -1, -1], [-1, -1, -1, -1, -1, -1, -1, 2, -1, -1, -1, -1, -1, -1], [-1, -1, -1, -1, -1, -1, -1, 3, -1, -1, -1, -1, -1, -1], [-1, -1, -1, -1, -1, -1, -1, 4, -1, -1, -1, -1, -1, -1], [-1, -1, -1, -1, -1, -1, -1, -1, 2, -1, -1, -1, -1, -1], [-1, -1, -1, -1, -1, -1, -1, -1, 4, -1, -1, -1, -1, -1], [-1, -1, -1, -1, -1, -1, -1, -1, -1, 2, -1, -1, -1, -1], [-1, -1, -1, -1, -1, -1, -1, -1, -1, 4, -1, -1, 1, -1], [-1, -1, -1, -1, -1, -1, -1, -1, -1, -1, 0, -1, -1, -1], [-1, -1, -1, -1, -1, -1, -1, -1, -1, -1, 1, -1, -1, -1], [-1, -1, -1, -1, -1, -1, -1, -1, -1, -1, 2, -1, -1, -1], [-1, -1, -1, -1, -1, -1, -1, -1, -1, -1, -1, 1, -1, -1], [-1, -1, -1, -1, -1, -1, -1, -1, -1, -1, -1, -1, 2, -1], [-1, -1, -1, -1, -1, -1, -1, -1, -1, -1, -1, -1, -1, 1], [-1, -1, -1, -1, -1, -1, -1, -1, -1, -1, -1, -1, -1, 2], [-1, -1, -1, -1, -1, -1, -1, -1, -1, -1, -1, -1, -1, 3]]
70 34 
 [[0, -1, -1, -1, 0, -1, -1, -1, -1, -1, -1, -1, -1, -1], [0, -1, -1, -1, -1, 0, 4, -1, -1, -1, -1, 0, -1, -1], [0, -1, -1, -1, -1, -1, -1, -1, -1, 4, -1, -1, -1, -1], [-1, 0, -1, -1, 1, -1, -1, -1, -1, -1, -1, -1, -1, -1], [-1, 0, -1, -1, -1, 0, -1, -1, -1, -1, -1, -1, -1, -1], [-1, 0, -1, -1, -1, -1, -1, -1, -1, 4, -1, -1, -1, -1], [-1, 1, -1, -1, -1, -1, -1, -1, -1, -1, -1, -1, -1, -1], [-1, -1, -1, 0, 0, -1, -1, -1, -1, -1, -1, -1, -1, -1], [-1, -1, -1, 0, -1, 0, 4, -1, -1, -1, -1, 0, -1, -1], [-1, -1, -1, 0, -1, -1, -1, -1, -1, 4, -1, -1, -1, -1], [-1, -1, -1, 1, -1, -1, -1, -1, -1, -1, -1, -1, -1, -1], [-1, -1, -1, -1, 0, 0, -1, -1, -1, -1, -1, -1, -1, -1], [-1, -1, -1, -1, 1, 0, -1, -1, -1, -1, -1, -1, -1, -1], [-1, -1, -1, -1, 1, -1, 4, -1, -1, -1, -1, -1, -1, -1], [-1, -1, -1, -1, 1, -1, -1, -1, -1, 4, -1, -1, -1, -1], [-1, -1, -1, -1, 1, -1, -1, -1, -1, -1, -1, 0, -1, -1], [-1, -1, -1, -1, -1, 0, -1, -1, -1, 4, -1, -1, -1, -1], [-1, -1, -1, -1, -1, -1, 2, -1, -1, -1, -1, -1, -1, -1], [-1, -1, -1, -1, -1, -1, 3, -1, -1, -1, -1, -1, -1, -1], [-1, -1, -1, -1, -1, -1, -1, 1, -1, -1, -1, -1, -1, -1], [-1, -1, -1, -1, -1, -1, -1, 2, -1, -1, -1, -1, -1, -1], [-1, -1, -1, -1, -1, -1, -1, 3, -1, -1, -1, -1, -1, -1], [-1, -1, -1, -1, -1, -1, -1, 4, -1, -1, -1, -1, -1, -1], [-1, -1, -1, -1, -1, -1, -1, -1, 2, -1, -1, -1, -1, -1], [-1, -1, -1, -1, -1, -1, -1, -1, 4, -1, -1, -1, -1, -1], [-1, -1, -1, -1, -1, -1, -1, -1, -1, 2, -1, -1, -1, -1], [-1, -1, -1, -1, -1, -1, -1, -1, -1, 4, -1, -1, 1, -1], [-1, -1, -1, -1, -1, -1, -1, -1, -1, -1, 0, -1, -1, -1], [-1, -1, -1, -1, -1, -1, -1, -1, -1, -1, 1, -1, -1, -1], [-1, -1, -1, -1, -1, -1, -1, -1, -1, -1, 2, -1, -1, -1], [-1, -1, -1, -1, -1, -1, -1, -1, -1, -1, -1, 1, -1, -1], [-1, -1, -1, -1, -1, -1, -1, -1, -1, -1, -1, -1, 2, -1], [-1, -1, -1, -1, -1, -1, -1, -1, -1, -1, -1, -1, -1, 1], [-1, -1, -1, -1, -1, -1, -1, -1, -1, -1, -1, -1, -1, 2]]
80 33 
 [[0, -1, -1, -1, 0, -1, -1, -1, -1, -1, -1, -1, -1, -1], [0, -1, -1, -1, -1, 0, 4, -1, -1, -1, -1, 0, -1, -1], [0, -1, -1, -1, -1, -1, -1, -1, -1, 4, -1, -1, -1, -1], [-1, 0, -1, -1, 1, -1, -1, -1, -1, -1, -1, -1, -1, -1], [-1, 0, -1, -1, -1, 0, -1, -1, -1, -1, -1, -1, -1, -1], [-1, 0, -1, -1, -1, -1, -1, -1, -1, 4, -1, -1, -1, -1], [-1, 1, -1, -1, -1, -1, -1, -1, -1, -1, -1, -1, -1, -1], [-1, -1, -1, 0, 0, -1, -1, -1, -1, -1, -1, -1, -1, -1], [-1, -1, -1, 0, -1, -1, -1, -1, -1, 4, -1, -1, -1, -1], [-1, -1, -1, 1, -1, -1, -1, -1, -1, -1, -1, -1, -1, -1], [-1, -1, -1, -1, 0, 0, -1, -1, -1, -1, -1, -1, -1, -1], [-1, -1, -1, -1, 1, 0, -1, -1, -1, -1, -1, -1, -1, -1], [-1, -1, -1, -1, 1, -1, 4, -1, -1, -1, -1, -1, -1, -1], [-1, -1, -1, -1, 1, -1, -1, -1, -1, 4, -1, -1, -1, -1], [-1, -1, -1, -1, 1, -1, -1, -1, -1, -1, -1, 0, -1, -1], [-1, -1, -1, -1, -1, 0, -1, -1, -1, 4, -1, -1, -1, -1], [-1, -1, -1, -1, -1, -1, 2, -1, -1, -1, -1, -1, -1, -1], [-1, -1, -1, -1, -1, -1, 3, -1, -1, -1, -1, -1, -1, -1], [-1, -1, -1, -1, -1, -1, -1, 1, -1, -1, -1, -1, -1, -1], [-1, -1, -1, -1, -1, -1, -1, 2, -1, -1, -1, -1, -1, -1], [-1, -1, -1, -1, -1, -1, -1, 3, -1, -1, -1, -1, -1, -1], [-1, -1, -1, -1, -1, -1, -1, 4, -1, -1, -1, -1, -1, -1], [-1, -1, -1, -1, -1, -1, -1, -1, 2, -1, -1, -1, -1, -1], [-1, -1, -1, -1, -1, -1, -1, -1, 4, -1, -1, -1, -1, -1], [-1, -1, -1, -1, -1, -1, -1, -1, -1, 2, -1, -1, -1, -1], [-1, -1, -1, -1, -1, -1, -1, -1, -1, 4, -1, -1, 1, -1], [-1, -1, -1, -1, -1, -1, -1, -1, -1, -1, 0, -1, -1, -1], [-1, -1, -1, -1, -1, -1, -1, -1, -1, -1, 1, -1, -1, -1], [-1, -1, -1, -1, -1, -1, -1, -1, -1, -1, 2, -1, -1, -1], [-1, -1, -1, -1, -1, -1, -1, -1, -1, -1, -1, 1, -1, -1], [-1, -1, -1, -1, -1, -1, -1, -1, -1, -1, -1, -1, 2, -1], [-1, -1, -1, -1, -1, -1, -1, -1, -1, -1, -1, -1, -1, 1], [-1, -1, -1, -1, -1, -1, -1, -1, -1, -1, -1, -1, -1, 2]]
90 30 
 [[0, -1, -1, -1, 0, -1, -1, -1, -1, -1, -1, -1, -1, -1], [0, -1, -1, -1, -1, -1, -1, -1, -1, 4, -1, -1, -1, -1], [-1, 0, -1, -1, 1, -1, -1, -1, -1, -1, -1, -1, -1, -1], [-1, 0, -1, -1, -1, 0, -1, -1, -1, -1, -1, -1, -1, -1], [-1, 0, -1, -1, -1, -1, -1, -1, -1, 4, -1, -1, -1, -1], [-1, 1, -1, -1, -1, -1, -1, -1, -1, -1, -1, -1, -1, -1], [-1, -1, -1, 0, 0, -1, -1, -1, -1, -1, -1, -1, -1, -1], [-1, -1, -1, 0, -1, -1, -1, -1, -1, 4, -1, -1, -1, -1], [-1, -1, -1, -1, 0, 0, -1, -1, -1, -1, -1, -1, -1, -1], [-1, -1, -1, -1, 1, 0, -1, -1, -1, -1, -1, -1, -1, -1], [-1, -1, -1, -1, 1, -1, 4, -1, -1, -1, -1, -1, -1, -1], [-1, -1, -1, -1, 1, -1, -1, -1, -1, 4, -1, -1, -1, -1], [-1, -1, -1, -1, 1, -1, -1, -1, -1, -1, -1, 0, -1, -1], [-1, -1, -1, -1, -1, 0, -1, -1, -1, 4, -1, -1, -1, -1], [-1, -1, -1, -1, -1, -1, 2, -1, -1, -1, -1, -1, -1, -1], [-1, -1, -1, -1, -1, -1, 3, -1, -1, -1, -1, -1, -1, -1], [-1, -1, -1, -1, -1, -1, -1, 2, -1, -1, -1, -1, -1, -1], [-1, -1, -1, -1, -1, -1, -1, 3, -1, -1, -1, -1, -1, -1], [-1, -1, -1, -1, -1, -1, -1, 4, -1, -1, -1, -1, -1, -1], [-1, -1, -1, -1, -1, -1, -1, -1, 2, -1, -1, -1, -1, -1], [-1, -1, -1, -1, -1, -1, -1, -1, 4, -1, -1, -1, -1, -1], [-1, -1, -1, -1, -1, -1, -1, -1, -1, 2, -1, -1, -1, -1], [-1, -1, -1, -1, -1, -1, -1, -1, -1, 4, -1, -1, 1, -1], [-1, -1, -1, -1, -1, -1, -1, -1, -1, -1, 0, -1, -1, -1], [-1, -1, -1, -1, -1, -1, -1, -1, -1, -1, 1, -1, -1, -1], [-1, -1, -1, -1, -1, -1, -1, -1, -1, -1, 2, -1, -1, -1], [-1, -1, -1, -1, -1, -1, -1, -1, -1, -1, -1, 1, -1, -1], [-1, -1, -1, -1, -1, -1, -1, -1, -1, -1, -1, -1, 2, -1], [-1, -1, -1, -1, -1, -1, -1, -1, -1, -1, -1, -1, -1, 1], [-1, -1, -1, -1, -1, -1, -1, -1, -1, -1, -1, -1, -1, 2]]
100 23 
 [[0, -1, -1, -1, -1, -1, -1, -1, -1, 4, -1, -1, -1, -1], [-1, 0, -1, -1, 1, -1, -1, -1, -1, -1, -1, -1, -1, -1], [-1, 0, -1, -1, -1, 0, -1, -1, -1, -1, -1, -1, -1, -1], [-1, 0, -1, -1, -1, -1, -1, -1, -1, 4, -1, -1, -1, -1], [-1, 1, -1, -1, -1, -1, -1, -1, -1, -1, -1, -1, -1, -1], [-1, -1, -1, 0, -1, -1, -1, -1, -1, 4, -1, -1, -1, -1], [-1, -1, -1, -1, 1, 0, -1, -1, -1, -1, -1, -1, -1, -1], [-1, -1, -1, -1, 1, -1, -1, -1, -1, 4, -1, -1, -1, -1], [-1, -1, -1, -1, 1, -1, -1, -1, -1, -1, -1, 0, -1, -1], [-1, -1, -1, -1, -1, 0, -1, -1, -1, 4, -1, -1, -1, -1], [-1, -1, -1, -1, -1, -1, 2, -1, -1, -1, -1, -1, -1, -1], [-1, -1, -1, -1, -1, -1, -1, 2, -1, -1, -1, -1, -1, -1], [-1, -1, -1, -1, -1, -1, -1, 3, -1, -1, -1, -1, -1, -1], [-1, -1, -1, -1, -1, -1, -1, -1, 2, -1, -1, -1, -1, -1], [-1, -1, -1, -1, -1, -1, -1, -1, 4, -1, -1, -1, -1, -1], [-1, -1, -1, -1, -1, -1, -1, -1, -1, 2, -1, -1, -1, -1], [-1, -1, -1, -1, -1, -1, -1, -1, -1, 4, -1, -1, 1, -1], [-1, -1, -1, -1, -1, -1, -1, -1, -1, -1, 0, -1, -1, -1], [-1, -1, -1, -1, -1, -1, -1, -1, -1, -1, 1, -1, -1, -1], [-1, -1, -1, -1, -1, -1, -1, -1, -1, -1, 2, -1, -1, -1], [-1, -1, -1, -1, -1, -1, -1, -1, -1, -1, -1, -1, 2, -1], [-1, -1, -1, -1, -1, -1, -1, -1, -1, -1, -1, -1, -1, 1], [-1, -1, -1, -1, -1, -1, -1, -1, -1, -1, -1, -1, -1, 2]]


number of patterns found, upperbound
10 11 
 [[0, -1, 0, 0, -1, 0, -1, -1, -1, -1, -1, -1, 1, -1], [0, -1, 0, -1, -1, 0, -1, -1, -1, -1, -1, 0, -1, -1], [0, 0, 0, -1, -1, -1, -1, -1, -1, -1, -1, -1, -1, -1], [0, -1, 0, 0, -1, -1, -1, -1, -1, -1, -1, 0, -1, -1], [0, -1, 0, -1, 1, -1, -1, -1, -1, -1, -1, -1, 1, -1], [0, -1, 0, -1, -1, -1, 4, -1, -1, -1, -1, -1, -1, -1], [-1, -1, 0, -1, -1, 0, 4, -1, -1, -1, -1, -1, -1, -1], [0, -1, 0, 0, 1, 0, -1, -1, -1, -1, -1, -1, -1, -1], [0, -1, 0, -1, -1, -1, -1, -1, -1, -1, -1, 0, 1, -1], [-1, 0, -1, 0, -1, -1, -1, -1, -1, -1, -1, -1, -1, -1], [0, -1, -1, 0, 1, -1, -1, -1, -1, -1, -1, -1, 1, -1]]
20 11 
 [[0, -1, 0, 0, -1, 0, -1, -1, -1, -1, -1, -1, 1, -1], [0, -1, 0, -1, -1, 0, -1, -1, -1, -1, -1, 0, -1, -1], [0, 0, 0, -1, -1, -1, -1, -1, -1, -1, -1, -1, -1, -1], [0, -1, 0, 0, -1, -1, -1, -1, -1, -1, -1, 0, -1, -1], [0, -1, 0, -1, 1, -1, -1, -1, -1, -1, -1, -1, 1, -1], [0, -1, 0, -1, -1, -1, 4, -1, -1, -1, -1, -1, -1, -1], [-1, -1, 0, -1, -1, 0, 4, -1, -1, -1, -1, -1, -1, -1], [0, -1, 0, 0, 1, 0, -1, -1, -1, -1, -1, -1, -1, -1], [0, -1, 0, -1, -1, -1, -1, -1, -1, -1, -1, 0, 1, -1], [-1, 0, -1, 0, -1, -1, -1, -1, -1, -1, -1, -1, -1, -1], [0, -1, -1, 0, 1, -1, -1, -1, -1, -1, -1, -1, 1, -1]]
30 11 
 [[0, -1, 0, 0, -1, 0, -1, -1, -1, -1, -1, -1, 1, -1], [0, -1, 0, -1, -1, 0, -1, -1, -1, -1, -1, 0, -1, -1], [0, 0, 0, -1, -1, -1, -1, -1, -1, -1, -1, -1, -1, -1], [0, -1, 0, 0, -1, -1, -1, -1, -1, -1, -1, 0, -1, -1], [0, -1, 0, -1, 1, -1, -1, -1, -1, -1, -1, -1, 1, -1], [0, -1, 0, -1, -1, -1, 4, -1, -1, -1, -1, -1, -1, -1], [-1, -1, 0, -1, -1, 0, 4, -1, -1, -1, -1, -1, -1, -1], [0, -1, 0, 0, 1, 0, -1, -1, -1, -1, -1, -1, -1, -1], [0, -1, 0, -1, -1, -1, -1, -1, -1, -1, -1, 0, 1, -1], [-1, 0, -1, 0, -1, -1, -1, -1, -1, -1, -1, -1, -1, -1], [0, -1, -1, 0, 1, -1, -1, -1, -1, -1, -1, -1, 1, -1]]
40 11 
 [[0, -1, 0, 0, -1, 0, -1, -1, -1, -1, -1, -1, 1, -1], [0, -1, 0, -1, -1, 0, -1, -1, -1, -1, -1, 0, -1, -1], [0, 0, 0, -1, -1, -1, -1, -1, -1, -1, -1, -1, -1, -1], [0, -1, 0, 0, -1, -1, -1, -1, -1, -1, -1, 0, -1, -1], [0, -1, 0, -1, 1, -1, -1, -1, -1, -1, -1, -1, 1, -1], [0, -1, 0, -1, -1, -1, 4, -1, -1, -1, -1, -1, -1, -1], [-1, -1, 0, -1, -1, 0, 4, -1, -1, -1, -1, -1, -1, -1], [0, -1, 0, 0, 1, 0, -1, -1, -1, -1, -1, -1, -1, -1], [0, -1, 0, -1, -1, -1, -1, -1, -1, -1, -1, 0, 1, -1], [-1, 0, -1, 0, -1, -1, -1, -1, -1, -1, -1, -1, -1, -1], [0, -1, -1, 0, 1, -1, -1, -1, -1, -1, -1, -1, 1, -1]]
50 11 
 [[0, -1, 0, 0, -1, 0, -1, -1, -1, -1, -1, -1, 1, -1], [0, -1, 0, -1, -1, 0, -1, -1, -1, -1, -1, 0, -1, -1], [0, 0, 0, -1, -1, -1, -1, -1, -1, -1, -1, -1, -1, -1], [0, -1, 0, 0, -1, -1, -1, -1, -1, -1, -1, 0, -1, -1], [0, -1, 0, -1, 1, -1, -1, -1, -1, -1, -1, -1, 1, -1], [0, -1, 0, -1, -1, -1, 4, -1, -1, -1, -1, -1, -1, -1], [-1, -1, 0, -1, -1, 0, 4, -1, -1, -1, -1, -1, -1, -1], [0, -1, 0, 0, 1, 0, -1, -1, -1, -1, -1, -1, -1, -1], [0, -1, 0, -1, -1, -1, -1, -1, -1, -1, -1, 0, 1, -1], [-1, 0, -1, 0, -1, -1, -1, -1, -1, -1, -1, -1, -1, -1], [0, -1, -1, 0, 1, -1, -1, -1, -1, -1, -1, -1, 1, -1]]
60 11 
 [[0, -1, 0, 0, -1, 0, -1, -1, -1, -1, -1, -1, 1, -1], [0, -1, 0, -1, -1, 0, -1, -1, -1, -1, -1, 0, -1, -1], [0, 0, 0, -1, -1, -1, -1, -1, -1, -1, -1, -1, -1, -1], [0, -1, 0, 0, -1, -1, -1, -1, -1, -1, -1, 0, -1, -1], [0, -1, 0, -1, 1, -1, -1, -1, -1, -1, -1, -1, 1, -1], [0, -1, 0, -1, -1, -1, 4, -1, -1, -1, -1, -1, -1, -1], [-1, -1, 0, -1, -1, 0, 4, -1, -1, -1, -1, -1, -1, -1], [0, -1, 0, 0, 1, 0, -1, -1, -1, -1, -1, -1, -1, -1], [0, -1, 0, -1, -1, -1, -1, -1, -1, -1, -1, 0, 1, -1], [-1, 0, -1, 0, -1, -1, -1, -1, -1, -1, -1, -1, -1, -1], [0, -1, -1, 0, 1, -1, -1, -1, -1, -1, -1, -1, 1, -1]]
70 11 
 [[0, -1, 0, 0, -1, 0, -1, -1, -1, -1, -1, -1, 1, -1], [0, -1, 0, -1, -1, 0, -1, -1, -1, -1, -1, 0, -1, -1], [0, 0, 0, -1, -1, -1, -1, -1, -1, -1, -1, -1, -1, -1], [0, -1, 0, 0, -1, -1, -1, -1, -1, -1, -1, 0, -1, -1], [0, -1, 0, -1, 1, -1, -1, -1, -1, -1, -1, -1, 1, -1], [0, -1, 0, -1, -1, -1, 4, -1, -1, -1, -1, -1, -1, -1], [-1, -1, 0, -1, -1, 0, 4, -1, -1, -1, -1, -1, -1, -1], [0, -1, 0, 0, 1, 0, -1, -1, -1, -1, -1, -1, -1, -1], [0, -1, 0, -1, -1, -1, -1, -1, -1, -1, -1, 0, 1, -1], [-1, 0, -1, 0, -1, -1, -1, -1, -1, -1, -1, -1, -1, -1], [0, -1, -1, 0, 1, -1, -1, -1, -1, -1, -1, -1, 1, -1]]
80 11 
 [[0, -1, 0, 0, -1, 0, -1, -1, -1, -1, -1, -1, 1, -1], [0, -1, 0, -1, -1, 0, -1, -1, -1, -1, -1, 0, -1, -1], [0, 0, 0, -1, -1, -1, -1, -1, -1, -1, -1, -1, -1, -1], [0, -1, 0, 0, -1, -1, -1, -1, -1, -1, -1, 0, -1, -1], [0, -1, 0, -1, 1, -1, -1, -1, -1, -1, -1, -1, 1, -1], [0, -1, 0, -1, -1, -1, 4, -1, -1, -1, -1, -1, -1, -1], [-1, -1, 0, -1, -1, 0, 4, -1, -1, -1, -1, -1, -1, -1], [0, -1, 0, 0, 1, 0, -1, -1, -1, -1, -1, -1, -1, -1], [0, -1, 0, -1, -1, -1, -1, -1, -1, -1, -1, 0, 1, -1], [-1, 0, -1, 0, -1, -1, -1, -1, -1, -1, -1, -1, -1, -1], [0, -1, -1, 0, 1, -1, -1, -1, -1, -1, -1, -1, 1, -1]]
90 11 
 [[0, -1, 0, 0, -1, 0, -1, -1, -1, -1, -1, -1, 1, -1], [0, -1, 0, -1, -1, 0, -1, -1, -1, -1, -1, 0, -1, -1], [0, 0, 0, -1, -1, -1, -1, -1, -1, -1, -1, -1, -1, -1], [0, -1, 0, 0, -1, -1, -1, -1, -1, -1, -1, 0, -1, -1], [0, -1, 0, -1, 1, -1, -1, -1, -1, -1, -1, -1, 1, -1], [0, -1, 0, -1, -1, -1, 4, -1, -1, -1, -1, -1, -1, -1], [-1, -1, 0, -1, -1, 0, 4, -1, -1, -1, -1, -1, -1, -1], [0, -1, 0, 0, 1, 0, -1, -1, -1, -1, -1, -1, -1, -1], [0, -1, 0, -1, -1, -1, -1, -1, -1, -1, -1, 0, 1, -1], [-1, 0, -1, 0, -1, -1, -1, -1, -1, -1, -1, -1, -1, -1], [0, -1, -1, 0, 1, -1, -1, -1, -1, -1, -1, -1, 1, -1]]
100 11 
 [[0, -1, 0, 0, -1, 0, -1, -1, -1, -1, -1, -1, 1, -1], [0, -1, 0, -1, -1, 0, -1, -1, -1, -1, -1, 0, -1, -1], [0, 0, 0, -1, -1, -1, -1, -1, -1, -1, -1, -1, -1, -1], [0, -1, 0, 0, -1, -1, -1, -1, -1, -1, -1, 0, -1, -1], [0, -1, 0, -1, 1, -1, -1, -1, -1, -1, -1, -1, 1, -1], [0, -1, 0, -1, -1, -1, 4, -1, -1, -1, -1, -1, -1, -1], [-1, -1, 0, -1, -1, 0, 4, -1, -1, -1, -1, -1, -1, -1], [0, -1, 0, 0, 1, 0, -1, -1, -1, -1, -1, -1, -1, -1], [0, -1, 0, -1, -1, -1, -1, -1, -1, -1, -1, 0, 1, -1], [-1, 0, -1, 0, -1, -1, -1, -1, -1, -1, -1, -1, -1, -1], [0, -1, -1, 0, 1, -1, -1, -1, -1, -1, -1, -1, 1, -1]]
