execution time
10 13.924134969711304 199.75555610656738
20 9.837048768997192 134.68196606636047
30 6.180865049362183 95.01505708694458
40 5.114685773849487 73.60453605651855
50 4.948188066482544 62.53613805770874
60 4.363233804702759 45.78803324699402
70 3.4714250564575195 38.833754777908325
80 2.8839330673217773 31.687462329864502
90 2.6485722064971924 28.74792218208313
100 2.4305508136749268 27.843071937561035


number of patterns visited
10 36718 564551
20 34719 502169
30 31699 427357
40 28720 361414
50 26040 305248
60 23539 257222
70 21620 224541
80 19428 187937
90 17315 158433
100 15614 135911


number of patterns found, lowerbound
10 47 
 [[0, -1, -1, -1, 0, -1, -1, -1, -1, -1, -1, -1], [0, -1, -1, -1, -1, 0, 4, -1, -1, -1, -1, 0], [0, -1, -1, -1, -1, -1, -1, -1, -1, 4, -1, -1], [1, -1, -1, -1, -1, -1, -1, -1, -1, -1, -1, -1], [-1, 0, -1, -1, 0, -1, -1, -1, -1, -1, -1, -1], [-1, 0, -1, -1, 1, -1, -1, -1, -1, -1, -1, -1], [-1, 0, -1, -1, -1, 0, -1, -1, -1, -1, -1, -1], [-1, 0, -1, -1, -1, -1, 4, -1, -1, -1, -1, 0], [-1, 0, -1, -1, -1, -1, -1, -1, -1, 4, -1, -1], [-1, 1, -1, -1, -1, -1, -1, -1, -1, -1, -1, -1], [-1, -1, 1, -1, -1, -1, -1, -1, -1, -1, -1, -1], [-1, -1, -1, 0, 0, -1, -1, -1, -1, -1, -1, -1], [-1, -1, -1, 0, -1, 0, 4, -1, -1, -1, -1, 0], [-1, -1, -1, 0, -1, -1, -1, -1, -1, 4, -1, -1], [-1, -1, -1, 1, -1, -1, -1, -1, -1, -1, -1, -1], [-1, -1, -1, -1, 0, 0, -1, -1, -1, -1, -1, -1], [-1, -1, -1, -1, 0, -1, 4, -1, -1, -1, -1, -1], [-1, -1, -1, -1, 0, -1, -1, -1, -1, 4, -1, -1], [-1, -1, -1, -1, 1, 0, -1, -1, -1, -1, -1, -1], [-1, -1, -1, -1, 1, -1, 4, -1, -1, -1, -1, -1], [-1, -1, -1, -1, 1, -1, -1, -1, -1, 4, -1, -1], [-1, -1, -1, -1, 1, -1, -1, -1, -1, -1, -1, 0], [-1, -1, -1, -1, -1, 0, -1, -1, -1, 4, -1, -1], [-1, -1, -1, -1, -1, 1, -1, -1, -1, -1, -1, -1], [-1, -1, -1, -1, -1, -1, 1, -1, -1, -1, -1, -1], [-1, -1, -1, -1, -1, -1, 2, -1, -1, -1, -1, -1], [-1, -1, -1, -1, -1, -1, 3, -1, -1, -1, -1, -1], [-1, -1, -1, -1, -1, -1, 4, -1, -1, 4, -1, -1], [-1, -1, -1, -1, -1, -1, -1, 1, -1, -1, -1, -1], [-1, -1, -1, -1, -1, -1, -1, 2, -1, -1, -1, -1], [-1, -1, -1, -1, -1, -1, -1, 3, -1, -1, -1, -1], [-1, -1, -1, -1, -1, -1, -1, 4, -1, -1, -1, -1], [-1, -1, -1, -1, -1, -1, -1, -1, 0, -1, -1, -1], [-1, -1, -1, -1, -1, -1, -1, -1, 1, -1, -1, -1], [-1, -1, -1, -1, -1, -1, -1, -1, 2, -1, -1, -1], [-1, -1, -1, -1, -1, -1, -1, -1, 3, -1, -1, -1], [-1, -1, -1, -1, -1, -1, -1, -1, 4, -1, -1, -1], [-1, -1, -1, -1, -1, -1, -1, -1, -1, 0, -1, -1], [-1, -1, -1, -1, -1, -1, -1, -1, -1, 1, -1, -1], [-1, -1, -1, -1, -1, -1, -1, -1, -1, 2, -1, -1], [-1, -1, -1, -1, -1, -1, -1, -1, -1, 3, -1, -1], [-1, -1, -1, -1, -1, -1, -1, -1, -1, -1, 0, -1], [-1, -1, -1, -1, -1, -1, -1, -1, -1, -1, 1, -1], [-1, -1, -1, -1, -1, -1, -1, -1, -1, -1, 2, -1], [-1, -1, -1, -1, -1, -1, -1, -1, -1, -1, 3, -1], [-1, -1, -1, -1, -1, -1, -1, -1, -1, -1, -1, 1], [-1, -1, -1, -1, -1, -1, -1, -1, -1, -1, -1, 2]]
20 46 
 [[0, -1, -1, -1, 0, -1, -1, -1, -1, -1, -1, -1], [0, -1, -1, -1, -1, 0, 4, -1, -1, -1, -1, 0], [0, -1, -1, -1, -1, -1, -1, -1, -1, 4, -1, -1], [1, -1, -1, -1, -1, -1, -1, -1, -1, -1, -1, -1], [-1, 0, -1, -1, 0, -1, -1, -1, -1, -1, -1, -1], [-1, 0, -1, -1, 1, -1, -1, -1, -1, -1, -1, -1], [-1, 0, -1, -1, -1, 0, -1, -1, -1, -1, -1, -1], [-1, 0, -1, -1, -1, -1, 4, -1, -1, -1, -1, 0], [-1, 0, -1, -1, -1, -1, -1, -1, -1, 4, -1, -1], [-1, 1, -1, -1, -1, -1, -1, -1, -1, -1, -1, -1], [-1, -1, 1, -1, -1, -1, -1, -1, -1, -1, -1, -1], [-1, -1, -1, 0, 0, -1, -1, -1, -1, -1, -1, -1], [-1, -1, -1, 0, -1, 0, 4, -1, -1, -1, -1, 0], [-1, -1, -1, 0, -1, -1, -1, -1, -1, 4, -1, -1], [-1, -1, -1, 1, -1, -1, -1, -1, -1, -1, -1, -1], [-1, -1, -1, -1, 0, 0, -1, -1, -1, -1, -1, -1], [-1, -1, -1, -1, 0, -1, 4, -1, -1, -1, -1, -1], [-1, -1, -1, -1, 0, -1, -1, -1, -1, 4, -1, -1], [-1, -1, -1, -1, 1, 0, -1, -1, -1, -1, -1, -1], [-1, -1, -1, -1, 1, -1, 4, -1, -1, -1, -1, -1], [-1, -1, -1, -1, 1, -1, -1, -1, -1, 4, -1, -1], [-1, -1, -1, -1, 1, -1, -1, -1, -1, -1, -1, 0], [-1, -1, -1, -1, -1, 0, -1, -1, -1, 4, -1, -1], [-1, -1, -1, -1, -1, 1, -1, -1, -1, -1, -1, -1], [-1, -1, -1, -1, -1, -1, 1, -1, -1, -1, -1, -1], [-1, -1, -1, -1, -1, -1, 2, -1, -1, -1, -1, -1], [-1, -1, -1, -1, -1, -1, 3, -1, -1, -1, -1, -1], [-1, -1, -1, -1, -1, -1, 4, -1, -1, 4, -1, -1], [-1, -1, -1, -1, -1, -1, -1, 1, -1, -1, -1, -1], [-1, -1, -1, -1, -1, -1, -1, 2, -1, -1, -1, -1], [-1, -1, -1, -1, -1, -1, -1, 3, -1, -1, -1, -1], [-1, -1, -1, -1, -1, -1, -1, 4, -1, -1, -1, -1], [-1, -1, -1, -1, -1, -1, -1, -1, 0, -1, -1, -1], [-1, -1, -1, -1, -1, -1, -1, -1, 1, -1, -1, -1], [-1, -1, -1, -1, -1, -1, -1, -1, 2, -1, -1, -1], [-1, -1, -1, -1, -1, -1, -1, -1, 3, -1, -1, -1], [-1, -1, -1, -1, -1, -1, -1, -1, 4, -1, -1, -1], [-1, -1, -1, -1, -1, -1, -1, -1, -1, 0, -1, -1], [-1, -1, -1, -1, -1, -1, -1, -1, -1, 2, -1, -1], [-1, -1, -1, -1, -1, -1, -1, -1, -1, 3, -1, -1], [-1, -1, -1, -1, -1, -1, -1, -1, -1, -1, 0, -1], [-1, -1, -1, -1, -1, -1, -1, -1, -1, -1, 1, -1], [-1, -1, -1, -1, -1, -1, -1, -1, -1, -1, 2, -1], [-1, -1, -1, -1, -1, -1, -1, -1, -1, -1, 3, -1], [-1, -1, -1, -1, -1, -1, -1, -1, -1, -1, -1, 1], [-1, -1, -1, -1, -1, -1, -1, -1, -1, -1, -1, 2]]
30 43 
 [[0, -1, -1, -1, 0, -1, -1, -1, -1, -1, -1, -1], [0, -1, -1, -1, -1, 0, 4, -1, -1, -1, -1, 0], [0, -1, -1, -1, -1, -1, -1, -1, -1, 4, -1, -1], [1, -1, -1, -1, -1, -1, -1, -1, -1, -1, -1, -1], [-1, 0, -1, -1, 0, -1, -1, -1, -1, -1, -1, -1], [-1, 0, -1, -1, 1, -1, -1, -1, -1, -1, -1, -1], [-1, 0, -1, -1, -1, 0, -1, -1, -1, -1, -1, -1], [-1, 0, -1, -1, -1, -1, 4, -1, -1, -1, -1, 0], [-1, 0, -1, -1, -1, -1, -1, -1, -1, 4, -1, -1], [-1, 1, -1, -1, -1, -1, -1, -1, -1, -1, -1, -1], [-1, -1, -1, 0, 0, -1, -1, -1, -1, -1, -1, -1], [-1, -1, -1, 0, -1, 0, 4, -1, -1, -1, -1, 0], [-1, -1, -1, 0, -1, -1, -1, -1, -1, 4, -1, -1], [-1, -1, -1, 1, -1, -1, -1, -1, -1, -1, -1, -1], [-1, -1, -1, -1, 0, 0, -1, -1, -1, -1, -1, -1], [-1, -1, -1, -1, 0, -1, 4, -1, -1, -1, -1, -1], [-1, -1, -1, -1, 0, -1, -1, -1, -1, 4, -1, -1], [-1, -1, -1, -1, 1, 0, -1, -1, -1, -1, -1, -1], [-1, -1, -1, -1, 1, -1, 4, -1, -1, -1, -1, -1], [-1, -1, -1, -1, 1, -1, -1, -1, -1, 4, -1, -1], [-1, -1, -1, -1, 1, -1, -1, -1, -1, -1, -1, 0], [-1, -1, -1, -1, -1, 0, -1, -1, -1, 4, -1, -1], [-1, -1, -1, -1, -1, 1, -1, -1, -1, -1, -1, -1], [-1, -1, -1, -1, -1, -1, 1, -1, -1, -1, -1, -1], [-1, -1, -1, -1, -1, -1, 2, -1, -1, -1, -1, -1], [-1, -1, -1, -1, -1, -1, 3, -1, -1, -1, -1, -1], [-1, -1, -1, -1, -1, -1, 4, -1, -1, 4, -1, -1], [-1, -1, -1, -1, -1, -1, -1, 1, -1, -1, -1, -1], [-1, -1, -1, -1, -1, -1, -1, 2, -1, -1, -1, -1], [-1, -1, -1, -1, -1, -1, -1, 3, -1, -1, -1, -1], [-1, -1, -1, -1, -1, -1, -1, 4, -1, -1, -1, -1], [-1, -1, -1, -1, -1, -1, -1, -1, 0, -1, -1, -1], [-1, -1, -1, -1, -1, -1, -1, -1, 1, -1, -1, -1], [-1, -1, -1, -1, -1, -1, -1, -1, 2, -1, -1, -1], [-1, -1, -1, -1, -1, -1, -1, -1, 3, -1, -1, -1], [-1, -1, -1, -1, -1, -1, -1, -1, 4, -1, -1, -1], [-1, -1, -1, -1, -1, -1, -1, -1, -1, 2, -1, -1], [-1, -1, -1, -1, -1, -1, -1, -1, -1, -1, 0, -1], [-1, -1, -1, -1, -1, -1, -1, -1, -1, -1, 1, -1], [-1, -1, -1, -1, -1, -1, -1, -1, -1, -1, 2, -1], [-1, -1, -1, -1, -1, -1, -1, -1, -1, -1, 3, -1], [-1, -1, -1, -1, -1, -1, -1, -1, -1, -1, -1, 1], [-1, -1, -1, -1, -1, -1, -1, -1, -1, -1, -1, 2]]
40 39 
 [[0, -1, -1, -1, 0, -1, -1, -1, -1, -1, -1, -1], [0, -1, -1, -1, -1, 0, 4, -1, -1, -1, -1, 0], [0, -1, -1, -1, -1, -1, -1, -1, -1, 4, -1, -1], [1, -1, -1, -1, -1, -1, -1, -1, -1, -1, -1, -1], [-1, 0, -1, -1, 0, -1, -1, -1, -1, -1, -1, -1], [-1, 0, -1, -1, 1, -1, -1, -1, -1, -1, -1, -1], [-1, 0, -1, -1, -1, 0, -1, -1, -1, -1, -1, -1], [-1, 0, -1, -1, -1, -1, 4, -1, -1, -1, -1, 0], [-1, 0, -1, -1, -1, -1, -1, -1, -1, 4, -1, -1], [-1, 1, -1, -1, -1, -1, -1, -1, -1, -1, -1, -1], [-1, -1, -1, 0, 0, -1, -1, -1, -1, -1, -1, -1], [-1, -1, -1, 0, -1, 0, 4, -1, -1, -1, -1, 0], [-1, -1, -1, 0, -1, -1, -1, -1, -1, 4, -1, -1], [-1, -1, -1, 1, -1, -1, -1, -1, -1, -1, -1, -1], [-1, -1, -1, -1, 0, 0, -1, -1, -1, -1, -1, -1], [-1, -1, -1, -1, 0, -1, -1, -1, -1, 4, -1, -1], [-1, -1, -1, -1, 1, 0, -1, -1, -1, -1, -1, -1], [-1, -1, -1, -1, 1, -1, 4, -1, -1, -1, -1, -1], [-1, -1, -1, -1, 1, -1, -1, -1, -1, 4, -1, -1], [-1, -1, -1, -1, 1, -1, -1, -1, -1, -1, -1, 0], [-1, -1, -1, -1, -1, 0, -1, -1, -1, 4, -1, -1], [-1, -1, -1, -1, -1, 1, -1, -1, -1, -1, -1, -1], [-1, -1, -1, -1, -1, -1, 1, -1, -1, -1, -1, -1], [-1, -1, -1, -1, -1, -1, 2, -1, -1, -1, -1, -1], [-1, -1, -1, -1, -1, -1, 3, -1, -1, -1, -1, -1], [-1, -1, -1, -1, -1, -1, 4, -1, -1, 4, -1, -1], [-1, -1, -1, -1, -1, -1, -1, 1, -1, -1, -1, -1], [-1, -1, -1, -1, -1, -1, -1, 2, -1, -1, -1, -1], [-1, -1, -1, -1, -1, -1, -1, 3, -1, -1, -1, -1], [-1, -1, -1, -1, -1, -1, -1, 4, -1, -1, -1, -1], [-1, -1, -1, -1, -1, -1, -1, -1, 0, -1, -1, -1], [-1, -1, -1, -1, -1, -1, -1, -1, 2, -1, -1, -1], [-1, -1, -1, -1, -1, -1, -1, -1, 3, -1, -1, -1], [-1, -1, -1, -1, -1, -1, -1, -1, 4, -1, -1, -1], [-1, -1, -1, -1, -1, -1, -1, -1, -1, 2, -1, -1], [-1, -1, -1, -1, -1, -1, -1, -1, -1, -1, 0, -1], [-1, -1, -1, -1, -1, -1, -1, -1, -1, -1, 1, -1], [-1, -1, -1, -1, -1, -1, -1, -1, -1, -1, 2, -1], [-1, -1, -1, -1, -1, -1, -1, -1, -1, -1, -1, 1]]
50 37 
 [[0, -1, -1, -1, 0, -1, -1, -1, -1, -1, -1, -1], [0, -1, -1, -1, -1, 0, 4, -1, -1, -1, -1, 0], [0, -1, -1, -1, -1, -1, -1, -1, -1, 4, -1, -1], [-1, 0, -1, -1, 0, -1, -1, -1, -1, -1, -1, -1], [-1, 0, -1, -1, 1, -1, -1, -1, -1, -1, -1, -1], [-1, 0, -1, -1, -1, 0, -1, -1, -1, -1, -1, -1], [-1, 0, -1, -1, -1, -1, 4, -1, -1, -1, -1, 0], [-1, 0, -1, -1, -1, -1, -1, -1, -1, 4, -1, -1], [-1, 1, -1, -1, -1, -1, -1, -1, -1, -1, -1, -1], [-1, -1, -1, 0, 0, -1, -1, -1, -1, -1, -1, -1], [-1, -1, -1, 0, -1, 0, 4, -1, -1, -1, -1, 0], [-1, -1, -1, 0, -1, -1, -1, -1, -1, 4, -1, -1], [-1, -1, -1, 1, -1, -1, -1, -1, -1, -1, -1, -1], [-1, -1, -1, -1, 0, 0, -1, -1, -1, -1, -1, -1], [-1, -1, -1, -1, 0, -1, -1, -1, -1, 4, -1, -1], [-1, -1, -1, -1, 1, 0, -1, -1, -1, -1, -1, -1], [-1, -1, -1, -1, 1, -1, 4, -1, -1, -1, -1, -1], [-1, -1, -1, -1, 1, -1, -1, -1, -1, 4, -1, -1], [-1, -1, -1, -1, 1, -1, -1, -1, -1, -1, -1, 0], [-1, -1, -1, -1, -1, 0, -1, -1, -1, 4, -1, -1], [-1, -1, -1, -1, -1, -1, 1, -1, -1, -1, -1, -1], [-1, -1, -1, -1, -1, -1, 2, -1, -1, -1, -1, -1], [-1, -1, -1, -1, -1, -1, 3, -1, -1, -1, -1, -1], [-1, -1, -1, -1, -1, -1, 4, -1, -1, 4, -1, -1], [-1, -1, -1, -1, -1, -1, -1, 1, -1, -1, -1, -1], [-1, -1, -1, -1, -1, -1, -1, 2, -1, -1, -1, -1], [-1, -1, -1, -1, -1, -1, -1, 3, -1, -1, -1, -1], [-1, -1, -1, -1, -1, -1, -1, 4, -1, -1, -1, -1], [-1, -1, -1, -1, -1, -1, -1, -1, 0, -1, -1, -1], [-1, -1, -1, -1, -1, -1, -1, -1, 2, -1, -1, -1], [-1, -1, -1, -1, -1, -1, -1, -1, 3, -1, -1, -1], [-1, -1, -1, -1, -1, -1, -1, -1, 4, -1, -1, -1], [-1, -1, -1, -1, -1, -1, -1, -1, -1, 2, -1, -1], [-1, -1, -1, -1, -1, -1, -1, -1, -1, -1, 0, -1], [-1, -1, -1, -1, -1, -1, -1, -1, -1, -1, 1, -1], [-1, -1, -1, -1, -1, -1, -1, -1, -1, -1, 2, -1], [-1, -1, -1, -1, -1, -1, -1, -1, -1, -1, -1, 1]]
60 32 
 [[0, -1, -1, -1, 0, -1, -1, -1, -1, -1, -1, -1], [0, -1, -1, -1, -1, 0, 4, -1, -1, -1, -1, 0], [0, -1, -1, -1, -1, -1, -1, -1, -1, 4, -1, -1], [-1, 0, -1, -1, 0, -1, -1, -1, -1, -1, -1, -1], [-1, 0, -1, -1, 1, -1, -1, -1, -1, -1, -1, -1], [-1, 0, -1, -1, -1, 0, -1, -1, -1, -1, -1, -1], [-1, 0, -1, -1, -1, -1, -1, -1, -1, 4, -1, -1], [-1, 1, -1, -1, -1, -1, -1, -1, -1, -1, -1, -1], [-1, -1, -1, 0, 0, -1, -1, -1, -1, -1, -1, -1], [-1, -1, -1, 0, -1, 0, 4, -1, -1, -1, -1, 0], [-1, -1, -1, 0, -1, -1, -1, -1, -1, 4, -1, -1], [-1, -1, -1, 1, -1, -1, -1, -1, -1, -1, -1, -1], [-1, -1, -1, -1, 0, 0, -1, -1, -1, -1, -1, -1], [-1, -1, -1, -1, 0, -1, -1, -1, -1, 4, -1, -1], [-1, -1, -1, -1, 1, 0, -1, -1, -1, -1, -1, -1], [-1, -1, -1, -1, 1, -1, 4, -1, -1, -1, -1, -1], [-1, -1, -1, -1, 1, -1, -1, -1, -1, 4, -1, -1], [-1, -1, -1, -1, 1, -1, -1, -1, -1, -1, -1, 0], [-1, -1, -1, -1, -1, 0, -1, -1, -1, 4, -1, -1], [-1, -1, -1, -1, -1, -1, 2, -1, -1, -1, -1, -1], [-1, -1, -1, -1, -1, -1, 3, -1, -1, -1, -1, -1], [-1, -1, -1, -1, -1, -1, -1, 1, -1, -1, -1, -1], [-1, -1, -1, -1, -1, -1, -1, 2, -1, -1, -1, -1], [-1, -1, -1, -1, -1, -1, -1, 3, -1, -1, -1, -1], [-1, -1, -1, -1, -1, -1, -1, 4, -1, -1, -1, -1], [-1, -1, -1, -1, -1, -1, -1, -1, 2, -1, -1, -1], [-1, -1, -1, -1, -1, -1, -1, -1, 4, -1, -1, -1], [-1, -1, -1, -1, -1, -1, -1, -1, -1, 2, -1, -1], [-1, -1, -1, -1, -1, -1, -1, -1, -1, -1, 0, -1], [-1, -1, -1, -1, -1, -1, -1, -1, -1, -1, 1, -1], [-1, -1, -1, -1, -1, -1, -1, -1, -1, -1, 2, -1], [-1, -1, -1, -1, -1, -1, -1, -1, -1, -1, -1, 1]]
70 30 
 [[0, -1, -1, -1, 0, -1, -1, -1, -1, -1, -1, -1], [0, -1, -1, -1, -1, 0, 4, -1, -1, -1, -1, 0], [0, -1, -1, -1, -1, -1, -1, -1, -1, 4, -1, -1], [-1, 0, -1, -1, 1, -1, -1, -1, -1, -1, -1, -1], [-1, 0, -1, -1, -1, 0, -1, -1, -1, -1, -1, -1], [-1, 0, -1, -1, -1, -1, -1, -1, -1, 4, -1, -1], [-1, 1, -1, -1, -1, -1, -1, -1, -1, -1, -1, -1], [-1, -1, -1, 0, 0, -1, -1, -1, -1, -1, -1, -1], [-1, -1, -1, 0, -1, 0, 4, -1, -1, -1, -1, 0], [-1, -1, -1, 0, -1, -1, -1, -1, -1, 4, -1, -1], [-1, -1, -1, 1, -1, -1, -1, -1, -1, -1, -1, -1], [-1, -1, -1, -1, 0, 0, -1, -1, -1, -1, -1, -1], [-1, -1, -1, -1, 1, 0, -1, -1, -1, -1, -1, -1], [-1, -1, -1, -1, 1, -1, 4, -1, -1, -1, -1, -1], [-1, -1, -1, -1, 1, -1, -1, -1, -1, 4, -1, -1], [-1, -1, -1, -1, 1, -1, -1, -1, -1, -1, -1, 0], [-1, -1, -1, -1, -1, 0, -1, -1, -1, 4, -1, -1], [-1, -1, -1, -1, -1, -1, 2, -1, -1, -1, -1, -1], [-1, -1, -1, -1, -1, -1, 3, -1, -1, -1, -1, -1], [-1, -1, -1, -1, -1, -1, -1, 1, -1, -1, -1, -1], [-1, -1, -1, -1, -1, -1, -1, 2, -1, -1, -1, -1], [-1, -1, -1, -1, -1, -1, -1, 3, -1, -1, -1, -1], [-1, -1, -1, -1, -1, -1, -1, 4, -1, -1, -1, -1], [-1, -1, -1, -1, -1, -1, -1, -1, 2, -1, -1, -1], [-1, -1, -1, -1, -1, -1, -1, -1, 4, -1, -1, -1], [-1, -1, -1, -1, -1, -1, -1, -1, -1, 2, -1, -1], [-1, -1, -1, -1, -1, -1, -1, -1, -1, -1, 0, -1], [-1, -1, -1, -1, -1, -1, -1, -1, -1, -1, 1, -1], [-1, -1, -1, -1, -1, -1, -1, -1, -1, -1, 2, -1], [-1, -1, -1, -1, -1, -1, -1, -1, -1, -1, -1, 1]]
80 29 
 [[0, -1, -1, -1, 0, -1, -1, -1, -1, -1, -1, -1], [0, -1, -1, -1, -1, 0, 4, -1, -1, -1, -1, 0], [0, -1, -1, -1, -1, -1, -1, -1, -1, 4, -1, -1], [-1, 0, -1, -1, 1, -1, -1, -1, -1, -1, -1, -1], [-1, 0, -1, -1, -1, 0, -1, -1, -1, -1, -1, -1], [-1, 0, -1, -1, -1, -1, -1, -1, -1, 4, -1, -1], [-1, 1, -1, -1, -1, -1, -1, -1, -1, -1, -1, -1], [-1, -1, -1, 0, 0, -1, -1, -1, -1, -1, -1, -1], [-1, -1, -1, 0, -1, -1, -1, -1, -1, 4, -1, -1], [-1, -1, -1, 1, -1, -1, -1, -1, -1, -1, -1, -1], [-1, -1, -1, -1, 0, 0, -1, -1, -1, -1, -1, -1], [-1, -1, -1, -1, 1, 0, -1, -1, -1, -1, -1, -1], [-1, -1, -1, -1, 1, -1, 4, -1, -1, -1, -1, -1], [-1, -1, -1, -1, 1, -1, -1, -1, -1, 4, -1, -1], [-1, -1, -1, -1, 1, -1, -1, -1, -1, -1, -1, 0], [-1, -1, -1, -1, -1, 0, -1, -1, -1, 4, -1, -1], [-1, -1, -1, -1, -1, -1, 2, -1, -1, -1, -1, -1], [-1, -1, -1, -1, -1, -1, 3, -1, -1, -1, -1, -1], [-1, -1, -1, -1, -1, -1, -1, 1, -1, -1, -1, -1], [-1, -1, -1, -1, -1, -1, -1, 2, -1, -1, -1, -1], [-1, -1, -1, -1, -1, -1, -1, 3, -1, -1, -1, -1], [-1, -1, -1, -1, -1, -1, -1, 4, -1, -1, -1, -1], [-1, -1, -1, -1, -1, -1, -1, -1, 2, -1, -1, -1], [-1, -1, -1, -1, -1, -1, -1, -1, 4, -1, -1, -1], [-1, -1, -1, -1, -1, -1, -1, -1, -1, 2, -1, -1], [-1, -1, -1, -1, -1, -1, -1, -1, -1, -1, 0, -1], [-1, -1, -1, -1, -1, -1, -1, -1, -1, -1, 1, -1], [-1, -1, -1, -1, -1, -1, -1, -1, -1, -1, 2, -1], [-1, -1, -1, -1, -1, -1, -1, -1, -1, -1, -1, 1]]
90 26 
 [[0, -1, -1, -1, 0, -1, -1, -1, -1, -1, -1, -1], [0, -1, -1, -1, -1, -1, -1, -1, -1, 4, -1, -1], [-1, 0, -1, -1, 1, -1, -1, -1, -1, -1, -1, -1], [-1, 0, -1, -1, -1, 0, -1, -1, -1, -1, -1, -1], [-1, 0, -1, -1, -1, -1, -1, -1, -1, 4, -1, -1], [-1, 1, -1, -1, -1, -1, -1, -1, -1, -1, -1, -1], [-1, -1, -1, 0, 0, -1, -1, -1, -1, -1, -1, -1], [-1, -1, -1, 0, -1, -1, -1, -1, -1, 4, -1, -1], [-1, -1, -1, -1, 0, 0, -1, -1, -1, -1, -1, -1], [-1, -1, -1, -1, 1, 0, -1, -1, -1, -1, -1, -1], [-1, -1, -1, -1, 1, -1, 4, -1, -1, -1, -1, -1], [-1, -1, -1, -1, 1, -1, -1, -1, -1, 4, -1, -1], [-1, -1, -1, -1, 1, -1, -1, -1, -1, -1, -1, 0], [-1, -1, -1, -1, -1, 0, -1, -1, -1, 4, -1, -1], [-1, -1, -1, -1, -1, -1, 2, -1, -1, -1, -1, -1], [-1, -1, -1, -1, -1, -1, 3, -1, -1, -1, -1, -1], [-1, -1, -1, -1, -1, -1, -1, 2, -1, -1, -1, -1], [-1, -1, -1, -1, -1, -1, -1, 3, -1, -1, -1, -1], [-1, -1, -1, -1, -1, -1, -1, 4, -1, -1, -1, -1], [-1, -1, -1, -1, -1, -1, -1, -1, 2, -1, -1, -1], [-1, -1, -1, -1, -1, -1, -1, -1, 4, -1, -1, -1], [-1, -1, -1, -1, -1, -1, -1, -1, -1, 2, -1, -1], [-1, -1, -1, -1, -1, -1, -1, -1, -1, -1, 0, -1], [-1, -1, -1, -1, -1, -1, -1, -1, -1, -1, 1, -1], [-1, -1, -1, -1, -1, -1, -1, -1, -1, -1, 2, -1], [-1, -1, -1, -1, -1, -1, -1, -1, -1, -1, -1, 1]]
100 19 
 [[0, -1, -1, -1, -1, -1, -1, -1, -1, 4, -1, -1], [-1, 0, -1, -1, 1, -1, -1, -1, -1, -1, -1, -1], [-1, 0, -1, -1, -1, 0, -1, -1, -1, -1, -1, -1], [-1, 0, -1, -1, -1, -1, -1, -1, -1, 4, -1, -1], [-1, 1, -1, -1, -1, -1, -1, -1, -1, -1, -1, -1], [-1, -1, -1, 0, -1, -1, -1, -1, -1, 4, -1, -1], [-1, -1, -1, -1, 1, 0, -1, -1, -1, -1, -1, -1], [-1, -1, -1, -1, 1, -1, -1, -1, -1, 4, -1, -1], [-1, -1, -1, -1, 1, -1, -1, -1, -1, -1, -1, 0], [-1, -1, -1, -1, -1, 0, -1, -1, -1, 4, -1, -1], [-1, -1, -1, -1, -1, -1, 2, -1, -1, -1, -1, -1], [-1, -1, -1, -1, -1, -1, -1, 2, -1, -1, -1, -1], [-1, -1, -1, -1, -1, -1, -1, 3, -1, -1, -1, -1], [-1, -1, -1, -1, -1, -1, -1, -1, 2, -1, -1, -1], [-1, -1, -1, -1, -1, -1, -1, -1, 4, -1, -1, -1], [-1, -1, -1, -1, -1, -1, -1, -1, -1, 2, -1, -1], [-1, -1, -1, -1, -1, -1, -1, -1, -1, -1, 0, -1], [-1, -1, -1, -1, -1, -1, -1, -1, -1, -1, 1, -1], [-1, -1, -1, -1, -1, -1, -1, -1, -1, -1, 2, -1]]


number of patterns found, upperbound
10 7 
 [[0, -1, 0, -1, -1, 0, -1, -1, -1, -1, -1, 0], [0, 0, 0, -1, -1, -1, -1, -1, -1, -1, -1, -1], [0, -1, 0, 0, -1, -1, -1, -1, -1, -1, -1, 0], [0, -1, 0, -1, -1, -1, 4, -1, -1, -1, -1, -1], [-1, -1, 0, -1, -1, 0, 4, -1, -1, -1, -1, -1], [0, -1, 0, 0, 1, 0, -1, -1, -1, -1, -1, -1], [-1, 0, -1, 0, -1, -1, -1, -1, -1, -1, -1, -1]]
20 7 
 [[0, -1, 0, -1, -1, 0, -1, -1, -1, -1, -1, 0], [0, 0, 0, -1, -1, -1, -1, -1, -1, -1, -1, -1], [0, -1, 0, 0, -1, -1, -1, -1, -1, -1, -1, 0], [0, -1, 0, -1, -1, -1, 4, -1, -1, -1, -1, -1], [-1, -1, 0, -1, -1, 0, 4, -1, -1, -1, -1, -1], [0, -1, 0, 0, 1, 0, -1, -1, -1, -1, -1, -1], [-1, 0, -1, 0, -1, -1, -1, -1, -1, -1, -1, -1]]
30 7 
 [[0, -1, 0, -1, -1, 0, -1, -1, -1, -1, -1, 0], [0, 0, 0, -1, -1, -1, -1, -1, -1, -1, -1, -1], [0, -1, 0, 0, -1, -1, -1, -1, -1, -1, -1, 0], [0, -1, 0, -1, -1, -1, 4, -1, -1, -1, -1, -1], [-1, -1, 0, -1, -1, 0, 4, -1, -1, -1, -1, -1], [0, -1, 0, 0, 1, 0, -1, -1, -1, -1, -1, -1], [-1, 0, -1, 0, -1, -1, -1, -1, -1, -1, -1, -1]]
40 7 
 [[0, -1, 0, -1, -1, 0, -1, -1, -1, -1, -1, 0], [0, 0, 0, -1, -1, -1, -1, -1, -1, -1, -1, -1], [0, -1, 0, 0, -1, -1, -1, -1, -1, -1, -1, 0], [0, -1, 0, -1, -1, -1, 4, -1, -1, -1, -1, -1], [-1, -1, 0, -1, -1, 0, 4, -1, -1, -1, -1, -1], [0, -1, 0, 0, 1, 0, -1, -1, -1, -1, -1, -1], [-1, 0, -1, 0, -1, -1, -1, -1, -1, -1, -1, -1]]
50 7 
 [[0, -1, 0, -1, -1, 0, -1, -1, -1, -1, -1, 0], [0, 0, 0, -1, -1, -1, -1, -1, -1, -1, -1, -1], [0, -1, 0, 0, -1, -1, -1, -1, -1, -1, -1, 0], [0, -1, 0, -1, -1, -1, 4, -1, -1, -1, -1, -1], [-1, -1, 0, -1, -1, 0, 4, -1, -1, -1, -1, -1], [0, -1, 0, 0, 1, 0, -1, -1, -1, -1, -1, -1], [-1, 0, -1, 0, -1, -1, -1, -1, -1, -1, -1, -1]]
60 7 
 [[0, -1, 0, -1, -1, 0, -1, -1, -1, -1, -1, 0], [0, 0, 0, -1, -1, -1, -1, -1, -1, -1, -1, -1], [0, -1, 0, 0, -1, -1, -1, -1, -1, -1, -1, 0], [0, -1, 0, -1, -1, -1, 4, -1, -1, -1, -1, -1], [-1, -1, 0, -1, -1, 0, 4, -1, -1, -1, -1, -1], [0, -1, 0, 0, 1, 0, -1, -1, -1, -1, -1, -1], [-1, 0, -1, 0, -1, -1, -1, -1, -1, -1, -1, -1]]
70 7 
 [[0, -1, 0, -1, -1, 0, -1, -1, -1, -1, -1, 0], [0, 0, 0, -1, -1, -1, -1, -1, -1, -1, -1, -1], [0, -1, 0, 0, -1, -1, -1, -1, -1, -1, -1, 0], [0, -1, 0, -1, -1, -1, 4, -1, -1, -1, -1, -1], [-1, -1, 0, -1, -1, 0, 4, -1, -1, -1, -1, -1], [0, -1, 0, 0, 1, 0, -1, -1, -1, -1, -1, -1], [-1, 0, -1, 0, -1, -1, -1, -1, -1, -1, -1, -1]]
80 7 
 [[0, -1, 0, -1, -1, 0, -1, -1, -1, -1, -1, 0], [0, 0, 0, -1, -1, -1, -1, -1, -1, -1, -1, -1], [0, -1, 0, 0, -1, -1, -1, -1, -1, -1, -1, 0], [0, -1, 0, -1, -1, -1, 4, -1, -1, -1, -1, -1], [-1, -1, 0, -1, -1, 0, 4, -1, -1, -1, -1, -1], [0, -1, 0, 0, 1, 0, -1, -1, -1, -1, -1, -1], [-1, 0, -1, 0, -1, -1, -1, -1, -1, -1, -1, -1]]
90 7 
 [[0, -1, 0, -1, -1, 0, -1, -1, -1, -1, -1, 0], [0, 0, 0, -1, -1, -1, -1, -1, -1, -1, -1, -1], [0, -1, 0, 0, -1, -1, -1, -1, -1, -1, -1, 0], [0, -1, 0, -1, -1, -1, 4, -1, -1, -1, -1, -1], [-1, -1, 0, -1, -1, 0, 4, -1, -1, -1, -1, -1], [0, -1, 0, 0, 1, 0, -1, -1, -1, -1, -1, -1], [-1, 0, -1, 0, -1, -1, -1, -1, -1, -1, -1, -1]]
100 7 
 [[0, -1, 0, -1, -1, 0, -1, -1, -1, -1, -1, 0], [0, 0, 0, -1, -1, -1, -1, -1, -1, -1, -1, -1], [0, -1, 0, 0, -1, -1, -1, -1, -1, -1, -1, 0], [0, -1, 0, -1, -1, -1, 4, -1, -1, -1, -1, -1], [-1, -1, 0, -1, -1, 0, 4, -1, -1, -1, -1, -1], [0, -1, 0, 0, 1, 0, -1, -1, -1, -1, -1, -1], [-1, 0, -1, 0, -1, -1, -1, -1, -1, -1, -1, -1]]
