execution time
10 13.142234086990356 286.3454759120941
20 11.235575914382935 179.36162614822388
30 9.11327576637268 135.85836911201477
40 7.227788209915161 98.10025811195374
50 6.650835990905762 81.9770929813385
60 4.79709005355835 55.91024589538574
70 3.962087869644165 45.9255211353302
80 3.3454270362854004 38.40407180786133
90 2.886439800262451 31.19393301010132
100 2.5797388553619385 26.118952989578247


number of patterns visited
10 51386 830519
20 48049 726461
30 43191 604645
40 38690 505062
50 34568 418824
60 30793 347418
70 27897 297537
80 24714 245125
90 21760 203981
100 19396 172323


number of patterns found, lowerbound
10 52 
 [[0, -1, -1, -1, 0, -1, -1, -1, -1, -1, -1, -1, -1], [0, -1, -1, -1, -1, 0, 4, -1, -1, -1, -1, 0, -1], [0, -1, -1, -1, -1, -1, -1, -1, -1, 4, -1, -1, -1], [1, -1, -1, -1, -1, -1, -1, -1, -1, -1, -1, -1, -1], [-1, 0, -1, -1, 0, -1, -1, -1, -1, -1, -1, -1, -1], [-1, 0, -1, -1, 1, -1, -1, -1, -1, -1, -1, -1, -1], [-1, 0, -1, -1, -1, 0, -1, -1, -1, -1, -1, -1, -1], [-1, 0, -1, -1, -1, -1, 4, -1, -1, -1, -1, 0, -1], [-1, 0, -1, -1, -1, -1, -1, -1, -1, 4, -1, -1, -1], [-1, 1, -1, -1, -1, -1, -1, -1, -1, -1, -1, -1, -1], [-1, -1, 1, -1, -1, -1, -1, -1, -1, -1, -1, -1, -1], [-1, -1, -1, 0, 0, -1, -1, -1, -1, -1, -1, -1, -1], [-1, -1, -1, 0, -1, 0, 4, -1, -1, -1, -1, 0, -1], [-1, -1, -1, 0, -1, -1, -1, -1, -1, 4, -1, -1, -1], [-1, -1, -1, 1, -1, -1, -1, -1, -1, -1, -1, -1, -1], [-1, -1, -1, -1, 0, 0, -1, -1, -1, -1, -1, -1, -1], [-1, -1, -1, -1, 0, -1, 4, -1, -1, -1, -1, -1, -1], [-1, -1, -1, -1, 0, -1, -1, -1, -1, 4, -1, -1, -1], [-1, -1, -1, -1, 0, -1, -1, -1, -1, -1, -1, -1, 1], [-1, -1, -1, -1, 1, 0, -1, -1, -1, -1, -1, -1, -1], [-1, -1, -1, -1, 1, -1, 4, -1, -1, -1, -1, -1, -1], [-1, -1, -1, -1, 1, -1, -1, -1, -1, 4, -1, -1, -1], [-1, -1, -1, -1, 1, -1, -1, -1, -1, -1, -1, 0, -1], [-1, -1, -1, -1, -1, 0, 4, -1, -1, -1, -1, 0, 1], [-1, -1, -1, -1, -1, 0, -1, -1, -1, 4, -1, -1, -1], [-1, -1, -1, -1, -1, 1, -1, -1, -1, -1, -1, -1, -1], [-1, -1, -1, -1, -1, -1, 1, -1, -1, -1, -1, -1, -1], [-1, -1, -1, -1, -1, -1, 2, -1, -1, -1, -1, -1, -1], [-1, -1, -1, -1, -1, -1, 3, -1, -1, -1, -1, -1, -1], [-1, -1, -1, -1, -1, -1, 4, -1, -1, 4, -1, -1, -1], [-1, -1, -1, -1, -1, -1, -1, 1, -1, -1, -1, -1, -1], [-1, -1, -1, -1, -1, -1, -1, 2, -1, -1, -1, -1, -1], [-1, -1, -1, -1, -1, -1, -1, 3, -1, -1, -1, -1, -1], [-1, -1, -1, -1, -1, -1, -1, 4, -1, -1, -1, -1, -1], [-1, -1, -1, -1, -1, -1, -1, -1, 0, -1, -1, -1, -1], [-1, -1, -1, -1, -1, -1, -1, -1, 1, -1, -1, -1, -1], [-1, -1, -1, -1, -1, -1, -1, -1, 2, -1, -1, -1, -1], [-1, -1, -1, -1, -1, -1, -1, -1, 3, -1, -1, -1, -1], [-1, -1, -1, -1, -1, -1, -1, -1, 4, -1, -1, -1, -1], [-1, -1, -1, -1, -1, -1, -1, -1, -1, 0, -1, -1, -1], [-1, -1, -1, -1, -1, -1, -1, -1, -1, 1, -1, -1, -1], [-1, -1, -1, -1, -1, -1, -1, -1, -1, 2, -1, -1, -1], [-1, -1, -1, -1, -1, -1, -1, -1, -1, 3, -1, -1, -1], [-1, -1, -1, -1, -1, -1, -1, -1, -1, 4, -1, -1, 1], [-1, -1, -1, -1, -1, -1, -1, -1, -1, -1, 0, -1, -1], [-1, -1, -1, -1, -1, -1, -1, -1, -1, -1, 1, -1, -1], [-1, -1, -1, -1, -1, -1, -1, -1, -1, -1, 2, -1, -1], [-1, -1, -1, -1, -1, -1, -1, -1, -1, -1, 3, -1, -1], [-1, -1, -1, -1, -1, -1, -1, -1, -1, -1, -1, 1, -1], [-1, -1, -1, -1, -1, -1, -1, -1, -1, -1, -1, 2, -1], [-1, -1, -1, -1, -1, -1, -1, -1, -1, -1, -1, -1, 2], [-1, -1, -1, -1, -1, -1, -1, -1, -1, -1, -1, -1, 3]]
20 51 
 [[0, -1, -1, -1, 0, -1, -1, -1, -1, -1, -1, -1, -1], [0, -1, -1, -1, -1, 0, 4, -1, -1, -1, -1, 0, -1], [0, -1, -1, -1, -1, -1, -1, -1, -1, 4, -1, -1, -1], [1, -1, -1, -1, -1, -1, -1, -1, -1, -1, -1, -1, -1], [-1, 0, -1, -1, 0, -1, -1, -1, -1, -1, -1, -1, -1], [-1, 0, -1, -1, 1, -1, -1, -1, -1, -1, -1, -1, -1], [-1, 0, -1, -1, -1, 0, -1, -1, -1, -1, -1, -1, -1], [-1, 0, -1, -1, -1, -1, 4, -1, -1, -1, -1, 0, -1], [-1, 0, -1, -1, -1, -1, -1, -1, -1, 4, -1, -1, -1], [-1, 1, -1, -1, -1, -1, -1, -1, -1, -1, -1, -1, -1], [-1, -1, 1, -1, -1, -1, -1, -1, -1, -1, -1, -1, -1], [-1, -1, -1, 0, 0, -1, -1, -1, -1, -1, -1, -1, -1], [-1, -1, -1, 0, -1, 0, 4, -1, -1, -1, -1, 0, -1], [-1, -1, -1, 0, -1, -1, -1, -1, -1, 4, -1, -1, -1], [-1, -1, -1, 1, -1, -1, -1, -1, -1, -1, -1, -1, -1], [-1, -1, -1, -1, 0, 0, -1, -1, -1, -1, -1, -1, -1], [-1, -1, -1, -1, 0, -1, 4, -1, -1, -1, -1, -1, -1], [-1, -1, -1, -1, 0, -1, -1, -1, -1, 4, -1, -1, -1], [-1, -1, -1, -1, 0, -1, -1, -1, -1, -1, -1, -1, 1], [-1, -1, -1, -1, 1, 0, -1, -1, -1, -1, -1, -1, -1], [-1, -1, -1, -1, 1, -1, 4, -1, -1, -1, -1, -1, -1], [-1, -1, -1, -1, 1, -1, -1, -1, -1, 4, -1, -1, -1], [-1, -1, -1, -1, 1, -1, -1, -1, -1, -1, -1, 0, -1], [-1, -1, -1, -1, -1, 0, 4, -1, -1, -1, -1, 0, 1], [-1, -1, -1, -1, -1, 0, -1, -1, -1, 4, -1, -1, -1], [-1, -1, -1, -1, -1, 1, -1, -1, -1, -1, -1, -1, -1], [-1, -1, -1, -1, -1, -1, 1, -1, -1, -1, -1, -1, -1], [-1, -1, -1, -1, -1, -1, 2, -1, -1, -1, -1, -1, -1], [-1, -1, -1, -1, -1, -1, 3, -1, -1, -1, -1, -1, -1], [-1, -1, -1, -1, -1, -1, 4, -1, -1, 4, -1, -1, -1], [-1, -1, -1, -1, -1, -1, -1, 1, -1, -1, -1, -1, -1], [-1, -1, -1, -1, -1, -1, -1, 2, -1, -1, -1, -1, -1], [-1, -1, -1, -1, -1, -1, -1, 3, -1, -1, -1, -1, -1], [-1, -1, -1, -1, -1, -1, -1, 4, -1, -1, -1, -1, -1], [-1, -1, -1, -1, -1, -1, -1, -1, 0, -1, -1, -1, -1], [-1, -1, -1, -1, -1, -1, -1, -1, 1, -1, -1, -1, -1], [-1, -1, -1, -1, -1, -1, -1, -1, 2, -1, -1, -1, -1], [-1, -1, -1, -1, -1, -1, -1, -1, 3, -1, -1, -1, -1], [-1, -1, -1, -1, -1, -1, -1, -1, 4, -1, -1, -1, -1], [-1, -1, -1, -1, -1, -1, -1, -1, -1, 0, -1, -1, -1], [-1, -1, -1, -1, -1, -1, -1, -1, -1, 2, -1, -1, -1], [-1, -1, -1, -1, -1, -1, -1, -1, -1, 3, -1, -1, -1], [-1, -1, -1, -1, -1, -1, -1, -1, -1, 4, -1, -1, 1], [-1, -1, -1, -1, -1, -1, -1, -1, -1, -1, 0, -1, -1], [-1, -1, -1, -1, -1, -1, -1, -1, -1, -1, 1, -1, -1], [-1, -1, -1, -1, -1, -1, -1, -1, -1, -1, 2, -1, -1], [-1, -1, -1, -1, -1, -1, -1, -1, -1, -1, 3, -1, -1], [-1, -1, -1, -1, -1, -1, -1, -1, -1, -1, -1, 1, -1], [-1, -1, -1, -1, -1, -1, -1, -1, -1, -1, -1, 2, -1], [-1, -1, -1, -1, -1, -1, -1, -1, -1, -1, -1, -1, 2], [-1, -1, -1, -1, -1, -1, -1, -1, -1, -1, -1, -1, 3]]
30 47 
 [[0, -1, -1, -1, 0, -1, -1, -1, -1, -1, -1, -1, -1], [0, -1, -1, -1, -1, 0, 4, -1, -1, -1, -1, 0, -1], [0, -1, -1, -1, -1, -1, -1, -1, -1, 4, -1, -1, -1], [1, -1, -1, -1, -1, -1, -1, -1, -1, -1, -1, -1, -1], [-1, 0, -1, -1, 0, -1, -1, -1, -1, -1, -1, -1, -1], [-1, 0, -1, -1, 1, -1, -1, -1, -1, -1, -1, -1, -1], [-1, 0, -1, -1, -1, 0, -1, -1, -1, -1, -1, -1, -1], [-1, 0, -1, -1, -1, -1, 4, -1, -1, -1, -1, 0, -1], [-1, 0, -1, -1, -1, -1, -1, -1, -1, 4, -1, -1, -1], [-1, 1, -1, -1, -1, -1, -1, -1, -1, -1, -1, -1, -1], [-1, -1, -1, 0, 0, -1, -1, -1, -1, -1, -1, -1, -1], [-1, -1, -1, 0, -1, 0, 4, -1, -1, -1, -1, 0, -1], [-1, -1, -1, 0, -1, -1, -1, -1, -1, 4, -1, -1, -1], [-1, -1, -1, 1, -1, -1, -1, -1, -1, -1, -1, -1, -1], [-1, -1, -1, -1, 0, 0, -1, -1, -1, -1, -1, -1, -1], [-1, -1, -1, -1, 0, -1, 4, -1, -1, -1, -1, -1, -1], [-1, -1, -1, -1, 0, -1, -1, -1, -1, 4, -1, -1, -1], [-1, -1, -1, -1, 0, -1, -1, -1, -1, -1, -1, -1, 1], [-1, -1, -1, -1, 1, 0, -1, -1, -1, -1, -1, -1, -1], [-1, -1, -1, -1, 1, -1, 4, -1, -1, -1, -1, -1, -1], [-1, -1, -1, -1, 1, -1, -1, -1, -1, 4, -1, -1, -1], [-1, -1, -1, -1, 1, -1, -1, -1, -1, -1, -1, 0, -1], [-1, -1, -1, -1, -1, 0, 4, -1, -1, -1, -1, 0, 1], [-1, -1, -1, -1, -1, 0, -1, -1, -1, 4, -1, -1, -1], [-1, -1, -1, -1, -1, 1, -1, -1, -1, -1, -1, -1, -1], [-1, -1, -1, -1, -1, -1, 1, -1, -1, -1, -1, -1, -1], [-1, -1, -1, -1, -1, -1, 2, -1, -1, -1, -1, -1, -1], [-1, -1, -1, -1, -1, -1, 3, -1, -1, -1, -1, -1, -1], [-1, -1, -1, -1, -1, -1, 4, -1, -1, 4, -1, -1, -1], [-1, -1, -1, -1, -1, -1, -1, 1, -1, -1, -1, -1, -1], [-1, -1, -1, -1, -1, -1, -1, 2, -1, -1, -1, -1, -1], [-1, -1, -1, -1, -1, -1, -1, 3, -1, -1, -1, -1, -1], [-1, -1, -1, -1, -1, -1, -1, 4, -1, -1, -1, -1, -1], [-1, -1, -1, -1, -1, -1, -1, -1, 0, -1, -1, -1, -1], [-1, -1, -1, -1, -1, -1, -1, -1, 1, -1, -1, -1, -1], [-1, -1, -1, -1, -1, -1, -1, -1, 2, -1, -1, -1, -1], [-1, -1, -1, -1, -1, -1, -1, -1, 3, -1, -1, -1, -1], [-1, -1, -1, -1, -1, -1, -1, -1, 4, -1, -1, -1, -1], [-1, -1, -1, -1, -1, -1, -1, -1, -1, 2, -1, -1, -1], [-1, -1, -1, -1, -1, -1, -1, -1, -1, 4, -1, -1, 1], [-1, -1, -1, -1, -1, -1, -1, -1, -1, -1, 0, -1, -1], [-1, -1, -1, -1, -1, -1, -1, -1, -1, -1, 1, -1, -1], [-1, -1, -1, -1, -1, -1, -1, -1, -1, -1, 2, -1, -1], [-1, -1, -1, -1, -1, -1, -1, -1, -1, -1, 3, -1, -1], [-1, -1, -1, -1, -1, -1, -1, -1, -1, -1, -1, 1, -1], [-1, -1, -1, -1, -1, -1, -1, -1, -1, -1, -1, 2, -1], [-1, -1, -1, -1, -1, -1, -1, -1, -1, -1, -1, -1, 2]]
40 43 
 [[0, -1, -1, -1, 0, -1, -1, -1, -1, -1, -1, -1, -1], [0, -1, -1, -1, -1, 0, 4, -1, -1, -1, -1, 0, -1], [0, -1, -1, -1, -1, -1, -1, -1, -1, 4, -1, -1, -1], [1, -1, -1, -1, -1, -1, -1, -1, -1, -1, -1, -1, -1], [-1, 0, -1, -1, 0, -1, -1, -1, -1, -1, -1, -1, -1], [-1, 0, -1, -1, 1, -1, -1, -1, -1, -1, -1, -1, -1], [-1, 0, -1, -1, -1, 0, -1, -1, -1, -1, -1, -1, -1], [-1, 0, -1, -1, -1, -1, 4, -1, -1, -1, -1, 0, -1], [-1, 0, -1, -1, -1, -1, -1, -1, -1, 4, -1, -1, -1], [-1, 1, -1, -1, -1, -1, -1, -1, -1, -1, -1, -1, -1], [-1, -1, -1, 0, 0, -1, -1, -1, -1, -1, -1, -1, -1], [-1, -1, -1, 0, -1, 0, 4, -1, -1, -1, -1, 0, -1], [-1, -1, -1, 0, -1, -1, -1, -1, -1, 4, -1, -1, -1], [-1, -1, -1, 1, -1, -1, -1, -1, -1, -1, -1, -1, -1], [-1, -1, -1, -1, 0, 0, -1, -1, -1, -1, -1, -1, -1], [-1, -1, -1, -1, 0, -1, -1, -1, -1, 4, -1, -1, -1], [-1, -1, -1, -1, 0, -1, -1, -1, -1, -1, -1, -1, 1], [-1, -1, -1, -1, 1, 0, -1, -1, -1, -1, -1, -1, -1], [-1, -1, -1, -1, 1, -1, 4, -1, -1, -1, -1, -1, -1], [-1, -1, -1, -1, 1, -1, -1, -1, -1, 4, -1, -1, -1], [-1, -1, -1, -1, 1, -1, -1, -1, -1, -1, -1, 0, -1], [-1, -1, -1, -1, -1, 0, 4, -1, -1, -1, -1, 0, 1], [-1, -1, -1, -1, -1, 0, -1, -1, -1, 4, -1, -1, -1], [-1, -1, -1, -1, -1, 1, -1, -1, -1, -1, -1, -1, -1], [-1, -1, -1, -1, -1, -1, 1, -1, -1, -1, -1, -1, -1], [-1, -1, -1, -1, -1, -1, 2, -1, -1, -1, -1, -1, -1], [-1, -1, -1, -1, -1, -1, 3, -1, -1, -1, -1, -1, -1], [-1, -1, -1, -1, -1, -1, 4, -1, -1, 4, -1, -1, -1], [-1, -1, -1, -1, -1, -1, -1, 1, -1, -1, -1, -1, -1], [-1, -1, -1, -1, -1, -1, -1, 2, -1, -1, -1, -1, -1], [-1, -1, -1, -1, -1, -1, -1, 3, -1, -1, -1, -1, -1], [-1, -1, -1, -1, -1, -1, -1, 4, -1, -1, -1, -1, -1], [-1, -1, -1, -1, -1, -1, -1, -1, 0, -1, -1, -1, -1], [-1, -1, -1, -1, -1, -1, -1, -1, 2, -1, -1, -1, -1], [-1, -1, -1, -1, -1, -1, -1, -1, 3, -1, -1, -1, -1], [-1, -1, -1, -1, -1, -1, -1, -1, 4, -1, -1, -1, -1], [-1, -1, -1, -1, -1, -1, -1, -1, -1, 2, -1, -1, -1], [-1, -1, -1, -1, -1, -1, -1, -1, -1, 4, -1, -1, 1], [-1, -1, -1, -1, -1, -1, -1, -1, -1, -1, 0, -1, -1], [-1, -1, -1, -1, -1, -1, -1, -1, -1, -1, 1, -1, -1], [-1, -1, -1, -1, -1, -1, -1, -1, -1, -1, 2, -1, -1], [-1, -1, -1, -1, -1, -1, -1, -1, -1, -1, -1, 1, -1], [-1, -1, -1, -1, -1, -1, -1, -1, -1, -1, -1, -1, 2]]
50 41 
 [[0, -1, -1, -1, 0, -1, -1, -1, -1, -1, -1, -1, -1], [0, -1, -1, -1, -1, 0, 4, -1, -1, -1, -1, 0, -1], [0, -1, -1, -1, -1, -1, -1, -1, -1, 4, -1, -1, -1], [-1, 0, -1, -1, 0, -1, -1, -1, -1, -1, -1, -1, -1], [-1, 0, -1, -1, 1, -1, -1, -1, -1, -1, -1, -1, -1], [-1, 0, -1, -1, -1, 0, -1, -1, -1, -1, -1, -1, -1], [-1, 0, -1, -1, -1, -1, 4, -1, -1, -1, -1, 0, -1], [-1, 0, -1, -1, -1, -1, -1, -1, -1, 4, -1, -1, -1], [-1, 1, -1, -1, -1, -1, -1, -1, -1, -1, -1, -1, -1], [-1, -1, -1, 0, 0, -1, -1, -1, -1, -1, -1, -1, -1], [-1, -1, -1, 0, -1, 0, 4, -1, -1, -1, -1, 0, -1], [-1, -1, -1, 0, -1, -1, -1, -1, -1, 4, -1, -1, -1], [-1, -1, -1, 1, -1, -1, -1, -1, -1, -1, -1, -1, -1], [-1, -1, -1, -1, 0, 0, -1, -1, -1, -1, -1, -1, -1], [-1, -1, -1, -1, 0, -1, -1, -1, -1, 4, -1, -1, -1], [-1, -1, -1, -1, 0, -1, -1, -1, -1, -1, -1, -1, 1], [-1, -1, -1, -1, 1, 0, -1, -1, -1, -1, -1, -1, -1], [-1, -1, -1, -1, 1, -1, 4, -1, -1, -1, -1, -1, -1], [-1, -1, -1, -1, 1, -1, -1, -1, -1, 4, -1, -1, -1], [-1, -1, -1, -1, 1, -1, -1, -1, -1, -1, -1, 0, -1], [-1, -1, -1, -1, -1, 0, 4, -1, -1, -1, -1, 0, 1], [-1, -1, -1, -1, -1, 0, -1, -1, -1, 4, -1, -1, -1], [-1, -1, -1, -1, -1, -1, 1, -1, -1, -1, -1, -1, -1], [-1, -1, -1, -1, -1, -1, 2, -1, -1, -1, -1, -1, -1], [-1, -1, -1, -1, -1, -1, 3, -1, -1, -1, -1, -1, -1], [-1, -1, -1, -1, -1, -1, 4, -1, -1, 4, -1, -1, -1], [-1, -1, -1, -1, -1, -1, -1, 1, -1, -1, -1, -1, -1], [-1, -1, -1, -1, -1, -1, -1, 2, -1, -1, -1, -1, -1], [-1, -1, -1, -1, -1, -1, -1, 3, -1, -1, -1, -1, -1], [-1, -1, -1, -1, -1, -1, -1, 4, -1, -1, -1, -1, -1], [-1, -1, -1, -1, -1, -1, -1, -1, 0, -1, -1, -1, -1], [-1, -1, -1, -1, -1, -1, -1, -1, 2, -1, -1, -1, -1], [-1, -1, -1, -1, -1, -1, -1, -1, 3, -1, -1, -1, -1], [-1, -1, -1, -1, -1, -1, -1, -1, 4, -1, -1, -1, -1], [-1, -1, -1, -1, -1, -1, -1, -1, -1, 2, -1, -1, -1], [-1, -1, -1, -1, -1, -1, -1, -1, -1, 4, -1, -1, 1], [-1, -1, -1, -1, -1, -1, -1, -1, -1, -1, 0, -1, -1], [-1, -1, -1, -1, -1, -1, -1, -1, -1, -1, 1, -1, -1], [-1, -1, -1, -1, -1, -1, -1, -1, -1, -1, 2, -1, -1], [-1, -1, -1, -1, -1, -1, -1, -1, -1, -1, -1, 1, -1], [-1, -1, -1, -1, -1, -1, -1, -1, -1, -1, -1, -1, 2]]
60 36 
 [[0, -1, -1, -1, 0, -1, -1, -1, -1, -1, -1, -1, -1], [0, -1, -1, -1, -1, 0, 4, -1, -1, -1, -1, 0, -1], [0, -1, -1, -1, -1, -1, -1, -1, -1, 4, -1, -1, -1], [-1, 0, -1, -1, 0, -1, -1, -1, -1, -1, -1, -1, -1], [-1, 0, -1, -1, 1, -1, -1, -1, -1, -1, -1, -1, -1], [-1, 0, -1, -1, -1, 0, -1, -1, -1, -1, -1, -1, -1], [-1, 0, -1, -1, -1, -1, -1, -1, -1, 4, -1, -1, -1], [-1, 1, -1, -1, -1, -1, -1, -1, -1, -1, -1, -1, -1], [-1, -1, -1, 0, 0, -1, -1, -1, -1, -1, -1, -1, -1], [-1, -1, -1, 0, -1, 0, 4, -1, -1, -1, -1, 0, -1], [-1, -1, -1, 0, -1, -1, -1, -1, -1, 4, -1, -1, -1], [-1, -1, -1, 1, -1, -1, -1, -1, -1, -1, -1, -1, -1], [-1, -1, -1, -1, 0, 0, -1, -1, -1, -1, -1, -1, -1], [-1, -1, -1, -1, 0, -1, -1, -1, -1, 4, -1, -1, -1], [-1, -1, -1, -1, 0, -1, -1, -1, -1, -1, -1, -1, 1], [-1, -1, -1, -1, 1, 0, -1, -1, -1, -1, -1, -1, -1], [-1, -1, -1, -1, 1, -1, 4, -1, -1, -1, -1, -1, -1], [-1, -1, -1, -1, 1, -1, -1, -1, -1, 4, -1, -1, -1], [-1, -1, -1, -1, 1, -1, -1, -1, -1, -1, -1, 0, -1], [-1, -1, -1, -1, -1, 0, 4, -1, -1, -1, -1, 0, 1], [-1, -1, -1, -1, -1, 0, -1, -1, -1, 4, -1, -1, -1], [-1, -1, -1, -1, -1, -1, 2, -1, -1, -1, -1, -1, -1], [-1, -1, -1, -1, -1, -1, 3, -1, -1, -1, -1, -1, -1], [-1, -1, -1, -1, -1, -1, -1, 1, -1, -1, -1, -1, -1], [-1, -1, -1, -1, -1, -1, -1, 2, -1, -1, -1, -1, -1], [-1, -1, -1, -1, -1, -1, -1, 3, -1, -1, -1, -1, -1], [-1, -1, -1, -1, -1, -1, -1, 4, -1, -1, -1, -1, -1], [-1, -1, -1, -1, -1, -1, -1, -1, 2, -1, -1, -1, -1], [-1, -1, -1, -1, -1, -1, -1, -1, 4, -1, -1, -1, -1], [-1, -1, -1, -1, -1, -1, -1, -1, -1, 2, -1, -1, -1], [-1, -1, -1, -1, -1, -1, -1, -1, -1, 4, -1, -1, 1], [-1, -1, -1, -1, -1, -1, -1, -1, -1, -1, 0, -1, -1], [-1, -1, -1, -1, -1, -1, -1, -1, -1, -1, 1, -1, -1], [-1, -1, -1, -1, -1, -1, -1, -1, -1, -1, 2, -1, -1], [-1, -1, -1, -1, -1, -1, -1, -1, -1, -1, -1, 1, -1], [-1, -1, -1, -1, -1, -1, -1, -1, -1, -1, -1, -1, 2]]
70 32 
 [[0, -1, -1, -1, 0, -1, -1, -1, -1, -1, -1, -1, -1], [0, -1, -1, -1, -1, 0, 4, -1, -1, -1, -1, 0, -1], [0, -1, -1, -1, -1, -1, -1, -1, -1, 4, -1, -1, -1], [-1, 0, -1, -1, 1, -1, -1, -1, -1, -1, -1, -1, -1], [-1, 0, -1, -1, -1, 0, -1, -1, -1, -1, -1, -1, -1], [-1, 0, -1, -1, -1, -1, -1, -1, -1, 4, -1, -1, -1], [-1, 1, -1, -1, -1, -1, -1, -1, -1, -1, -1, -1, -1], [-1, -1, -1, 0, 0, -1, -1, -1, -1, -1, -1, -1, -1], [-1, -1, -1, 0, -1, 0, 4, -1, -1, -1, -1, 0, -1], [-1, -1, -1, 0, -1, -1, -1, -1, -1, 4, -1, -1, -1], [-1, -1, -1, 1, -1, -1, -1, -1, -1, -1, -1, -1, -1], [-1, -1, -1, -1, 0, 0, -1, -1, -1, -1, -1, -1, -1], [-1, -1, -1, -1, 1, 0, -1, -1, -1, -1, -1, -1, -1], [-1, -1, -1, -1, 1, -1, 4, -1, -1, -1, -1, -1, -1], [-1, -1, -1, -1, 1, -1, -1, -1, -1, 4, -1, -1, -1], [-1, -1, -1, -1, 1, -1, -1, -1, -1, -1, -1, 0, -1], [-1, -1, -1, -1, -1, 0, -1, -1, -1, 4, -1, -1, -1], [-1, -1, -1, -1, -1, -1, 2, -1, -1, -1, -1, -1, -1], [-1, -1, -1, -1, -1, -1, 3, -1, -1, -1, -1, -1, -1], [-1, -1, -1, -1, -1, -1, -1, 1, -1, -1, -1, -1, -1], [-1, -1, -1, -1, -1, -1, -1, 2, -1, -1, -1, -1, -1], [-1, -1, -1, -1, -1, -1, -1, 3, -1, -1, -1, -1, -1], [-1, -1, -1, -1, -1, -1, -1, 4, -1, -1, -1, -1, -1], [-1, -1, -1, -1, -1, -1, -1, -1, 2, -1, -1, -1, -1], [-1, -1, -1, -1, -1, -1, -1, -1, 4, -1, -1, -1, -1], [-1, -1, -1, -1, -1, -1, -1, -1, -1, 2, -1, -1, -1], [-1, -1, -1, -1, -1, -1, -1, -1, -1, 4, -1, -1, 1], [-1, -1, -1, -1, -1, -1, -1, -1, -1, -1, 0, -1, -1], [-1, -1, -1, -1, -1, -1, -1, -1, -1, -1, 1, -1, -1], [-1, -1, -1, -1, -1, -1, -1, -1, -1, -1, 2, -1, -1], [-1, -1, -1, -1, -1, -1, -1, -1, -1, -1, -1, 1, -1], [-1, -1, -1, -1, -1, -1, -1, -1, -1, -1, -1, -1, 2]]
80 31 
 [[0, -1, -1, -1, 0, -1, -1, -1, -1, -1, -1, -1, -1], [0, -1, -1, -1, -1, 0, 4, -1, -1, -1, -1, 0, -1], [0, -1, -1, -1, -1, -1, -1, -1, -1, 4, -1, -1, -1], [-1, 0, -1, -1, 1, -1, -1, -1, -1, -1, -1, -1, -1], [-1, 0, -1, -1, -1, 0, -1, -1, -1, -1, -1, -1, -1], [-1, 0, -1, -1, -1, -1, -1, -1, -1, 4, -1, -1, -1], [-1, 1, -1, -1, -1, -1, -1, -1, -1, -1, -1, -1, -1], [-1, -1, -1, 0, 0, -1, -1, -1, -1, -1, -1, -1, -1], [-1, -1, -1, 0, -1, -1, -1, -1, -1, 4, -1, -1, -1], [-1, -1, -1, 1, -1, -1, -1, -1, -1, -1, -1, -1, -1], [-1, -1, -1, -1, 0, 0, -1, -1, -1, -1, -1, -1, -1], [-1, -1, -1, -1, 1, 0, -1, -1, -1, -1, -1, -1, -1], [-1, -1, -1, -1, 1, -1, 4, -1, -1, -1, -1, -1, -1], [-1, -1, -1, -1, 1, -1, -1, -1, -1, 4, -1, -1, -1], [-1, -1, -1, -1, 1, -1, -1, -1, -1, -1, -1, 0, -1], [-1, -1, -1, -1, -1, 0, -1, -1, -1, 4, -1, -1, -1], [-1, -1, -1, -1, -1, -1, 2, -1, -1, -1, -1, -1, -1], [-1, -1, -1, -1, -1, -1, 3, -1, -1, -1, -1, -1, -1], [-1, -1, -1, -1, -1, -1, -1, 1, -1, -1, -1, -1, -1], [-1, -1, -1, -1, -1, -1, -1, 2, -1, -1, -1, -1, -1], [-1, -1, -1, -1, -1, -1, -1, 3, -1, -1, -1, -1, -1], [-1, -1, -1, -1, -1, -1, -1, 4, -1, -1, -1, -1, -1], [-1, -1, -1, -1, -1, -1, -1, -1, 2, -1, -1, -1, -1], [-1, -1, -1, -1, -1, -1, -1, -1, 4, -1, -1, -1, -1], [-1, -1, -1, -1, -1, -1, -1, -1, -1, 2, -1, -1, -1], [-1, -1, -1, -1, -1, -1, -1, -1, -1, 4, -1, -1, 1], [-1, -1, -1, -1, -1, -1, -1, -1, -1, -1, 0, -1, -1], [-1, -1, -1, -1, -1, -1, -1, -1, -1, -1, 1, -1, -1], [-1, -1, -1, -1, -1, -1, -1, -1, -1, -1, 2, -1, -1], [-1, -1, -1, -1, -1, -1, -1, -1, -1, -1, -1, 1, -1], [-1, -1, -1, -1, -1, -1, -1, -1, -1, -1, -1, -1, 2]]
90 28 
 [[0, -1, -1, -1, 0, -1, -1, -1, -1, -1, -1, -1, -1], [0, -1, -1, -1, -1, -1, -1, -1, -1, 4, -1, -1, -1], [-1, 0, -1, -1, 1, -1, -1, -1, -1, -1, -1, -1, -1], [-1, 0, -1, -1, -1, 0, -1, -1, -1, -1, -1, -1, -1], [-1, 0, -1, -1, -1, -1, -1, -1, -1, 4, -1, -1, -1], [-1, 1, -1, -1, -1, -1, -1, -1, -1, -1, -1, -1, -1], [-1, -1, -1, 0, 0, -1, -1, -1, -1, -1, -1, -1, -1], [-1, -1, -1, 0, -1, -1, -1, -1, -1, 4, -1, -1, -1], [-1, -1, -1, -1, 0, 0, -1, -1, -1, -1, -1, -1, -1], [-1, -1, -1, -1, 1, 0, -1, -1, -1, -1, -1, -1, -1], [-1, -1, -1, -1, 1, -1, 4, -1, -1, -1, -1, -1, -1], [-1, -1, -1, -1, 1, -1, -1, -1, -1, 4, -1, -1, -1], [-1, -1, -1, -1, 1, -1, -1, -1, -1, -1, -1, 0, -1], [-1, -1, -1, -1, -1, 0, -1, -1, -1, 4, -1, -1, -1], [-1, -1, -1, -1, -1, -1, 2, -1, -1, -1, -1, -1, -1], [-1, -1, -1, -1, -1, -1, 3, -1, -1, -1, -1, -1, -1], [-1, -1, -1, -1, -1, -1, -1, 2, -1, -1, -1, -1, -1], [-1, -1, -1, -1, -1, -1, -1, 3, -1, -1, -1, -1, -1], [-1, -1, -1, -1, -1, -1, -1, 4, -1, -1, -1, -1, -1], [-1, -1, -1, -1, -1, -1, -1, -1, 2, -1, -1, -1, -1], [-1, -1, -1, -1, -1, -1, -1, -1, 4, -1, -1, -1, -1], [-1, -1, -1, -1, -1, -1, -1, -1, -1, 2, -1, -1, -1], [-1, -1, -1, -1, -1, -1, -1, -1, -1, 4, -1, -1, 1], [-1, -1, -1, -1, -1, -1, -1, -1, -1, -1, 0, -1, -1], [-1, -1, -1, -1, -1, -1, -1, -1, -1, -1, 1, -1, -1], [-1, -1, -1, -1, -1, -1, -1, -1, -1, -1, 2, -1, -1], [-1, -1, -1, -1, -1, -1, -1, -1, -1, -1, -1, 1, -1], [-1, -1, -1, -1, -1, -1, -1, -1, -1, -1, -1, -1, 2]]
100 21 
 [[0, -1, -1, -1, -1, -1, -1, -1, -1, 4, -1, -1, -1], [-1, 0, -1, -1, 1, -1, -1, -1, -1, -1, -1, -1, -1], [-1, 0, -1, -1, -1, 0, -1, -1, -1, -1, -1, -1, -1], [-1, 0, -1, -1, -1, -1, -1, -1, -1, 4, -1, -1, -1], [-1, 1, -1, -1, -1, -1, -1, -1, -1, -1, -1, -1, -1], [-1, -1, -1, 0, -1, -1, -1, -1, -1, 4, -1, -1, -1], [-1, -1, -1, -1, 1, 0, -1, -1, -1, -1, -1, -1, -1], [-1, -1, -1, -1, 1, -1, -1, -1, -1, 4, -1, -1, -1], [-1, -1, -1, -1, 1, -1, -1, -1, -1, -1, -1, 0, -1], [-1, -1, -1, -1, -1, 0, -1, -1, -1, 4, -1, -1, -1], [-1, -1, -1, -1, -1, -1, 2, -1, -1, -1, -1, -1, -1], [-1, -1, -1, -1, -1, -1, -1, 2, -1, -1, -1, -1, -1], [-1, -1, -1, -1, -1, -1, -1, 3, -1, -1, -1, -1, -1], [-1, -1, -1, -1, -1, -1, -1, -1, 2, -1, -1, -1, -1], [-1, -1, -1, -1, -1, -1, -1, -1, 4, -1, -1, -1, -1], [-1, -1, -1, -1, -1, -1, -1, -1, -1, 2, -1, -1, -1], [-1, -1, -1, -1, -1, -1, -1, -1, -1, 4, -1, -1, 1], [-1, -1, -1, -1, -1, -1, -1, -1, -1, -1, 0, -1, -1], [-1, -1, -1, -1, -1, -1, -1, -1, -1, -1, 1, -1, -1], [-1, -1, -1, -1, -1, -1, -1, -1, -1, -1, 2, -1, -1], [-1, -1, -1, -1, -1, -1, -1, -1, -1, -1, -1, -1, 2]]


number of patterns found, upperbound
10 11 
 [[0, -1, 0, 0, -1, 0, -1, -1, -1, -1, -1, -1, 1], [0, -1, 0, -1, -1, 0, -1, -1, -1, -1, -1, 0, -1], [0, 0, 0, -1, -1, -1, -1, -1, -1, -1, -1, -1, -1], [0, -1, 0, 0, -1, -1, -1, -1, -1, -1, -1, 0, -1], [0, -1, 0, -1, 1, -1, -1, -1, -1, -1, -1, -1, 1], [0, -1, 0, -1, -1, -1, 4, -1, -1, -1, -1, -1, -1], [-1, -1, 0, -1, -1, 0, 4, -1, -1, -1, -1, -1, -1], [0, -1, 0, 0, 1, 0, -1, -1, -1, -1, -1, -1, -1], [0, -1, 0, -1, -1, -1, -1, -1, -1, -1, -1, 0, 1], [-1, 0, -1, 0, -1, -1, -1, -1, -1, -1, -1, -1, -1], [0, -1, -1, 0, 1, -1, -1, -1, -1, -1, -1, -1, 1]]
20 11 
 [[0, -1, 0, 0, -1, 0, -1, -1, -1, -1, -1, -1, 1], [0, -1, 0, -1, -1, 0, -1, -1, -1, -1, -1, 0, -1], [0, 0, 0, -1, -1, -1, -1, -1, -1, -1, -1, -1, -1], [0, -1, 0, 0, -1, -1, -1, -1, -1, -1, -1, 0, -1], [0, -1, 0, -1, 1, -1, -1, -1, -1, -1, -1, -1, 1], [0, -1, 0, -1, -1, -1, 4, -1, -1, -1, -1, -1, -1], [-1, -1, 0, -1, -1, 0, 4, -1, -1, -1, -1, -1, -1], [0, -1, 0, 0, 1, 0, -1, -1, -1, -1, -1, -1, -1], [0, -1, 0, -1, -1, -1, -1, -1, -1, -1, -1, 0, 1], [-1, 0, -1, 0, -1, -1, -1, -1, -1, -1, -1, -1, -1], [0, -1, -1, 0, 1, -1, -1, -1, -1, -1, -1, -1, 1]]
30 11 
 [[0, -1, 0, 0, -1, 0, -1, -1, -1, -1, -1, -1, 1], [0, -1, 0, -1, -1, 0, -1, -1, -1, -1, -1, 0, -1], [0, 0, 0, -1, -1, -1, -1, -1, -1, -1, -1, -1, -1], [0, -1, 0, 0, -1, -1, -1, -1, -1, -1, -1, 0, -1], [0, -1, 0, -1, 1, -1, -1, -1, -1, -1, -1, -1, 1], [0, -1, 0, -1, -1, -1, 4, -1, -1, -1, -1, -1, -1], [-1, -1, 0, -1, -1, 0, 4, -1, -1, -1, -1, -1, -1], [0, -1, 0, 0, 1, 0, -1, -1, -1, -1, -1, -1, -1], [0, -1, 0, -1, -1, -1, -1, -1, -1, -1, -1, 0, 1], [-1, 0, -1, 0, -1, -1, -1, -1, -1, -1, -1, -1, -1], [0, -1, -1, 0, 1, -1, -1, -1, -1, -1, -1, -1, 1]]
40 11 
 [[0, -1, 0, 0, -1, 0, -1, -1, -1, -1, -1, -1, 1], [0, -1, 0, -1, -1, 0, -1, -1, -1, -1, -1, 0, -1], [0, 0, 0, -1, -1, -1, -1, -1, -1, -1, -1, -1, -1], [0, -1, 0, 0, -1, -1, -1, -1, -1, -1, -1, 0, -1], [0, -1, 0, -1, 1, -1, -1, -1, -1, -1, -1, -1, 1], [0, -1, 0, -1, -1, -1, 4, -1, -1, -1, -1, -1, -1], [-1, -1, 0, -1, -1, 0, 4, -1, -1, -1, -1, -1, -1], [0, -1, 0, 0, 1, 0, -1, -1, -1, -1, -1, -1, -1], [0, -1, 0, -1, -1, -1, -1, -1, -1, -1, -1, 0, 1], [-1, 0, -1, 0, -1, -1, -1, -1, -1, -1, -1, -1, -1], [0, -1, -1, 0, 1, -1, -1, -1, -1, -1, -1, -1, 1]]
50 11 
 [[0, -1, 0, 0, -1, 0, -1, -1, -1, -1, -1, -1, 1], [0, -1, 0, -1, -1, 0, -1, -1, -1, -1, -1, 0, -1], [0, 0, 0, -1, -1, -1, -1, -1, -1, -1, -1, -1, -1], [0, -1, 0, 0, -1, -1, -1, -1, -1, -1, -1, 0, -1], [0, -1, 0, -1, 1, -1, -1, -1, -1, -1, -1, -1, 1], [0, -1, 0, -1, -1, -1, 4, -1, -1, -1, -1, -1, -1], [-1, -1, 0, -1, -1, 0, 4, -1, -1, -1, -1, -1, -1], [0, -1, 0, 0, 1, 0, -1, -1, -1, -1, -1, -1, -1], [0, -1, 0, -1, -1, -1, -1, -1, -1, -1, -1, 0, 1], [-1, 0, -1, 0, -1, -1, -1, -1, -1, -1, -1, -1, -1], [0, -1, -1, 0, 1, -1, -1, -1, -1, -1, -1, -1, 1]]
60 11 
 [[0, -1, 0, 0, -1, 0, -1, -1, -1, -1, -1, -1, 1], [0, -1, 0, -1, -1, 0, -1, -1, -1, -1, -1, 0, -1], [0, 0, 0, -1, -1, -1, -1, -1, -1, -1, -1, -1, -1], [0, -1, 0, 0, -1, -1, -1, -1, -1, -1, -1, 0, -1], [0, -1, 0, -1, 1, -1, -1, -1, -1, -1, -1, -1, 1], [0, -1, 0, -1, -1, -1, 4, -1, -1, -1, -1, -1, -1], [-1, -1, 0, -1, -1, 0, 4, -1, -1, -1, -1, -1, -1], [0, -1, 0, 0, 1, 0, -1, -1, -1, -1, -1, -1, -1], [0, -1, 0, -1, -1, -1, -1, -1, -1, -1, -1, 0, 1], [-1, 0, -1, 0, -1, -1, -1, -1, -1, -1, -1, -1, -1], [0, -1, -1, 0, 1, -1, -1, -1, -1, -1, -1, -1, 1]]
70 11 
 [[0, -1, 0, 0, -1, 0, -1, -1, -1, -1, -1, -1, 1], [0, -1, 0, -1, -1, 0, -1, -1, -1, -1, -1, 0, -1], [0, 0, 0, -1, -1, -1, -1, -1, -1, -1, -1, -1, -1], [0, -1, 0, 0, -1, -1, -1, -1, -1, -1, -1, 0, -1], [0, -1, 0, -1, 1, -1, -1, -1, -1, -1, -1, -1, 1], [0, -1, 0, -1, -1, -1, 4, -1, -1, -1, -1, -1, -1], [-1, -1, 0, -1, -1, 0, 4, -1, -1, -1, -1, -1, -1], [0, -1, 0, 0, 1, 0, -1, -1, -1, -1, -1, -1, -1], [0, -1, 0, -1, -1, -1, -1, -1, -1, -1, -1, 0, 1], [-1, 0, -1, 0, -1, -1, -1, -1, -1, -1, -1, -1, -1], [0, -1, -1, 0, 1, -1, -1, -1, -1, -1, -1, -1, 1]]
80 11 
 [[0, -1, 0, 0, -1, 0, -1, -1, -1, -1, -1, -1, 1], [0, -1, 0, -1, -1, 0, -1, -1, -1, -1, -1, 0, -1], [0, 0, 0, -1, -1, -1, -1, -1, -1, -1, -1, -1, -1], [0, -1, 0, 0, -1, -1, -1, -1, -1, -1, -1, 0, -1], [0, -1, 0, -1, 1, -1, -1, -1, -1, -1, -1, -1, 1], [0, -1, 0, -1, -1, -1, 4, -1, -1, -1, -1, -1, -1], [-1, -1, 0, -1, -1, 0, 4, -1, -1, -1, -1, -1, -1], [0, -1, 0, 0, 1, 0, -1, -1, -1, -1, -1, -1, -1], [0, -1, 0, -1, -1, -1, -1, -1, -1, -1, -1, 0, 1], [-1, 0, -1, 0, -1, -1, -1, -1, -1, -1, -1, -1, -1], [0, -1, -1, 0, 1, -1, -1, -1, -1, -1, -1, -1, 1]]
90 11 
 [[0, -1, 0, 0, -1, 0, -1, -1, -1, -1, -1, -1, 1], [0, -1, 0, -1, -1, 0, -1, -1, -1, -1, -1, 0, -1], [0, 0, 0, -1, -1, -1, -1, -1, -1, -1, -1, -1, -1], [0, -1, 0, 0, -1, -1, -1, -1, -1, -1, -1, 0, -1], [0, -1, 0, -1, 1, -1, -1, -1, -1, -1, -1, -1, 1], [0, -1, 0, -1, -1, -1, 4, -1, -1, -1, -1, -1, -1], [-1, -1, 0, -1, -1, 0, 4, -1, -1, -1, -1, -1, -1], [0, -1, 0, 0, 1, 0, -1, -1, -1, -1, -1, -1, -1], [0, -1, 0, -1, -1, -1, -1, -1, -1, -1, -1, 0, 1], [-1, 0, -1, 0, -1, -1, -1, -1, -1, -1, -1, -1, -1], [0, -1, -1, 0, 1, -1, -1, -1, -1, -1, -1, -1, 1]]
100 11 
 [[0, -1, 0, 0, -1, 0, -1, -1, -1, -1, -1, -1, 1], [0, -1, 0, -1, -1, 0, -1, -1, -1, -1, -1, 0, -1], [0, 0, 0, -1, -1, -1, -1, -1, -1, -1, -1, -1, -1], [0, -1, 0, 0, -1, -1, -1, -1, -1, -1, -1, 0, -1], [0, -1, 0, -1, 1, -1, -1, -1, -1, -1, -1, -1, 1], [0, -1, 0, -1, -1, -1, 4, -1, -1, -1, -1, -1, -1], [-1, -1, 0, -1, -1, 0, 4, -1, -1, -1, -1, -1, -1], [0, -1, 0, 0, 1, 0, -1, -1, -1, -1, -1, -1, -1], [0, -1, 0, -1, -1, -1, -1, -1, -1, -1, -1, 0, 1], [-1, 0, -1, 0, -1, -1, -1, -1, -1, -1, -1, -1, -1], [0, -1, -1, 0, 1, -1, -1, -1, -1, -1, -1, -1, 1]]
