overall FPR: 0.1735446414561431
execution time
3 0.1120920181274414 0.09487318992614746
4 0.15480899810791016 0.1284470558166504
5 0.20748496055603027 0.18935894966125488
6 0.47537684440612793 1.2496159076690674
7 1.714487075805664 21.50831389427185
8 8.023218870162964
9 20.073158264160156
10 54.74646496772766
11 141.714702129364
12 248.12514901161194
13 404.21110105514526
14 600.0003042221069


number of patterns checked
3 97.0 143.0
4 305.0 719.0
5 764.0 2879.0
6 5483.0 34559.0
7 21290.0 414719.0
8 97.0
9 305.0
10 764.0
11 5483.0


number of patterns found
3 9 
 [[-1, -1, -1, -1, -1, 5], [-1, -1, -1, -1, -1, 4], [-1, -1, -1, 1, 1, 3], [-1, -1, 3, -1, -1, 3], [-1, -1, 2, -1, 1, 3], [-1, 1, -1, -1, 1, 3], [-1, 1, 2, -1, -1, 3], [0, -1, -1, 1, -1, 3], [0, 1, -1, -1, -1, 3]]
4 12 
 [[-1, -1, -1, -1, -1, -1, 6], [-1, -1, -1, -1, -1, -1, 5], [-1, -1, -1, -1, -1, -1, 4], [-1, -1, -1, -1, -1, 5, -1], [-1, -1, -1, -1, -1, 4, -1], [-1, -1, -1, 1, 1, 3, -1], [-1, -1, 3, -1, -1, 3, -1], [-1, -1, 2, -1, 1, 3, -1], [-1, 1, -1, -1, 1, 3, -1], [-1, 1, 2, -1, -1, 3, -1], [0, -1, -1, 1, -1, 3, -1], [0, 1, -1, -1, -1, 3, -1]]
5 18 
 [[-1, -1, -1, -1, -1, -1, -1, 5], [-1, -1, -1, -1, -1, -1, -1, 4], [-1, -1, -1, -1, -1, -1, 6, -1], [-1, -1, -1, -1, -1, -1, 5, -1], [-1, -1, -1, -1, -1, -1, 4, -1], [-1, -1, -1, -1, -1, 5, -1, -1], [-1, -1, -1, -1, -1, 4, -1, -1], [-1, -1, -1, -1, 1, 3, -1, 2], [-1, -1, -1, 1, 1, 3, -1, -1], [-1, -1, 3, -1, -1, 3, -1, -1], [-1, -1, 2, -1, 1, 3, -1, -1], [-1, -1, 2, 1, -1, 3, -1, 0], [-1, 1, -1, -1, -1, 3, -1, 2], [-1, 1, -1, -1, 1, 3, -1, -1], [-1, 1, 2, -1, -1, 3, -1, -1], [1, 1, -1, 1, -1, 3, -1, 0], [0, -1, -1, 1, -1, 3, -1, -1], [0, 1, -1, -1, -1, 3, -1, -1]]
6 24 
 [[-1, -1, -1, -1, -1, -1, -1, -1, 5], [-1, -1, -1, -1, -1, -1, -1, -1, 4], [-1, -1, -1, -1, -1, -1, -1, 5, -1], [-1, -1, -1, -1, -1, -1, -1, 4, -1], [-1, -1, -1, -1, -1, -1, 6, -1, -1], [-1, -1, -1, -1, -1, -1, 5, -1, -1], [-1, -1, -1, -1, -1, -1, 4, -1, -1], [-1, -1, -1, -1, -1, 5, -1, -1, -1], [-1, -1, -1, -1, -1, 4, -1, -1, -1], [-1, -1, -1, -1, 1, 3, -1, 2, -1], [-1, -1, -1, 1, 1, 3, -1, -1, -1], [-1, -1, 3, -1, -1, 3, -1, -1, -1], [-1, -1, 2, -1, 1, 3, -1, -1, -1], [-1, -1, 2, 1, -1, 3, -1, -1, 0], [-1, -1, 2, 1, -1, 3, -1, 0, -1], [-1, 1, -1, -1, -1, 3, -1, -1, 2], [-1, 1, -1, -1, -1, 3, -1, 2, -1], [-1, 1, -1, -1, 1, 3, -1, -1, -1], [-1, 1, 2, -1, -1, 3, -1, -1, -1], [1, 1, -1, -1, -1, 3, -1, -1, 0], [1, 1, -1, 1, -1, 3, -1, 0, -1], [0, -1, -1, 1, -1, 3, -1, -1, -1], [0, 2, 2, -1, -1, 3, -1, -1, 0], [0, 1, -1, -1, -1, 3, -1, -1, -1]]
7 37 
 [[-1, -1, -1, -1, -1, -1, -1, -1, -1, 5], [-1, -1, -1, -1, -1, -1, -1, -1, -1, 4], [-1, -1, -1, -1, -1, -1, -1, -1, 5, -1], [-1, -1, -1, -1, -1, -1, -1, -1, 4, -1], [-1, -1, -1, -1, -1, -1, -1, 5, -1, -1], [-1, -1, -1, -1, -1, -1, -1, 4, -1, -1], [-1, -1, -1, -1, -1, -1, 6, -1, -1, -1], [-1, -1, -1, -1, -1, -1, 5, -1, -1, -1], [-1, -1, -1, -1, -1, -1, 4, -1, -1, -1], [-1, -1, -1, -1, -1, 5, -1, -1, -1, -1], [-1, -1, -1, -1, -1, 4, -1, -1, -1, -1], [-1, -1, -1, -1, 1, 3, -1, 2, -1, -1], [-1, -1, -1, 1, 1, 3, -1, -1, -1, -1], [-1, -1, 3, -1, -1, 3, -1, -1, -1, -1], [-1, -1, 2, -1, -1, 3, -1, -1, 0, 0], [-1, -1, 2, -1, -1, 3, 0, 0, -1, 0], [-1, -1, 2, -1, 1, 3, -1, -1, -1, -1], [-1, -1, 2, 1, -1, 3, -1, -1, -1, 0], [-1, -1, 2, 1, -1, 3, -1, -1, 0, -1], [-1, -1, 2, 1, -1, 3, -1, 0, -1, -1], [-1, 1, -1, -1, -1, 3, -1, -1, -1, 2], [-1, 1, -1, -1, -1, 3, -1, -1, 2, -1], [-1, 1, -1, -1, -1, 3, -1, 2, -1, -1], [-1, 1, -1, -1, 1, 3, -1, -1, -1, -1], [-1, 1, -1, 1, -1, 3, -1, 0, -1, 0], [-1, 1, -1, 1, -1, 3, 0, -1, -1, 0], [-1, 1, 2, -1, -1, 3, -1, -1, -1, -1], [1, -1, -1, -1, 1, 3, -1, -1, -1, 0], [1, -1, 2, -1, -1, 3, -1, -1, -1, 0], [1, 1, -1, -1, -1, 3, -1, -1, -1, 0], [1, 1, -1, -1, -1, 3, -1, -1, 0, -1], [1, 1, -1, 1, -1, 3, -1, 0, -1, -1], [0, -1, -1, 1, -1, 3, -1, -1, -1, -1], [0, -1, 1, 2, 0, 3, -1, -1, -1, 2], [0, 2, 2, -1, -1, 3, -1, -1, -1, 0], [0, 2, 2, -1, -1, 3, -1, -1, 0, -1], [0, 1, -1, -1, -1, 3, -1, -1, -1, -1]]
