overall accuracy: 0.7788666666666667
execution time
10 1.3695101737976074 19.555695056915283
20 1.0718119144439697 19.03853702545166
30 0.9263501167297363 19.015766143798828
40 0.8373639583587646 21.04336714744568
50 0.8579671382904053 21.050662755966187
60 0.7234699726104736 21.88793420791626
70 0.7732629776000977 21.459888696670532
80 0.6676590442657471 20.59429407119751
90 0.7194921970367432 22.425275087356567
100 0.8652501106262207 20.78176736831665


number of calculations
10 30076.0 414719.0
20 24892.0 414719.0
30 22073.0 414719.0
40 19832.0 414719.0
50 17943.0 414719.0
60 16539.0 414719.0
70 15624.0 414719.0
80 14713.0 414719.0
90 14048.0 414719.0
100 13254.0 414719.0


number of patterns found
10 125 
 [[-1, -1, -1, -1, -1, -1, 6], [-1, -1, -1, -1, -1, -1, 5], [-1, -1, -1, -1, -1, 7, -1], [-1, -1, -1, -1, -1, 6, -1], [-1, -1, -1, -1, -1, 3, 4], [-1, -1, -1, -1, 2, -1, 1], [-1, -1, -1, -1, 2, -1, 0], [-1, -1, -1, -1, 2, 3, -1], [-1, -1, -1, -1, 1, 3, 1], [-1, -1, -1, -1, 1, 1, 4], [-1, -1, -1, 3, -1, -1, 4], [-1, -1, -1, 3, -1, 4, -1], [-1, -1, -1, 3, -1, 3, -1], [-1, -1, -1, 2, 1, 4, 2], [-1, -1, -1, 1, -1, -1, 7], [-1, -1, -1, 1, -1, 3, -1], [-1, -1, -1, 1, 0, 5, 4], [-1, -1, 6, -1, -1, -1, -1], [-1, -1, 3, -1, -1, 4, 1], [-1, -1, 3, -1, -1, 3, -1], [-1, -1, 3, -1, 2, -1, 4], [-1, -1, 3, -1, 1, 5, -1], [-1, -1, 3, -1, 0, -1, 4], [-1, -1, 3, 2, -1, 4, 2], [-1, -1, 3, 1, 0, 4, -1], [-1, -1, 2, -1, -1, 3, -1], [-1, -1, 2, -1, -1, 1, 4], [-1, -1, 2, 2, 0, -1, 4], [-1, -1, 2, 1, -1, 5, 4], [-1, -1, 2, 1, 2, 1, -1], [-1, -1, 2, 1, 1, 4, 2], [-1, -1, 2, 1, 0, 5, -1], [-1, -1, 1, -1, 1, 5, -1], [-1, -1, 1, -1, 0, 4, 2], [-1, -1, 1, 3, -1, -1, -1], [-1, -1, 1, 2, 1, -1, 4], [-1, -1, 1, 2, 1, 4, -1], [-1, -1, 1, 1, -1, 5, -1], [-1, -1, 1, 1, -1, 4, 1], [-1, -1, 1, 1, -1, 1, 4], [-1, -1, 1, 1, 2, 1, -1], [-1, 2, -1, -1, -1, 1, 4], [-1, 2, -1, -1, 2, 4, -1], [-1, 2, -1, -1, 1, 4, 1], [-1, 2, -1, 1, -1, 5, -1], [-1, 2, -1, 1, 0, -1, 4], [-1, 2, 3, -1, -1, 4, 2], [-1, 2, 3, -1, 0, 4, -1], [-1, 2, 3, 2, 1, -1, 0], [-1, 2, 3, 2, 1, 1, 1], [-1, 2, 3, 1, -1, -1, 4], [-1, 2, 2, -1, -1, -1, 4], [-1, 2, 1, -1, -1, 4, 2], [-1, 2, 1, -1, 2, -1, -1], [-1, 2, 1, 1, -1, 2, 1], [-1, 2, 1, 1, 0, 4, -1], [-1, 1, -1, -1, 1, 4, 2], [-1, 1, -1, -1, 1, 3, -1], [-1, 1, -1, 3, 1, 2, 2], [-1, 1, -1, 2, 2, -1, 2], [-1, 1, -1, 2, 2, 2, -1], [-1, 1, -1, 2, 1, -1, 4], [-1, 1, -1, 2, 1, 4, -1], [-1, 1, -1, 1, -1, 1, 4], [-1, 1, 3, -1, -1, 5, -1], [-1, 1, 3, -1, 1, 4, -1], [-1, 1, 3, 2, -1, -1, 4], [-1, 1, 2, -1, 2, 1, -1], [-1, 1, 2, 3, 1, -1, 2], [-1, 1, 2, 3, 1, 2, -1], [-1, 1, 2, 1, -1, 4, 2], [3, 2, -1, -1, 0, -1, -1], [2, -1, -1, -1, 0, 4, -1], [2, -1, -1, 1, -1, 2, 1], [2, -1, 2, -1, -1, -1, 4], [2, 2, -1, -1, -1, 4, -1], [2, 2, -1, 1, 1, 1, 1], [2, 2, 1, -1, 1, 1, 1], [2, 2, 1, 1, 1, -1, 1], [2, 2, 1, 1, 1, 1, -1], [2, 1, -1, -1, 0, -1, 4], [1, -1, -1, -1, -1, 4, 2], [1, -1, -1, -1, 1, -1, 4], [1, -1, -1, -1, 1, 4, -1], [1, -1, -1, -1, 1, 3, -1], [1, -1, -1, 2, -1, 4, -1], [1, -1, -1, 1, 2, 1, -1], [1, -1, 3, 2, 1, -1, 0], [1, -1, 3, 2, 1, 0, -1], [1, -1, 3, 1, -1, 4, -1], [1, -1, 2, -1, 2, -1, -1], [1, -1, 2, -1, 0, 2, 1], [1, -1, 2, 2, -1, -1, 4], [1, 2, -1, -1, -1, 4, -1], [1, 2, -1, 1, 0, 2, 1], [1, 2, 3, -1, -1, -1, 4], [1, 2, 3, 2, -1, -1, 0], [1, 2, 3, 2, 1, -1, -1], [1, 2, 2, 2, 1, -1, 1], [1, 1, -1, -1, -1, 3, 1], [1, 1, -1, -1, -1, 3, 0], [1, 1, 2, 1, -1, 4, 4], [1, 1, 1, 2, 1, -1, 1], [1, 1, 1, 2, 1, 1, -1], [0, -1, -1, -1, -1, 1, 4], [0, -1, -1, 1, -1, 5, 4], [0, -1, -1, 1, 0, -1, 4], [0, -1, -1, 1, 0, 5, -1], [0, -1, 3, -1, -1, 5, -1], [0, -1, 3, 2, 1, 1, 1], [0, -1, 2, -1, 0, -1, 4], [0, -1, 1, -1, 1, -1, 4], [0, -1, 1, 1, 0, 4, -1], [0, 2, -1, -1, 0, -1, 4], [0, 2, 3, 2, 1, -1, 1], [0, 2, 1, -1, -1, 5, 4], [0, 1, -1, -1, -1, 3, -1], [0, 1, -1, -1, -1, 0, 1], [0, 1, 3, -1, -1, -1, 4], [0, 1, 3, -1, -1, 2, 1], [0, 1, 2, 3, -1, -1, -1], [0, 1, 1, -1, 1, -1, 0], [0, 1, 1, -1, 1, 4, -1], [0, 1, 1, 1, -1, -1, 4], [0, 1, 1, 1, -1, -1, 0]]
20 79 
 [[-1, -1, -1, -1, -1, -1, 6], [-1, -1, -1, -1, -1, -1, 5], [-1, -1, -1, -1, -1, 6, -1], [-1, -1, -1, -1, -1, 3, 4], [-1, -1, -1, -1, 2, -1, 1], [-1, -1, -1, -1, 2, -1, 0], [-1, -1, -1, -1, 2, 3, -1], [-1, -1, -1, -1, 1, 3, 1], [-1, -1, -1, -1, 1, 1, 4], [-1, -1, -1, 3, -1, -1, 4], [-1, -1, -1, 3, -1, 3, -1], [-1, -1, -1, 2, 1, 4, 2], [-1, -1, -1, 1, -1, 3, -1], [-1, -1, -1, 1, 0, 5, 4], [-1, -1, 6, -1, -1, -1, -1], [-1, -1, 3, -1, -1, 3, -1], [-1, -1, 3, -1, 0, -1, 4], [-1, -1, 3, 2, -1, 4, 2], [-1, -1, 3, 1, 0, 4, -1], [-1, -1, 2, -1, -1, 3, -1], [-1, -1, 2, -1, -1, 1, 4], [-1, -1, 2, 2, 0, -1, 4], [-1, -1, 2, 1, -1, 5, 4], [-1, -1, 2, 1, 1, 4, 2], [-1, -1, 2, 1, 0, 5, -1], [-1, -1, 1, -1, 0, 4, 2], [-1, -1, 1, 3, -1, -1, -1], [-1, -1, 1, 2, 1, -1, 4], [-1, -1, 1, 1, -1, 1, 4], [-1, 2, -1, -1, -1, 1, 4], [-1, 2, -1, 1, -1, 5, -1], [-1, 2, -1, 1, 0, -1, 4], [-1, 2, 3, -1, -1, 4, 2], [-1, 2, 3, -1, 0, 4, -1], [-1, 2, 3, 2, 1, -1, 0], [-1, 2, 3, 2, 1, 1, 1], [-1, 2, 3, 1, -1, -1, 4], [-1, 2, 2, -1, -1, -1, 4], [-1, 2, 1, -1, -1, 4, 2], [-1, 2, 1, 1, 0, 4, -1], [-1, 1, -1, -1, 1, 4, 2], [-1, 1, -1, -1, 1, 3, -1], [-1, 1, -1, 3, 1, 2, 2], [-1, 1, -1, 2, 1, -1, 4], [-1, 1, -1, 2, 1, 4, -1], [-1, 1, -1, 1, -1, 1, 4], [-1, 1, 3, -1, 1, 4, -1], [-1, 1, 3, 2, -1, -1, 4], [-1, 1, 2, 1, -1, 4, 2], [2, 2, -1, 1, 1, 1, 1], [2, 2, 1, -1, 1, 1, 1], [1, -1, -1, -1, -1, 4, 2], [1, -1, -1, -1, 1, -1, 4], [1, -1, -1, -1, 1, 4, -1], [1, -1, -1, -1, 1, 3, -1], [1, -1, -1, 2, -1, 4, -1], [1, -1, 2, 2, -1, -1, 4], [1, 2, -1, -1, -1, 4, -1], [1, 2, 3, 2, -1, -1, 0], [1, 2, 3, 2, 1, -1, -1], [1, 1, -1, -1, -1, 3, 1], [1, 1, -1, -1, -1, 3, 0], [0, -1, -1, -1, -1, 1, 4], [0, -1, -1, 1, -1, 5, 4], [0, -1, -1, 1, 0, -1, 4], [0, -1, -1, 1, 0, 5, -1], [0, -1, 3, -1, -1, 5, -1], [0, -1, 3, 2, 1, 1, 1], [0, -1, 2, -1, 0, -1, 4], [0, -1, 1, -1, 1, -1, 4], [0, -1, 1, 1, 0, 4, -1], [0, 2, -1, -1, 0, -1, 4], [0, 1, -1, -1, -1, 3, -1], [0, 1, 3, -1, -1, -1, 4], [0, 1, 2, 3, -1, -1, -1], [0, 1, 1, -1, 1, -1, 0], [0, 1, 1, -1, 1, 4, -1], [0, 1, 1, 1, -1, -1, 4], [0, 1, 1, 1, -1, -1, 0]]
30 60 
 [[-1, -1, -1, -1, -1, -1, 6], [-1, -1, -1, -1, -1, -1, 5], [-1, -1, -1, -1, -1, 6, -1], [-1, -1, -1, -1, -1, 3, 4], [-1, -1, -1, -1, 2, -1, 1], [-1, -1, -1, -1, 1, 3, 1], [-1, -1, -1, -1, 1, 1, 4], [-1, -1, -1, 2, 1, 4, 2], [-1, -1, -1, 1, -1, 3, -1], [-1, -1, -1, 1, 0, 5, 4], [-1, -1, 3, -1, -1, 3, -1], [-1, -1, 3, -1, 0, -1, 4], [-1, -1, 3, 2, -1, 4, 2], [-1, -1, 3, 1, 0, 4, -1], [-1, -1, 2, -1, -1, 3, -1], [-1, -1, 2, -1, -1, 1, 4], [-1, -1, 2, 2, 0, -1, 4], [-1, -1, 2, 1, -1, 5, 4], [-1, -1, 2, 1, 1, 4, 2], [-1, -1, 1, -1, 0, 4, 2], [-1, -1, 1, 3, -1, -1, -1], [-1, 2, -1, -1, -1, 1, 4], [-1, 2, -1, 1, -1, 5, -1], [-1, 2, -1, 1, 0, -1, 4], [-1, 2, 3, -1, -1, 4, 2], [-1, 2, 3, -1, 0, 4, -1], [-1, 2, 3, 1, -1, -1, 4], [-1, 2, 2, -1, -1, -1, 4], [-1, 2, 1, -1, -1, 4, 2], [-1, 2, 1, 1, 0, 4, -1], [-1, 1, -1, -1, 1, 4, 2], [-1, 1, -1, -1, 1, 3, -1], [-1, 1, -1, 2, 1, -1, 4], [-1, 1, -1, 2, 1, 4, -1], [-1, 1, 3, -1, 1, 4, -1], [-1, 1, 3, 2, -1, -1, 4], [-1, 1, 2, 1, -1, 4, 2], [2, 2, -1, 1, 1, 1, 1], [1, -1, -1, -1, -1, 4, 2], [1, -1, -1, -1, 1, -1, 4], [1, -1, -1, -1, 1, 4, -1], [1, -1, -1, -1, 1, 3, -1], [1, -1, -1, 2, -1, 4, -1], [1, -1, 2, 2, -1, -1, 4], [1, 2, -1, -1, -1, 4, -1], [1, 2, 3, 2, 1, -1, -1], [1, 1, -1, -1, -1, 3, 1], [1, 1, -1, -1, -1, 3, 0], [0, -1, -1, -1, -1, 1, 4], [0, -1, -1, 1, -1, 5, 4], [0, -1, -1, 1, 0, -1, 4], [0, -1, -1, 1, 0, 5, -1], [0, -1, 2, -1, 0, -1, 4], [0, -1, 1, -1, 1, -1, 4], [0, -1, 1, 1, 0, 4, -1], [0, 2, -1, -1, 0, -1, 4], [0, 1, -1, -1, -1, 3, -1], [0, 1, 3, -1, -1, -1, 4], [0, 1, 1, 1, -1, -1, 4], [0, 1, 1, 1, -1, -1, 0]]
40 44 
 [[-1, -1, -1, -1, -1, -1, 6], [-1, -1, -1, -1, -1, -1, 5], [-1, -1, -1, -1, -1, 3, 4], [-1, -1, -1, -1, 1, 3, 1], [-1, -1, -1, -1, 1, 1, 4], [-1, -1, -1, 1, -1, 3, -1], [-1, -1, 3, -1, -1, 3, -1], [-1, -1, 3, -1, 0, -1, 4], [-1, -1, 3, 2, -1, 4, 2], [-1, -1, 3, 1, 0, 4, -1], [-1, -1, 2, -1, -1, 3, -1], [-1, -1, 2, -1, -1, 1, 4], [-1, -1, 2, 2, 0, -1, 4], [-1, -1, 1, -1, 0, 4, 2], [-1, 2, -1, -1, -1, 1, 4], [-1, 2, -1, 1, 0, -1, 4], [-1, 2, 3, -1, -1, 4, 2], [-1, 2, 3, -1, 0, 4, -1], [-1, 2, 3, 1, -1, -1, 4], [-1, 2, 2, -1, -1, -1, 4], [-1, 2, 1, -1, -1, 4, 2], [-1, 1, -1, -1, 1, 4, 2], [-1, 1, -1, -1, 1, 3, -1], [-1, 1, -1, 2, 1, -1, 4], [-1, 1, -1, 2, 1, 4, -1], [-1, 1, 3, -1, 1, 4, -1], [-1, 1, 3, 2, -1, -1, 4], [1, -1, -1, -1, -1, 4, 2], [1, -1, -1, -1, 1, -1, 4], [1, -1, -1, -1, 1, 4, -1], [1, -1, -1, -1, 1, 3, -1], [1, -1, -1, 2, -1, 4, -1], [1, -1, 2, 2, -1, -1, 4], [1, 2, -1, -1, -1, 4, -1], [1, 2, 3, 2, 1, -1, -1], [1, 1, -1, -1, -1, 3, 0], [0, -1, -1, -1, -1, 1, 4], [0, -1, -1, 1, -1, 5, 4], [0, -1, -1, 1, 0, -1, 4], [0, -1, 2, -1, 0, -1, 4], [0, -1, 1, -1, 1, -1, 4], [0, 2, -1, -1, 0, -1, 4], [0, 1, -1, -1, -1, 3, -1], [0, 1, 3, -1, -1, -1, 4]]
50 38 
 [[-1, -1, -1, -1, -1, -1, 6], [-1, -1, -1, -1, -1, -1, 5], [-1, -1, -1, -1, -1, 3, 4], [-1, -1, -1, -1, 1, 3, 1], [-1, -1, -1, 1, -1, 3, -1], [-1, -1, 3, -1, -1, 3, -1], [-1, -1, 3, -1, 0, -1, 4], [-1, -1, 3, 1, 0, 4, -1], [-1, -1, 2, -1, -1, 3, -1], [-1, -1, 2, -1, -1, 1, 4], [-1, -1, 2, 2, 0, -1, 4], [-1, -1, 1, -1, 0, 4, 2], [-1, 2, -1, -1, -1, 1, 4], [-1, 2, -1, 1, 0, -1, 4], [-1, 2, 3, -1, -1, 4, 2], [-1, 2, 3, -1, 0, 4, -1], [-1, 2, 3, 1, -1, -1, 4], [-1, 2, 2, -1, -1, -1, 4], [-1, 2, 1, -1, -1, 4, 2], [-1, 1, -1, -1, 1, 4, 2], [-1, 1, -1, -1, 1, 3, -1], [-1, 1, -1, 2, 1, -1, 4], [-1, 1, 3, -1, 1, 4, -1], [-1, 1, 3, 2, -1, -1, 4], [1, -1, -1, -1, -1, 4, 2], [1, -1, -1, -1, 1, -1, 4], [1, -1, -1, -1, 1, 4, -1], [1, -1, -1, -1, 1, 3, -1], [1, -1, -1, 2, -1, 4, -1], [1, 2, -1, -1, -1, 4, -1], [1, 1, -1, -1, -1, 3, 0], [0, -1, -1, -1, -1, 1, 4], [0, -1, -1, 1, 0, -1, 4], [0, -1, 2, -1, 0, -1, 4], [0, -1, 1, -1, 1, -1, 4], [0, 2, -1, -1, 0, -1, 4], [0, 1, -1, -1, -1, 3, -1], [0, 1, 3, -1, -1, -1, 4]]
60 36 
 [[-1, -1, -1, -1, -1, -1, 5], [-1, -1, -1, -1, -1, 3, 4], [-1, -1, -1, -1, 1, 3, 1], [-1, -1, -1, 1, -1, 3, -1], [-1, -1, 3, -1, -1, 3, -1], [-1, -1, 3, -1, 0, -1, 4], [-1, -1, 3, 1, 0, 4, -1], [-1, -1, 2, -1, -1, 3, -1], [-1, -1, 2, -1, -1, 1, 4], [-1, -1, 2, 2, 0, -1, 4], [-1, -1, 1, -1, 0, 4, 2], [-1, 2, -1, -1, -1, 1, 4], [-1, 2, -1, 1, 0, -1, 4], [-1, 2, 3, -1, 0, 4, -1], [-1, 2, 3, 1, -1, -1, 4], [-1, 2, 2, -1, -1, -1, 4], [-1, 2, 1, -1, -1, 4, 2], [-1, 1, -1, -1, 1, 4, 2], [-1, 1, -1, -1, 1, 3, -1], [-1, 1, -1, 2, 1, -1, 4], [-1, 1, 3, -1, 1, 4, -1], [-1, 1, 3, 2, -1, -1, 4], [1, -1, -1, -1, -1, 4, 2], [1, -1, -1, -1, 1, -1, 4], [1, -1, -1, -1, 1, 4, -1], [1, -1, -1, -1, 1, 3, -1], [1, -1, -1, 2, -1, 4, -1], [1, 2, -1, -1, -1, 4, -1], [1, 1, -1, -1, -1, 3, 0], [0, -1, -1, -1, -1, 1, 4], [0, -1, -1, 1, 0, -1, 4], [0, -1, 2, -1, 0, -1, 4], [0, -1, 1, -1, 1, -1, 4], [0, 2, -1, -1, 0, -1, 4], [0, 1, -1, -1, -1, 3, -1], [0, 1, 3, -1, -1, -1, 4]]
70 30 
 [[-1, -1, -1, -1, -1, -1, 5], [-1, -1, -1, -1, -1, 3, 4], [-1, -1, -1, -1, 1, 3, 1], [-1, -1, -1, 1, -1, 3, -1], [-1, -1, 3, -1, -1, 3, -1], [-1, -1, 3, -1, 0, -1, 4], [-1, -1, 2, -1, -1, 3, -1], [-1, -1, 2, -1, -1, 1, 4], [-1, -1, 2, 2, 0, -1, 4], [-1, -1, 1, -1, 0, 4, 2], [-1, 2, -1, -1, -1, 1, 4], [-1, 2, -1, 1, 0, -1, 4], [-1, 2, 3, -1, 0, 4, -1], [-1, 2, 3, 1, -1, -1, 4], [-1, 2, 2, -1, -1, -1, 4], [-1, 1, -1, -1, 1, 4, 2], [-1, 1, -1, -1, 1, 3, -1], [-1, 1, 3, 2, -1, -1, 4], [1, -1, -1, -1, -1, 4, 2], [1, -1, -1, -1, 1, -1, 4], [1, -1, -1, -1, 1, 3, -1], [1, -1, -1, 2, -1, 4, -1], [1, 2, -1, -1, -1, 4, -1], [1, 1, -1, -1, -1, 3, 0], [0, -1, -1, -1, -1, 1, 4], [0, -1, -1, 1, 0, -1, 4], [0, -1, 2, -1, 0, -1, 4], [0, 2, -1, -1, 0, -1, 4], [0, 1, -1, -1, -1, 3, -1], [0, 1, 3, -1, -1, -1, 4]]
80 25 
 [[-1, -1, -1, -1, -1, -1, 5], [-1, -1, -1, -1, -1, 3, 4], [-1, -1, -1, -1, 1, 3, 1], [-1, -1, -1, 1, -1, 3, -1], [-1, -1, 3, -1, -1, 3, -1], [-1, -1, 3, -1, 0, -1, 4], [-1, -1, 2, -1, -1, 3, -1], [-1, -1, 2, 2, 0, -1, 4], [-1, -1, 1, -1, 0, 4, 2], [-1, 2, -1, -1, -1, 1, 4], [-1, 2, -1, 1, 0, -1, 4], [-1, 2, 3, 1, -1, -1, 4], [-1, 2, 2, -1, -1, -1, 4], [-1, 1, -1, -1, 1, 3, -1], [1, -1, -1, -1, 1, -1, 4], [1, -1, -1, -1, 1, 3, -1], [1, -1, -1, 2, -1, 4, -1], [1, 2, -1, -1, -1, 4, -1], [1, 1, -1, -1, -1, 3, 0], [0, -1, -1, -1, -1, 1, 4], [0, -1, -1, 1, 0, -1, 4], [0, -1, 2, -1, 0, -1, 4], [0, 2, -1, -1, 0, -1, 4], [0, 1, -1, -1, -1, 3, -1], [0, 1, 3, -1, -1, -1, 4]]
90 22 
 [[-1, -1, -1, -1, -1, -1, 5], [-1, -1, -1, -1, -1, 3, 4], [-1, -1, -1, 1, -1, 3, -1], [-1, -1, 3, -1, -1, 3, -1], [-1, -1, 3, -1, 0, -1, 4], [-1, -1, 2, -1, -1, 3, -1], [-1, -1, 2, 2, 0, -1, 4], [-1, -1, 1, -1, 0, 4, 2], [-1, 2, -1, -1, -1, 1, 4], [-1, 2, -1, 1, 0, -1, 4], [-1, 2, 3, 1, -1, -1, 4], [-1, 2, 2, -1, -1, -1, 4], [-1, 1, -1, -1, 1, 3, -1], [1, -1, -1, -1, 1, 3, -1], [1, 2, -1, -1, -1, 4, -1], [1, 1, -1, -1, -1, 3, 0], [0, -1, -1, -1, -1, 1, 4], [0, -1, -1, 1, 0, -1, 4], [0, -1, 2, -1, 0, -1, 4], [0, 2, -1, -1, 0, -1, 4], [0, 1, -1, -1, -1, 3, -1], [0, 1, 3, -1, -1, -1, 4]]
100 21 
 [[-1, -1, -1, -1, -1, -1, 5], [-1, -1, -1, -1, -1, 3, 4], [-1, -1, -1, 1, -1, 3, -1], [-1, -1, 3, -1, -1, 3, -1], [-1, -1, 3, -1, 0, -1, 4], [-1, -1, 2, -1, -1, 3, -1], [-1, -1, 2, 2, 0, -1, 4], [-1, 2, -1, -1, -1, 1, 4], [-1, 2, -1, 1, 0, -1, 4], [-1, 2, 3, 1, -1, -1, 4], [-1, 2, 2, -1, -1, -1, 4], [-1, 1, -1, -1, 1, 3, -1], [1, -1, -1, -1, 1, 3, -1], [1, 2, -1, -1, -1, 4, -1], [1, 1, -1, -1, -1, 3, 0], [0, -1, -1, -1, -1, 1, 4], [0, -1, -1, 1, 0, -1, 4], [0, -1, 2, -1, 0, -1, 4], [0, 2, -1, -1, 0, -1, 4], [0, 1, -1, -1, -1, 3, -1], [0, 1, 3, -1, -1, -1, 4]]
