overall accuracy: 0.7788666666666667
execution time
10 1.484053134918213
20 1.2361969947814941
30 1.0902838706970215
40 0.9552321434020996
50 0.8522868156433105
60 0.7933528423309326
70 0.7539100646972656
80 0.6765780448913574
90 0.6549341678619385
100 0.6222429275512695


number of calculations
10 30076.0
20 24892.0
30 22073.0
40 19832.0
50 17943.0
60 16539.0
70 15624.0
80 14713.0
90 14048.0
100 13254.0


number of patterns found
10 125 
 [[-1, -1, -1, -1, -1, -1, 6], [-1, -1, -1, -1, -1, -1, 5], [-1, -1, -1, -1, -1, 7, -1], [-1, -1, -1, -1, -1, 6, -1], [-1, -1, -1, -1, -1, 3, 4], [-1, -1, -1, -1, 2, -1, 1], [-1, -1, -1, -1, 2, -1, 0], [-1, -1, -1, -1, 2, 3, -1], [-1, -1, -1, -1, 1, 3, 1], [-1, -1, -1, -1, 1, 1, 4], [-1, -1, -1, 3, -1, -1, 4], [-1, -1, -1, 3, -1, 4, -1], [-1, -1, -1, 3, -1, 3, -1], [-1, -1, -1, 2, 1, 4, 2], [-1, -1, -1, 1, -1, -1, 7], [-1, -1, -1, 1, -1, 3, -1], [-1, -1, -1, 1, 0, 5, 4], [-1, -1, 6, -1, -1, -1, -1], [-1, -1, 3, -1, -1, 4, 1], [-1, -1, 3, -1, -1, 3, -1], [-1, -1, 3, -1, 2, -1, 4], [-1, -1, 3, -1, 1, 5, -1], [-1, -1, 3, -1, 0, -1, 4], [-1, -1, 3, 2, -1, 4, 2], [-1, -1, 3, 1, 0, 4, -1], [-1, -1, 2, -1, -1, 3, -1], [-1, -1, 2, -1, -1, 1, 4], [-1, -1, 2, 2, 0, -1, 4], [-1, -1, 2, 1, -1, 5, 4], [-1, -1, 2, 1, 2, 1, -1], [-1, -1, 2, 1, 1, 4, 2], [-1, -1, 2, 1, 0, 5, -1], [-1, -1, 1, -1, 1, 5, -1], [-1, -1, 1, -1, 0, 4, 2], [-1, -1, 1, 3, -1, -1, -1], [-1, -1, 1, 2, 1, -1, 4], [-1, -1, 1, 2, 1, 4, -1], [-1, -1, 1, 1, -1, 5, -1], [-1, -1, 1, 1, -1, 4, 1], [-1, -1, 1, 1, -1, 1, 4], [-1, -1, 1, 1, 2, 1, -1], [-1, 2, -1, -1, -1, 1, 4], [-1, 2, -1, -1, 2, 4, -1], [-1, 2, -1, -1, 1, 4, 1], [-1, 2, -1, 1, -1, 5, -1], [-1, 2, -1, 1, 0, -1, 4], [-1, 2, 3, -1, -1, 4, 2], [-1, 2, 3, -1, 0, 4, -1], [-1, 2, 3, 2, 1, -1, 0], [-1, 2, 3, 2, 1, 1, 1], [-1, 2, 3, 1, -1, -1, 4], [-1, 2, 2, -1, -1, -1, 4], [-1, 2, 1, -1, -1, 4, 2], [-1, 2, 1, -1, 2, -1, -1], [-1, 2, 1, 1, -1, 2, 1], [-1, 2, 1, 1, 0, 4, -1], [-1, 1, -1, -1, 1, 4, 2], [-1, 1, -1, -1, 1, 3, -1], [-1, 1, -1, 3, 1, 2, 2], [-1, 1, -1, 2, 2, -1, 2], [-1, 1, -1, 2, 2, 2, -1], [-1, 1, -1, 2, 1, -1, 4], [-1, 1, -1, 2, 1, 4, -1], [-1, 1, -1, 1, -1, 1, 4], [-1, 1, 3, -1, -1, 5, -1], [-1, 1, 3, -1, 1, 4, -1], [-1, 1, 3, 2, -1, -1, 4], [-1, 1, 2, -1, 2, 1, -1], [-1, 1, 2, 3, 1, -1, 2], [-1, 1, 2, 3, 1, 2, -1], [-1, 1, 2, 1, -1, 4, 2], [3, 2, -1, -1, 0, -1, -1], [2, -1, -1, -1, 0, 4, -1], [2, -1, -1, 1, -1, 2, 1], [2, -1, 2, -1, -1, -1, 4], [2, 2, -1, -1, -1, 4, -1], [2, 2, -1, 1, 1, 1, 1], [2, 2, 1, -1, 1, 1, 1], [2, 2, 1, 1, 1, -1, 1], [2, 2, 1, 1, 1, 1, -1], [2, 1, -1, -1, 0, -1, 4], [1, -1, -1, -1, -1, 4, 2], [1, -1, -1, -1, 1, -1, 4], [1, -1, -1, -1, 1, 4, -1], [1, -1, -1, -1, 1, 3, -1], [1, -1, -1, 2, -1, 4, -1], [1, -1, -1, 1, 2, 1, -1], [1, -1, 3, 2, 1, -1, 0], [1, -1, 3, 2, 1, 0, -1], [1, -1, 3, 1, -1, 4, -1], [1, -1, 2, -1, 2, -1, -1], [1, -1, 2, -1, 0, 2, 1], [1, -1, 2, 2, -1, -1, 4], [1, 2, -1, -1, -1, 4, -1], [1, 2, -1, 1, 0, 2, 1], [1, 2, 3, -1, -1, -1, 4], [1, 2, 3, 2, -1, -1, 0], [1, 2, 3, 2, 1, -1, -1], [1, 2, 2, 2, 1, -1, 1], [1, 1, -1, -1, -1, 3, 1], [1, 1, -1, -1, -1, 3, 0], [1, 1, 2, 1, -1, 4, 4], [1, 1, 1, 2, 1, -1, 1], [1, 1, 1, 2, 1, 1, -1], [0, -1, -1, -1, -1, 1, 4], [0, -1, -1, 1, -1, 5, 4], [0, -1, -1, 1, 0, -1, 4], [0, -1, -1, 1, 0, 5, -1], [0, -1, 3, -1, -1, 5, -1], [0, -1, 3, 2, 1, 1, 1], [0, -1, 2, -1, 0, -1, 4], [0, -1, 1, -1, 1, -1, 4], [0, -1, 1, 1, 0, 4, -1], [0, 2, -1, -1, 0, -1, 4], [0, 2, 3, 2, 1, -1, 1], [0, 2, 1, -1, -1, 5, 4], [0, 1, -1, -1, -1, 3, -1], [0, 1, -1, -1, -1, 0, 1], [0, 1, 3, -1, -1, -1, 4], [0, 1, 3, -1, -1, 2, 1], [0, 1, 2, 3, -1, -1, -1], [0, 1, 1, -1, 1, -1, 0], [0, 1, 1, -1, 1, 4, -1], [0, 1, 1, 1, -1, -1, 4], [0, 1, 1, 1, -1, -1, 0]]
20 79 
 [[-1, -1, -1, -1, -1, -1, 6], [-1, -1, -1, -1, -1, -1, 5], [-1, -1, -1, -1, -1, 6, -1], [-1, -1, -1, -1, -1, 3, 4], [-1, -1, -1, -1, 2, -1, 1], [-1, -1, -1, -1, 2, -1, 0], [-1, -1, -1, -1, 2, 3, -1], [-1, -1, -1, -1, 1, 3, 1], [-1, -1, -1, -1, 1, 1, 4], [-1, -1, -1, 3, -1, -1, 4], [-1, -1, -1, 3, -1, 3, -1], [-1, -1, -1, 2, 1, 4, 2], [-1, -1, -1, 1, -1, 3, -1], [-1, -1, -1, 1, 0, 5, 4], [-1, -1, 6, -1, -1, -1, -1], [-1, -1, 3, -1, -1, 3, -1], [-1, -1, 3, -1, 0, -1, 4], [-1, -1, 3, 2, -1, 4, 2], [-1, -1, 3, 1, 0, 4, -1], [-1, -1, 2, -1, -1, 3, -1], [-1, -1, 2, -1, -1, 1, 4], [-1, -1, 2, 2, 0, -1, 4], [-1, -1, 2, 1, -1, 5, 4], [-1, -1, 2, 1, 1, 4, 2], [-1, -1, 2, 1, 0, 5, -1], [-1, -1, 1, -1, 0, 4, 2], [-1, -1, 1, 3, -1, -1, -1], [-1, -1, 1, 2, 1, -1, 4], [-1, -1, 1, 1, -1, 1, 4], [-1, 2, -1, -1, -1, 1, 4], [-1, 2, -1, 1, -1, 5, -1], [-1, 2, -1, 1, 0, -1, 4], [-1, 2, 3, -1, -1, 4, 2], [-1, 2, 3, -1, 0, 4, -1], [-1, 2, 3, 2, 1, -1, 0], [-1, 2, 3, 2, 1, 1, 1], [-1, 2, 3, 1, -1, -1, 4], [-1, 2, 2, -1, -1, -1, 4], [-1, 2, 1, -1, -1, 4, 2], [-1, 2, 1, 1, 0, 4, -1], [-1, 1, -1, -1, 1, 4, 2], [-1, 1, -1, -1, 1, 3, -1], [-1, 1, -1, 3, 1, 2, 2], [-1, 1, -1, 2, 1, -1, 4], [-1, 1, -1, 2, 1, 4, -1], [-1, 1, -1, 1, -1, 1, 4], [-1, 1, 3, -1, 1, 4, -1], [-1, 1, 3, 2, -1, -1, 4], [-1, 1, 2, 1, -1, 4, 2], [2, 2, -1, 1, 1, 1, 1], [2, 2, 1, -1, 1, 1, 1], [1, -1, -1, -1, -1, 4, 2], [1, -1, -1, -1, 1, -1, 4], [1, -1, -1, -1, 1, 4, -1], [1, -1, -1, -1, 1, 3, -1], [1, -1, -1, 2, -1, 4, -1], [1, -1, 2, 2, -1, -1, 4], [1, 2, -1, -1, -1, 4, -1], [1, 2, 3, 2, -1, -1, 0], [1, 2, 3, 2, 1, -1, -1], [1, 1, -1, -1, -1, 3, 1], [1, 1, -1, -1, -1, 3, 0], [0, -1, -1, -1, -1, 1, 4], [0, -1, -1, 1, -1, 5, 4], [0, -1, -1, 1, 0, -1, 4], [0, -1, -1, 1, 0, 5, -1], [0, -1, 3, -1, -1, 5, -1], [0, -1, 3, 2, 1, 1, 1], [0, -1, 2, -1, 0, -1, 4], [0, -1, 1, -1, 1, -1, 4], [0, -1, 1, 1, 0, 4, -1], [0, 2, -1, -1, 0, -1, 4], [0, 1, -1, -1, -1, 3, -1], [0, 1, 3, -1, -1, -1, 4], [0, 1, 2, 3, -1, -1, -1], [0, 1, 1, -1, 1, -1, 0], [0, 1, 1, -1, 1, 4, -1], [0, 1, 1, 1, -1, -1, 4], [0, 1, 1, 1, -1, -1, 0]]
30 60 
 [[-1, -1, -1, -1, -1, -1, 6], [-1, -1, -1, -1, -1, -1, 5], [-1, -1, -1, -1, -1, 6, -1], [-1, -1, -1, -1, -1, 3, 4], [-1, -1, -1, -1, 2, -1, 1], [-1, -1, -1, -1, 1, 3, 1], [-1, -1, -1, -1, 1, 1, 4], [-1, -1, -1, 2, 1, 4, 2], [-1, -1, -1, 1, -1, 3, -1], [-1, -1, -1, 1, 0, 5, 4], [-1, -1, 3, -1, -1, 3, -1], [-1, -1, 3, -1, 0, -1, 4], [-1, -1, 3, 2, -1, 4, 2], [-1, -1, 3, 1, 0, 4, -1], [-1, -1, 2, -1, -1, 3, -1], [-1, -1, 2, -1, -1, 1, 4], [-1, -1, 2, 2, 0, -1, 4], [-1, -1, 2, 1, -1, 5, 4], [-1, -1, 2, 1, 1, 4, 2], [-1, -1, 1, -1, 0, 4, 2], [-1, -1, 1, 3, -1, -1, -1], [-1, 2, -1, -1, -1, 1, 4], [-1, 2, -1, 1, -1, 5, -1], [-1, 2, -1, 1, 0, -1, 4], [-1, 2, 3, -1, -1, 4, 2], [-1, 2, 3, -1, 0, 4, -1], [-1, 2, 3, 1, -1, -1, 4], [-1, 2, 2, -1, -1, -1, 4], [-1, 2, 1, -1, -1, 4, 2], [-1, 2, 1, 1, 0, 4, -1], [-1, 1, -1, -1, 1, 4, 2], [-1, 1, -1, -1, 1, 3, -1], [-1, 1, -1, 2, 1, -1, 4], [-1, 1, -1, 2, 1, 4, -1], [-1, 1, 3, -1, 1, 4, -1], [-1, 1, 3, 2, -1, -1, 4], [-1, 1, 2, 1, -1, 4, 2], [2, 2, -1, 1, 1, 1, 1], [1, -1, -1, -1, -1, 4, 2], [1, -1, -1, -1, 1, -1, 4], [1, -1, -1, -1, 1, 4, -1], [1, -1, -1, -1, 1, 3, -1], [1, -1, -1, 2, -1, 4, -1], [1, -1, 2, 2, -1, -1, 4], [1, 2, -1, -1, -1, 4, -1], [1, 2, 3, 2, 1, -1, -1], [1, 1, -1, -1, -1, 3, 1], [1, 1, -1, -1, -1, 3, 0], [0, -1, -1, -1, -1, 1, 4], [0, -1, -1, 1, -1, 5, 4], [0, -1, -1, 1, 0, -1, 4], [0, -1, -1, 1, 0, 5, -1], [0, -1, 2, -1, 0, -1, 4], [0, -1, 1, -1, 1, -1, 4], [0, -1, 1, 1, 0, 4, -1], [0, 2, -1, -1, 0, -1, 4], [0, 1, -1, -1, -1, 3, -1], [0, 1, 3, -1, -1, -1, 4], [0, 1, 1, 1, -1, -1, 4], [0, 1, 1, 1, -1, -1, 0]]
40 44 
 [[-1, -1, -1, -1, -1, -1, 6], [-1, -1, -1, -1, -1, -1, 5], [-1, -1, -1, -1, -1, 3, 4], [-1, -1, -1, -1, 1, 3, 1], [-1, -1, -1, -1, 1, 1, 4], [-1, -1, -1, 1, -1, 3, -1], [-1, -1, 3, -1, -1, 3, -1], [-1, -1, 3, -1, 0, -1, 4], [-1, -1, 3, 2, -1, 4, 2], [-1, -1, 3, 1, 0, 4, -1], [-1, -1, 2, -1, -1, 3, -1], [-1, -1, 2, -1, -1, 1, 4], [-1, -1, 2, 2, 0, -1, 4], [-1, -1, 1, -1, 0, 4, 2], [-1, 2, -1, -1, -1, 1, 4], [-1, 2, -1, 1, 0, -1, 4], [-1, 2, 3, -1, -1, 4, 2], [-1, 2, 3, -1, 0, 4, -1], [-1, 2, 3, 1, -1, -1, 4], [-1, 2, 2, -1, -1, -1, 4], [-1, 2, 1, -1, -1, 4, 2], [-1, 1, -1, -1, 1, 4, 2], [-1, 1, -1, -1, 1, 3, -1], [-1, 1, -1, 2, 1, -1, 4], [-1, 1, -1, 2, 1, 4, -1], [-1, 1, 3, -1, 1, 4, -1], [-1, 1, 3, 2, -1, -1, 4], [1, -1, -1, -1, -1, 4, 2], [1, -1, -1, -1, 1, -1, 4], [1, -1, -1, -1, 1, 4, -1], [1, -1, -1, -1, 1, 3, -1], [1, -1, -1, 2, -1, 4, -1], [1, -1, 2, 2, -1, -1, 4], [1, 2, -1, -1, -1, 4, -1], [1, 2, 3, 2, 1, -1, -1], [1, 1, -1, -1, -1, 3, 0], [0, -1, -1, -1, -1, 1, 4], [0, -1, -1, 1, -1, 5, 4], [0, -1, -1, 1, 0, -1, 4], [0, -1, 2, -1, 0, -1, 4], [0, -1, 1, -1, 1, -1, 4], [0, 2, -1, -1, 0, -1, 4], [0, 1, -1, -1, -1, 3, -1], [0, 1, 3, -1, -1, -1, 4]]
50 38 
 [[-1, -1, -1, -1, -1, -1, 6], [-1, -1, -1, -1, -1, -1, 5], [-1, -1, -1, -1, -1, 3, 4], [-1, -1, -1, -1, 1, 3, 1], [-1, -1, -1, 1, -1, 3, -1], [-1, -1, 3, -1, -1, 3, -1], [-1, -1, 3, -1, 0, -1, 4], [-1, -1, 3, 1, 0, 4, -1], [-1, -1, 2, -1, -1, 3, -1], [-1, -1, 2, -1, -1, 1, 4], [-1, -1, 2, 2, 0, -1, 4], [-1, -1, 1, -1, 0, 4, 2], [-1, 2, -1, -1, -1, 1, 4], [-1, 2, -1, 1, 0, -1, 4], [-1, 2, 3, -1, -1, 4, 2], [-1, 2, 3, -1, 0, 4, -1], [-1, 2, 3, 1, -1, -1, 4], [-1, 2, 2, -1, -1, -1, 4], [-1, 2, 1, -1, -1, 4, 2], [-1, 1, -1, -1, 1, 4, 2], [-1, 1, -1, -1, 1, 3, -1], [-1, 1, -1, 2, 1, -1, 4], [-1, 1, 3, -1, 1, 4, -1], [-1, 1, 3, 2, -1, -1, 4], [1, -1, -1, -1, -1, 4, 2], [1, -1, -1, -1, 1, -1, 4], [1, -1, -1, -1, 1, 4, -1], [1, -1, -1, -1, 1, 3, -1], [1, -1, -1, 2, -1, 4, -1], [1, 2, -1, -1, -1, 4, -1], [1, 1, -1, -1, -1, 3, 0], [0, -1, -1, -1, -1, 1, 4], [0, -1, -1, 1, 0, -1, 4], [0, -1, 2, -1, 0, -1, 4], [0, -1, 1, -1, 1, -1, 4], [0, 2, -1, -1, 0, -1, 4], [0, 1, -1, -1, -1, 3, -1], [0, 1, 3, -1, -1, -1, 4]]
60 36 
 [[-1, -1, -1, -1, -1, -1, 5], [-1, -1, -1, -1, -1, 3, 4], [-1, -1, -1, -1, 1, 3, 1], [-1, -1, -1, 1, -1, 3, -1], [-1, -1, 3, -1, -1, 3, -1], [-1, -1, 3, -1, 0, -1, 4], [-1, -1, 3, 1, 0, 4, -1], [-1, -1, 2, -1, -1, 3, -1], [-1, -1, 2, -1, -1, 1, 4], [-1, -1, 2, 2, 0, -1, 4], [-1, -1, 1, -1, 0, 4, 2], [-1, 2, -1, -1, -1, 1, 4], [-1, 2, -1, 1, 0, -1, 4], [-1, 2, 3, -1, 0, 4, -1], [-1, 2, 3, 1, -1, -1, 4], [-1, 2, 2, -1, -1, -1, 4], [-1, 2, 1, -1, -1, 4, 2], [-1, 1, -1, -1, 1, 4, 2], [-1, 1, -1, -1, 1, 3, -1], [-1, 1, -1, 2, 1, -1, 4], [-1, 1, 3, -1, 1, 4, -1], [-1, 1, 3, 2, -1, -1, 4], [1, -1, -1, -1, -1, 4, 2], [1, -1, -1, -1, 1, -1, 4], [1, -1, -1, -1, 1, 4, -1], [1, -1, -1, -1, 1, 3, -1], [1, -1, -1, 2, -1, 4, -1], [1, 2, -1, -1, -1, 4, -1], [1, 1, -1, -1, -1, 3, 0], [0, -1, -1, -1, -1, 1, 4], [0, -1, -1, 1, 0, -1, 4], [0, -1, 2, -1, 0, -1, 4], [0, -1, 1, -1, 1, -1, 4], [0, 2, -1, -1, 0, -1, 4], [0, 1, -1, -1, -1, 3, -1], [0, 1, 3, -1, -1, -1, 4]]
70 30 
 [[-1, -1, -1, -1, -1, -1, 5], [-1, -1, -1, -1, -1, 3, 4], [-1, -1, -1, -1, 1, 3, 1], [-1, -1, -1, 1, -1, 3, -1], [-1, -1, 3, -1, -1, 3, -1], [-1, -1, 3, -1, 0, -1, 4], [-1, -1, 2, -1, -1, 3, -1], [-1, -1, 2, -1, -1, 1, 4], [-1, -1, 2, 2, 0, -1, 4], [-1, -1, 1, -1, 0, 4, 2], [-1, 2, -1, -1, -1, 1, 4], [-1, 2, -1, 1, 0, -1, 4], [-1, 2, 3, -1, 0, 4, -1], [-1, 2, 3, 1, -1, -1, 4], [-1, 2, 2, -1, -1, -1, 4], [-1, 1, -1, -1, 1, 4, 2], [-1, 1, -1, -1, 1, 3, -1], [-1, 1, 3, 2, -1, -1, 4], [1, -1, -1, -1, -1, 4, 2], [1, -1, -1, -1, 1, -1, 4], [1, -1, -1, -1, 1, 3, -1], [1, -1, -1, 2, -1, 4, -1], [1, 2, -1, -1, -1, 4, -1], [1, 1, -1, -1, -1, 3, 0], [0, -1, -1, -1, -1, 1, 4], [0, -1, -1, 1, 0, -1, 4], [0, -1, 2, -1, 0, -1, 4], [0, 2, -1, -1, 0, -1, 4], [0, 1, -1, -1, -1, 3, -1], [0, 1, 3, -1, -1, -1, 4]]
80 25 
 [[-1, -1, -1, -1, -1, -1, 5], [-1, -1, -1, -1, -1, 3, 4], [-1, -1, -1, -1, 1, 3, 1], [-1, -1, -1, 1, -1, 3, -1], [-1, -1, 3, -1, -1, 3, -1], [-1, -1, 3, -1, 0, -1, 4], [-1, -1, 2, -1, -1, 3, -1], [-1, -1, 2, 2, 0, -1, 4], [-1, -1, 1, -1, 0, 4, 2], [-1, 2, -1, -1, -1, 1, 4], [-1, 2, -1, 1, 0, -1, 4], [-1, 2, 3, 1, -1, -1, 4], [-1, 2, 2, -1, -1, -1, 4], [-1, 1, -1, -1, 1, 3, -1], [1, -1, -1, -1, 1, -1, 4], [1, -1, -1, -1, 1, 3, -1], [1, -1, -1, 2, -1, 4, -1], [1, 2, -1, -1, -1, 4, -1], [1, 1, -1, -1, -1, 3, 0], [0, -1, -1, -1, -1, 1, 4], [0, -1, -1, 1, 0, -1, 4], [0, -1, 2, -1, 0, -1, 4], [0, 2, -1, -1, 0, -1, 4], [0, 1, -1, -1, -1, 3, -1], [0, 1, 3, -1, -1, -1, 4]]
90 22 
 [[-1, -1, -1, -1, -1, -1, 5], [-1, -1, -1, -1, -1, 3, 4], [-1, -1, -1, 1, -1, 3, -1], [-1, -1, 3, -1, -1, 3, -1], [-1, -1, 3, -1, 0, -1, 4], [-1, -1, 2, -1, -1, 3, -1], [-1, -1, 2, 2, 0, -1, 4], [-1, -1, 1, -1, 0, 4, 2], [-1, 2, -1, -1, -1, 1, 4], [-1, 2, -1, 1, 0, -1, 4], [-1, 2, 3, 1, -1, -1, 4], [-1, 2, 2, -1, -1, -1, 4], [-1, 1, -1, -1, 1, 3, -1], [1, -1, -1, -1, 1, 3, -1], [1, 2, -1, -1, -1, 4, -1], [1, 1, -1, -1, -1, 3, 0], [0, -1, -1, -1, -1, 1, 4], [0, -1, -1, 1, 0, -1, 4], [0, -1, 2, -1, 0, -1, 4], [0, 2, -1, -1, 0, -1, 4], [0, 1, -1, -1, -1, 3, -1], [0, 1, 3, -1, -1, -1, 4]]
100 21 
 [[-1, -1, -1, -1, -1, -1, 5], [-1, -1, -1, -1, -1, 3, 4], [-1, -1, -1, 1, -1, 3, -1], [-1, -1, 3, -1, -1, 3, -1], [-1, -1, 3, -1, 0, -1, 4], [-1, -1, 2, -1, -1, 3, -1], [-1, -1, 2, 2, 0, -1, 4], [-1, 2, -1, -1, -1, 1, 4], [-1, 2, -1, 1, 0, -1, 4], [-1, 2, 3, 1, -1, -1, 4], [-1, 2, 2, -1, -1, -1, 4], [-1, 1, -1, -1, 1, 3, -1], [1, -1, -1, -1, 1, 3, -1], [1, 2, -1, -1, -1, 4, -1], [1, 1, -1, -1, -1, 3, 0], [0, -1, -1, -1, -1, 1, 4], [0, -1, -1, 1, 0, -1, 4], [0, -1, 2, -1, 0, -1, 4], [0, 2, -1, -1, 0, -1, 4], [0, 1, -1, -1, -1, 3, -1], [0, 1, 3, -1, -1, -1, 4]]
