

number of patterns found lowerbound

num att = 3, for k=10 to 50
9 9 9 9 9 8 8 8 7 7 9 9 9 9 9 9 9 9 9 9 9 9 9 9 9 9 9 9 9 9 9 9 9 9 9 9 9 9 9 9 
num att = 4, for k=10 to 50
15 15 15 15 15 14 14 14 13 13 15 15 15 15 15 15 15 15 15 15 15 15 15 15 15 15 15 15 15 15 15 15 15 15 15 15 15 15 15 15 
num att = 5, for k=10 to 50
18 18 18 18 18 17 17 17 16 16 18 18 18 18 18 18 18 18 18 18 18 18 18 18 18 18 18 18 18 18 18 18 18 18 18 18 18 18 18 18 
num att = 6, for k=10 to 50
22 22 22 22 21 21 21 22 20 19 22 22 22 22 22 22 21 21 21 21 22 22 22 22 22 22 22 22 22 22 22 22 22 22 22 22 22 22 22 22 
num att = 7, for k=10 to 50
26 26 26 26 25 25 25 26 24 23 26 26 26 26 26 26 25 25 25 25 26 26 26 26 26 26 26 26 26 26 27 26 26 26 26 26 26 26 26 26 
num att = 8, for k=10 to 50
30 30 30 30 29 29 29 30 28 27 30 30 30 30 30 30 29 29 29 29 30 30 30 30 30 30 30 30 30 30 31 30 30 30 30 30 30 30 30 30 
num att = 9, for k=10 to 50
34 34 34 33 33 34 34 36 34 33 34 34 34 34 34 34 33 33 33 33 34 34 34 34 34 34 34 34 34 34 35 34 34 34 34 34 34 34 34 34 
num att = 10, for k=10 to 50
35 35 35 34 34 35 35 37 35 34 35 35 35 35 35 35 34 34 34 34 35 35 35 35 35 35 35 35 35 35 36 35 35 35 35 35 35 35 35 35 
num att = 11, for k=10 to 50
38 38 38 37 37 38 38 40 38 37 38 38 38 38 38 38 37 37 37 37 38 38 38 38 38 38 38 38 38 38 39 38 38 38 38 38 38 38 38 38 
num att = 12, for k=10 to 50
42 42 42 41 41 42 42 44 42 41 42 42 42 42 42 42 41 41 41 41 42 42 42 42 42 42 42 42 42 42 43 42 42 42 42 42 42 42 42 42 
num att = 13, for k=10 to 50
45 45 45 44 44 45 45 47 45 47 45 45 45 45 45 45 44 44 44 44 45 45 45 45 45 45 45 45 45 45 46 45 45 45 45 45 45 45 45 45 
num att = 14, for k=10 to 50
47 47 46 46 46 48 47 50 48 52 47 47 47 47 46 46 46 46 46 46 47 47 47 47 47 47 47 47 47 47 48 47 47 47 47 47 47 47 47 47 
num att = 15, for k=10 to 50
50 50 49 49 51 53 52 55 53 58 50 50 50 50 49 49 49 49 49 49 50 50 50 50 50 50 50 50 50 50 51 50 50 50 50 50 50 50 50 50 
num att = 16, for k=10 to 50
52 52 51 51 53 55 54 57 55 60 52 52 52 52 51 51 51 51 51 51 52 52 52 52 52 52 52 52 52 52 53 52 52 52 52 52 52 52 52 52 
num att = 17, for k=10 to 50
55 55 54 54 56 62 61 64 62 68 55 55 55 55 54 54 54 54 54 54 55 55 55 55 55 55 55 55 55 55 56 55 55 55 55 55 55 55 55 55 
num att = 18, for k=10 to 50
57 57 56 57 60 68 67 70 68 78 57 57 57 57 56 56 56 57 57 57 57 57 57 57 57 57 57 57 57 57 58 57 57 57 57 57 57 57 57 57 
num att = 19, for k=10 to 50
59 59 58 59 62 70 75 79 77 88 59 59 59 59 58 58 58 59 59 59 59 59 59 59 59 59 59 59 59 59 60 59 59 59 59 59 59 59 59 59 
num att = 20, for k=10 to 50
59 59 58 59 62 73 78 83 82 94 60 59 59 59 59 58 59 60 60 59 60 60 59 59 59 59 59 59 59 59 61 60 59 59 59 59 59 59 59 59 