

number of patterns found lowerbound

for k=0 to 10
59 59 58 59 62 73 78 83 82 94 60 59 59 59 59 58 59 60 60 59 60 60 59 59 59 59 59 59 59 59 61 60 59 59 59 59 59 59 59 59 
for k=1 to 10
59 59 58 59 62 73 78 83 82 94 60 59 59 59 59 58 59 60 60 59 60 60 59 59 59 59 59 59 59 59 61 60 59 59 59 59 59 59 59 59 63 62 65 63 61 62 60 59 59 59 63 62 62 62 61 62 61 61 62 60 63 63 62 62 63 64 63 62 62 62 63 63 62 62 62 63 62 63 63 63 63 63 62 62 62 62 62 62 61 63 
for k=2 to 10
59 59 58 59 62 73 78 83 82 94 60 59 59 59 59 58 59 60 60 59 60 60 59 59 59 59 59 59 59 59 61 60 59 59 59 59 59 59 59 59 63 62 65 63 61 62 60 59 59 59 63 62 62 62 61 62 61 61 62 60 63 63 62 62 63 64 63 62 62 62 63 63 62 62 62 63 62 63 63 63 63 63 62 62 62 62 62 62 61 63 63 63 62 62 62 62 62 62 62 61 63 63 63 62 62 62 62 62 62 62 63 63 63 62 62 62 62 62 62 62 63 63 63 63 62 62 62 62 62 62 63 63 63 63 63 62 62 62 62 62 
for k=3 to 10
59 59 58 59 62 73 78 83 82 94 60 59 59 59 59 58 59 60 60 59 60 60 59 59 59 59 59 59 59 59 61 60 59 59 59 59 59 59 59 59 63 62 65 63 61 62 60 59 59 59 63 62 62 62 61 62 61 61 62 60 63 63 62 62 63 64 63 62 62 62 63 63 62 62 62 63 62 63 63 63 63 63 62 62 62 62 62 62 61 63 63 63 62 62 62 62 62 62 62 61 63 63 63 62 62 62 62 62 62 62 63 63 63 62 62 62 62 62 62 62 63 63 63 63 62 62 62 62 62 62 63 63 63 63 63 62 62 62 62 62 63 63 63 63 63 62 62 62 62 62 63 63 63 63 63 62 62 62 62 62 63 63 63 63 63 62 62 62 62 62 63 63 63 63 63 62 62 62 62 62 63 63 63 63 63 62 62 62 62 62 
for k=4 to 10
59 59 58 59 62 73 78 83 82 94 60 59 59 59 59 58 59 60 60 59 60 60 59 59 59 59 59 59 59 59 61 60 59 59 59 59 59 59 59 59 63 62 65 63 61 62 60 59 59 59 63 62 62 62 61 62 61 61 62 60 63 63 62 62 63 64 63 62 62 62 63 63 62 62 62 63 62 63 63 63 63 63 62 62 62 62 62 62 61 63 63 63 62 62 62 62 62 62 62 61 63 63 63 62 62 62 62 62 62 62 63 63 63 62 62 62 62 62 62 62 63 63 63 63 62 62 62 62 62 62 63 63 63 63 63 62 62 62 62 62 63 63 63 63 63 62 62 62 62 62 63 63 63 63 63 62 62 62 62 62 63 63 63 63 63 62 62 62 62 62 63 63 63 63 63 62 62 62 62 62 63 63 63 63 63 62 62 62 62 62 63 63 63 63 63 62 62 62 62 62 63 63 63 63 63 63 62 62 62 62 63 63 63 63 63 63 62 62 62 62 63 63 63 63 63 63 62 62 62 62 63 63 63 63 63 63 62 62 62 62 
for k=5 to 10
59 59 58 59 62 73 78 83 82 94 60 59 59 59 59 58 59 60 60 59 60 60 59 59 59 59 59 59 59 59 61 60 59 59 59 59 59 59 59 59 63 62 65 63 61 62 60 59 59 59 63 62 62 62 61 62 61 61 62 60 63 63 62 62 63 64 63 62 62 62 63 63 62 62 62 63 62 63 63 63 63 63 62 62 62 62 62 62 61 63 63 63 62 62 62 62 62 62 62 61 63 63 63 62 62 62 62 62 62 62 63 63 63 62 62 62 62 62 62 62 63 63 63 63 62 62 62 62 62 62 63 63 63 63 63 62 62 62 62 62 63 63 63 63 63 62 62 62 62 62 63 63 63 63 63 62 62 62 62 62 63 63 63 63 63 62 62 62 62 62 63 63 63 63 63 62 62 62 62 62 63 63 63 63 63 62 62 62 62 62 63 63 63 63 63 62 62 62 62 62 63 63 63 63 63 63 62 62 62 62 63 63 63 63 63 63 62 62 62 62 63 63 63 63 63 63 62 62 62 62 63 63 63 63 63 63 62 62 62 62 63 63 63 63 63 63 62 62 62 62 63 63 63 63 63 63 62 62 62 62 63 63 63 63 63 63 63 62 62 62 63 63 63 63 63 63 63 62 62 62 63 63 63 63 63 63 63 62 62 62 
for k=6 to 10
59 59 58 59 62 73 78 83 82 94 60 59 59 59 59 58 59 60 60 59 60 60 59 59 59 59 59 59 59 59 61 60 59 59 59 59 59 59 59 59 63 62 65 63 61 62 60 59 59 59 63 62 62 62 61 62 61 61 62 60 63 63 62 62 63 64 63 62 62 62 63 63 62 62 62 63 62 63 63 63 63 63 62 62 62 62 62 62 61 63 63 63 62 62 62 62 62 62 62 61 63 63 63 62 62 62 62 62 62 62 63 63 63 62 62 62 62 62 62 62 63 63 63 63 62 62 62 62 62 62 63 63 63 63 63 62 62 62 62 62 63 63 63 63 63 62 62 62 62 62 63 63 63 63 63 62 62 62 62 62 63 63 63 63 63 62 62 62 62 62 63 63 63 63 63 62 62 62 62 62 63 63 63 63 63 62 62 62 62 62 63 63 63 63 63 62 62 62 62 62 63 63 63 63 63 63 62 62 62 62 63 63 63 63 63 63 62 62 62 62 63 63 63 63 63 63 62 62 62 62 63 63 63 63 63 63 62 62 62 62 63 63 63 63 63 63 62 62 62 62 63 63 63 63 63 63 62 62 62 62 63 63 63 63 63 63 63 62 62 62 63 63 63 63 63 63 63 62 62 62 63 63 63 63 63 63 63 62 62 62 63 63 63 63 63 63 63 62 62 62 63 63 63 63 63 63 63 62 62 62 63 63 63 63 63 63 63 62 62 62 63 63 63 63 63 63 63 62 62 62 63 63 63 63 63 63 63 62 62 62 