

number of patterns found lowerbound

size threshold = 10
71 71 70 71 74 85 90 95 94 106 72 71 71 71 71 70 71 72 72 71 72 72 71 71 71 71 71 71 71 71 73 72 71 71 71 71 71 71 71 71 
size threshold = 20
68 68 67 68 71 82 87 92 91 103 69 68 68 68 68 67 68 69 69 68 69 69 68 68 68 68 68 68 68 68 70 69 68 68 68 68 68 68 68 68 
size threshold = 30
65 65 64 65 68 79 84 89 88 100 66 65 65 65 65 64 65 66 66 65 66 66 65 65 65 65 65 65 65 65 67 66 65 65 65 65 65 65 65 65 
size threshold = 40
64 64 63 64 67 78 83 88 87 99 65 64 64 64 64 63 64 65 65 64 65 65 64 64 64 64 64 64 64 64 66 65 64 64 64 64 64 64 64 64 
size threshold = 50
59 59 58 59 62 73 78 83 82 94 60 59 59 59 59 58 59 60 60 59 60 60 59 59 59 59 59 59 59 59 61 60 59 59 59 59 59 59 59 59 
size threshold = 60
56 56 55 56 59 70 75 80 79 91 57 56 56 56 56 55 56 57 57 56 57 57 56 56 56 56 56 56 56 56 58 57 56 56 56 56 56 56 56 56 
size threshold = 70
53 53 52 53 56 67 72 77 76 88 54 53 53 53 53 52 53 54 54 53 54 54 53 53 53 53 53 53 53 53 55 54 53 53 53 53 53 53 53 53 
size threshold = 80
53 53 52 53 56 67 72 77 76 88 54 53 53 53 53 52 53 54 54 53 54 54 53 53 53 53 53 53 53 53 55 54 53 53 53 53 53 53 53 53 
size threshold = 90
52 52 51 52 55 66 71 76 75 87 53 52 52 52 52 51 52 53 53 52 53 53 52 52 52 52 52 52 52 52 54 53 52 52 52 52 52 52 52 52 
size threshold = 100
50 50 49 50 53 64 69 74 73 85 51 50 50 50 50 49 50 51 51 50 51 51 50 50 50 50 50 50 50 50 52 51 50 50 50 50 50 50 50 50 