execution time
50000 1.23282790184021 15.424437046051025
55000 2.6985368728637695 26.83945918083191
60000 3.2025678157806396 29.192769050598145
65000 4.711998224258423 34.08450388908386
70000 5.951845169067383 43.14054799079895
75000 7.042090892791748 42.68887114524841
80000 8.476556062698364 49.9889600276947
85000 11.06207823753357 51.36371994018555
90000 12.095067024230957 52.75373196601868
95000 14.485416889190674 72.71855211257935
100000 20.384904861450195 67.43124914169312


number of patterns visited
50000 6812.0 78335.0
55000 8119.0 78335.0
60000 9389.0 78335.0
65000 11084.0 78335.0
70000 13279.0 78335.0
75000 14712.0 78335.0
80000 16299.0 78335.0
85000 17877.0 78335.0
90000 18913.0 78335.0
95000 20477.0 78335.0
100000 22020.0 78335.0


overall accuracy and delta fairness value
0.77976 0.57976
0.7519272727272728 0.5519272727272728
0.7326666666666667 0.5326666666666666
0.7137538461538462 0.5137538461538462
0.7016571428571429 0.5016571428571428
0.6856533333333333 0.4856533333333333
0.6735249999999999 0.4735249999999999
0.6620235294117647 0.46202352941176467
0.6536888888888889 0.45368888888888886
0.6482526315789474 0.4482526315789474
0.64002 0.44002
