age_binary, sex_binary, race_C, MarriageStatus_C, juv_fel_count_C, decile_score_C, juv_misd_count_C, juv_other_count_C, priors_count_C, days_b_screening_arrest_C, c_days_from_compas_C, c_charge_degree_C, v_decile_score_C, start_C, end_C, event_C

group [0, -1, -1, -1, -1, -1, -1, -1, -1, -1, -1, -1, -1, -1, -1, -1] att age_binary = 0 size 38 avg -26.038565921645315
group [0, -1, -1, -1, -1, -1, -1, -1, -1, -1, -1, -1, -1, -1, -1, -1] att age_binary = 1 size 0
group [0, -1, -1, -1, -1, -1, -1, -1, -1, -1, -1, -1, -1, -1, -1, -1] att sex_binary = 0 size 31 avg 17.028807536006
group [0, -1, -1, -1, -1, -1, -1, -1, -1, -1, -1, -1, -1, -1, -1, -1] att sex_binary = 1 size 7 avg -89.40123956403353
group [0, -1, -1, -1, -1, -1, -1, -1, -1, -1, -1, -1, -1, -1, -1, -1] att race_C = 0 size 25 avg 26.49334405578354
group [0, -1, -1, -1, -1, -1, -1, -1, -1, -1, -1, -1, -1, -1, -1, -1] att race_C = 1 size 6 avg -21.676372409277842
group [0, -1, -1, -1, -1, -1, -1, -1, -1, -1, -1, -1, -1, -1, -1, -1] att race_C = 2 size 7 avg -69.8460888743386
group [0, -1, -1, -1, -1, -1, -1, -1, -1, -1, -1, -1, -1, -1, -1, -1] att MarriageStatus_C = 0 size 35 avg 7.655340856733583
group [0, -1, -1, -1, -1, -1, -1, -1, -1, -1, -1, -1, -1, -1, -1, -1] att MarriageStatus_C = 1 size 1 avg -7.655340856733271
group [0, -1, -1, -1, -1, -1, -1, -1, -1, -1, -1, -1, -1, -1, -1, -1] att MarriageStatus_C = 2 size 0
group [0, -1, -1, -1, -1, -1, -1, -1, -1, -1, -1, -1, -1, -1, -1, -1] att MarriageStatus_C = 3 size 0
group [0, -1, -1, -1, -1, -1, -1, -1, -1, -1, -1, -1, -1, -1, -1, -1] att MarriageStatus_C = 4 size 2 avg -53.58738599713396
group [0, -1, -1, -1, -1, -1, -1, -1, -1, -1, -1, -1, -1, -1, -1, -1] att MarriageStatus_C = 5 size 0
group [0, -1, -1, -1, -1, -1, -1, -1, -1, -1, -1, -1, -1, -1, -1, -1] att MarriageStatus_C = 6 size 0
group [0, -1, -1, -1, -1, -1, -1, -1, -1, -1, -1, -1, -1, -1, -1, -1] att juv_fel_count_C = 0 size 38 avg -3.7053254676608223
group [0, -1, -1, -1, -1, -1, -1, -1, -1, -1, -1, -1, -1, -1, -1, -1] att decile_score_C = 0 size 23 avg -78.81132738313066
group [0, -1, -1, -1, -1, -1, -1, -1, -1, -1, -1, -1, -1, -1, -1, -1] att decile_score_C = 1 size 15 avg 167.4740706891525
group [0, -1, -1, -1, -1, -1, -1, -1, -1, -1, -1, -1, -1, -1, -1, -1] att juv_misd_count_C = 0 size 38 avg 0.0
group [0, -1, -1, -1, -1, -1, -1, -1, -1, -1, -1, -1, -1, -1, -1, -1] att juv_other_count_C = 0 size 38 avg 0.0
group [0, -1, -1, -1, -1, -1, -1, -1, -1, -1, -1, -1, -1, -1, -1, -1] att priors_count_C = 0 size 38 avg -161.8889312828804
group [0, -1, -1, -1, -1, -1, -1, -1, -1, -1, -1, -1, -1, -1, -1, -1] att days_b_screening_arrest_C = 0 size 26 avg -172.56706629522293
group [0, -1, -1, -1, -1, -1, -1, -1, -1, -1, -1, -1, -1, -1, -1, -1] att days_b_screening_arrest_C = 1 size 12 avg 422.49178299864957
group [0, -1, -1, -1, -1, -1, -1, -1, -1, -1, -1, -1, -1, -1, -1, -1] att c_days_from_compas_C = 0 size 38 avg 0.0
group [0, -1, -1, -1, -1, -1, -1, -1, -1, -1, -1, -1, -1, -1, -1, -1] att c_charge_degree_C = 0 size 25 avg 0.9641277453719453
group [0, -1, -1, -1, -1, -1, -1, -1, -1, -1, -1, -1, -1, -1, -1, -1] att c_charge_degree_C = 1 size 13 avg -1.5730505319232206
group [0, -1, -1, -1, -1, -1, -1, -1, -1, -1, -1, -1, -1, -1, -1, -1] att v_decile_score_C = 0 size 21 avg -1.1581677131919943
group [0, -1, -1, -1, -1, -1, -1, -1, -1, -1, -1, -1, -1, -1, -1, -1] att v_decile_score_C = 1 size 17 avg 3.1313423356665977
group [0, -1, -1, -1, -1, -1, -1, -1, -1, -1, -1, -1, -1, -1, -1, -1] att start_C = 0 size 38 avg 0.0
group [0, -1, -1, -1, -1, -1, -1, -1, -1, -1, -1, -1, -1, -1, -1, -1] att end_C = 0 size 38 avg -1698.9419470056746
group [0, -1, -1, -1, -1, -1, -1, -1, -1, -1, -1, -1, -1, -1, -1, -1] att event_C = 0 size 5 avg 35.28275943813157
group [0, -1, -1, -1, -1, -1, -1, -1, -1, -1, -1, -1, -1, -1, -1, -1] att event_C = 1 size 33 avg -50.772751386579266

group [1, -1, -1, -1, -1, -1, -1, -1, -1, -1, -1, -1, -1, -1, -1, -1] att age_binary = 0 size 0
group [1, -1, -1, -1, -1, -1, -1, -1, -1, -1, -1, -1, -1, -1, -1, -1] att age_binary = 1 size 12 avg 92.31855190401627
group [1, -1, -1, -1, -1, -1, -1, -1, -1, -1, -1, -1, -1, -1, -1, -1] att sex_binary = 0 size 9 avg 17.028807536006056
group [1, -1, -1, -1, -1, -1, -1, -1, -1, -1, -1, -1, -1, -1, -1, -1] att sex_binary = 1 size 3 avg -89.40123956403313
group [1, -1, -1, -1, -1, -1, -1, -1, -1, -1, -1, -1, -1, -1, -1, -1] att race_C = 0 size 4 avg 26.493344055783698
group [1, -1, -1, -1, -1, -1, -1, -1, -1, -1, -1, -1, -1, -1, -1, -1] att race_C = 1 size 6 avg -21.676372409277743
group [1, -1, -1, -1, -1, -1, -1, -1, -1, -1, -1, -1, -1, -1, -1, -1] att race_C = 2 size 2 avg -69.84608887433865
group [1, -1, -1, -1, -1, -1, -1, -1, -1, -1, -1, -1, -1, -1, -1, -1] att MarriageStatus_C = 0 size 8 avg 7.655340856733554
group [1, -1, -1, -1, -1, -1, -1, -1, -1, -1, -1, -1, -1, -1, -1, -1] att MarriageStatus_C = 1 size 1 avg -7.6553408567338765
group [1, -1, -1, -1, -1, -1, -1, -1, -1, -1, -1, -1, -1, -1, -1, -1] att MarriageStatus_C = 2 size 0
group [1, -1, -1, -1, -1, -1, -1, -1, -1, -1, -1, -1, -1, -1, -1, -1] att MarriageStatus_C = 3 size 1 avg -38.276704283668266
group [1, -1, -1, -1, -1, -1, -1, -1, -1, -1, -1, -1, -1, -1, -1, -1] att MarriageStatus_C = 4 size 0
group [1, -1, -1, -1, -1, -1, -1, -1, -1, -1, -1, -1, -1, -1, -1, -1] att MarriageStatus_C = 5 size 0
group [1, -1, -1, -1, -1, -1, -1, -1, -1, -1, -1, -1, -1, -1, -1, -1] att MarriageStatus_C = 6 size 2 avg -84.20874942406792
group [1, -1, -1, -1, -1, -1, -1, -1, -1, -1, -1, -1, -1, -1, -1, -1] att juv_fel_count_C = 0 size 12 avg -3.705325467660804
group [1, -1, -1, -1, -1, -1, -1, -1, -1, -1, -1, -1, -1, -1, -1, -1] att decile_score_C = 0 size 10 avg -78.81132738313076
group [1, -1, -1, -1, -1, -1, -1, -1, -1, -1, -1, -1, -1, -1, -1, -1] att decile_score_C = 1 size 2 avg 167.47407068915265
group [1, -1, -1, -1, -1, -1, -1, -1, -1, -1, -1, -1, -1, -1, -1, -1] att juv_misd_count_C = 0 size 12 avg 0.0
group [1, -1, -1, -1, -1, -1, -1, -1, -1, -1, -1, -1, -1, -1, -1, -1] att juv_other_count_C = 0 size 12 avg 0.0
group [1, -1, -1, -1, -1, -1, -1, -1, -1, -1, -1, -1, -1, -1, -1, -1] att priors_count_C = 0 size 12 avg -161.8889312828802
group [1, -1, -1, -1, -1, -1, -1, -1, -1, -1, -1, -1, -1, -1, -1, -1] att days_b_screening_arrest_C = 0 size 10 avg -172.56706629522265
group [1, -1, -1, -1, -1, -1, -1, -1, -1, -1, -1, -1, -1, -1, -1, -1] att days_b_screening_arrest_C = 1 size 2 avg 422.4917829986497
group [1, -1, -1, -1, -1, -1, -1, -1, -1, -1, -1, -1, -1, -1, -1, -1] att c_days_from_compas_C = 0 size 12 avg 0.0
group [1, -1, -1, -1, -1, -1, -1, -1, -1, -1, -1, -1, -1, -1, -1, -1] att c_charge_degree_C = 0 size 5 avg 0.9641277453721955
group [1, -1, -1, -1, -1, -1, -1, -1, -1, -1, -1, -1, -1, -1, -1, -1] att c_charge_degree_C = 1 size 7 avg -1.5730505319233188
group [1, -1, -1, -1, -1, -1, -1, -1, -1, -1, -1, -1, -1, -1, -1, -1] att v_decile_score_C = 0 size 12 avg -1.1581677131917223
group [1, -1, -1, -1, -1, -1, -1, -1, -1, -1, -1, -1, -1, -1, -1, -1] att v_decile_score_C = 1 size 0
group [1, -1, -1, -1, -1, -1, -1, -1, -1, -1, -1, -1, -1, -1, -1, -1] att start_C = 0 size 12 avg 0.0
group [1, -1, -1, -1, -1, -1, -1, -1, -1, -1, -1, -1, -1, -1, -1, -1] att end_C = 0 size 12 avg -1698.941947005674
group [1, -1, -1, -1, -1, -1, -1, -1, -1, -1, -1, -1, -1, -1, -1, -1] att event_C = 0 size 4 avg 35.28275943813149
group [1, -1, -1, -1, -1, -1, -1, -1, -1, -1, -1, -1, -1, -1, -1, -1] att event_C = 1 size 8 avg -50.772751386579024

group [-1, 1, -1, -1, -1, -1, -1, -1, -1, -1, -1, -1, -1, -1, -1, -1] att age_binary = 0 size 7 avg -26.038565921645233
group [-1, 1, -1, -1, -1, -1, -1, -1, -1, -1, -1, -1, -1, -1, -1, -1] att age_binary = 1 size 3 avg 92.31855190401564
group [-1, 1, -1, -1, -1, -1, -1, -1, -1, -1, -1, -1, -1, -1, -1, -1] att sex_binary = 0 size 0
group [-1, 1, -1, -1, -1, -1, -1, -1, -1, -1, -1, -1, -1, -1, -1, -1] att sex_binary = 1 size 10 avg -89.40123956403343
group [-1, 1, -1, -1, -1, -1, -1, -1, -1, -1, -1, -1, -1, -1, -1, -1] att race_C = 0 size 4 avg 26.493344055783442
group [-1, 1, -1, -1, -1, -1, -1, -1, -1, -1, -1, -1, -1, -1, -1, -1] att race_C = 1 size 4 avg -21.676372409277537
group [-1, 1, -1, -1, -1, -1, -1, -1, -1, -1, -1, -1, -1, -1, -1, -1] att race_C = 2 size 2 avg -69.84608887433865
group [-1, 1, -1, -1, -1, -1, -1, -1, -1, -1, -1, -1, -1, -1, -1, -1] att MarriageStatus_C = 0 size 7 avg 7.655340856733433
group [-1, 1, -1, -1, -1, -1, -1, -1, -1, -1, -1, -1, -1, -1, -1, -1] att MarriageStatus_C = 1 size 1 avg -7.6553408567338765
group [-1, 1, -1, -1, -1, -1, -1, -1, -1, -1, -1, -1, -1, -1, -1, -1] att MarriageStatus_C = 2 size 0
group [-1, 1, -1, -1, -1, -1, -1, -1, -1, -1, -1, -1, -1, -1, -1, -1] att MarriageStatus_C = 3 size 0
group [-1, 1, -1, -1, -1, -1, -1, -1, -1, -1, -1, -1, -1, -1, -1, -1] att MarriageStatus_C = 4 size 1 avg -53.58738599713458
group [-1, 1, -1, -1, -1, -1, -1, -1, -1, -1, -1, -1, -1, -1, -1, -1] att MarriageStatus_C = 5 size 0
group [-1, 1, -1, -1, -1, -1, -1, -1, -1, -1, -1, -1, -1, -1, -1, -1] att MarriageStatus_C = 6 size 1 avg -84.20874942406827
group [-1, 1, -1, -1, -1, -1, -1, -1, -1, -1, -1, -1, -1, -1, -1, -1] att juv_fel_count_C = 0 size 10 avg -3.7053254676607876
group [-1, 1, -1, -1, -1, -1, -1, -1, -1, -1, -1, -1, -1, -1, -1, -1] att decile_score_C = 0 size 6 avg -78.81132738313069
group [-1, 1, -1, -1, -1, -1, -1, -1, -1, -1, -1, -1, -1, -1, -1, -1] att decile_score_C = 1 size 4 avg 167.47407068915237
group [-1, 1, -1, -1, -1, -1, -1, -1, -1, -1, -1, -1, -1, -1, -1, -1] att juv_misd_count_C = 0 size 10 avg 0.0
group [-1, 1, -1, -1, -1, -1, -1, -1, -1, -1, -1, -1, -1, -1, -1, -1] att juv_other_count_C = 0 size 10 avg 0.0
group [-1, 1, -1, -1, -1, -1, -1, -1, -1, -1, -1, -1, -1, -1, -1, -1] att priors_count_C = 0 size 10 avg -161.88893128288038
group [-1, 1, -1, -1, -1, -1, -1, -1, -1, -1, -1, -1, -1, -1, -1, -1] att days_b_screening_arrest_C = 0 size 7 avg -172.56706629522282
group [-1, 1, -1, -1, -1, -1, -1, -1, -1, -1, -1, -1, -1, -1, -1, -1] att days_b_screening_arrest_C = 1 size 3 avg 422.49178299864843
group [-1, 1, -1, -1, -1, -1, -1, -1, -1, -1, -1, -1, -1, -1, -1, -1] att c_days_from_compas_C = 0 size 10 avg 0.0
group [-1, 1, -1, -1, -1, -1, -1, -1, -1, -1, -1, -1, -1, -1, -1, -1] att c_charge_degree_C = 0 size 4 avg 0.964127745371897
group [-1, 1, -1, -1, -1, -1, -1, -1, -1, -1, -1, -1, -1, -1, -1, -1] att c_charge_degree_C = 1 size 6 avg -1.5730505319233459
group [-1, 1, -1, -1, -1, -1, -1, -1, -1, -1, -1, -1, -1, -1, -1, -1] att v_decile_score_C = 0 size 6 avg -1.1581677131917825
group [-1, 1, -1, -1, -1, -1, -1, -1, -1, -1, -1, -1, -1, -1, -1, -1] att v_decile_score_C = 1 size 4 avg 3.1313423356659293
group [-1, 1, -1, -1, -1, -1, -1, -1, -1, -1, -1, -1, -1, -1, -1, -1] att start_C = 0 size 10 avg 0.0
group [-1, 1, -1, -1, -1, -1, -1, -1, -1, -1, -1, -1, -1, -1, -1, -1] att end_C = 0 size 10 avg -1698.941947005674
group [-1, 1, -1, -1, -1, -1, -1, -1, -1, -1, -1, -1, -1, -1, -1, -1] att event_C = 0 size 1 avg 35.28275943813177
group [-1, 1, -1, -1, -1, -1, -1, -1, -1, -1, -1, -1, -1, -1, -1, -1] att event_C = 1 size 9 avg -50.77275138657928

group [-1, -1, 0, -1, -1, -1, -1, -1, -1, -1, -1, -1, -1, -1, -1, -1] att age_binary = 0 size 25 avg -26.038565921645343
group [-1, -1, 0, -1, -1, -1, -1, -1, -1, -1, -1, -1, -1, -1, -1, -1] att age_binary = 1 size 4 avg 92.31855190401673
group [-1, -1, 0, -1, -1, -1, -1, -1, -1, -1, -1, -1, -1, -1, -1, -1] att sex_binary = 0 size 25 avg 17.02880753600605
group [-1, -1, 0, -1, -1, -1, -1, -1, -1, -1, -1, -1, -1, -1, -1, -1] att sex_binary = 1 size 4 avg -89.40123956403332
group [-1, -1, 0, -1, -1, -1, -1, -1, -1, -1, -1, -1, -1, -1, -1, -1] att race_C = 0 size 29 avg 26.49334405578356
group [-1, -1, 0, -1, -1, -1, -1, -1, -1, -1, -1, -1, -1, -1, -1, -1] att race_C = 1 size 0
group [-1, -1, 0, -1, -1, -1, -1, -1, -1, -1, -1, -1, -1, -1, -1, -1] att race_C = 2 size 0
group [-1, -1, 0, -1, -1, -1, -1, -1, -1, -1, -1, -1, -1, -1, -1, -1] att MarriageStatus_C = 0 size 25 avg 7.655340856733601
group [-1, -1, 0, -1, -1, -1, -1, -1, -1, -1, -1, -1, -1, -1, -1, -1] att MarriageStatus_C = 1 size 1 avg -7.655340856733271
group [-1, -1, 0, -1, -1, -1, -1, -1, -1, -1, -1, -1, -1, -1, -1, -1] att MarriageStatus_C = 2 size 0
group [-1, -1, 0, -1, -1, -1, -1, -1, -1, -1, -1, -1, -1, -1, -1, -1] att MarriageStatus_C = 3 size 1 avg -38.276704283668266
group [-1, -1, 0, -1, -1, -1, -1, -1, -1, -1, -1, -1, -1, -1, -1, -1] att MarriageStatus_C = 4 size 2 avg -53.58738599713396
group [-1, -1, 0, -1, -1, -1, -1, -1, -1, -1, -1, -1, -1, -1, -1, -1] att MarriageStatus_C = 5 size 0
group [-1, -1, 0, -1, -1, -1, -1, -1, -1, -1, -1, -1, -1, -1, -1, -1] att MarriageStatus_C = 6 size 0
group [-1, -1, 0, -1, -1, -1, -1, -1, -1, -1, -1, -1, -1, -1, -1, -1] att juv_fel_count_C = 0 size 29 avg -3.7053254676608183
group [-1, -1, 0, -1, -1, -1, -1, -1, -1, -1, -1, -1, -1, -1, -1, -1] att decile_score_C = 0 size 16 avg -78.81132738313066
group [-1, -1, 0, -1, -1, -1, -1, -1, -1, -1, -1, -1, -1, -1, -1, -1] att decile_score_C = 1 size 13 avg 167.4740706891525
group [-1, -1, 0, -1, -1, -1, -1, -1, -1, -1, -1, -1, -1, -1, -1, -1] att juv_misd_count_C = 0 size 29 avg 0.0
group [-1, -1, 0, -1, -1, -1, -1, -1, -1, -1, -1, -1, -1, -1, -1, -1] att juv_other_count_C = 0 size 29 avg 0.0
group [-1, -1, 0, -1, -1, -1, -1, -1, -1, -1, -1, -1, -1, -1, -1, -1] att priors_count_C = 0 size 29 avg -161.88893128288035
group [-1, -1, 0, -1, -1, -1, -1, -1, -1, -1, -1, -1, -1, -1, -1, -1] att days_b_screening_arrest_C = 0 size 19 avg -172.56706629522282
group [-1, -1, 0, -1, -1, -1, -1, -1, -1, -1, -1, -1, -1, -1, -1, -1] att days_b_screening_arrest_C = 1 size 10 avg 422.4917829986496
group [-1, -1, 0, -1, -1, -1, -1, -1, -1, -1, -1, -1, -1, -1, -1, -1] att c_days_from_compas_C = 0 size 29 avg 0.0
group [-1, -1, 0, -1, -1, -1, -1, -1, -1, -1, -1, -1, -1, -1, -1, -1] att c_charge_degree_C = 0 size 22 avg 0.9641277453720085
group [-1, -1, 0, -1, -1, -1, -1, -1, -1, -1, -1, -1, -1, -1, -1, -1] att c_charge_degree_C = 1 size 7 avg -1.573050531923159
group [-1, -1, 0, -1, -1, -1, -1, -1, -1, -1, -1, -1, -1, -1, -1, -1] att v_decile_score_C = 0 size 17 avg -1.1581677131919383
group [-1, -1, 0, -1, -1, -1, -1, -1, -1, -1, -1, -1, -1, -1, -1, -1] att v_decile_score_C = 1 size 12 avg 3.131342335666602
group [-1, -1, 0, -1, -1, -1, -1, -1, -1, -1, -1, -1, -1, -1, -1, -1] att start_C = 0 size 29 avg 0.0
group [-1, -1, 0, -1, -1, -1, -1, -1, -1, -1, -1, -1, -1, -1, -1, -1] att end_C = 0 size 29 avg -1698.9419470056746
group [-1, -1, 0, -1, -1, -1, -1, -1, -1, -1, -1, -1, -1, -1, -1, -1] att event_C = 0 size 6 avg 35.28275943813157
group [-1, -1, 0, -1, -1, -1, -1, -1, -1, -1, -1, -1, -1, -1, -1, -1] att event_C = 1 size 23 avg -50.7727513865792

group [-1, -1, 1, -1, -1, -1, -1, -1, -1, -1, -1, -1, -1, -1, -1, -1] att age_binary = 0 size 6 avg -26.038565921645286
group [-1, -1, 1, -1, -1, -1, -1, -1, -1, -1, -1, -1, -1, -1, -1, -1] att age_binary = 1 size 6 avg 92.3185519040162
group [-1, -1, 1, -1, -1, -1, -1, -1, -1, -1, -1, -1, -1, -1, -1, -1] att sex_binary = 0 size 8 avg 17.028807536005957
group [-1, -1, 1, -1, -1, -1, -1, -1, -1, -1, -1, -1, -1, -1, -1, -1] att sex_binary = 1 size 4 avg -89.40123956403373
group [-1, -1, 1, -1, -1, -1, -1, -1, -1, -1, -1, -1, -1, -1, -1, -1] att race_C = 0 size 0
group [-1, -1, 1, -1, -1, -1, -1, -1, -1, -1, -1, -1, -1, -1, -1, -1] att race_C = 1 size 12 avg -21.676372409277793
group [-1, -1, 1, -1, -1, -1, -1, -1, -1, -1, -1, -1, -1, -1, -1, -1] att race_C = 2 size 0
group [-1, -1, 1, -1, -1, -1, -1, -1, -1, -1, -1, -1, -1, -1, -1, -1] att MarriageStatus_C = 0 size 11 avg 7.655340856733551
group [-1, -1, 1, -1, -1, -1, -1, -1, -1, -1, -1, -1, -1, -1, -1, -1] att MarriageStatus_C = 1 size 0
group [-1, -1, 1, -1, -1, -1, -1, -1, -1, -1, -1, -1, -1, -1, -1, -1] att MarriageStatus_C = 2 size 0
group [-1, -1, 1, -1, -1, -1, -1, -1, -1, -1, -1, -1, -1, -1, -1, -1] att MarriageStatus_C = 3 size 0
group [-1, -1, 1, -1, -1, -1, -1, -1, -1, -1, -1, -1, -1, -1, -1, -1] att MarriageStatus_C = 4 size 0
group [-1, -1, 1, -1, -1, -1, -1, -1, -1, -1, -1, -1, -1, -1, -1, -1] att MarriageStatus_C = 5 size 0
group [-1, -1, 1, -1, -1, -1, -1, -1, -1, -1, -1, -1, -1, -1, -1, -1] att MarriageStatus_C = 6 size 1 avg -84.20874942406756
group [-1, -1, 1, -1, -1, -1, -1, -1, -1, -1, -1, -1, -1, -1, -1, -1] att juv_fel_count_C = 0 size 12 avg -3.7053254676607996
group [-1, -1, 1, -1, -1, -1, -1, -1, -1, -1, -1, -1, -1, -1, -1, -1] att decile_score_C = 0 size 9 avg -78.81132738313073
group [-1, -1, 1, -1, -1, -1, -1, -1, -1, -1, -1, -1, -1, -1, -1, -1] att decile_score_C = 1 size 3 avg 167.47407068915265
group [-1, -1, 1, -1, -1, -1, -1, -1, -1, -1, -1, -1, -1, -1, -1, -1] att juv_misd_count_C = 0 size 12 avg 0.0
group [-1, -1, 1, -1, -1, -1, -1, -1, -1, -1, -1, -1, -1, -1, -1, -1] att juv_other_count_C = 0 size 12 avg 0.0
group [-1, -1, 1, -1, -1, -1, -1, -1, -1, -1, -1, -1, -1, -1, -1, -1] att priors_count_C = 0 size 12 avg -161.8889312828803
group [-1, -1, 1, -1, -1, -1, -1, -1, -1, -1, -1, -1, -1, -1, -1, -1] att days_b_screening_arrest_C = 0 size 9 avg -172.5670662952229
group [-1, -1, 1, -1, -1, -1, -1, -1, -1, -1, -1, -1, -1, -1, -1, -1] att days_b_screening_arrest_C = 1 size 3 avg 422.49178299864985
group [-1, -1, 1, -1, -1, -1, -1, -1, -1, -1, -1, -1, -1, -1, -1, -1] att c_days_from_compas_C = 0 size 12 avg 0.0
group [-1, -1, 1, -1, -1, -1, -1, -1, -1, -1, -1, -1, -1, -1, -1, -1] att c_charge_degree_C = 0 size 3 avg 0.9641277453721829
group [-1, -1, 1, -1, -1, -1, -1, -1, -1, -1, -1, -1, -1, -1, -1, -1] att c_charge_degree_C = 1 size 9 avg -1.5730505319234358
group [-1, -1, 1, -1, -1, -1, -1, -1, -1, -1, -1, -1, -1, -1, -1, -1] att v_decile_score_C = 0 size 9 avg -1.158167713191772
group [-1, -1, 1, -1, -1, -1, -1, -1, -1, -1, -1, -1, -1, -1, -1, -1] att v_decile_score_C = 1 size 3 avg 3.131342335666059
group [-1, -1, 1, -1, -1, -1, -1, -1, -1, -1, -1, -1, -1, -1, -1, -1] att start_C = 0 size 12 avg 0.0
group [-1, -1, 1, -1, -1, -1, -1, -1, -1, -1, -1, -1, -1, -1, -1, -1] att end_C = 0 size 12 avg -1698.941947005674
group [-1, -1, 1, -1, -1, -1, -1, -1, -1, -1, -1, -1, -1, -1, -1, -1] att event_C = 0 size 3 avg 35.28275943813146
group [-1, -1, 1, -1, -1, -1, -1, -1, -1, -1, -1, -1, -1, -1, -1, -1] att event_C = 1 size 9 avg -50.77275138657896

group [-1, -1, 2, -1, -1, -1, -1, -1, -1, -1, -1, -1, -1, -1, -1, -1] att age_binary = 0 size 7 avg -26.038565921645212
group [-1, -1, 2, -1, -1, -1, -1, -1, -1, -1, -1, -1, -1, -1, -1, -1] att age_binary = 1 size 2 avg 92.31855190401569
group [-1, -1, 2, -1, -1, -1, -1, -1, -1, -1, -1, -1, -1, -1, -1, -1] att sex_binary = 0 size 7 avg 17.028807536005953
group [-1, -1, 2, -1, -1, -1, -1, -1, -1, -1, -1, -1, -1, -1, -1, -1] att sex_binary = 1 size 2 avg -89.40123956403299
group [-1, -1, 2, -1, -1, -1, -1, -1, -1, -1, -1, -1, -1, -1, -1, -1] att race_C = 0 size 0
group [-1, -1, 2, -1, -1, -1, -1, -1, -1, -1, -1, -1, -1, -1, -1, -1] att race_C = 1 size 0
group [-1, -1, 2, -1, -1, -1, -1, -1, -1, -1, -1, -1, -1, -1, -1, -1] att race_C = 2 size 9 avg -69.8460888743386
group [-1, -1, 2, -1, -1, -1, -1, -1, -1, -1, -1, -1, -1, -1, -1, -1] att MarriageStatus_C = 0 size 7 avg 7.655340856733541
group [-1, -1, 2, -1, -1, -1, -1, -1, -1, -1, -1, -1, -1, -1, -1, -1] att MarriageStatus_C = 1 size 1 avg -7.6553408567338765
group [-1, -1, 2, -1, -1, -1, -1, -1, -1, -1, -1, -1, -1, -1, -1, -1] att MarriageStatus_C = 2 size 0
group [-1, -1, 2, -1, -1, -1, -1, -1, -1, -1, -1, -1, -1, -1, -1, -1] att MarriageStatus_C = 3 size 0
group [-1, -1, 2, -1, -1, -1, -1, -1, -1, -1, -1, -1, -1, -1, -1, -1] att MarriageStatus_C = 4 size 0
group [-1, -1, 2, -1, -1, -1, -1, -1, -1, -1, -1, -1, -1, -1, -1, -1] att MarriageStatus_C = 5 size 0
group [-1, -1, 2, -1, -1, -1, -1, -1, -1, -1, -1, -1, -1, -1, -1, -1] att MarriageStatus_C = 6 size 1 avg -84.20874942406827
group [-1, -1, 2, -1, -1, -1, -1, -1, -1, -1, -1, -1, -1, -1, -1, -1] att juv_fel_count_C = 0 size 9 avg -3.7053254676608396
group [-1, -1, 2, -1, -1, -1, -1, -1, -1, -1, -1, -1, -1, -1, -1, -1] att decile_score_C = 0 size 8 avg -78.81132738313072
group [-1, -1, 2, -1, -1, -1, -1, -1, -1, -1, -1, -1, -1, -1, -1, -1] att decile_score_C = 1 size 1 avg 167.4740706891524
group [-1, -1, 2, -1, -1, -1, -1, -1, -1, -1, -1, -1, -1, -1, -1, -1] att juv_misd_count_C = 0 size 9 avg 0.0
group [-1, -1, 2, -1, -1, -1, -1, -1, -1, -1, -1, -1, -1, -1, -1, -1] att juv_other_count_C = 0 size 9 avg 0.0
group [-1, -1, 2, -1, -1, -1, -1, -1, -1, -1, -1, -1, -1, -1, -1, -1] att priors_count_C = 0 size 9 avg -161.8889312828804
group [-1, -1, 2, -1, -1, -1, -1, -1, -1, -1, -1, -1, -1, -1, -1, -1] att days_b_screening_arrest_C = 0 size 8 avg -172.56706629522301
group [-1, -1, 2, -1, -1, -1, -1, -1, -1, -1, -1, -1, -1, -1, -1, -1] att days_b_screening_arrest_C = 1 size 1 avg 422.49178299864906
group [-1, -1, 2, -1, -1, -1, -1, -1, -1, -1, -1, -1, -1, -1, -1, -1] att c_days_from_compas_C = 0 size 9 avg 0.0
group [-1, -1, 2, -1, -1, -1, -1, -1, -1, -1, -1, -1, -1, -1, -1, -1] att c_charge_degree_C = 0 size 5 avg 0.9641277453717748
group [-1, -1, 2, -1, -1, -1, -1, -1, -1, -1, -1, -1, -1, -1, -1, -1] att c_charge_degree_C = 1 size 4 avg -1.5730505319230161
group [-1, -1, 2, -1, -1, -1, -1, -1, -1, -1, -1, -1, -1, -1, -1, -1] att v_decile_score_C = 0 size 7 avg -1.15816771319195
group [-1, -1, 2, -1, -1, -1, -1, -1, -1, -1, -1, -1, -1, -1, -1, -1] att v_decile_score_C = 1 size 2 avg 3.1313423356673793
group [-1, -1, 2, -1, -1, -1, -1, -1, -1, -1, -1, -1, -1, -1, -1, -1] att start_C = 0 size 9 avg 0.0
group [-1, -1, 2, -1, -1, -1, -1, -1, -1, -1, -1, -1, -1, -1, -1, -1] att end_C = 0 size 9 avg -1698.9419470056746
group [-1, -1, 2, -1, -1, -1, -1, -1, -1, -1, -1, -1, -1, -1, -1, -1] att event_C = 0 size 0
group [-1, -1, 2, -1, -1, -1, -1, -1, -1, -1, -1, -1, -1, -1, -1, -1] att event_C = 1 size 9 avg -50.7727513865795

group [-1, -1, -1, 1, -1, -1, -1, -1, -1, -1, -1, -1, -1, -1, -1, -1] att age_binary = 0 size 1 avg -26.038565921645063
group [-1, -1, -1, 1, -1, -1, -1, -1, -1, -1, -1, -1, -1, -1, -1, -1] att age_binary = 1 size 1 avg 92.31855190401593
group [-1, -1, -1, 1, -1, -1, -1, -1, -1, -1, -1, -1, -1, -1, -1, -1] att sex_binary = 0 size 1 avg 17.028807536006166
group [-1, -1, -1, 1, -1, -1, -1, -1, -1, -1, -1, -1, -1, -1, -1, -1] att sex_binary = 1 size 1 avg -89.4012395640324
group [-1, -1, -1, 1, -1, -1, -1, -1, -1, -1, -1, -1, -1, -1, -1, -1] att race_C = 0 size 1 avg 26.49334405578382
group [-1, -1, -1, 1, -1, -1, -1, -1, -1, -1, -1, -1, -1, -1, -1, -1] att race_C = 1 size 0
group [-1, -1, -1, 1, -1, -1, -1, -1, -1, -1, -1, -1, -1, -1, -1, -1] att race_C = 2 size 1 avg -69.84608887433849
group [-1, -1, -1, 1, -1, -1, -1, -1, -1, -1, -1, -1, -1, -1, -1, -1] att MarriageStatus_C = 0 size 0
group [-1, -1, -1, 1, -1, -1, -1, -1, -1, -1, -1, -1, -1, -1, -1, -1] att MarriageStatus_C = 1 size 2 avg -7.655340856733574
group [-1, -1, -1, 1, -1, -1, -1, -1, -1, -1, -1, -1, -1, -1, -1, -1] att MarriageStatus_C = 2 size 0
group [-1, -1, -1, 1, -1, -1, -1, -1, -1, -1, -1, -1, -1, -1, -1, -1] att MarriageStatus_C = 3 size 0
group [-1, -1, -1, 1, -1, -1, -1, -1, -1, -1, -1, -1, -1, -1, -1, -1] att MarriageStatus_C = 4 size 0
group [-1, -1, -1, 1, -1, -1, -1, -1, -1, -1, -1, -1, -1, -1, -1, -1] att MarriageStatus_C = 5 size 0
group [-1, -1, -1, 1, -1, -1, -1, -1, -1, -1, -1, -1, -1, -1, -1, -1] att MarriageStatus_C = 6 size 0
group [-1, -1, -1, 1, -1, -1, -1, -1, -1, -1, -1, -1, -1, -1, -1, -1] att juv_fel_count_C = 0 size 2 avg -3.7053254676608463
group [-1, -1, -1, 1, -1, -1, -1, -1, -1, -1, -1, -1, -1, -1, -1, -1] att decile_score_C = 0 size 1 avg -78.81132738313102
group [-1, -1, -1, 1, -1, -1, -1, -1, -1, -1, -1, -1, -1, -1, -1, -1] att decile_score_C = 1 size 1 avg 167.47407068915277
group [-1, -1, -1, 1, -1, -1, -1, -1, -1, -1, -1, -1, -1, -1, -1, -1] att juv_misd_count_C = 0 size 2 avg 0.0
group [-1, -1, -1, 1, -1, -1, -1, -1, -1, -1, -1, -1, -1, -1, -1, -1] att juv_other_count_C = 0 size 2 avg 0.0
group [-1, -1, -1, 1, -1, -1, -1, -1, -1, -1, -1, -1, -1, -1, -1, -1] att priors_count_C = 0 size 2 avg -161.88893128288026
group [-1, -1, -1, 1, -1, -1, -1, -1, -1, -1, -1, -1, -1, -1, -1, -1] att days_b_screening_arrest_C = 0 size 1 avg -172.56706629522282
group [-1, -1, -1, 1, -1, -1, -1, -1, -1, -1, -1, -1, -1, -1, -1, -1] att days_b_screening_arrest_C = 1 size 1 avg 422.4917829986495
group [-1, -1, -1, 1, -1, -1, -1, -1, -1, -1, -1, -1, -1, -1, -1, -1] att c_days_from_compas_C = 0 size 2 avg 0.0
group [-1, -1, -1, 1, -1, -1, -1, -1, -1, -1, -1, -1, -1, -1, -1, -1] att c_charge_degree_C = 0 size 1 avg 0.9641277453722523
group [-1, -1, -1, 1, -1, -1, -1, -1, -1, -1, -1, -1, -1, -1, -1, -1] att c_charge_degree_C = 1 size 1 avg -1.5730505319228125
group [-1, -1, -1, 1, -1, -1, -1, -1, -1, -1, -1, -1, -1, -1, -1, -1] att v_decile_score_C = 0 size 1 avg -1.1581677131917445
group [-1, -1, -1, 1, -1, -1, -1, -1, -1, -1, -1, -1, -1, -1, -1, -1] att v_decile_score_C = 1 size 1 avg 3.1313423356658063
group [-1, -1, -1, 1, -1, -1, -1, -1, -1, -1, -1, -1, -1, -1, -1, -1] att start_C = 0 size 2 avg 0.0
group [-1, -1, -1, 1, -1, -1, -1, -1, -1, -1, -1, -1, -1, -1, -1, -1] att end_C = 0 size 2 avg -1698.9419470056746
group [-1, -1, -1, 1, -1, -1, -1, -1, -1, -1, -1, -1, -1, -1, -1, -1] att event_C = 0 size 1 avg 35.28275943813113
group [-1, -1, -1, 1, -1, -1, -1, -1, -1, -1, -1, -1, -1, -1, -1, -1] att event_C = 1 size 1 avg -50.77275138657935

group [-1, -1, -1, 2, -1, -1, -1, -1, -1, -1, -1, -1, -1, -1, -1, -1] att age_binary = 0 size 0
group [-1, -1, -1, 2, -1, -1, -1, -1, -1, -1, -1, -1, -1, -1, -1, -1] att age_binary = 1 size 0
group [-1, -1, -1, 2, -1, -1, -1, -1, -1, -1, -1, -1, -1, -1, -1, -1] att sex_binary = 0 size 0
group [-1, -1, -1, 2, -1, -1, -1, -1, -1, -1, -1, -1, -1, -1, -1, -1] att sex_binary = 1 size 0
group [-1, -1, -1, 2, -1, -1, -1, -1, -1, -1, -1, -1, -1, -1, -1, -1] att race_C = 0 size 0
group [-1, -1, -1, 2, -1, -1, -1, -1, -1, -1, -1, -1, -1, -1, -1, -1] att race_C = 1 size 0
group [-1, -1, -1, 2, -1, -1, -1, -1, -1, -1, -1, -1, -1, -1, -1, -1] att race_C = 2 size 0
group [-1, -1, -1, 2, -1, -1, -1, -1, -1, -1, -1, -1, -1, -1, -1, -1] att MarriageStatus_C = 0 size 0
group [-1, -1, -1, 2, -1, -1, -1, -1, -1, -1, -1, -1, -1, -1, -1, -1] att MarriageStatus_C = 1 size 0
group [-1, -1, -1, 2, -1, -1, -1, -1, -1, -1, -1, -1, -1, -1, -1, -1] att MarriageStatus_C = 2 size 0
group [-1, -1, -1, 2, -1, -1, -1, -1, -1, -1, -1, -1, -1, -1, -1, -1] att MarriageStatus_C = 3 size 0
group [-1, -1, -1, 2, -1, -1, -1, -1, -1, -1, -1, -1, -1, -1, -1, -1] att MarriageStatus_C = 4 size 0
group [-1, -1, -1, 2, -1, -1, -1, -1, -1, -1, -1, -1, -1, -1, -1, -1] att MarriageStatus_C = 5 size 0
group [-1, -1, -1, 2, -1, -1, -1, -1, -1, -1, -1, -1, -1, -1, -1, -1] att MarriageStatus_C = 6 size 0
group [-1, -1, -1, 2, -1, -1, -1, -1, -1, -1, -1, -1, -1, -1, -1, -1] att juv_fel_count_C = 0 size 0
group [-1, -1, -1, 2, -1, -1, -1, -1, -1, -1, -1, -1, -1, -1, -1, -1] att decile_score_C = 0 size 0
group [-1, -1, -1, 2, -1, -1, -1, -1, -1, -1, -1, -1, -1, -1, -1, -1] att decile_score_C = 1 size 0
group [-1, -1, -1, 2, -1, -1, -1, -1, -1, -1, -1, -1, -1, -1, -1, -1] att juv_misd_count_C = 0 size 0
group [-1, -1, -1, 2, -1, -1, -1, -1, -1, -1, -1, -1, -1, -1, -1, -1] att juv_other_count_C = 0 size 0
group [-1, -1, -1, 2, -1, -1, -1, -1, -1, -1, -1, -1, -1, -1, -1, -1] att priors_count_C = 0 size 0
group [-1, -1, -1, 2, -1, -1, -1, -1, -1, -1, -1, -1, -1, -1, -1, -1] att days_b_screening_arrest_C = 0 size 0
group [-1, -1, -1, 2, -1, -1, -1, -1, -1, -1, -1, -1, -1, -1, -1, -1] att days_b_screening_arrest_C = 1 size 0
group [-1, -1, -1, 2, -1, -1, -1, -1, -1, -1, -1, -1, -1, -1, -1, -1] att c_days_from_compas_C = 0 size 0
group [-1, -1, -1, 2, -1, -1, -1, -1, -1, -1, -1, -1, -1, -1, -1, -1] att c_charge_degree_C = 0 size 0
group [-1, -1, -1, 2, -1, -1, -1, -1, -1, -1, -1, -1, -1, -1, -1, -1] att c_charge_degree_C = 1 size 0
group [-1, -1, -1, 2, -1, -1, -1, -1, -1, -1, -1, -1, -1, -1, -1, -1] att v_decile_score_C = 0 size 0
group [-1, -1, -1, 2, -1, -1, -1, -1, -1, -1, -1, -1, -1, -1, -1, -1] att v_decile_score_C = 1 size 0
group [-1, -1, -1, 2, -1, -1, -1, -1, -1, -1, -1, -1, -1, -1, -1, -1] att start_C = 0 size 0
group [-1, -1, -1, 2, -1, -1, -1, -1, -1, -1, -1, -1, -1, -1, -1, -1] att end_C = 0 size 0
group [-1, -1, -1, 2, -1, -1, -1, -1, -1, -1, -1, -1, -1, -1, -1, -1] att event_C = 0 size 0
group [-1, -1, -1, 2, -1, -1, -1, -1, -1, -1, -1, -1, -1, -1, -1, -1] att event_C = 1 size 0

group [-1, -1, -1, 4, -1, -1, -1, -1, -1, -1, -1, -1, -1, -1, -1, -1] att age_binary = 0 size 2 avg -26.03856592164515
group [-1, -1, -1, 4, -1, -1, -1, -1, -1, -1, -1, -1, -1, -1, -1, -1] att age_binary = 1 size 0
group [-1, -1, -1, 4, -1, -1, -1, -1, -1, -1, -1, -1, -1, -1, -1, -1] att sex_binary = 0 size 1 avg 17.028807536006298
group [-1, -1, -1, 4, -1, -1, -1, -1, -1, -1, -1, -1, -1, -1, -1, -1] att sex_binary = 1 size 1 avg -89.40123956403288
group [-1, -1, -1, 4, -1, -1, -1, -1, -1, -1, -1, -1, -1, -1, -1, -1] att race_C = 0 size 2 avg 26.493344055783904
group [-1, -1, -1, 4, -1, -1, -1, -1, -1, -1, -1, -1, -1, -1, -1, -1] att race_C = 1 size 0
group [-1, -1, -1, 4, -1, -1, -1, -1, -1, -1, -1, -1, -1, -1, -1, -1] att race_C = 2 size 0
group [-1, -1, -1, 4, -1, -1, -1, -1, -1, -1, -1, -1, -1, -1, -1, -1] att MarriageStatus_C = 0 size 0
group [-1, -1, -1, 4, -1, -1, -1, -1, -1, -1, -1, -1, -1, -1, -1, -1] att MarriageStatus_C = 1 size 0
group [-1, -1, -1, 4, -1, -1, -1, -1, -1, -1, -1, -1, -1, -1, -1, -1] att MarriageStatus_C = 2 size 0
group [-1, -1, -1, 4, -1, -1, -1, -1, -1, -1, -1, -1, -1, -1, -1, -1] att MarriageStatus_C = 3 size 0
group [-1, -1, -1, 4, -1, -1, -1, -1, -1, -1, -1, -1, -1, -1, -1, -1] att MarriageStatus_C = 4 size 2 avg -53.58738599713396
group [-1, -1, -1, 4, -1, -1, -1, -1, -1, -1, -1, -1, -1, -1, -1, -1] att MarriageStatus_C = 5 size 0
group [-1, -1, -1, 4, -1, -1, -1, -1, -1, -1, -1, -1, -1, -1, -1, -1] att MarriageStatus_C = 6 size 0
group [-1, -1, -1, 4, -1, -1, -1, -1, -1, -1, -1, -1, -1, -1, -1, -1] att juv_fel_count_C = 0 size 2 avg -3.7053254676608374
group [-1, -1, -1, 4, -1, -1, -1, -1, -1, -1, -1, -1, -1, -1, -1, -1] att decile_score_C = 0 size 0
group [-1, -1, -1, 4, -1, -1, -1, -1, -1, -1, -1, -1, -1, -1, -1, -1] att decile_score_C = 1 size 2 avg 167.47407068915257
group [-1, -1, -1, 4, -1, -1, -1, -1, -1, -1, -1, -1, -1, -1, -1, -1] att juv_misd_count_C = 0 size 2 avg 0.0
group [-1, -1, -1, 4, -1, -1, -1, -1, -1, -1, -1, -1, -1, -1, -1, -1] att juv_other_count_C = 0 size 2 avg 0.0
group [-1, -1, -1, 4, -1, -1, -1, -1, -1, -1, -1, -1, -1, -1, -1, -1] att priors_count_C = 0 size 2 avg -161.88893128288038
group [-1, -1, -1, 4, -1, -1, -1, -1, -1, -1, -1, -1, -1, -1, -1, -1] att days_b_screening_arrest_C = 0 size 0
group [-1, -1, -1, 4, -1, -1, -1, -1, -1, -1, -1, -1, -1, -1, -1, -1] att days_b_screening_arrest_C = 1 size 2 avg 422.4917829986492
group [-1, -1, -1, 4, -1, -1, -1, -1, -1, -1, -1, -1, -1, -1, -1, -1] att c_days_from_compas_C = 0 size 2 avg 0.0
group [-1, -1, -1, 4, -1, -1, -1, -1, -1, -1, -1, -1, -1, -1, -1, -1] att c_charge_degree_C = 0 size 2 avg 0.9641277453720722
group [-1, -1, -1, 4, -1, -1, -1, -1, -1, -1, -1, -1, -1, -1, -1, -1] att c_charge_degree_C = 1 size 0
group [-1, -1, -1, 4, -1, -1, -1, -1, -1, -1, -1, -1, -1, -1, -1, -1] att v_decile_score_C = 0 size 1 avg -1.1581677131918013
group [-1, -1, -1, 4, -1, -1, -1, -1, -1, -1, -1, -1, -1, -1, -1, -1] att v_decile_score_C = 1 size 1 avg 3.1313423356666967
group [-1, -1, -1, 4, -1, -1, -1, -1, -1, -1, -1, -1, -1, -1, -1, -1] att start_C = 0 size 2 avg 0.0
group [-1, -1, -1, 4, -1, -1, -1, -1, -1, -1, -1, -1, -1, -1, -1, -1] att end_C = 0 size 2 avg -1698.941947005674
group [-1, -1, -1, 4, -1, -1, -1, -1, -1, -1, -1, -1, -1, -1, -1, -1] att event_C = 0 size 1 avg 35.282759438131755
group [-1, -1, -1, 4, -1, -1, -1, -1, -1, -1, -1, -1, -1, -1, -1, -1] att event_C = 1 size 1 avg -50.77275138657992

group [-1, -1, -1, 6, -1, -1, -1, -1, -1, -1, -1, -1, -1, -1, -1, -1] att age_binary = 0 size 0
group [-1, -1, -1, 6, -1, -1, -1, -1, -1, -1, -1, -1, -1, -1, -1, -1] att age_binary = 1 size 2 avg 92.31855190401583
group [-1, -1, -1, 6, -1, -1, -1, -1, -1, -1, -1, -1, -1, -1, -1, -1] att sex_binary = 0 size 1 avg 17.02880753600624
group [-1, -1, -1, 6, -1, -1, -1, -1, -1, -1, -1, -1, -1, -1, -1, -1] att sex_binary = 1 size 1 avg -89.40123956403359
group [-1, -1, -1, 6, -1, -1, -1, -1, -1, -1, -1, -1, -1, -1, -1, -1] att race_C = 0 size 0
group [-1, -1, -1, 6, -1, -1, -1, -1, -1, -1, -1, -1, -1, -1, -1, -1] att race_C = 1 size 1 avg -21.676372409277974
group [-1, -1, -1, 6, -1, -1, -1, -1, -1, -1, -1, -1, -1, -1, -1, -1] att race_C = 2 size 1 avg -69.8460888743388
group [-1, -1, -1, 6, -1, -1, -1, -1, -1, -1, -1, -1, -1, -1, -1, -1] att MarriageStatus_C = 0 size 0
group [-1, -1, -1, 6, -1, -1, -1, -1, -1, -1, -1, -1, -1, -1, -1, -1] att MarriageStatus_C = 1 size 0
group [-1, -1, -1, 6, -1, -1, -1, -1, -1, -1, -1, -1, -1, -1, -1, -1] att MarriageStatus_C = 2 size 0
group [-1, -1, -1, 6, -1, -1, -1, -1, -1, -1, -1, -1, -1, -1, -1, -1] att MarriageStatus_C = 3 size 0
group [-1, -1, -1, 6, -1, -1, -1, -1, -1, -1, -1, -1, -1, -1, -1, -1] att MarriageStatus_C = 4 size 0
group [-1, -1, -1, 6, -1, -1, -1, -1, -1, -1, -1, -1, -1, -1, -1, -1] att MarriageStatus_C = 5 size 0
group [-1, -1, -1, 6, -1, -1, -1, -1, -1, -1, -1, -1, -1, -1, -1, -1] att MarriageStatus_C = 6 size 2 avg -84.20874942406792
group [-1, -1, -1, 6, -1, -1, -1, -1, -1, -1, -1, -1, -1, -1, -1, -1] att juv_fel_count_C = 0 size 2 avg -3.7053254676608605
group [-1, -1, -1, 6, -1, -1, -1, -1, -1, -1, -1, -1, -1, -1, -1, -1] att decile_score_C = 0 size 2 avg -78.8113273831307
group [-1, -1, -1, 6, -1, -1, -1, -1, -1, -1, -1, -1, -1, -1, -1, -1] att decile_score_C = 1 size 0
group [-1, -1, -1, 6, -1, -1, -1, -1, -1, -1, -1, -1, -1, -1, -1, -1] att juv_misd_count_C = 0 size 2 avg 0.0
group [-1, -1, -1, 6, -1, -1, -1, -1, -1, -1, -1, -1, -1, -1, -1, -1] att juv_other_count_C = 0 size 2 avg 0.0
group [-1, -1, -1, 6, -1, -1, -1, -1, -1, -1, -1, -1, -1, -1, -1, -1] att priors_count_C = 0 size 2 avg -161.88893128288015
group [-1, -1, -1, 6, -1, -1, -1, -1, -1, -1, -1, -1, -1, -1, -1, -1] att days_b_screening_arrest_C = 0 size 2 avg -172.56706629522253
group [-1, -1, -1, 6, -1, -1, -1, -1, -1, -1, -1, -1, -1, -1, -1, -1] att days_b_screening_arrest_C = 1 size 0
group [-1, -1, -1, 6, -1, -1, -1, -1, -1, -1, -1, -1, -1, -1, -1, -1] att c_days_from_compas_C = 0 size 2 avg 0.0
group [-1, -1, -1, 6, -1, -1, -1, -1, -1, -1, -1, -1, -1, -1, -1, -1] att c_charge_degree_C = 0 size 1 avg 0.9641277453719302
group [-1, -1, -1, 6, -1, -1, -1, -1, -1, -1, -1, -1, -1, -1, -1, -1] att c_charge_degree_C = 1 size 1 avg -1.5730505319234187
group [-1, -1, -1, 6, -1, -1, -1, -1, -1, -1, -1, -1, -1, -1, -1, -1] att v_decile_score_C = 0 size 2 avg -1.1581677131917254
group [-1, -1, -1, 6, -1, -1, -1, -1, -1, -1, -1, -1, -1, -1, -1, -1] att v_decile_score_C = 1 size 0
group [-1, -1, -1, 6, -1, -1, -1, -1, -1, -1, -1, -1, -1, -1, -1, -1] att start_C = 0 size 2 avg 0.0
group [-1, -1, -1, 6, -1, -1, -1, -1, -1, -1, -1, -1, -1, -1, -1, -1] att end_C = 0 size 2 avg -1698.9419470056741
group [-1, -1, -1, 6, -1, -1, -1, -1, -1, -1, -1, -1, -1, -1, -1, -1] att event_C = 0 size 0
group [-1, -1, -1, 6, -1, -1, -1, -1, -1, -1, -1, -1, -1, -1, -1, -1] att event_C = 1 size 2 avg -50.77275138657912

group [-1, -1, -1, -1, -1, 0, -1, -1, -1, -1, -1, -1, -1, -1, -1, -1] att age_binary = 0 size 23 avg -26.038565921645294
group [-1, -1, -1, -1, -1, 0, -1, -1, -1, -1, -1, -1, -1, -1, -1, -1] att age_binary = 1 size 10 avg 92.31855190401618
group [-1, -1, -1, -1, -1, 0, -1, -1, -1, -1, -1, -1, -1, -1, -1, -1] att sex_binary = 0 size 27 avg 17.028807536006006
group [-1, -1, -1, -1, -1, 0, -1, -1, -1, -1, -1, -1, -1, -1, -1, -1] att sex_binary = 1 size 6 avg -89.40123956403289
group [-1, -1, -1, -1, -1, 0, -1, -1, -1, -1, -1, -1, -1, -1, -1, -1] att race_C = 0 size 16 avg 26.493344055783638
group [-1, -1, -1, -1, -1, 0, -1, -1, -1, -1, -1, -1, -1, -1, -1, -1] att race_C = 1 size 9 avg -21.676372409277676
group [-1, -1, -1, -1, -1, 0, -1, -1, -1, -1, -1, -1, -1, -1, -1, -1] att race_C = 2 size 8 avg -69.84608887433856
group [-1, -1, -1, -1, -1, 0, -1, -1, -1, -1, -1, -1, -1, -1, -1, -1] att MarriageStatus_C = 0 size 29 avg 7.655340856733628
group [-1, -1, -1, -1, -1, 0, -1, -1, -1, -1, -1, -1, -1, -1, -1, -1] att MarriageStatus_C = 1 size 1 avg -7.6553408567338765
group [-1, -1, -1, -1, -1, 0, -1, -1, -1, -1, -1, -1, -1, -1, -1, -1] att MarriageStatus_C = 2 size 0
group [-1, -1, -1, -1, -1, 0, -1, -1, -1, -1, -1, -1, -1, -1, -1, -1] att MarriageStatus_C = 3 size 1 avg -38.276704283668266
group [-1, -1, -1, -1, -1, 0, -1, -1, -1, -1, -1, -1, -1, -1, -1, -1] att MarriageStatus_C = 4 size 0
group [-1, -1, -1, -1, -1, 0, -1, -1, -1, -1, -1, -1, -1, -1, -1, -1] att MarriageStatus_C = 5 size 0
group [-1, -1, -1, -1, -1, 0, -1, -1, -1, -1, -1, -1, -1, -1, -1, -1] att MarriageStatus_C = 6 size 2 avg -84.20874942406792
group [-1, -1, -1, -1, -1, 0, -1, -1, -1, -1, -1, -1, -1, -1, -1, -1] att juv_fel_count_C = 0 size 33 avg -3.705325467660818
group [-1, -1, -1, -1, -1, 0, -1, -1, -1, -1, -1, -1, -1, -1, -1, -1] att decile_score_C = 0 size 33 avg -78.81132738313066
group [-1, -1, -1, -1, -1, 0, -1, -1, -1, -1, -1, -1, -1, -1, -1, -1] att decile_score_C = 1 size 0
group [-1, -1, -1, -1, -1, 0, -1, -1, -1, -1, -1, -1, -1, -1, -1, -1] att juv_misd_count_C = 0 size 33 avg 0.0
group [-1, -1, -1, -1, -1, 0, -1, -1, -1, -1, -1, -1, -1, -1, -1, -1] att juv_other_count_C = 0 size 33 avg 0.0
group [-1, -1, -1, -1, -1, 0, -1, -1, -1, -1, -1, -1, -1, -1, -1, -1] att priors_count_C = 0 size 33 avg -161.8889312828804
group [-1, -1, -1, -1, -1, 0, -1, -1, -1, -1, -1, -1, -1, -1, -1, -1] att days_b_screening_arrest_C = 0 size 26 avg -172.5670662952229
group [-1, -1, -1, -1, -1, 0, -1, -1, -1, -1, -1, -1, -1, -1, -1, -1] att days_b_screening_arrest_C = 1 size 7 avg 422.4917829986499
group [-1, -1, -1, -1, -1, 0, -1, -1, -1, -1, -1, -1, -1, -1, -1, -1] att c_days_from_compas_C = 0 size 33 avg 0.0
group [-1, -1, -1, -1, -1, 0, -1, -1, -1, -1, -1, -1, -1, -1, -1, -1] att c_charge_degree_C = 0 size 18 avg 0.9641277453719511
group [-1, -1, -1, -1, -1, 0, -1, -1, -1, -1, -1, -1, -1, -1, -1, -1] att c_charge_degree_C = 1 size 15 avg -1.5730505319231165
group [-1, -1, -1, -1, -1, 0, -1, -1, -1, -1, -1, -1, -1, -1, -1, -1] att v_decile_score_C = 0 size 27 avg -1.1581677131918708
group [-1, -1, -1, -1, -1, 0, -1, -1, -1, -1, -1, -1, -1, -1, -1, -1] att v_decile_score_C = 1 size 6 avg 3.1313423356669214
group [-1, -1, -1, -1, -1, 0, -1, -1, -1, -1, -1, -1, -1, -1, -1, -1] att start_C = 0 size 33 avg 0.0
group [-1, -1, -1, -1, -1, 0, -1, -1, -1, -1, -1, -1, -1, -1, -1, -1] att end_C = 0 size 33 avg -1698.9419470056746
group [-1, -1, -1, -1, -1, 0, -1, -1, -1, -1, -1, -1, -1, -1, -1, -1] att event_C = 0 size 6 avg 35.282759438131556
group [-1, -1, -1, -1, -1, 0, -1, -1, -1, -1, -1, -1, -1, -1, -1, -1] att event_C = 1 size 27 avg -50.77275138657913

group [-1, -1, -1, -1, -1, 1, -1, -1, -1, -1, -1, -1, -1, -1, -1, -1] att age_binary = 0 size 15 avg -26.038565921645336
group [-1, -1, -1, -1, -1, 1, -1, -1, -1, -1, -1, -1, -1, -1, -1, -1] att age_binary = 1 size 2 avg 92.3185519040168
group [-1, -1, -1, -1, -1, 1, -1, -1, -1, -1, -1, -1, -1, -1, -1, -1] att sex_binary = 0 size 13 avg 17.028807536006028
group [-1, -1, -1, -1, -1, 1, -1, -1, -1, -1, -1, -1, -1, -1, -1, -1] att sex_binary = 1 size 4 avg -89.40123956403421
group [-1, -1, -1, -1, -1, 1, -1, -1, -1, -1, -1, -1, -1, -1, -1, -1] att race_C = 0 size 13 avg 26.493344055783457
group [-1, -1, -1, -1, -1, 1, -1, -1, -1, -1, -1, -1, -1, -1, -1, -1] att race_C = 1 size 3 avg -21.676372409278155
group [-1, -1, -1, -1, -1, 1, -1, -1, -1, -1, -1, -1, -1, -1, -1, -1] att race_C = 2 size 1 avg -69.84608887433899
group [-1, -1, -1, -1, -1, 1, -1, -1, -1, -1, -1, -1, -1, -1, -1, -1] att MarriageStatus_C = 0 size 14 avg 7.655340856733477
group [-1, -1, -1, -1, -1, 1, -1, -1, -1, -1, -1, -1, -1, -1, -1, -1] att MarriageStatus_C = 1 size 1 avg -7.655340856733271
group [-1, -1, -1, -1, -1, 1, -1, -1, -1, -1, -1, -1, -1, -1, -1, -1] att MarriageStatus_C = 2 size 0
group [-1, -1, -1, -1, -1, 1, -1, -1, -1, -1, -1, -1, -1, -1, -1, -1] att MarriageStatus_C = 3 size 0
group [-1, -1, -1, -1, -1, 1, -1, -1, -1, -1, -1, -1, -1, -1, -1, -1] att MarriageStatus_C = 4 size 2 avg -53.58738599713396
group [-1, -1, -1, -1, -1, 1, -1, -1, -1, -1, -1, -1, -1, -1, -1, -1] att MarriageStatus_C = 5 size 0
group [-1, -1, -1, -1, -1, 1, -1, -1, -1, -1, -1, -1, -1, -1, -1, -1] att MarriageStatus_C = 6 size 0
group [-1, -1, -1, -1, -1, 1, -1, -1, -1, -1, -1, -1, -1, -1, -1, -1] att juv_fel_count_C = 0 size 17 avg -3.7053254676608187
group [-1, -1, -1, -1, -1, 1, -1, -1, -1, -1, -1, -1, -1, -1, -1, -1] att decile_score_C = 0 size 0
group [-1, -1, -1, -1, -1, 1, -1, -1, -1, -1, -1, -1, -1, -1, -1, -1] att decile_score_C = 1 size 17 avg 167.47407068915257
group [-1, -1, -1, -1, -1, 1, -1, -1, -1, -1, -1, -1, -1, -1, -1, -1] att juv_misd_count_C = 0 size 17 avg 0.0
group [-1, -1, -1, -1, -1, 1, -1, -1, -1, -1, -1, -1, -1, -1, -1, -1] att juv_other_count_C = 0 size 17 avg 0.0
group [-1, -1, -1, -1, -1, 1, -1, -1, -1, -1, -1, -1, -1, -1, -1, -1] att priors_count_C = 0 size 17 avg -161.88893128288026
group [-1, -1, -1, -1, -1, 1, -1, -1, -1, -1, -1, -1, -1, -1, -1, -1] att days_b_screening_arrest_C = 0 size 10 avg -172.5670662952228
group [-1, -1, -1, -1, -1, 1, -1, -1, -1, -1, -1, -1, -1, -1, -1, -1] att days_b_screening_arrest_C = 1 size 7 avg 422.4917829986493
group [-1, -1, -1, -1, -1, 1, -1, -1, -1, -1, -1, -1, -1, -1, -1, -1] att c_days_from_compas_C = 0 size 17 avg 0.0
group [-1, -1, -1, -1, -1, 1, -1, -1, -1, -1, -1, -1, -1, -1, -1, -1] att c_charge_degree_C = 0 size 12 avg 0.9641277453720408
group [-1, -1, -1, -1, -1, 1, -1, -1, -1, -1, -1, -1, -1, -1, -1, -1] att c_charge_degree_C = 1 size 5 avg -1.573050531923669
group [-1, -1, -1, -1, -1, 1, -1, -1, -1, -1, -1, -1, -1, -1, -1, -1] att v_decile_score_C = 0 size 6 avg -1.1581677131920065
group [-1, -1, -1, -1, -1, 1, -1, -1, -1, -1, -1, -1, -1, -1, -1, -1] att v_decile_score_C = 1 size 11 avg 3.1313423356664214
group [-1, -1, -1, -1, -1, 1, -1, -1, -1, -1, -1, -1, -1, -1, -1, -1] att start_C = 0 size 17 avg 0.0
group [-1, -1, -1, -1, -1, 1, -1, -1, -1, -1, -1, -1, -1, -1, -1, -1] att end_C = 0 size 17 avg -1698.9419470056744
group [-1, -1, -1, -1, -1, 1, -1, -1, -1, -1, -1, -1, -1, -1, -1, -1] att event_C = 0 size 3 avg 35.282759438131485
group [-1, -1, -1, -1, -1, 1, -1, -1, -1, -1, -1, -1, -1, -1, -1, -1] att event_C = 1 size 14 avg -50.772751386579394

group [-1, -1, -1, -1, -1, -1, -1, -1, 1, -1, -1, -1, -1, -1, -1, -1] att age_binary = 0 size 0
group [-1, -1, -1, -1, -1, -1, -1, -1, 1, -1, -1, -1, -1, -1, -1, -1] att age_binary = 1 size 0
group [-1, -1, -1, -1, -1, -1, -1, -1, 1, -1, -1, -1, -1, -1, -1, -1] att sex_binary = 0 size 0
group [-1, -1, -1, -1, -1, -1, -1, -1, 1, -1, -1, -1, -1, -1, -1, -1] att sex_binary = 1 size 0
group [-1, -1, -1, -1, -1, -1, -1, -1, 1, -1, -1, -1, -1, -1, -1, -1] att race_C = 0 size 0
group [-1, -1, -1, -1, -1, -1, -1, -1, 1, -1, -1, -1, -1, -1, -1, -1] att race_C = 1 size 0
group [-1, -1, -1, -1, -1, -1, -1, -1, 1, -1, -1, -1, -1, -1, -1, -1] att race_C = 2 size 0
group [-1, -1, -1, -1, -1, -1, -1, -1, 1, -1, -1, -1, -1, -1, -1, -1] att MarriageStatus_C = 0 size 0
group [-1, -1, -1, -1, -1, -1, -1, -1, 1, -1, -1, -1, -1, -1, -1, -1] att MarriageStatus_C = 1 size 0
group [-1, -1, -1, -1, -1, -1, -1, -1, 1, -1, -1, -1, -1, -1, -1, -1] att MarriageStatus_C = 2 size 0
group [-1, -1, -1, -1, -1, -1, -1, -1, 1, -1, -1, -1, -1, -1, -1, -1] att MarriageStatus_C = 3 size 0
group [-1, -1, -1, -1, -1, -1, -1, -1, 1, -1, -1, -1, -1, -1, -1, -1] att MarriageStatus_C = 4 size 0
group [-1, -1, -1, -1, -1, -1, -1, -1, 1, -1, -1, -1, -1, -1, -1, -1] att MarriageStatus_C = 5 size 0
group [-1, -1, -1, -1, -1, -1, -1, -1, 1, -1, -1, -1, -1, -1, -1, -1] att MarriageStatus_C = 6 size 0
group [-1, -1, -1, -1, -1, -1, -1, -1, 1, -1, -1, -1, -1, -1, -1, -1] att juv_fel_count_C = 0 size 0
group [-1, -1, -1, -1, -1, -1, -1, -1, 1, -1, -1, -1, -1, -1, -1, -1] att decile_score_C = 0 size 0
group [-1, -1, -1, -1, -1, -1, -1, -1, 1, -1, -1, -1, -1, -1, -1, -1] att decile_score_C = 1 size 0
group [-1, -1, -1, -1, -1, -1, -1, -1, 1, -1, -1, -1, -1, -1, -1, -1] att juv_misd_count_C = 0 size 0
group [-1, -1, -1, -1, -1, -1, -1, -1, 1, -1, -1, -1, -1, -1, -1, -1] att juv_other_count_C = 0 size 0
group [-1, -1, -1, -1, -1, -1, -1, -1, 1, -1, -1, -1, -1, -1, -1, -1] att priors_count_C = 0 size 0
group [-1, -1, -1, -1, -1, -1, -1, -1, 1, -1, -1, -1, -1, -1, -1, -1] att days_b_screening_arrest_C = 0 size 0
group [-1, -1, -1, -1, -1, -1, -1, -1, 1, -1, -1, -1, -1, -1, -1, -1] att days_b_screening_arrest_C = 1 size 0
group [-1, -1, -1, -1, -1, -1, -1, -1, 1, -1, -1, -1, -1, -1, -1, -1] att c_days_from_compas_C = 0 size 0
group [-1, -1, -1, -1, -1, -1, -1, -1, 1, -1, -1, -1, -1, -1, -1, -1] att c_charge_degree_C = 0 size 0
group [-1, -1, -1, -1, -1, -1, -1, -1, 1, -1, -1, -1, -1, -1, -1, -1] att c_charge_degree_C = 1 size 0
group [-1, -1, -1, -1, -1, -1, -1, -1, 1, -1, -1, -1, -1, -1, -1, -1] att v_decile_score_C = 0 size 0
group [-1, -1, -1, -1, -1, -1, -1, -1, 1, -1, -1, -1, -1, -1, -1, -1] att v_decile_score_C = 1 size 0
group [-1, -1, -1, -1, -1, -1, -1, -1, 1, -1, -1, -1, -1, -1, -1, -1] att start_C = 0 size 0
group [-1, -1, -1, -1, -1, -1, -1, -1, 1, -1, -1, -1, -1, -1, -1, -1] att end_C = 0 size 0
group [-1, -1, -1, -1, -1, -1, -1, -1, 1, -1, -1, -1, -1, -1, -1, -1] att event_C = 0 size 0
group [-1, -1, -1, -1, -1, -1, -1, -1, 1, -1, -1, -1, -1, -1, -1, -1] att event_C = 1 size 0

group [-1, -1, -1, -1, -1, -1, -1, -1, 2, -1, -1, -1, -1, -1, -1, -1] att age_binary = 0 size 0
group [-1, -1, -1, -1, -1, -1, -1, -1, 2, -1, -1, -1, -1, -1, -1, -1] att age_binary = 1 size 0
group [-1, -1, -1, -1, -1, -1, -1, -1, 2, -1, -1, -1, -1, -1, -1, -1] att sex_binary = 0 size 0
group [-1, -1, -1, -1, -1, -1, -1, -1, 2, -1, -1, -1, -1, -1, -1, -1] att sex_binary = 1 size 0
group [-1, -1, -1, -1, -1, -1, -1, -1, 2, -1, -1, -1, -1, -1, -1, -1] att race_C = 0 size 0
group [-1, -1, -1, -1, -1, -1, -1, -1, 2, -1, -1, -1, -1, -1, -1, -1] att race_C = 1 size 0
group [-1, -1, -1, -1, -1, -1, -1, -1, 2, -1, -1, -1, -1, -1, -1, -1] att race_C = 2 size 0
group [-1, -1, -1, -1, -1, -1, -1, -1, 2, -1, -1, -1, -1, -1, -1, -1] att MarriageStatus_C = 0 size 0
group [-1, -1, -1, -1, -1, -1, -1, -1, 2, -1, -1, -1, -1, -1, -1, -1] att MarriageStatus_C = 1 size 0
group [-1, -1, -1, -1, -1, -1, -1, -1, 2, -1, -1, -1, -1, -1, -1, -1] att MarriageStatus_C = 2 size 0
group [-1, -1, -1, -1, -1, -1, -1, -1, 2, -1, -1, -1, -1, -1, -1, -1] att MarriageStatus_C = 3 size 0
group [-1, -1, -1, -1, -1, -1, -1, -1, 2, -1, -1, -1, -1, -1, -1, -1] att MarriageStatus_C = 4 size 0
group [-1, -1, -1, -1, -1, -1, -1, -1, 2, -1, -1, -1, -1, -1, -1, -1] att MarriageStatus_C = 5 size 0
group [-1, -1, -1, -1, -1, -1, -1, -1, 2, -1, -1, -1, -1, -1, -1, -1] att MarriageStatus_C = 6 size 0
group [-1, -1, -1, -1, -1, -1, -1, -1, 2, -1, -1, -1, -1, -1, -1, -1] att juv_fel_count_C = 0 size 0
group [-1, -1, -1, -1, -1, -1, -1, -1, 2, -1, -1, -1, -1, -1, -1, -1] att decile_score_C = 0 size 0
group [-1, -1, -1, -1, -1, -1, -1, -1, 2, -1, -1, -1, -1, -1, -1, -1] att decile_score_C = 1 size 0
group [-1, -1, -1, -1, -1, -1, -1, -1, 2, -1, -1, -1, -1, -1, -1, -1] att juv_misd_count_C = 0 size 0
group [-1, -1, -1, -1, -1, -1, -1, -1, 2, -1, -1, -1, -1, -1, -1, -1] att juv_other_count_C = 0 size 0
group [-1, -1, -1, -1, -1, -1, -1, -1, 2, -1, -1, -1, -1, -1, -1, -1] att priors_count_C = 0 size 0
group [-1, -1, -1, -1, -1, -1, -1, -1, 2, -1, -1, -1, -1, -1, -1, -1] att days_b_screening_arrest_C = 0 size 0
group [-1, -1, -1, -1, -1, -1, -1, -1, 2, -1, -1, -1, -1, -1, -1, -1] att days_b_screening_arrest_C = 1 size 0
group [-1, -1, -1, -1, -1, -1, -1, -1, 2, -1, -1, -1, -1, -1, -1, -1] att c_days_from_compas_C = 0 size 0
group [-1, -1, -1, -1, -1, -1, -1, -1, 2, -1, -1, -1, -1, -1, -1, -1] att c_charge_degree_C = 0 size 0
group [-1, -1, -1, -1, -1, -1, -1, -1, 2, -1, -1, -1, -1, -1, -1, -1] att c_charge_degree_C = 1 size 0
group [-1, -1, -1, -1, -1, -1, -1, -1, 2, -1, -1, -1, -1, -1, -1, -1] att v_decile_score_C = 0 size 0
group [-1, -1, -1, -1, -1, -1, -1, -1, 2, -1, -1, -1, -1, -1, -1, -1] att v_decile_score_C = 1 size 0
group [-1, -1, -1, -1, -1, -1, -1, -1, 2, -1, -1, -1, -1, -1, -1, -1] att start_C = 0 size 0
group [-1, -1, -1, -1, -1, -1, -1, -1, 2, -1, -1, -1, -1, -1, -1, -1] att end_C = 0 size 0
group [-1, -1, -1, -1, -1, -1, -1, -1, 2, -1, -1, -1, -1, -1, -1, -1] att event_C = 0 size 0
group [-1, -1, -1, -1, -1, -1, -1, -1, 2, -1, -1, -1, -1, -1, -1, -1] att event_C = 1 size 0

group [-1, -1, -1, -1, -1, -1, -1, -1, -1, 0, -1, -1, -1, -1, -1, -1] att age_binary = 0 size 26 avg -26.03856592164536
group [-1, -1, -1, -1, -1, -1, -1, -1, -1, 0, -1, -1, -1, -1, -1, -1] att age_binary = 1 size 10 avg 92.31855190401637
group [-1, -1, -1, -1, -1, -1, -1, -1, -1, 0, -1, -1, -1, -1, -1, -1] att sex_binary = 0 size 29 avg 17.028807536006
group [-1, -1, -1, -1, -1, -1, -1, -1, -1, 0, -1, -1, -1, -1, -1, -1] att sex_binary = 1 size 7 avg -89.40123956403296
group [-1, -1, -1, -1, -1, -1, -1, -1, -1, 0, -1, -1, -1, -1, -1, -1] att race_C = 0 size 19 avg 26.493344055783524
group [-1, -1, -1, -1, -1, -1, -1, -1, -1, 0, -1, -1, -1, -1, -1, -1] att race_C = 1 size 9 avg -21.676372409277697
group [-1, -1, -1, -1, -1, -1, -1, -1, -1, 0, -1, -1, -1, -1, -1, -1] att race_C = 2 size 8 avg -69.84608887433873
group [-1, -1, -1, -1, -1, -1, -1, -1, -1, 0, -1, -1, -1, -1, -1, -1] att MarriageStatus_C = 0 size 33 avg 7.655340856733562
group [-1, -1, -1, -1, -1, -1, -1, -1, -1, 0, -1, -1, -1, -1, -1, -1] att MarriageStatus_C = 1 size 1 avg -7.6553408567338765
group [-1, -1, -1, -1, -1, -1, -1, -1, -1, 0, -1, -1, -1, -1, -1, -1] att MarriageStatus_C = 2 size 0
group [-1, -1, -1, -1, -1, -1, -1, -1, -1, 0, -1, -1, -1, -1, -1, -1] att MarriageStatus_C = 3 size 0
group [-1, -1, -1, -1, -1, -1, -1, -1, -1, 0, -1, -1, -1, -1, -1, -1] att MarriageStatus_C = 4 size 0
group [-1, -1, -1, -1, -1, -1, -1, -1, -1, 0, -1, -1, -1, -1, -1, -1] att MarriageStatus_C = 5 size 0
group [-1, -1, -1, -1, -1, -1, -1, -1, -1, 0, -1, -1, -1, -1, -1, -1] att MarriageStatus_C = 6 size 2 avg -84.20874942406792
group [-1, -1, -1, -1, -1, -1, -1, -1, -1, 0, -1, -1, -1, -1, -1, -1] att juv_fel_count_C = 0 size 36 avg -3.705325467660815
group [-1, -1, -1, -1, -1, -1, -1, -1, -1, 0, -1, -1, -1, -1, -1, -1] att decile_score_C = 0 size 26 avg -78.81132738313065
group [-1, -1, -1, -1, -1, -1, -1, -1, -1, 0, -1, -1, -1, -1, -1, -1] att decile_score_C = 1 size 10 avg 167.4740706891526
group [-1, -1, -1, -1, -1, -1, -1, -1, -1, 0, -1, -1, -1, -1, -1, -1] att juv_misd_count_C = 0 size 36 avg 0.0
group [-1, -1, -1, -1, -1, -1, -1, -1, -1, 0, -1, -1, -1, -1, -1, -1] att juv_other_count_C = 0 size 36 avg 0.0
group [-1, -1, -1, -1, -1, -1, -1, -1, -1, 0, -1, -1, -1, -1, -1, -1] att priors_count_C = 0 size 36 avg -161.88893128288035
group [-1, -1, -1, -1, -1, -1, -1, -1, -1, 0, -1, -1, -1, -1, -1, -1] att days_b_screening_arrest_C = 0 size 36 avg -172.56706629522284
group [-1, -1, -1, -1, -1, -1, -1, -1, -1, 0, -1, -1, -1, -1, -1, -1] att days_b_screening_arrest_C = 1 size 0
group [-1, -1, -1, -1, -1, -1, -1, -1, -1, 0, -1, -1, -1, -1, -1, -1] att c_days_from_compas_C = 0 size 36 avg 0.0
group [-1, -1, -1, -1, -1, -1, -1, -1, -1, 0, -1, -1, -1, -1, -1, -1] att c_charge_degree_C = 0 size 21 avg 0.9641277453719554
group [-1, -1, -1, -1, -1, -1, -1, -1, -1, 0, -1, -1, -1, -1, -1, -1] att c_charge_degree_C = 1 size 15 avg -1.5730505319232633
group [-1, -1, -1, -1, -1, -1, -1, -1, -1, 0, -1, -1, -1, -1, -1, -1] att v_decile_score_C = 0 size 26 avg -1.1581677131919268
group [-1, -1, -1, -1, -1, -1, -1, -1, -1, 0, -1, -1, -1, -1, -1, -1] att v_decile_score_C = 1 size 10 avg 3.1313423356667043
group [-1, -1, -1, -1, -1, -1, -1, -1, -1, 0, -1, -1, -1, -1, -1, -1] att start_C = 0 size 36 avg 0.0
group [-1, -1, -1, -1, -1, -1, -1, -1, -1, 0, -1, -1, -1, -1, -1, -1] att end_C = 0 size 36 avg -1698.9419470056746
group [-1, -1, -1, -1, -1, -1, -1, -1, -1, 0, -1, -1, -1, -1, -1, -1] att event_C = 0 size 4 avg 35.28275943813166
group [-1, -1, -1, -1, -1, -1, -1, -1, -1, 0, -1, -1, -1, -1, -1, -1] att event_C = 1 size 32 avg -50.77275138657917

group [-1, -1, -1, -1, -1, -1, -1, -1, -1, 1, -1, -1, -1, -1, -1, -1] att age_binary = 0 size 12 avg -26.0385659216452
group [-1, -1, -1, -1, -1, -1, -1, -1, -1, 1, -1, -1, -1, -1, -1, -1] att age_binary = 1 size 2 avg 92.31855190401583
group [-1, -1, -1, -1, -1, -1, -1, -1, -1, 1, -1, -1, -1, -1, -1, -1] att sex_binary = 0 size 11 avg 17.028807536006042
group [-1, -1, -1, -1, -1, -1, -1, -1, -1, 1, -1, -1, -1, -1, -1, -1] att sex_binary = 1 size 3 avg -89.40123956403448
group [-1, -1, -1, -1, -1, -1, -1, -1, -1, 1, -1, -1, -1, -1, -1, -1] att race_C = 0 size 10 avg 26.493344055783616
group [-1, -1, -1, -1, -1, -1, -1, -1, -1, 1, -1, -1, -1, -1, -1, -1] att race_C = 1 size 3 avg -21.676372409278088
group [-1, -1, -1, -1, -1, -1, -1, -1, -1, 1, -1, -1, -1, -1, -1, -1] att race_C = 2 size 1 avg -69.84608887433768
group [-1, -1, -1, -1, -1, -1, -1, -1, -1, 1, -1, -1, -1, -1, -1, -1] att MarriageStatus_C = 0 size 10 avg 7.6553408567336305
group [-1, -1, -1, -1, -1, -1, -1, -1, -1, 1, -1, -1, -1, -1, -1, -1] att MarriageStatus_C = 1 size 1 avg -7.655340856733271
group [-1, -1, -1, -1, -1, -1, -1, -1, -1, 1, -1, -1, -1, -1, -1, -1] att MarriageStatus_C = 2 size 0
group [-1, -1, -1, -1, -1, -1, -1, -1, -1, 1, -1, -1, -1, -1, -1, -1] att MarriageStatus_C = 3 size 1 avg -38.276704283668266
group [-1, -1, -1, -1, -1, -1, -1, -1, -1, 1, -1, -1, -1, -1, -1, -1] att MarriageStatus_C = 4 size 2 avg -53.58738599713396
group [-1, -1, -1, -1, -1, -1, -1, -1, -1, 1, -1, -1, -1, -1, -1, -1] att MarriageStatus_C = 5 size 0
group [-1, -1, -1, -1, -1, -1, -1, -1, -1, 1, -1, -1, -1, -1, -1, -1] att MarriageStatus_C = 6 size 0
group [-1, -1, -1, -1, -1, -1, -1, -1, -1, 1, -1, -1, -1, -1, -1, -1] att juv_fel_count_C = 0 size 14 avg -3.705325467660824
group [-1, -1, -1, -1, -1, -1, -1, -1, -1, 1, -1, -1, -1, -1, -1, -1] att decile_score_C = 0 size 7 avg -78.81132738313077
group [-1, -1, -1, -1, -1, -1, -1, -1, -1, 1, -1, -1, -1, -1, -1, -1] att decile_score_C = 1 size 7 avg 167.47407068915246
group [-1, -1, -1, -1, -1, -1, -1, -1, -1, 1, -1, -1, -1, -1, -1, -1] att juv_misd_count_C = 0 size 14 avg 0.0
group [-1, -1, -1, -1, -1, -1, -1, -1, -1, 1, -1, -1, -1, -1, -1, -1] att juv_other_count_C = 0 size 14 avg 0.0
group [-1, -1, -1, -1, -1, -1, -1, -1, -1, 1, -1, -1, -1, -1, -1, -1] att priors_count_C = 0 size 14 avg -161.88893128288038
group [-1, -1, -1, -1, -1, -1, -1, -1, -1, 1, -1, -1, -1, -1, -1, -1] att days_b_screening_arrest_C = 0 size 0
group [-1, -1, -1, -1, -1, -1, -1, -1, -1, 1, -1, -1, -1, -1, -1, -1] att days_b_screening_arrest_C = 1 size 14 avg 422.4917829986496
group [-1, -1, -1, -1, -1, -1, -1, -1, -1, 1, -1, -1, -1, -1, -1, -1] att c_days_from_compas_C = 0 size 14 avg 0.0
group [-1, -1, -1, -1, -1, -1, -1, -1, -1, 1, -1, -1, -1, -1, -1, -1] att c_charge_degree_C = 0 size 9 avg 0.9641277453720607
group [-1, -1, -1, -1, -1, -1, -1, -1, -1, 1, -1, -1, -1, -1, -1, -1] att c_charge_degree_C = 1 size 5 avg -1.5730505319232293
group [-1, -1, -1, -1, -1, -1, -1, -1, -1, 1, -1, -1, -1, -1, -1, -1] att v_decile_score_C = 0 size 7 avg -1.1581677131917796
group [-1, -1, -1, -1, -1, -1, -1, -1, -1, 1, -1, -1, -1, -1, -1, -1] att v_decile_score_C = 1 size 7 avg 3.1313423356664454
group [-1, -1, -1, -1, -1, -1, -1, -1, -1, 1, -1, -1, -1, -1, -1, -1] att start_C = 0 size 14 avg 0.0
group [-1, -1, -1, -1, -1, -1, -1, -1, -1, 1, -1, -1, -1, -1, -1, -1] att end_C = 0 size 14 avg -1698.9419470056741
group [-1, -1, -1, -1, -1, -1, -1, -1, -1, 1, -1, -1, -1, -1, -1, -1] att event_C = 0 size 5 avg 35.282759438131436
group [-1, -1, -1, -1, -1, -1, -1, -1, -1, 1, -1, -1, -1, -1, -1, -1] att event_C = 1 size 9 avg -50.77275138657936

group [-1, -1, -1, -1, -1, -1, -1, -1, -1, 2, -1, -1, -1, -1, -1, -1] att age_binary = 0 size 0
group [-1, -1, -1, -1, -1, -1, -1, -1, -1, 2, -1, -1, -1, -1, -1, -1] att age_binary = 1 size 0
group [-1, -1, -1, -1, -1, -1, -1, -1, -1, 2, -1, -1, -1, -1, -1, -1] att sex_binary = 0 size 0
group [-1, -1, -1, -1, -1, -1, -1, -1, -1, 2, -1, -1, -1, -1, -1, -1] att sex_binary = 1 size 0
group [-1, -1, -1, -1, -1, -1, -1, -1, -1, 2, -1, -1, -1, -1, -1, -1] att race_C = 0 size 0
group [-1, -1, -1, -1, -1, -1, -1, -1, -1, 2, -1, -1, -1, -1, -1, -1] att race_C = 1 size 0
group [-1, -1, -1, -1, -1, -1, -1, -1, -1, 2, -1, -1, -1, -1, -1, -1] att race_C = 2 size 0
group [-1, -1, -1, -1, -1, -1, -1, -1, -1, 2, -1, -1, -1, -1, -1, -1] att MarriageStatus_C = 0 size 0
group [-1, -1, -1, -1, -1, -1, -1, -1, -1, 2, -1, -1, -1, -1, -1, -1] att MarriageStatus_C = 1 size 0
group [-1, -1, -1, -1, -1, -1, -1, -1, -1, 2, -1, -1, -1, -1, -1, -1] att MarriageStatus_C = 2 size 0
group [-1, -1, -1, -1, -1, -1, -1, -1, -1, 2, -1, -1, -1, -1, -1, -1] att MarriageStatus_C = 3 size 0
group [-1, -1, -1, -1, -1, -1, -1, -1, -1, 2, -1, -1, -1, -1, -1, -1] att MarriageStatus_C = 4 size 0
group [-1, -1, -1, -1, -1, -1, -1, -1, -1, 2, -1, -1, -1, -1, -1, -1] att MarriageStatus_C = 5 size 0
group [-1, -1, -1, -1, -1, -1, -1, -1, -1, 2, -1, -1, -1, -1, -1, -1] att MarriageStatus_C = 6 size 0
group [-1, -1, -1, -1, -1, -1, -1, -1, -1, 2, -1, -1, -1, -1, -1, -1] att juv_fel_count_C = 0 size 0
group [-1, -1, -1, -1, -1, -1, -1, -1, -1, 2, -1, -1, -1, -1, -1, -1] att decile_score_C = 0 size 0
group [-1, -1, -1, -1, -1, -1, -1, -1, -1, 2, -1, -1, -1, -1, -1, -1] att decile_score_C = 1 size 0
group [-1, -1, -1, -1, -1, -1, -1, -1, -1, 2, -1, -1, -1, -1, -1, -1] att juv_misd_count_C = 0 size 0
group [-1, -1, -1, -1, -1, -1, -1, -1, -1, 2, -1, -1, -1, -1, -1, -1] att juv_other_count_C = 0 size 0
group [-1, -1, -1, -1, -1, -1, -1, -1, -1, 2, -1, -1, -1, -1, -1, -1] att priors_count_C = 0 size 0
group [-1, -1, -1, -1, -1, -1, -1, -1, -1, 2, -1, -1, -1, -1, -1, -1] att days_b_screening_arrest_C = 0 size 0
group [-1, -1, -1, -1, -1, -1, -1, -1, -1, 2, -1, -1, -1, -1, -1, -1] att days_b_screening_arrest_C = 1 size 0
group [-1, -1, -1, -1, -1, -1, -1, -1, -1, 2, -1, -1, -1, -1, -1, -1] att c_days_from_compas_C = 0 size 0
group [-1, -1, -1, -1, -1, -1, -1, -1, -1, 2, -1, -1, -1, -1, -1, -1] att c_charge_degree_C = 0 size 0
group [-1, -1, -1, -1, -1, -1, -1, -1, -1, 2, -1, -1, -1, -1, -1, -1] att c_charge_degree_C = 1 size 0
group [-1, -1, -1, -1, -1, -1, -1, -1, -1, 2, -1, -1, -1, -1, -1, -1] att v_decile_score_C = 0 size 0
group [-1, -1, -1, -1, -1, -1, -1, -1, -1, 2, -1, -1, -1, -1, -1, -1] att v_decile_score_C = 1 size 0
group [-1, -1, -1, -1, -1, -1, -1, -1, -1, 2, -1, -1, -1, -1, -1, -1] att start_C = 0 size 0
group [-1, -1, -1, -1, -1, -1, -1, -1, -1, 2, -1, -1, -1, -1, -1, -1] att end_C = 0 size 0
group [-1, -1, -1, -1, -1, -1, -1, -1, -1, 2, -1, -1, -1, -1, -1, -1] att event_C = 0 size 0
group [-1, -1, -1, -1, -1, -1, -1, -1, -1, 2, -1, -1, -1, -1, -1, -1] att event_C = 1 size 0

group [-1, -1, -1, -1, -1, -1, -1, -1, -1, -1, -1, 0, -1, -1, -1, -1] att age_binary = 0 size 25 avg -26.038565921645286
group [-1, -1, -1, -1, -1, -1, -1, -1, -1, -1, -1, 0, -1, -1, -1, -1] att age_binary = 1 size 5 avg 92.31855190401662
group [-1, -1, -1, -1, -1, -1, -1, -1, -1, -1, -1, 0, -1, -1, -1, -1] att sex_binary = 0 size 26 avg 17.028807536006056
group [-1, -1, -1, -1, -1, -1, -1, -1, -1, -1, -1, 0, -1, -1, -1, -1] att sex_binary = 1 size 4 avg -89.40123956403409
group [-1, -1, -1, -1, -1, -1, -1, -1, -1, -1, -1, 0, -1, -1, -1, -1] att race_C = 0 size 22 avg 26.493344055783563
group [-1, -1, -1, -1, -1, -1, -1, -1, -1, -1, -1, 0, -1, -1, -1, -1] att race_C = 1 size 3 avg -21.67637240927775
group [-1, -1, -1, -1, -1, -1, -1, -1, -1, -1, -1, 0, -1, -1, -1, -1] att race_C = 2 size 5 avg -69.84608887433863
group [-1, -1, -1, -1, -1, -1, -1, -1, -1, -1, -1, 0, -1, -1, -1, -1] att MarriageStatus_C = 0 size 25 avg 7.655340856733623
group [-1, -1, -1, -1, -1, -1, -1, -1, -1, -1, -1, 0, -1, -1, -1, -1] att MarriageStatus_C = 1 size 1 avg -7.655340856733271
group [-1, -1, -1, -1, -1, -1, -1, -1, -1, -1, -1, 0, -1, -1, -1, -1] att MarriageStatus_C = 2 size 0
group [-1, -1, -1, -1, -1, -1, -1, -1, -1, -1, -1, 0, -1, -1, -1, -1] att MarriageStatus_C = 3 size 1 avg -38.276704283668266
group [-1, -1, -1, -1, -1, -1, -1, -1, -1, -1, -1, 0, -1, -1, -1, -1] att MarriageStatus_C = 4 size 2 avg -53.58738599713396
group [-1, -1, -1, -1, -1, -1, -1, -1, -1, -1, -1, 0, -1, -1, -1, -1] att MarriageStatus_C = 5 size 0
group [-1, -1, -1, -1, -1, -1, -1, -1, -1, -1, -1, 0, -1, -1, -1, -1] att MarriageStatus_C = 6 size 1 avg -84.20874942406756
group [-1, -1, -1, -1, -1, -1, -1, -1, -1, -1, -1, 0, -1, -1, -1, -1] att juv_fel_count_C = 0 size 30 avg -3.7053254676608343
group [-1, -1, -1, -1, -1, -1, -1, -1, -1, -1, -1, 0, -1, -1, -1, -1] att decile_score_C = 0 size 18 avg -78.81132738313063
group [-1, -1, -1, -1, -1, -1, -1, -1, -1, -1, -1, 0, -1, -1, -1, -1] att decile_score_C = 1 size 12 avg 167.47407068915248
group [-1, -1, -1, -1, -1, -1, -1, -1, -1, -1, -1, 0, -1, -1, -1, -1] att juv_misd_count_C = 0 size 30 avg 0.0
group [-1, -1, -1, -1, -1, -1, -1, -1, -1, -1, -1, 0, -1, -1, -1, -1] att juv_other_count_C = 0 size 30 avg 0.0
group [-1, -1, -1, -1, -1, -1, -1, -1, -1, -1, -1, 0, -1, -1, -1, -1] att priors_count_C = 0 size 30 avg -161.88893128288038
group [-1, -1, -1, -1, -1, -1, -1, -1, -1, -1, -1, 0, -1, -1, -1, -1] att days_b_screening_arrest_C = 0 size 21 avg -172.56706629522296
group [-1, -1, -1, -1, -1, -1, -1, -1, -1, -1, -1, 0, -1, -1, -1, -1] att days_b_screening_arrest_C = 1 size 9 avg 422.4917829986493
group [-1, -1, -1, -1, -1, -1, -1, -1, -1, -1, -1, 0, -1, -1, -1, -1] att c_days_from_compas_C = 0 size 30 avg 0.0
group [-1, -1, -1, -1, -1, -1, -1, -1, -1, -1, -1, 0, -1, -1, -1, -1] att c_charge_degree_C = 0 size 30 avg 0.9641277453719871
group [-1, -1, -1, -1, -1, -1, -1, -1, -1, -1, -1, 0, -1, -1, -1, -1] att c_charge_degree_C = 1 size 0
group [-1, -1, -1, -1, -1, -1, -1, -1, -1, -1, -1, 0, -1, -1, -1, -1] att v_decile_score_C = 0 size 18 avg -1.1581677131919983
group [-1, -1, -1, -1, -1, -1, -1, -1, -1, -1, -1, 0, -1, -1, -1, -1] att v_decile_score_C = 1 size 12 avg 3.131342335666675
group [-1, -1, -1, -1, -1, -1, -1, -1, -1, -1, -1, 0, -1, -1, -1, -1] att start_C = 0 size 30 avg 0.0
group [-1, -1, -1, -1, -1, -1, -1, -1, -1, -1, -1, 0, -1, -1, -1, -1] att end_C = 0 size 30 avg -1698.9419470056746
group [-1, -1, -1, -1, -1, -1, -1, -1, -1, -1, -1, 0, -1, -1, -1, -1] att event_C = 0 size 5 avg 35.28275943813163
group [-1, -1, -1, -1, -1, -1, -1, -1, -1, -1, -1, 0, -1, -1, -1, -1] att event_C = 1 size 25 avg -50.772751386579266

group [-1, -1, -1, -1, -1, -1, -1, -1, -1, -1, -1, 1, -1, -1, -1, -1] att age_binary = 0 size 13 avg -26.03856592164536
group [-1, -1, -1, -1, -1, -1, -1, -1, -1, -1, -1, 1, -1, -1, -1, -1] att age_binary = 1 size 7 avg 92.31855190401606
group [-1, -1, -1, -1, -1, -1, -1, -1, -1, -1, -1, 1, -1, -1, -1, -1] att sex_binary = 0 size 14 avg 17.028807536005925
group [-1, -1, -1, -1, -1, -1, -1, -1, -1, -1, -1, 1, -1, -1, -1, -1] att sex_binary = 1 size 6 avg -89.40123956403296
group [-1, -1, -1, -1, -1, -1, -1, -1, -1, -1, -1, 1, -1, -1, -1, -1] att race_C = 0 size 7 avg 26.493344055783535
group [-1, -1, -1, -1, -1, -1, -1, -1, -1, -1, -1, 1, -1, -1, -1, -1] att race_C = 1 size 9 avg -21.67637240927781
group [-1, -1, -1, -1, -1, -1, -1, -1, -1, -1, -1, 1, -1, -1, -1, -1] att race_C = 2 size 4 avg -69.84608887433859
group [-1, -1, -1, -1, -1, -1, -1, -1, -1, -1, -1, 1, -1, -1, -1, -1] att MarriageStatus_C = 0 size 18 avg 7.655340856733519
group [-1, -1, -1, -1, -1, -1, -1, -1, -1, -1, -1, 1, -1, -1, -1, -1] att MarriageStatus_C = 1 size 1 avg -7.6553408567338765
group [-1, -1, -1, -1, -1, -1, -1, -1, -1, -1, -1, 1, -1, -1, -1, -1] att MarriageStatus_C = 2 size 0
group [-1, -1, -1, -1, -1, -1, -1, -1, -1, -1, -1, 1, -1, -1, -1, -1] att MarriageStatus_C = 3 size 0
group [-1, -1, -1, -1, -1, -1, -1, -1, -1, -1, -1, 1, -1, -1, -1, -1] att MarriageStatus_C = 4 size 0
group [-1, -1, -1, -1, -1, -1, -1, -1, -1, -1, -1, 1, -1, -1, -1, -1] att MarriageStatus_C = 5 size 0
group [-1, -1, -1, -1, -1, -1, -1, -1, -1, -1, -1, 1, -1, -1, -1, -1] att MarriageStatus_C = 6 size 1 avg -84.20874942406827
group [-1, -1, -1, -1, -1, -1, -1, -1, -1, -1, -1, 1, -1, -1, -1, -1] att juv_fel_count_C = 0 size 20 avg -3.7053254676607947
group [-1, -1, -1, -1, -1, -1, -1, -1, -1, -1, -1, 1, -1, -1, -1, -1] att decile_score_C = 0 size 15 avg -78.81132738313069
group [-1, -1, -1, -1, -1, -1, -1, -1, -1, -1, -1, 1, -1, -1, -1, -1] att decile_score_C = 1 size 5 avg 167.47407068915263
group [-1, -1, -1, -1, -1, -1, -1, -1, -1, -1, -1, 1, -1, -1, -1, -1] att juv_misd_count_C = 0 size 20 avg 0.0
group [-1, -1, -1, -1, -1, -1, -1, -1, -1, -1, -1, 1, -1, -1, -1, -1] att juv_other_count_C = 0 size 20 avg 0.0
group [-1, -1, -1, -1, -1, -1, -1, -1, -1, -1, -1, 1, -1, -1, -1, -1] att priors_count_C = 0 size 20 avg -161.88893128288035
group [-1, -1, -1, -1, -1, -1, -1, -1, -1, -1, -1, 1, -1, -1, -1, -1] att days_b_screening_arrest_C = 0 size 15 avg -172.56706629522282
group [-1, -1, -1, -1, -1, -1, -1, -1, -1, -1, -1, 1, -1, -1, -1, -1] att days_b_screening_arrest_C = 1 size 5 avg 422.49178299865014
group [-1, -1, -1, -1, -1, -1, -1, -1, -1, -1, -1, 1, -1, -1, -1, -1] att c_days_from_compas_C = 0 size 20 avg 0.0
group [-1, -1, -1, -1, -1, -1, -1, -1, -1, -1, -1, 1, -1, -1, -1, -1] att c_charge_degree_C = 0 size 0
group [-1, -1, -1, -1, -1, -1, -1, -1, -1, -1, -1, 1, -1, -1, -1, -1] att c_charge_degree_C = 1 size 20 avg -1.5730505319232546
group [-1, -1, -1, -1, -1, -1, -1, -1, -1, -1, -1, 1, -1, -1, -1, -1] att v_decile_score_C = 0 size 15 avg -1.158167713191772
group [-1, -1, -1, -1, -1, -1, -1, -1, -1, -1, -1, 1, -1, -1, -1, -1] att v_decile_score_C = 1 size 5 avg 3.131342335666413
group [-1, -1, -1, -1, -1, -1, -1, -1, -1, -1, -1, 1, -1, -1, -1, -1] att start_C = 0 size 20 avg 0.0
group [-1, -1, -1, -1, -1, -1, -1, -1, -1, -1, -1, 1, -1, -1, -1, -1] att end_C = 0 size 20 avg -1698.9419470056741
group [-1, -1, -1, -1, -1, -1, -1, -1, -1, -1, -1, 1, -1, -1, -1, -1] att event_C = 0 size 4 avg 35.28275943813143
group [-1, -1, -1, -1, -1, -1, -1, -1, -1, -1, -1, 1, -1, -1, -1, -1] att event_C = 1 size 16 avg -50.772751386579124

group [-1, -1, -1, -1, -1, -1, -1, -1, -1, -1, -1, -1, 0, -1, -1, -1] att age_binary = 0 size 21 avg -26.038565921645333
group [-1, -1, -1, -1, -1, -1, -1, -1, -1, -1, -1, -1, 0, -1, -1, -1] att age_binary = 1 size 12 avg 92.31855190401627
group [-1, -1, -1, -1, -1, -1, -1, -1, -1, -1, -1, -1, 0, -1, -1, -1] att sex_binary = 0 size 27 avg 17.02880753600602
group [-1, -1, -1, -1, -1, -1, -1, -1, -1, -1, -1, -1, 0, -1, -1, -1] att sex_binary = 1 size 6 avg -89.40123956403293
group [-1, -1, -1, -1, -1, -1, -1, -1, -1, -1, -1, -1, 0, -1, -1, -1] att race_C = 0 size 17 avg 26.493344055783673
group [-1, -1, -1, -1, -1, -1, -1, -1, -1, -1, -1, -1, 0, -1, -1, -1] att race_C = 1 size 9 avg -21.676372409277764
group [-1, -1, -1, -1, -1, -1, -1, -1, -1, -1, -1, -1, 0, -1, -1, -1] att race_C = 2 size 7 avg -69.84608887433875
group [-1, -1, -1, -1, -1, -1, -1, -1, -1, -1, -1, -1, 0, -1, -1, -1] att MarriageStatus_C = 0 size 28 avg 7.655340856733609
group [-1, -1, -1, -1, -1, -1, -1, -1, -1, -1, -1, -1, 0, -1, -1, -1] att MarriageStatus_C = 1 size 1 avg -7.6553408567338765
group [-1, -1, -1, -1, -1, -1, -1, -1, -1, -1, -1, -1, 0, -1, -1, -1] att MarriageStatus_C = 2 size 0
group [-1, -1, -1, -1, -1, -1, -1, -1, -1, -1, -1, -1, 0, -1, -1, -1] att MarriageStatus_C = 3 size 1 avg -38.276704283668266
group [-1, -1, -1, -1, -1, -1, -1, -1, -1, -1, -1, -1, 0, -1, -1, -1] att MarriageStatus_C = 4 size 1 avg -53.58738599713458
group [-1, -1, -1, -1, -1, -1, -1, -1, -1, -1, -1, -1, 0, -1, -1, -1] att MarriageStatus_C = 5 size 0
group [-1, -1, -1, -1, -1, -1, -1, -1, -1, -1, -1, -1, 0, -1, -1, -1] att MarriageStatus_C = 6 size 2 avg -84.20874942406792
group [-1, -1, -1, -1, -1, -1, -1, -1, -1, -1, -1, -1, 0, -1, -1, -1] att juv_fel_count_C = 0 size 33 avg -3.7053254676608085
group [-1, -1, -1, -1, -1, -1, -1, -1, -1, -1, -1, -1, 0, -1, -1, -1] att decile_score_C = 0 size 27 avg -78.81132738313069
group [-1, -1, -1, -1, -1, -1, -1, -1, -1, -1, -1, -1, 0, -1, -1, -1] att decile_score_C = 1 size 6 avg 167.4740706891521
group [-1, -1, -1, -1, -1, -1, -1, -1, -1, -1, -1, -1, 0, -1, -1, -1] att juv_misd_count_C = 0 size 33 avg 0.0
group [-1, -1, -1, -1, -1, -1, -1, -1, -1, -1, -1, -1, 0, -1, -1, -1] att juv_other_count_C = 0 size 33 avg 0.0
group [-1, -1, -1, -1, -1, -1, -1, -1, -1, -1, -1, -1, 0, -1, -1, -1] att priors_count_C = 0 size 33 avg -161.88893128288035
group [-1, -1, -1, -1, -1, -1, -1, -1, -1, -1, -1, -1, 0, -1, -1, -1] att days_b_screening_arrest_C = 0 size 26 avg -172.56706629522282
group [-1, -1, -1, -1, -1, -1, -1, -1, -1, -1, -1, -1, 0, -1, -1, -1] att days_b_screening_arrest_C = 1 size 7 avg 422.4917829986499
group [-1, -1, -1, -1, -1, -1, -1, -1, -1, -1, -1, -1, 0, -1, -1, -1] att c_days_from_compas_C = 0 size 33 avg 0.0
group [-1, -1, -1, -1, -1, -1, -1, -1, -1, -1, -1, -1, 0, -1, -1, -1] att c_charge_degree_C = 0 size 18 avg 0.964127745371927
group [-1, -1, -1, -1, -1, -1, -1, -1, -1, -1, -1, -1, 0, -1, -1, -1] att c_charge_degree_C = 1 size 15 avg -1.5730505319231305
group [-1, -1, -1, -1, -1, -1, -1, -1, -1, -1, -1, -1, 0, -1, -1, -1] att v_decile_score_C = 0 size 33 avg -1.1581677131918955
group [-1, -1, -1, -1, -1, -1, -1, -1, -1, -1, -1, -1, 0, -1, -1, -1] att v_decile_score_C = 1 size 0
group [-1, -1, -1, -1, -1, -1, -1, -1, -1, -1, -1, -1, 0, -1, -1, -1] att start_C = 0 size 33 avg 0.0
group [-1, -1, -1, -1, -1, -1, -1, -1, -1, -1, -1, -1, 0, -1, -1, -1] att end_C = 0 size 33 avg -1698.9419470056746
group [-1, -1, -1, -1, -1, -1, -1, -1, -1, -1, -1, -1, 0, -1, -1, -1] att event_C = 0 size 5 avg 35.282759438131606
group [-1, -1, -1, -1, -1, -1, -1, -1, -1, -1, -1, -1, 0, -1, -1, -1] att event_C = 1 size 28 avg -50.77275138657925

group [-1, -1, -1, -1, -1, -1, -1, -1, -1, -1, -1, -1, 1, -1, -1, -1] att age_binary = 0 size 17 avg -26.038565921645276
group [-1, -1, -1, -1, -1, -1, -1, -1, -1, -1, -1, -1, 1, -1, -1, -1] att age_binary = 1 size 0
group [-1, -1, -1, -1, -1, -1, -1, -1, -1, -1, -1, -1, 1, -1, -1, -1] att sex_binary = 0 size 13 avg 17.028807536005992
group [-1, -1, -1, -1, -1, -1, -1, -1, -1, -1, -1, -1, 1, -1, -1, -1] att sex_binary = 1 size 4 avg -89.40123956403414
group [-1, -1, -1, -1, -1, -1, -1, -1, -1, -1, -1, -1, 1, -1, -1, -1] att race_C = 0 size 12 avg 26.493344055783396
group [-1, -1, -1, -1, -1, -1, -1, -1, -1, -1, -1, -1, 1, -1, -1, -1] att race_C = 1 size 3 avg -21.676372409277878
group [-1, -1, -1, -1, -1, -1, -1, -1, -1, -1, -1, -1, 1, -1, -1, -1] att race_C = 2 size 2 avg -69.84608887433814
group [-1, -1, -1, -1, -1, -1, -1, -1, -1, -1, -1, -1, 1, -1, -1, -1] att MarriageStatus_C = 0 size 15 avg 7.6553408567335195
group [-1, -1, -1, -1, -1, -1, -1, -1, -1, -1, -1, -1, 1, -1, -1, -1] att MarriageStatus_C = 1 size 1 avg -7.655340856733271
group [-1, -1, -1, -1, -1, -1, -1, -1, -1, -1, -1, -1, 1, -1, -1, -1] att MarriageStatus_C = 2 size 0
group [-1, -1, -1, -1, -1, -1, -1, -1, -1, -1, -1, -1, 1, -1, -1, -1] att MarriageStatus_C = 3 size 0
group [-1, -1, -1, -1, -1, -1, -1, -1, -1, -1, -1, -1, 1, -1, -1, -1] att MarriageStatus_C = 4 size 1 avg -53.58738599713333
group [-1, -1, -1, -1, -1, -1, -1, -1, -1, -1, -1, -1, 1, -1, -1, -1] att MarriageStatus_C = 5 size 0
group [-1, -1, -1, -1, -1, -1, -1, -1, -1, -1, -1, -1, 1, -1, -1, -1] att MarriageStatus_C = 6 size 0
group [-1, -1, -1, -1, -1, -1, -1, -1, -1, -1, -1, -1, 1, -1, -1, -1] att juv_fel_count_C = 0 size 17 avg -3.7053254676608365
group [-1, -1, -1, -1, -1, -1, -1, -1, -1, -1, -1, -1, 1, -1, -1, -1] att decile_score_C = 0 size 6 avg -78.81132738313059
group [-1, -1, -1, -1, -1, -1, -1, -1, -1, -1, -1, -1, 1, -1, -1, -1] att decile_score_C = 1 size 11 avg 167.4740706891528
group [-1, -1, -1, -1, -1, -1, -1, -1, -1, -1, -1, -1, 1, -1, -1, -1] att juv_misd_count_C = 0 size 17 avg 0.0
group [-1, -1, -1, -1, -1, -1, -1, -1, -1, -1, -1, -1, 1, -1, -1, -1] att juv_other_count_C = 0 size 17 avg 0.0
group [-1, -1, -1, -1, -1, -1, -1, -1, -1, -1, -1, -1, 1, -1, -1, -1] att priors_count_C = 0 size 17 avg -161.88893128288032
group [-1, -1, -1, -1, -1, -1, -1, -1, -1, -1, -1, -1, 1, -1, -1, -1] att days_b_screening_arrest_C = 0 size 10 avg -172.5670662952229
group [-1, -1, -1, -1, -1, -1, -1, -1, -1, -1, -1, -1, 1, -1, -1, -1] att days_b_screening_arrest_C = 1 size 7 avg 422.4917829986493
group [-1, -1, -1, -1, -1, -1, -1, -1, -1, -1, -1, -1, 1, -1, -1, -1] att c_days_from_compas_C = 0 size 17 avg 0.0
group [-1, -1, -1, -1, -1, -1, -1, -1, -1, -1, -1, -1, 1, -1, -1, -1] att c_charge_degree_C = 0 size 12 avg 0.964127745372077
group [-1, -1, -1, -1, -1, -1, -1, -1, -1, -1, -1, -1, 1, -1, -1, -1] att c_charge_degree_C = 1 size 5 avg -1.5730505319236274
group [-1, -1, -1, -1, -1, -1, -1, -1, -1, -1, -1, -1, 1, -1, -1, -1] att v_decile_score_C = 0 size 0
group [-1, -1, -1, -1, -1, -1, -1, -1, -1, -1, -1, -1, 1, -1, -1, -1] att v_decile_score_C = 1 size 17 avg 3.1313423356665977
group [-1, -1, -1, -1, -1, -1, -1, -1, -1, -1, -1, -1, 1, -1, -1, -1] att start_C = 0 size 17 avg 0.0
group [-1, -1, -1, -1, -1, -1, -1, -1, -1, -1, -1, -1, 1, -1, -1, -1] att end_C = 0 size 17 avg -1698.9419470056744
group [-1, -1, -1, -1, -1, -1, -1, -1, -1, -1, -1, -1, 1, -1, -1, -1] att event_C = 0 size 4 avg 35.28275943813144
group [-1, -1, -1, -1, -1, -1, -1, -1, -1, -1, -1, -1, 1, -1, -1, -1] att event_C = 1 size 13 avg -50.772751386579145

group [-1, -1, -1, -1, -1, -1, -1, -1, -1, -1, -1, -1, -1, -1, 1, -1] att age_binary = 0 size 0
group [-1, -1, -1, -1, -1, -1, -1, -1, -1, -1, -1, -1, -1, -1, 1, -1] att age_binary = 1 size 0
group [-1, -1, -1, -1, -1, -1, -1, -1, -1, -1, -1, -1, -1, -1, 1, -1] att sex_binary = 0 size 0
group [-1, -1, -1, -1, -1, -1, -1, -1, -1, -1, -1, -1, -1, -1, 1, -1] att sex_binary = 1 size 0
group [-1, -1, -1, -1, -1, -1, -1, -1, -1, -1, -1, -1, -1, -1, 1, -1] att race_C = 0 size 0
group [-1, -1, -1, -1, -1, -1, -1, -1, -1, -1, -1, -1, -1, -1, 1, -1] att race_C = 1 size 0
group [-1, -1, -1, -1, -1, -1, -1, -1, -1, -1, -1, -1, -1, -1, 1, -1] att race_C = 2 size 0
group [-1, -1, -1, -1, -1, -1, -1, -1, -1, -1, -1, -1, -1, -1, 1, -1] att MarriageStatus_C = 0 size 0
group [-1, -1, -1, -1, -1, -1, -1, -1, -1, -1, -1, -1, -1, -1, 1, -1] att MarriageStatus_C = 1 size 0
group [-1, -1, -1, -1, -1, -1, -1, -1, -1, -1, -1, -1, -1, -1, 1, -1] att MarriageStatus_C = 2 size 0
group [-1, -1, -1, -1, -1, -1, -1, -1, -1, -1, -1, -1, -1, -1, 1, -1] att MarriageStatus_C = 3 size 0
group [-1, -1, -1, -1, -1, -1, -1, -1, -1, -1, -1, -1, -1, -1, 1, -1] att MarriageStatus_C = 4 size 0
group [-1, -1, -1, -1, -1, -1, -1, -1, -1, -1, -1, -1, -1, -1, 1, -1] att MarriageStatus_C = 5 size 0
group [-1, -1, -1, -1, -1, -1, -1, -1, -1, -1, -1, -1, -1, -1, 1, -1] att MarriageStatus_C = 6 size 0
group [-1, -1, -1, -1, -1, -1, -1, -1, -1, -1, -1, -1, -1, -1, 1, -1] att juv_fel_count_C = 0 size 0
group [-1, -1, -1, -1, -1, -1, -1, -1, -1, -1, -1, -1, -1, -1, 1, -1] att decile_score_C = 0 size 0
group [-1, -1, -1, -1, -1, -1, -1, -1, -1, -1, -1, -1, -1, -1, 1, -1] att decile_score_C = 1 size 0
group [-1, -1, -1, -1, -1, -1, -1, -1, -1, -1, -1, -1, -1, -1, 1, -1] att juv_misd_count_C = 0 size 0
group [-1, -1, -1, -1, -1, -1, -1, -1, -1, -1, -1, -1, -1, -1, 1, -1] att juv_other_count_C = 0 size 0
group [-1, -1, -1, -1, -1, -1, -1, -1, -1, -1, -1, -1, -1, -1, 1, -1] att priors_count_C = 0 size 0
group [-1, -1, -1, -1, -1, -1, -1, -1, -1, -1, -1, -1, -1, -1, 1, -1] att days_b_screening_arrest_C = 0 size 0
group [-1, -1, -1, -1, -1, -1, -1, -1, -1, -1, -1, -1, -1, -1, 1, -1] att days_b_screening_arrest_C = 1 size 0
group [-1, -1, -1, -1, -1, -1, -1, -1, -1, -1, -1, -1, -1, -1, 1, -1] att c_days_from_compas_C = 0 size 0
group [-1, -1, -1, -1, -1, -1, -1, -1, -1, -1, -1, -1, -1, -1, 1, -1] att c_charge_degree_C = 0 size 0
group [-1, -1, -1, -1, -1, -1, -1, -1, -1, -1, -1, -1, -1, -1, 1, -1] att c_charge_degree_C = 1 size 0
group [-1, -1, -1, -1, -1, -1, -1, -1, -1, -1, -1, -1, -1, -1, 1, -1] att v_decile_score_C = 0 size 0
group [-1, -1, -1, -1, -1, -1, -1, -1, -1, -1, -1, -1, -1, -1, 1, -1] att v_decile_score_C = 1 size 0
group [-1, -1, -1, -1, -1, -1, -1, -1, -1, -1, -1, -1, -1, -1, 1, -1] att start_C = 0 size 0
group [-1, -1, -1, -1, -1, -1, -1, -1, -1, -1, -1, -1, -1, -1, 1, -1] att end_C = 0 size 0
group [-1, -1, -1, -1, -1, -1, -1, -1, -1, -1, -1, -1, -1, -1, 1, -1] att event_C = 0 size 0
group [-1, -1, -1, -1, -1, -1, -1, -1, -1, -1, -1, -1, -1, -1, 1, -1] att event_C = 1 size 0

group [-1, -1, -1, -1, -1, -1, -1, -1, -1, -1, -1, -1, -1, -1, 2, -1] att age_binary = 0 size 0
group [-1, -1, -1, -1, -1, -1, -1, -1, -1, -1, -1, -1, -1, -1, 2, -1] att age_binary = 1 size 0
group [-1, -1, -1, -1, -1, -1, -1, -1, -1, -1, -1, -1, -1, -1, 2, -1] att sex_binary = 0 size 0
group [-1, -1, -1, -1, -1, -1, -1, -1, -1, -1, -1, -1, -1, -1, 2, -1] att sex_binary = 1 size 0
group [-1, -1, -1, -1, -1, -1, -1, -1, -1, -1, -1, -1, -1, -1, 2, -1] att race_C = 0 size 0
group [-1, -1, -1, -1, -1, -1, -1, -1, -1, -1, -1, -1, -1, -1, 2, -1] att race_C = 1 size 0
group [-1, -1, -1, -1, -1, -1, -1, -1, -1, -1, -1, -1, -1, -1, 2, -1] att race_C = 2 size 0
group [-1, -1, -1, -1, -1, -1, -1, -1, -1, -1, -1, -1, -1, -1, 2, -1] att MarriageStatus_C = 0 size 0
group [-1, -1, -1, -1, -1, -1, -1, -1, -1, -1, -1, -1, -1, -1, 2, -1] att MarriageStatus_C = 1 size 0
group [-1, -1, -1, -1, -1, -1, -1, -1, -1, -1, -1, -1, -1, -1, 2, -1] att MarriageStatus_C = 2 size 0
group [-1, -1, -1, -1, -1, -1, -1, -1, -1, -1, -1, -1, -1, -1, 2, -1] att MarriageStatus_C = 3 size 0
group [-1, -1, -1, -1, -1, -1, -1, -1, -1, -1, -1, -1, -1, -1, 2, -1] att MarriageStatus_C = 4 size 0
group [-1, -1, -1, -1, -1, -1, -1, -1, -1, -1, -1, -1, -1, -1, 2, -1] att MarriageStatus_C = 5 size 0
group [-1, -1, -1, -1, -1, -1, -1, -1, -1, -1, -1, -1, -1, -1, 2, -1] att MarriageStatus_C = 6 size 0
group [-1, -1, -1, -1, -1, -1, -1, -1, -1, -1, -1, -1, -1, -1, 2, -1] att juv_fel_count_C = 0 size 0
group [-1, -1, -1, -1, -1, -1, -1, -1, -1, -1, -1, -1, -1, -1, 2, -1] att decile_score_C = 0 size 0
group [-1, -1, -1, -1, -1, -1, -1, -1, -1, -1, -1, -1, -1, -1, 2, -1] att decile_score_C = 1 size 0
group [-1, -1, -1, -1, -1, -1, -1, -1, -1, -1, -1, -1, -1, -1, 2, -1] att juv_misd_count_C = 0 size 0
group [-1, -1, -1, -1, -1, -1, -1, -1, -1, -1, -1, -1, -1, -1, 2, -1] att juv_other_count_C = 0 size 0
group [-1, -1, -1, -1, -1, -1, -1, -1, -1, -1, -1, -1, -1, -1, 2, -1] att priors_count_C = 0 size 0
group [-1, -1, -1, -1, -1, -1, -1, -1, -1, -1, -1, -1, -1, -1, 2, -1] att days_b_screening_arrest_C = 0 size 0
group [-1, -1, -1, -1, -1, -1, -1, -1, -1, -1, -1, -1, -1, -1, 2, -1] att days_b_screening_arrest_C = 1 size 0
group [-1, -1, -1, -1, -1, -1, -1, -1, -1, -1, -1, -1, -1, -1, 2, -1] att c_days_from_compas_C = 0 size 0
group [-1, -1, -1, -1, -1, -1, -1, -1, -1, -1, -1, -1, -1, -1, 2, -1] att c_charge_degree_C = 0 size 0
group [-1, -1, -1, -1, -1, -1, -1, -1, -1, -1, -1, -1, -1, -1, 2, -1] att c_charge_degree_C = 1 size 0
group [-1, -1, -1, -1, -1, -1, -1, -1, -1, -1, -1, -1, -1, -1, 2, -1] att v_decile_score_C = 0 size 0
group [-1, -1, -1, -1, -1, -1, -1, -1, -1, -1, -1, -1, -1, -1, 2, -1] att v_decile_score_C = 1 size 0
group [-1, -1, -1, -1, -1, -1, -1, -1, -1, -1, -1, -1, -1, -1, 2, -1] att start_C = 0 size 0
group [-1, -1, -1, -1, -1, -1, -1, -1, -1, -1, -1, -1, -1, -1, 2, -1] att end_C = 0 size 0
group [-1, -1, -1, -1, -1, -1, -1, -1, -1, -1, -1, -1, -1, -1, 2, -1] att event_C = 0 size 0
group [-1, -1, -1, -1, -1, -1, -1, -1, -1, -1, -1, -1, -1, -1, 2, -1] att event_C = 1 size 0

group [-1, -1, -1, -1, -1, -1, -1, -1, -1, -1, -1, -1, -1, -1, -1, 0] att age_binary = 0 size 5 avg -26.03856592164531
group [-1, -1, -1, -1, -1, -1, -1, -1, -1, -1, -1, -1, -1, -1, -1, 0] att age_binary = 1 size 4 avg 92.31855190401588
group [-1, -1, -1, -1, -1, -1, -1, -1, -1, -1, -1, -1, -1, -1, -1, 0] att sex_binary = 0 size 8 avg 17.028807536005992
group [-1, -1, -1, -1, -1, -1, -1, -1, -1, -1, -1, -1, -1, -1, -1, 0] att sex_binary = 1 size 1 avg -89.40123956403342
group [-1, -1, -1, -1, -1, -1, -1, -1, -1, -1, -1, -1, -1, -1, -1, 0] att race_C = 0 size 6 avg 26.493344055783563
group [-1, -1, -1, -1, -1, -1, -1, -1, -1, -1, -1, -1, -1, -1, -1, 0] att race_C = 1 size 3 avg -21.676372409277707
group [-1, -1, -1, -1, -1, -1, -1, -1, -1, -1, -1, -1, -1, -1, -1, 0] att race_C = 2 size 0
group [-1, -1, -1, -1, -1, -1, -1, -1, -1, -1, -1, -1, -1, -1, -1, 0] att MarriageStatus_C = 0 size 6 avg 7.655340856733587
group [-1, -1, -1, -1, -1, -1, -1, -1, -1, -1, -1, -1, -1, -1, -1, 0] att MarriageStatus_C = 1 size 1 avg -7.655340856733271
group [-1, -1, -1, -1, -1, -1, -1, -1, -1, -1, -1, -1, -1, -1, -1, 0] att MarriageStatus_C = 2 size 0
group [-1, -1, -1, -1, -1, -1, -1, -1, -1, -1, -1, -1, -1, -1, -1, 0] att MarriageStatus_C = 3 size 1 avg -38.276704283668266
group [-1, -1, -1, -1, -1, -1, -1, -1, -1, -1, -1, -1, -1, -1, -1, 0] att MarriageStatus_C = 4 size 1 avg -53.58738599713333
group [-1, -1, -1, -1, -1, -1, -1, -1, -1, -1, -1, -1, -1, -1, -1, 0] att MarriageStatus_C = 5 size 0
group [-1, -1, -1, -1, -1, -1, -1, -1, -1, -1, -1, -1, -1, -1, -1, 0] att MarriageStatus_C = 6 size 0
group [-1, -1, -1, -1, -1, -1, -1, -1, -1, -1, -1, -1, -1, -1, -1, 0] att juv_fel_count_C = 0 size 9 avg -3.705325467660826
group [-1, -1, -1, -1, -1, -1, -1, -1, -1, -1, -1, -1, -1, -1, -1, 0] att decile_score_C = 0 size 6 avg -78.81132738313087
group [-1, -1, -1, -1, -1, -1, -1, -1, -1, -1, -1, -1, -1, -1, -1, 0] att decile_score_C = 1 size 3 avg 167.47407068915314
group [-1, -1, -1, -1, -1, -1, -1, -1, -1, -1, -1, -1, -1, -1, -1, 0] att juv_misd_count_C = 0 size 9 avg 0.0
group [-1, -1, -1, -1, -1, -1, -1, -1, -1, -1, -1, -1, -1, -1, -1, 0] att juv_other_count_C = 0 size 9 avg 0.0
group [-1, -1, -1, -1, -1, -1, -1, -1, -1, -1, -1, -1, -1, -1, -1, 0] att priors_count_C = 0 size 9 avg -161.8889312828803
group [-1, -1, -1, -1, -1, -1, -1, -1, -1, -1, -1, -1, -1, -1, -1, 0] att days_b_screening_arrest_C = 0 size 4 avg -172.56706629522276
group [-1, -1, -1, -1, -1, -1, -1, -1, -1, -1, -1, -1, -1, -1, -1, 0] att days_b_screening_arrest_C = 1 size 5 avg 422.4917829986496
group [-1, -1, -1, -1, -1, -1, -1, -1, -1, -1, -1, -1, -1, -1, -1, 0] att c_days_from_compas_C = 0 size 9 avg 0.0
group [-1, -1, -1, -1, -1, -1, -1, -1, -1, -1, -1, -1, -1, -1, -1, 0] att c_charge_degree_C = 0 size 5 avg 0.9641277453721994
group [-1, -1, -1, -1, -1, -1, -1, -1, -1, -1, -1, -1, -1, -1, -1, 0] att c_charge_degree_C = 1 size 4 avg -1.5730505319234094
group [-1, -1, -1, -1, -1, -1, -1, -1, -1, -1, -1, -1, -1, -1, -1, 0] att v_decile_score_C = 0 size 5 avg -1.1581677131916839
group [-1, -1, -1, -1, -1, -1, -1, -1, -1, -1, -1, -1, -1, -1, -1, 0] att v_decile_score_C = 1 size 4 avg 3.131342335666446
group [-1, -1, -1, -1, -1, -1, -1, -1, -1, -1, -1, -1, -1, -1, -1, 0] att start_C = 0 size 9 avg 0.0
group [-1, -1, -1, -1, -1, -1, -1, -1, -1, -1, -1, -1, -1, -1, -1, 0] att end_C = 0 size 9 avg -1698.941947005674
group [-1, -1, -1, -1, -1, -1, -1, -1, -1, -1, -1, -1, -1, -1, -1, 0] att event_C = 0 size 9 avg 35.282759438131535
group [-1, -1, -1, -1, -1, -1, -1, -1, -1, -1, -1, -1, -1, -1, -1, 0] att event_C = 1 size 0

group [-1, 0, -1, 0, -1, -1, -1, -1, -1, -1, -1, -1, -1, -1, -1, -1] att age_binary = 0 size 29 avg -26.038565921645333
group [-1, 0, -1, 0, -1, -1, -1, -1, -1, -1, -1, -1, -1, -1, -1, -1] att age_binary = 1 size 7 avg 92.3185519040167
group [-1, 0, -1, 0, -1, -1, -1, -1, -1, -1, -1, -1, -1, -1, -1, -1] att sex_binary = 0 size 36 avg 17.02880753600599
group [-1, 0, -1, 0, -1, -1, -1, -1, -1, -1, -1, -1, -1, -1, -1, -1] att sex_binary = 1 size 0
group [-1, 0, -1, 0, -1, -1, -1, -1, -1, -1, -1, -1, -1, -1, -1, -1] att race_C = 0 size 22 avg 26.49334405578354
group [-1, 0, -1, 0, -1, -1, -1, -1, -1, -1, -1, -1, -1, -1, -1, -1] att race_C = 1 size 7 avg -21.676372409277917
group [-1, 0, -1, 0, -1, -1, -1, -1, -1, -1, -1, -1, -1, -1, -1, -1] att race_C = 2 size 7 avg -69.8460888743386
group [-1, 0, -1, 0, -1, -1, -1, -1, -1, -1, -1, -1, -1, -1, -1, -1] att MarriageStatus_C = 0 size 36 avg 7.655340856733606
group [-1, 0, -1, 0, -1, -1, -1, -1, -1, -1, -1, -1, -1, -1, -1, -1] att MarriageStatus_C = 1 size 0
group [-1, 0, -1, 0, -1, -1, -1, -1, -1, -1, -1, -1, -1, -1, -1, -1] att MarriageStatus_C = 2 size 0
group [-1, 0, -1, 0, -1, -1, -1, -1, -1, -1, -1, -1, -1, -1, -1, -1] att MarriageStatus_C = 3 size 0
group [-1, 0, -1, 0, -1, -1, -1, -1, -1, -1, -1, -1, -1, -1, -1, -1] att MarriageStatus_C = 4 size 0
group [-1, 0, -1, 0, -1, -1, -1, -1, -1, -1, -1, -1, -1, -1, -1, -1] att MarriageStatus_C = 5 size 0
group [-1, 0, -1, 0, -1, -1, -1, -1, -1, -1, -1, -1, -1, -1, -1, -1] att MarriageStatus_C = 6 size 0
group [-1, 0, -1, 0, -1, -1, -1, -1, -1, -1, -1, -1, -1, -1, -1, -1] att juv_fel_count_C = 0 size 36 avg -3.7053254676608236
group [-1, 0, -1, 0, -1, -1, -1, -1, -1, -1, -1, -1, -1, -1, -1, -1] att decile_score_C = 0 size 25 avg -78.81132738313069
group [-1, 0, -1, 0, -1, -1, -1, -1, -1, -1, -1, -1, -1, -1, -1, -1] att decile_score_C = 1 size 11 avg 167.47407068915248
group [-1, 0, -1, 0, -1, -1, -1, -1, -1, -1, -1, -1, -1, -1, -1, -1] att juv_misd_count_C = 0 size 36 avg 0.0
group [-1, 0, -1, 0, -1, -1, -1, -1, -1, -1, -1, -1, -1, -1, -1, -1] att juv_other_count_C = 0 size 36 avg 0.0
group [-1, 0, -1, 0, -1, -1, -1, -1, -1, -1, -1, -1, -1, -1, -1, -1] att priors_count_C = 0 size 36 avg -161.88893128288035
group [-1, 0, -1, 0, -1, -1, -1, -1, -1, -1, -1, -1, -1, -1, -1, -1] att days_b_screening_arrest_C = 0 size 28 avg -172.5670662952229
group [-1, 0, -1, 0, -1, -1, -1, -1, -1, -1, -1, -1, -1, -1, -1, -1] att days_b_screening_arrest_C = 1 size 8 avg 422.49178299865
group [-1, 0, -1, 0, -1, -1, -1, -1, -1, -1, -1, -1, -1, -1, -1, -1] att c_days_from_compas_C = 0 size 36 avg 0.0
group [-1, 0, -1, 0, -1, -1, -1, -1, -1, -1, -1, -1, -1, -1, -1, -1] att c_charge_degree_C = 0 size 22 avg 0.9641277453719723
group [-1, 0, -1, 0, -1, -1, -1, -1, -1, -1, -1, -1, -1, -1, -1, -1] att c_charge_degree_C = 1 size 14 avg -1.5730505319232155
group [-1, 0, -1, 0, -1, -1, -1, -1, -1, -1, -1, -1, -1, -1, -1, -1] att v_decile_score_C = 0 size 25 avg -1.1581677131919081
group [-1, 0, -1, 0, -1, -1, -1, -1, -1, -1, -1, -1, -1, -1, -1, -1] att v_decile_score_C = 1 size 11 avg 3.1313423356669037
group [-1, 0, -1, 0, -1, -1, -1, -1, -1, -1, -1, -1, -1, -1, -1, -1] att start_C = 0 size 36 avg 0.0
group [-1, 0, -1, 0, -1, -1, -1, -1, -1, -1, -1, -1, -1, -1, -1, -1] att end_C = 0 size 36 avg -1698.9419470056746
group [-1, 0, -1, 0, -1, -1, -1, -1, -1, -1, -1, -1, -1, -1, -1, -1] att event_C = 0 size 5 avg 35.282759438131514
group [-1, 0, -1, 0, -1, -1, -1, -1, -1, -1, -1, -1, -1, -1, -1, -1] att event_C = 1 size 31 avg -50.77275138657921

group [-1, 0, -1, -1, -1, -1, -1, -1, -1, -1, -1, -1, -1, -1, -1, 1] att age_binary = 0 size 26 avg -26.038565921645333
group [-1, 0, -1, -1, -1, -1, -1, -1, -1, -1, -1, -1, -1, -1, -1, 1] att age_binary = 1 size 6 avg 92.31855190401676
group [-1, 0, -1, -1, -1, -1, -1, -1, -1, -1, -1, -1, -1, -1, -1, 1] att sex_binary = 0 size 32 avg 17.028807536006017
group [-1, 0, -1, -1, -1, -1, -1, -1, -1, -1, -1, -1, -1, -1, -1, 1] att sex_binary = 1 size 0
group [-1, 0, -1, -1, -1, -1, -1, -1, -1, -1, -1, -1, -1, -1, -1, 1] att race_C = 0 size 19 avg 26.49334405578358
group [-1, 0, -1, -1, -1, -1, -1, -1, -1, -1, -1, -1, -1, -1, -1, 1] att race_C = 1 size 6 avg -21.676372409277988
group [-1, 0, -1, -1, -1, -1, -1, -1, -1, -1, -1, -1, -1, -1, -1, 1] att race_C = 2 size 7 avg -69.8460888743386
group [-1, 0, -1, -1, -1, -1, -1, -1, -1, -1, -1, -1, -1, -1, -1, 1] att MarriageStatus_C = 0 size 31 avg 7.655340856733594
group [-1, 0, -1, -1, -1, -1, -1, -1, -1, -1, -1, -1, -1, -1, -1, 1] att MarriageStatus_C = 1 size 0
group [-1, 0, -1, -1, -1, -1, -1, -1, -1, -1, -1, -1, -1, -1, -1, 1] att MarriageStatus_C = 2 size 0
group [-1, 0, -1, -1, -1, -1, -1, -1, -1, -1, -1, -1, -1, -1, -1, 1] att MarriageStatus_C = 3 size 0
group [-1, 0, -1, -1, -1, -1, -1, -1, -1, -1, -1, -1, -1, -1, -1, 1] att MarriageStatus_C = 4 size 0
group [-1, 0, -1, -1, -1, -1, -1, -1, -1, -1, -1, -1, -1, -1, -1, 1] att MarriageStatus_C = 5 size 0
group [-1, 0, -1, -1, -1, -1, -1, -1, -1, -1, -1, -1, -1, -1, -1, 1] att MarriageStatus_C = 6 size 1 avg -84.20874942406756
group [-1, 0, -1, -1, -1, -1, -1, -1, -1, -1, -1, -1, -1, -1, -1, 1] att juv_fel_count_C = 0 size 32 avg -3.7053254676608223
group [-1, 0, -1, -1, -1, -1, -1, -1, -1, -1, -1, -1, -1, -1, -1, 1] att decile_score_C = 0 size 22 avg -78.81132738313063
group [-1, 0, -1, -1, -1, -1, -1, -1, -1, -1, -1, -1, -1, -1, -1, 1] att decile_score_C = 1 size 10 avg 167.47407068915237
group [-1, 0, -1, -1, -1, -1, -1, -1, -1, -1, -1, -1, -1, -1, -1, 1] att juv_misd_count_C = 0 size 32 avg 0.0
group [-1, 0, -1, -1, -1, -1, -1, -1, -1, -1, -1, -1, -1, -1, -1, 1] att juv_other_count_C = 0 size 32 avg 0.0
group [-1, 0, -1, -1, -1, -1, -1, -1, -1, -1, -1, -1, -1, -1, -1, 1] att priors_count_C = 0 size 32 avg -161.88893128288038
group [-1, 0, -1, -1, -1, -1, -1, -1, -1, -1, -1, -1, -1, -1, -1, 1] att days_b_screening_arrest_C = 0 size 26 avg -172.5670662952229
group [-1, 0, -1, -1, -1, -1, -1, -1, -1, -1, -1, -1, -1, -1, -1, 1] att days_b_screening_arrest_C = 1 size 6 avg 422.49178299865025
group [-1, 0, -1, -1, -1, -1, -1, -1, -1, -1, -1, -1, -1, -1, -1, 1] att c_days_from_compas_C = 0 size 32 avg 0.0
group [-1, 0, -1, -1, -1, -1, -1, -1, -1, -1, -1, -1, -1, -1, -1, 1] att c_charge_degree_C = 0 size 21 avg 0.9641277453719537
group [-1, 0, -1, -1, -1, -1, -1, -1, -1, -1, -1, -1, -1, -1, -1, 1] att c_charge_degree_C = 1 size 11 avg -1.5730505319231605
group [-1, 0, -1, -1, -1, -1, -1, -1, -1, -1, -1, -1, -1, -1, -1, 1] att v_decile_score_C = 0 size 23 avg -1.1581677131919734
group [-1, 0, -1, -1, -1, -1, -1, -1, -1, -1, -1, -1, -1, -1, -1, 1] att v_decile_score_C = 1 size 9 avg 3.1313423356669623
group [-1, 0, -1, -1, -1, -1, -1, -1, -1, -1, -1, -1, -1, -1, -1, 1] att start_C = 0 size 32 avg 0.0
group [-1, 0, -1, -1, -1, -1, -1, -1, -1, -1, -1, -1, -1, -1, -1, 1] att end_C = 0 size 32 avg -1698.9419470056746
group [-1, 0, -1, -1, -1, -1, -1, -1, -1, -1, -1, -1, -1, -1, -1, 1] att event_C = 0 size 0
group [-1, 0, -1, -1, -1, -1, -1, -1, -1, -1, -1, -1, -1, -1, -1, 1] att event_C = 1 size 32 avg -50.7727513865792

group [-1, -1, -1, 0, -1, -1, -1, -1, -1, -1, -1, -1, -1, -1, -1, 1] att age_binary = 0 size 32 avg -26.03856592164533
group [-1, -1, -1, 0, -1, -1, -1, -1, -1, -1, -1, -1, -1, -1, -1, 1] att age_binary = 1 size 5 avg 92.31855190401686
group [-1, -1, -1, 0, -1, -1, -1, -1, -1, -1, -1, -1, -1, -1, -1, 1] att sex_binary = 0 size 31 avg 17.028807536006006
group [-1, -1, -1, 0, -1, -1, -1, -1, -1, -1, -1, -1, -1, -1, -1, 1] att sex_binary = 1 size 6 avg -89.40123956403367
group [-1, -1, -1, 0, -1, -1, -1, -1, -1, -1, -1, -1, -1, -1, -1, 1] att race_C = 0 size 22 avg 26.493344055783552
group [-1, -1, -1, 0, -1, -1, -1, -1, -1, -1, -1, -1, -1, -1, -1, 1] att race_C = 1 size 8 avg -21.676372409277803
group [-1, -1, -1, 0, -1, -1, -1, -1, -1, -1, -1, -1, -1, -1, -1, 1] att race_C = 2 size 7 avg -69.8460888743386
group [-1, -1, -1, 0, -1, -1, -1, -1, -1, -1, -1, -1, -1, -1, -1, 1] att MarriageStatus_C = 0 size 37 avg 7.655340856733576
group [-1, -1, -1, 0, -1, -1, -1, -1, -1, -1, -1, -1, -1, -1, -1, 1] att MarriageStatus_C = 1 size 0
group [-1, -1, -1, 0, -1, -1, -1, -1, -1, -1, -1, -1, -1, -1, -1, 1] att MarriageStatus_C = 2 size 0
group [-1, -1, -1, 0, -1, -1, -1, -1, -1, -1, -1, -1, -1, -1, -1, 1] att MarriageStatus_C = 3 size 0
group [-1, -1, -1, 0, -1, -1, -1, -1, -1, -1, -1, -1, -1, -1, -1, 1] att MarriageStatus_C = 4 size 0
group [-1, -1, -1, 0, -1, -1, -1, -1, -1, -1, -1, -1, -1, -1, -1, 1] att MarriageStatus_C = 5 size 0
group [-1, -1, -1, 0, -1, -1, -1, -1, -1, -1, -1, -1, -1, -1, -1, 1] att MarriageStatus_C = 6 size 0
group [-1, -1, -1, 0, -1, -1, -1, -1, -1, -1, -1, -1, -1, -1, -1, 1] att juv_fel_count_C = 0 size 37 avg -3.705325467660812
group [-1, -1, -1, 0, -1, -1, -1, -1, -1, -1, -1, -1, -1, -1, -1, 1] att decile_score_C = 0 size 24 avg -78.81132738313062
group [-1, -1, -1, 0, -1, -1, -1, -1, -1, -1, -1, -1, -1, -1, -1, 1] att decile_score_C = 1 size 13 avg 167.47407068915243
group [-1, -1, -1, 0, -1, -1, -1, -1, -1, -1, -1, -1, -1, -1, -1, 1] att juv_misd_count_C = 0 size 37 avg 0.0
group [-1, -1, -1, 0, -1, -1, -1, -1, -1, -1, -1, -1, -1, -1, -1, 1] att juv_other_count_C = 0 size 37 avg 0.0
group [-1, -1, -1, 0, -1, -1, -1, -1, -1, -1, -1, -1, -1, -1, -1, 1] att priors_count_C = 0 size 37 avg -161.88893128288038
group [-1, -1, -1, 0, -1, -1, -1, -1, -1, -1, -1, -1, -1, -1, -1, 1] att days_b_screening_arrest_C = 0 size 29 avg -172.5670662952229
group [-1, -1, -1, 0, -1, -1, -1, -1, -1, -1, -1, -1, -1, -1, -1, 1] att days_b_screening_arrest_C = 1 size 8 avg 422.49178299864974
group [-1, -1, -1, 0, -1, -1, -1, -1, -1, -1, -1, -1, -1, -1, -1, 1] att c_days_from_compas_C = 0 size 37 avg 0.0
group [-1, -1, -1, 0, -1, -1, -1, -1, -1, -1, -1, -1, -1, -1, -1, 1] att c_charge_degree_C = 0 size 23 avg 0.9641277453719417
group [-1, -1, -1, 0, -1, -1, -1, -1, -1, -1, -1, -1, -1, -1, -1, 1] att c_charge_degree_C = 1 size 14 avg -1.5730505319232306
group [-1, -1, -1, 0, -1, -1, -1, -1, -1, -1, -1, -1, -1, -1, -1, 1] att v_decile_score_C = 0 size 24 avg -1.1581677131919639
group [-1, -1, -1, 0, -1, -1, -1, -1, -1, -1, -1, -1, -1, -1, -1, 1] att v_decile_score_C = 1 size 13 avg 3.1313423356666443
group [-1, -1, -1, 0, -1, -1, -1, -1, -1, -1, -1, -1, -1, -1, -1, 1] att start_C = 0 size 37 avg 0.0
group [-1, -1, -1, 0, -1, -1, -1, -1, -1, -1, -1, -1, -1, -1, -1, 1] att end_C = 0 size 37 avg -1698.9419470056746
group [-1, -1, -1, 0, -1, -1, -1, -1, -1, -1, -1, -1, -1, -1, -1, 1] att event_C = 0 size 0
group [-1, -1, -1, 0, -1, -1, -1, -1, -1, -1, -1, -1, -1, -1, -1, 1] att event_C = 1 size 37 avg -50.77275138657921
