age_binary, sex_binary, race_C, MarriageStatus_C, juv_fel_count_C, decile_score_C, juv_misd_count_C, juv_other_count_C, priors_count_C, days_b_screening_arrest_C, c_days_from_compas_C, c_charge_degree_C, v_decile_score_C, start_C, end_C, event_C

group [0, -1, -1, -1, -1, -1, -1, -1, -1, -1, -1, -1, -1, -1, -1, -1] size 4230
[-2.60385659e+01 -3.07464581e+00 -3.70098294e-01  3.43856918e+00
 -3.35494008e+00  3.32106835e+01  1.58833489e+00  1.25755289e+00
 -5.26676301e+01  1.81893875e+01  8.22486823e+00  1.28598351e-01
  3.66991415e-01  8.59925832e+00 -1.58264653e+02 -1.90624146e+00]
group [1, -1, -1, -1, -1, -1, -1, -1, -1, -1, -1, -1, -1, -1, -1, -1] size 2659
[ 9.23185519e+01 -4.14512812e+00 -1.00279603e+01 -8.51904987e+00
 -3.56597513e+00 -2.39783241e+01  9.18822054e-01  0.00000000e+00
  6.19746066e+01  2.72778199e+01  1.98881582e+01 -3.96750180e-02
 -8.67790952e-01  8.01925362e+00  4.43302442e+02  9.22984999e+00]
group [-1, 1, -1, -1, -1, -1, -1, -1, -1, -1, -1, -1, -1, -1, -1, -1] size 1328
[ 2.11082077e+01 -8.94012396e+01 -5.28125807e+00 -3.78155392e+00
 -3.70532547e+00 -2.03259636e+00  0.00000000e+00  0.00000000e+00
 -8.59331653e+01  1.20445647e+01  1.78147673e+01 -7.32877701e-02
 -5.28307427e-01  1.88901447e+00  3.91099334e+02  8.90881900e+00]
group [-1, -1, 0, -1, -1, -1, -1, -1, -1, -1, -1, -1, -1, -1, -1, -1] size 3528
[   9.75708167   -1.6447183    26.49334406    2.11346428   -3.39024677
   41.74844656    2.25063222    0.75389013   64.01573473   27.64122569
   13.01711288    0.17737235    0.28382744   11.73245044 -133.06192629
   -2.0372325 ]
group [-1, -1, 1, -1, -1, -1, -1, -1, -1, -1, -1, -1, -1, -1, -1, -1] size 2347
[ 3.28626329e+01 -7.54941382e+00 -2.16763724e+01 -4.96113057e+00
 -3.54745050e+00 -1.77384251e+01  2.60241568e-01  7.55496200e-01
 -8.12389442e+01  7.95355607e+00  7.11536960e+00 -5.52838931e-02
 -5.42247438e-01  5.34429318e+00  2.36822014e+02  6.64647740e+00]
group [-1, -1, 2, -1, -1, -1, -1, -1, -1, -1, -1, -1, -1, -1, -1, -1] size 1014
[ 2.34519843e+01 -4.99612450e-01 -6.98460889e+01 -3.86541866e+00
 -3.33990875e+00 -2.85341307e+01  6.02354004e-01  8.74334113e-01
 -9.18868900e+01  3.28280000e+01  2.47038054e+01 -5.67487212e-02
 -4.77091660e-01  3.71096334e+00  4.17064024e+02  7.95546705e+00]
group [-1, -1, -1, 1, -1, -1, -1, -1, -1, -1, -1, -1, -1, -1, -1, -1] size 785
[ 5.55298427e+01 -3.17256446e+00 -1.73196210e+01 -7.65534086e+00
 -3.70532547e+00 -4.14763435e+01  0.00000000e+00  0.00000000e+00
 -4.92567498e+01  2.22483786e+01  1.77279962e+01 -2.51132168e-01
 -8.74021825e-01  0.00000000e+00  6.81741036e+02  1.17134157e+01]
group [-1, -1, -1, 2, -1, -1, -1, -1, -1, -1, -1, -1, -1, -1, -1, -1] size 169
[ 5.52006392e+01 -1.00510269e+01 -2.08212887e+01 -2.29660226e+01
 -3.70532547e+00 -2.92627858e+01  0.00000000e+00  0.00000000e+00
 -2.18848487e+01  5.98227802e+01  8.23460180e+00 -1.16800278e-01
 -8.28205402e-01  0.00000000e+00  3.11640239e+02  9.31334493e+00]
group [-1, -1, -1, 4, -1, -1, -1, -1, -1, -1, -1, -1, -1, -1, -1, -1] size 193
[ 1.25961409e+01 -9.44084148e+00 -5.95257895e+00 -5.35873860e+01
 -3.70532547e+00 -8.62636938e+00  6.32939855e+00  0.00000000e+00
 -4.57470117e+01  8.64222774e+01  7.21060987e+00 -1.79574380e-01
 -4.46953612e-01  0.00000000e+00  9.12920427e+01  5.79648519e-02]
group [-1, -1, -1, 6, -1, -1, -1, -1, -1, -1, -1, -1, -1, -1, -1, -1] size 303
[ 7.70844674e+01 -1.17740435e+01 -1.81789012e+01 -8.42087494e+01
 -2.89007234e+00 -4.38599343e+01  4.03159710e+00  0.00000000e+00
  2.50703854e+00  8.47026012e+01  0.00000000e+00 -2.16539374e-01
 -9.88286127e-01  4.13962248e+00  5.56485861e+02  1.42659020e+01]
group [-1, -1, -1, -1, -1, 0, -1, -1, -1, -1, -1, -1, -1, -1, -1, -1] size 4373
[ 2.99056743e+01 -5.21611884e+00 -1.07272075e+01 -3.76902558e+00
 -3.64883754e+00 -7.88113274e+01  0.00000000e+00  0.00000000e+00
 -1.19742962e+02  9.77431446e+00  1.43206372e+01 -7.38351950e-02
 -8.55067186e-01  1.43414774e+00  4.51816402e+02  9.12959825e+00]
group [-1, -1, -1, -1, -1, 1, -1, -1, -1, -1, -1, -1, -1, -1, -1, -1] size 2516
[ 1.81016768e+00 -4.83926764e-01  7.42456918e+00  3.32867365e+00
 -3.06715335e+00  1.67474071e+02  3.64141670e+00  2.11424831e+00
  1.85072487e+02  4.24204115e+01  9.95614415e+00  3.02605905e-01
  1.18605976e+00  2.04397973e+01 -5.82874172e+02 -9.31834792e+00]
group [-1, -1, -1, -1, -1, -1, -1, -1, 1, -1, -1, -1, -1, -1, -1, -1] size 569
[ 3.17879345e+01  6.92824068e+00  1.11704641e+01  1.74902339e-01
 -2.18585984e+00  1.15966228e+02  6.44063579e+00  3.11625585e+00
  1.08341054e+03  1.56765064e+01  0.00000000e+00  4.64718313e-01
  5.00342323e-01  1.98396318e+01 -7.36092993e+02 -1.28115331e+01]
group [-1, -1, -1, -1, -1, -1, -1, -1, 2, -1, -1, -1, -1, -1, -1, -1] size 122
[ 5.35129395e+01  6.56027831e+00  1.26741631e+01 -5.01989564e-01
 -6.68173445e-01  1.41230545e+02  3.00387030e+01  0.00000000e+00
  2.32871001e+03  2.25341958e+01  0.00000000e+00  3.81824534e-01
  5.29508372e-01  6.16871612e+01 -1.07306538e+03 -1.62094724e+01]
group [-1, -1, -1, -1, -1, -1, -1, -1, -1, 0, -1, -1, -1, -1, -1, -1] size 4974
[ 1.96005479e+01 -4.09030314e+00 -4.44799975e+00 -4.09392977e-01
 -3.40734996e+00  7.49254251e+00  1.22795931e+00  5.34725447e-01
 -1.06704189e+01 -1.72567066e+02  3.63719746e+00  1.00548569e-01
 -1.47450830e-01  9.33037949e+00  6.49126110e+01  1.52837632e+00]
group [-1, -1, -1, -1, -1, -1, -1, -1, -1, 1, -1, -1, -1, -1, -1, -1] size 1581
[ 1.80552623e+01 -1.14710184e+00 -2.39020510e+00 -2.86167391e+00
 -3.47095953e+00  2.04194118e+01  1.93164757e+00  5.60768369e-01
  1.21851884e+01  4.22491783e+02  2.64069773e+00  4.46132550e-03
 -1.59262644e-02  6.34689746e+00 -1.29302101e+02  2.02537986e+00]
group [-1, -1, -1, -1, -1, -1, -1, -1, -1, 2, -1, -1, -1, -1, -1, -1] size 334
[ 2.78245536e+01 -5.59554379e+00 -6.96586020e+00 -4.62987681e+00
 -3.70532547e+00  2.14725473e+01  0.00000000e+00  5.30883108e+00
 -7.24063345e+01  1.01755063e+03  1.95830665e+02 -2.05708945e-01
  1.05311325e-02  3.75540602e+00  1.17015870e+03  1.69895221e+01]
group [-1, -1, -1, -1, -1, -1, -1, -1, -1, -1, -1, 0, -1, -1, -1, -1] size 4444
[ 1.67606889e+01 -1.77127954e+00 -1.86218661e+00  2.17050618e-01
 -3.31622738e+00  2.42694198e+01  1.51184891e+00  9.97496389e-01
  2.72598408e+01  7.26282448e+00  3.13152049e+00  9.64127745e-01
  3.58295709e-02  1.10076325e+01 -1.01872256e+02  4.07427531e-01]
group [-1, -1, -1, -1, -1, -1, -1, -1, -1, -1, -1, 1, -1, -1, -1, -1] size 2445
[ 2.48864598e+01 -6.60780415e+00 -8.16126996e+00 -3.71025723e+00
 -3.65480978e+00 -1.27323003e+01  9.99242471e-01  3.62607276e-01
 -7.32663922e+01  4.79332680e+01  3.01665965e+01 -1.57305053e+00
 -3.73950539e-01  3.59105901e+00  3.93456857e+02  5.99924819e+00]
group [-1, -1, -1, -1, -1, -1, -1, -1, -1, -1, -1, -1, 0, -1, -1, -1] size 5205
[ 3.03317117e+01 -6.13838619e+00 -7.89640933e+00 -3.16067771e+00
 -3.63413766e+00 -2.48225398e+01  5.86730990e-01  5.10994116e-01
 -3.72393588e+01  1.56110059e+01  1.49725786e+01 -9.79774897e-03
 -1.15816771e+00  3.61471357e+00  2.78930220e+02  6.15119170e+00]
group [-1, -1, -1, -1, -1, -1, -1, -1, -1, -1, -1, -1, 1, -1, -1, -1] size 1684
[-1.33875676e+01  4.70466313e+00  7.64308090e+00  4.95506029e+00
 -2.82520065e+00  1.22282748e+02  3.62700095e+00  1.57940877e+00
  8.06634598e+01  4.05092319e+01  5.78475887e+00  2.90660590e-01
  3.13134234e+00  2.30899489e+01 -5.59709077e+02 -9.22694955e+00]
group [-1, -1, -1, -1, -1, -1, -1, -1, -1, -1, -1, -1, -1, -1, 1, -1] size 1288
[ 1.97237358e+01 -2.96814231e+00 -3.72492528e+00 -8.43989442e-01
 -3.41764492e+00 -2.13396354e+00  4.74213479e-01  6.88334465e-01
 -3.03976827e+01  7.61379646e+00  1.18851900e+01  1.85954681e-02
 -1.95692244e-01  2.43459940e+01  2.09981589e+02  1.67567718e+00]
group [-1, -1, -1, -1, -1, -1, -1, -1, -1, -1, -1, -1, -1, -1, 2, -1] size 2555
[ 3.15418245e+01 -8.21448348e+00 -9.51611131e+00 -3.59845964e+00
 -3.70532547e+00 -2.72408037e+01  4.78111124e-01  1.04098801e+00
 -1.03401285e+02  5.03179900e+01  1.41615813e+01 -1.28199497e-01
 -5.57132646e-01  9.32751726e+00  2.11890512e+03  3.19483189e+01]
group [-1, -1, -1, -1, -1, -1, -1, -1, -1, -1, -1, -1, -1, -1, -1, 0] size 4256
[ 2.55201973e+01 -6.00269467e+00 -6.89496975e+00 -2.52180166e+00
 -3.61826425e+00 -8.67554203e+00  8.61071843e-01  6.24935238e-01
 -5.62608511e+01  3.65983563e+01  1.11174864e+01  2.55148567e-03
 -3.38766475e-01  4.71543463e+00  8.56306499e+02  3.52827594e+01]