age_binary, sex_binary, race_C, MarriageStatus_C, juv_fel_count_C, decile_score_C, juv_misd_count_C, juv_other_count_C, priors_count_C, days_b_screening_arrest_C, c_days_from_compas_C, c_charge_degree_C, v_decile_score_C, start_C, end_C, event_C

group [0, -1, -1, -1, -1, -1, -1, -1, -1, -1, -1, -1, -1, -1, -1, -1] size 38
[-2.60385659e+01 -2.57672746e+00  1.14086171e+00  4.02912677e+00
 -3.70532547e+00  1.84065929e+01  0.00000000e+00  0.00000000e+00
 -1.61888931e+02  1.53462545e+01  0.00000000e+00  9.61457031e-02
  7.60823624e-01  0.00000000e+00 -1.69894195e+03 -3.94496579e+01]
group [1, -1, -1, -1, -1, -1, -1, -1, -1, -1, -1, -1, -1, -1, -1, -1] size 12
[ 9.23185519e+01 -9.57870424e+00 -1.36480863e+01 -1.27589014e+01
 -3.70532547e+00 -3.77637610e+01  0.00000000e+00  0.00000000e+00
 -1.61888931e+02 -7.33905914e+01  0.00000000e+00 -5.15892916e-01
 -1.15816771e+00  0.00000000e+00 -1.69894195e+03 -2.20875811e+01]
group [-1, 1, -1, -1, -1, -1, -1, -1, -1, -1, -1, -1, -1, -1, -1, -1] size 10
[ 9.46856943e+00 -8.94012396e+01 -1.20424291e+01 -9.18640903e+00
 -3.70532547e+00  1.97028318e+01  0.00000000e+00  0.00000000e+00
 -1.61888931e+02  5.95058849e+00  0.00000000e+00 -5.58179221e-01
  5.57636306e-01  0.00000000e+00 -1.69894195e+03 -4.21672003e+01]
group [-1, -1, 0, -1, -1, -1, -1, -1, -1, -1, -1, -1, -1, -1, -1, -1] size 29
[-9.71344622e+00  2.34880104e+00  2.64933441e+01  1.31988635e+00
 -3.70532547e+00  3.15924718e+01  0.00000000e+00  0.00000000e+00
 -1.61888931e+02  3.26256404e+01  0.00000000e+00  3.51705403e-01
  6.16801962e-01  0.00000000e+00 -1.69894195e+03 -3.29681629e+01]
group [-1, -1, 1, -1, -1, -1, -1, -1, -1, -1, -1, -1, -1, -1, -1, -1] size 12
[ 3.31399930e+01 -1.84478748e+01 -2.16763724e+01  1.24863083e-13
 -3.70532547e+00 -1.72399779e+01  0.00000000e+00  0.00000000e+00
 -1.61888931e+02 -2.38023540e+01  0.00000000e+00 -9.38755963e-01
 -8.57902010e-02  0.00000000e+00 -1.69894195e+03 -2.92588737e+01]
group [-1, -1, 2, -1, -1, -1, -1, -1, -1, -1, -1, -1, -1, -1, -1, -1] size 9
[ 2.63015817e-01 -6.62231404e+00 -6.98460889e+01 -4.25296714e+00
 -3.70532547e+00 -5.14462832e+01  0.00000000e+00  0.00000000e+00
 -1.61888931e+02 -1.06449416e+02  0.00000000e+00 -1.63507045e-01
 -2.04943258e-01  0.00000000e+00 -1.69894195e+03 -5.07727514e+01]
group [-1, -1, -1, 1, -1, -1, -1, -1, -1, -1, -1, -1, -1, -1, -1, -1] size 2
[ 3.31399930e+01 -3.61862160e+01 -2.16763724e+01 -7.65534086e+00
 -3.70532547e+00  4.43313717e+01  0.00000000e+00  0.00000000e+00
 -1.61888931e+02  1.24962358e+02  0.00000000e+00 -3.04461393e-01
  9.86587311e-01  0.00000000e+00 -1.69894195e+03 -7.74499597e+00]
group [-1, -1, -1, 2, -1, -1, -1, -1, -1, -1, -1, -1, -1, -1, -1, -1] size 0

group [-1, -1, -1, 4, -1, -1, -1, -1, -1, -1, -1, -1, -1, -1, -1, -1] size 2
[-2.60385659e+01 -3.61862160e+01  2.64933441e+01 -5.35873860e+01
 -3.70532547e+00  1.67474071e+02  0.00000000e+00  0.00000000e+00
 -1.61888931e+02  4.22491783e+02  0.00000000e+00  9.64127745e-01
  9.86587311e-01  0.00000000e+00 -1.69894195e+03 -7.74499597e+00]
group [-1, -1, -1, 6, -1, -1, -1, -1, -1, -1, -1, -1, -1, -1, -1, -1] size 2
[ 9.23185519e+01 -3.61862160e+01 -4.57612306e+01 -8.42087494e+01
 -3.70532547e+00 -7.88113274e+01  0.00000000e+00  0.00000000e+00
 -1.61888931e+02 -1.72567066e+02  0.00000000e+00 -3.04461393e-01
 -1.15816771e+00  0.00000000e+00 -1.69894195e+03 -5.07727514e+01]
group [-1, -1, -1, -1, -1, 0, -1, -1, -1, -1, -1, -1, -1, -1, -1, -1] size 33
[ 9.82722736e+00 -2.32211012e+00 -9.99886539e+00  2.31980026e-01
 -3.70532547e+00 -7.88113274e+01  0.00000000e+00  0.00000000e+00
 -1.61888931e+02 -4.63424619e+01  0.00000000e+00 -1.89135108e-01
 -3.78256795e-01  0.00000000e+00 -1.69894195e+03 -3.51262949e+01]
group [-1, -1, -1, -1, -1, 1, -1, -1, -1, -1, -1, -1, -1, -1, -1, -1] size 17
[-1.21141991e+01 -8.01355649e+00  1.23257804e+01 -4.50314168e-01
 -3.70532547e+00  1.67474071e+02  0.00000000e+00  0.00000000e+00
 -1.61888931e+02  7.24571658e+01  0.00000000e+00  2.17898840e-01
  1.61739761e+00  0.00000000e+00 -1.69894195e+03 -3.55864848e+01]
group [-1, -1, -1, -1, -1, -1, -1, -1, 1, -1, -1, -1, -1, -1, -1, -1] size 0

group [-1, -1, -1, -1, -1, -1, -1, -1, 2, -1, -1, -1, -1, -1, -1, -1] size 0

group [-1, -1, -1, -1, -1, -1, -1, -1, -1, 0, -1, -1, -1, -1, -1, -1] size 36
[ 6.83841125e+00 -3.66592384e+00 -6.95784793e+00  2.12648357e+00
 -3.70532547e+00 -1.03987168e+01  0.00000000e+00  0.00000000e+00
 -1.61888931e+02 -1.72567066e+02  0.00000000e+00 -9.30298702e-02
  3.33628559e-02  0.00000000e+00 -1.69894195e+03 -4.12110280e+01]
group [-1, -1, -1, -1, -1, -1, -1, -1, -1, 1, -1, -1, -1, -1, -1, -1] size 14
[-9.13040623e+00 -5.77763113e+00  9.28987389e+00 -5.46810061e+00
 -3.70532547e+00  4.43313717e+01  0.00000000e+00  0.00000000e+00
 -1.61888931e+02  4.22491783e+02  0.00000000e+00  5.79926463e-02
  9.86587311e-01  0.00000000e+00 -1.69894195e+03 -2.00386404e+01]
group [-1, -1, -1, -1, -1, -1, -1, -1, -1, 2, -1, -1, -1, -1, -1, -1] size 0

group [-1, -1, -1, -1, -1, -1, -1, -1, -1, -1, -1, 0, -1, -1, -1, -1] size 30
[-6.31237962e+00  2.83813459e+00  5.61980025e+00 -1.53106817e+00
 -3.70532547e+00  1.97028318e+01  0.00000000e+00  0.00000000e+00
 -1.61888931e+02  5.95058849e+00  0.00000000e+00  9.64127745e-01
  5.57636306e-01  0.00000000e+00 -1.69894195e+03 -3.64301662e+01]
group [-1, -1, -1, -1, -1, -1, -1, -1, -1, -1, -1, 1, -1, -1, -1, -1] size 20
[ 1.53864253e+01 -1.49002066e+01 -1.44509149e+01  2.29660226e+00
 -3.70532547e+00 -1.72399779e+01  0.00000000e+00  0.00000000e+00
 -1.61888931e+02 -2.38023540e+01  0.00000000e+00 -1.57305053e+00
 -8.57902010e-02  0.00000000e+00 -1.69894195e+03 -3.35616492e+01]
group [-1, -1, -1, -1, -1, -1, -1, -1, -1, -1, -1, -1, 0, -1, -1, -1] size 33
[ 1.70003860e+01 -2.32211012e+00 -7.07948863e+00 -1.62386018e+00
 -3.70532547e+00 -3.40321641e+01  0.00000000e+00  0.00000000e+00
 -1.61888931e+02 -4.63424619e+01  0.00000000e+00 -1.89135108e-01
 -1.15816771e+00  0.00000000e+00 -1.69894195e+03 -3.77340376e+01]
group [-1, -1, -1, -1, -1, -1, -1, -1, -1, -1, -1, -1, 1, -1, -1, -1] size 17
[-2.60385659e+01 -8.01355649e+00  6.65875492e+00  3.15219918e+00
 -3.70532547e+00  8.05498125e+01  0.00000000e+00  0.00000000e+00
 -1.61888931e+02  7.24571658e+01  0.00000000e+00  2.17898840e-01
  3.13134234e+00  0.00000000e+00 -1.69894195e+03 -3.05243959e+01]
group [-1, -1, -1, -1, -1, -1, -1, -1, -1, -1, -1, -1, -1, -1, 1, -1] size 0

group [-1, -1, -1, -1, -1, -1, -1, -1, -1, -1, -1, -1, -1, -1, 2, -1] size 0

group [-1, -1, -1, -1, -1, -1, -1, -1, -1, -1, -1, -1, -1, -1, -1, 0] size 9
[ 2.65645976e+01  5.20324675e+00  1.04367719e+01 -5.95415400e+00
 -3.70532547e+00  3.28380531e+00  0.00000000e+00  0.00000000e+00
 -1.61888931e+02  1.58021183e+02  0.00000000e+00 -1.63507045e-01
  7.48281197e-01  0.00000000e+00 -1.69894195e+03  3.52827594e+01]
group [-1, 0, -1, 0, -1, -1, -1, -1, -1, -1, -1, -1, -1, -1, -1, -1] size 36
[-3.02468190e+00  1.70288075e+01 -1.60565722e+00  7.65534086e+00
 -3.70532547e+00 -3.55745575e+00  0.00000000e+00  0.00000000e+00
 -1.61888931e+02 -4.03317665e+01  0.00000000e+00 -2.25526958e-02
  1.52515913e-01  0.00000000e+00 -1.69894195e+03 -3.88205971e+01]
group [-1, 0, -1, -1, -1, -1, -1, -1, -1, -1, -1, -1, -1, -1, -1, 1] size 32
[-3.84660633e+00  1.70288075e+01 -3.61272873e+00  4.78458804e+00
 -3.70532547e+00 -1.84714049e+00  0.00000000e+00  0.00000000e+00
 -1.61888931e+02 -6.09935321e+01  0.00000000e+00  9.19727126e-02
  4.82569880e-02  0.00000000e+00 -1.69894195e+03 -5.07727514e+01]
group [-1, -1, -1, 0, -1, -1, -1, -1, -1, -1, -1, -1, -1, -1, -1, 1] size 37
[-1.00443608e+01 -2.30119021e-01 -2.14810898e+00  7.65534086e+00
 -3.70532547e+00  7.72138005e+00  0.00000000e+00  0.00000000e+00
 -1.61888931e+02 -4.39056935e+01  0.00000000e+00  4.11434315e-03
  3.48957439e-01  0.00000000e+00 -1.69894195e+03 -5.07727514e+01]