school_C, sex_C, age_C, address_C, famsize_C, Pstatus_C, Medu_C, Fedu_C, Mjob_C, Fjob_C, reason_C, guardian_C, traveltime_C, studytime_C, failures_C, schoolsup_C, famsup_C, paid_C, activities_C, nursery_C, higher_C, internet_C, romantic_C, famrel_C, freetime_C, goout_C, Dalc_C, Walc_C, health_C, absences_C, G1_C, G2_C, G3_C

group [-1, 1, -1, -1, -1, -1, -1, -1, -1, -1, -1, -1, -1, -1, -1, -1] size 18
[-1.21091823e+00  1.79997069e+00 -1.51067972e+00 -3.19752976e-01
  2.36722898e-01 -4.31280890e-01 -1.29180820e+00 -1.27888944e-01
  5.89330688e-01  6.18680880e-01  1.80589788e-02 -1.68836301e-01
  4.02829878e-01  2.53505189e-01  1.24568796e+00 -5.69393896e-01
  1.82067181e-01 -6.21303754e-02  9.93050328e-01  1.77705042e-01
 -3.09887569e-02 -2.13183164e-02 -4.97822440e-01 -4.10835572e-01
 -9.96393802e-02 -6.22455042e-01 -4.93067077e-01  3.15218528e-01
 -1.10255171e+00 -2.24099232e-01 -3.09389194e+01 -2.62323163e+01
 -1.20507340e+02]
group [-1, -1, -1, 1, -1, -1, -1, -1, -1, -1, -1, -1, -1, -1, -1, -1] size 8
[-1.02171226e+00 -5.43741147e-01 -1.51067972e+00  7.67407143e+00
  6.59442359e-01  8.69997658e-01 -2.39178112e+00 -8.27281607e-01
  2.56644009e-01  4.34549666e-01 -5.90195676e-03 -4.26208710e-01
 -1.51726672e-01  3.18573256e-01  1.56840505e+00 -9.94314714e-01
 -1.56887677e-01  3.26184471e-01  5.15622286e-01  1.58555791e-01
 -3.09887569e-02 -1.37046320e-02  5.41984108e-02  6.75508489e-01
  4.90761127e-02  3.50130961e-01 -6.43130970e-02 -6.28110721e-02
 -4.71690255e-01 -2.24099232e-01 -3.49371350e+01 -2.96806370e+01
 -1.19238307e+02]
group [-1, -1, -1, -1, 0, -1, -1, -1, -1, -1, -1, -1, -1, -1, -1, -1] size 15
[ 7.99360578e-16 -4.49992674e-01 -1.51067972e+00  6.39505953e-01
  1.92760074e+00  5.35383174e-01 -1.67899867e+00 -1.07906297e-01
  1.14064004e+00  2.74969280e-01  9.98792683e-03 -4.15913814e-01
  2.07625972e-01  1.54601727e-01  1.56840505e+00 -9.94314714e-01
 -2.44047498e-01  2.48521501e-01  9.45307524e-01  1.47066241e-01
 -3.09887569e-02 -4.56821066e-02 -8.18998208e-01 -2.13318470e-01
  7.13834366e-02 -7.13992549e-01 -1.92939291e-01  4.08271969e-01
 -1.25784068e+00 -2.24099232e-01 -2.94850228e+01 -2.49783815e+01
 -1.24568244e+02]
group [-1, -1, -1, -1, -1, -1, 1, -1, -1, -1, -1, -1, -1, -1, -1, -1] size 2
[ 4.08684903e+00 -7.49987789e-02 -1.51067972e+00 -1.91851786e+00
  6.59442359e-01 -8.03074761e-01  5.92401417e+00  3.66881408e+00
 -1.88205607e+00 -1.17843977e-01 -1.72518736e-02  3.70616270e-02
 -7.50647746e-01  2.01450735e-01  1.56840505e+00 -9.94314714e-01
 -5.92686782e-01 -6.21303754e-02  5.15622286e-01  3.30899043e-01
 -3.09887569e-02 -8.22277919e-02  5.05851834e-01 -1.99097239e+00
 -6.24605070e-02 -4.28395529e+00 -7.07444067e-01  1.24575293e+00
 -3.49400189e-02 -2.24099232e-01 -2.51233330e+01 -2.12165770e+01
 -1.30659601e+02]
group [-1, -1, -1, -1, -1, -1, 2, -1, -1, -1, -1, -1, -1, -1, -1, -1] size 5
[-2.72456602e+00  2.99995116e-01 -1.51067972e+00 -1.91851786e+00
 -6.08716024e-01  5.35383174e-01  2.75609215e+00  2.51781359e-01
 -1.02657604e+00  4.71375909e-01 -4.44916741e-02  1.60600384e-01
  2.07625972e-01  6.09037107e-02  1.56840505e+00  5.35400230e-01
 -2.44047498e-01  8.69825255e-01  1.80467800e+00  3.30899043e-01
 -3.09887569e-02  2.74092640e-02 -5.78116382e-01  4.97743097e-01
  7.13834366e-02 -3.46011774e+00 -4.50191679e-01  6.17642209e-01
 -2.09640113e-01 -2.24099232e-01 -3.29743746e+01 -3.25019903e+01
 -1.30659601e+02]
group [-1, -1, -1, -1, -1, -1, 3, -1, -1, -1, -1, -1, -1, -1, -1, -1] size 13
[-1.67665601e+00 -7.96140884e-01  1.49407884e-01  2.95156594e-01
  5.61891714e-01  1.25609129e+00 -4.11829862e-01  1.41108234e-01
 -5.00126787e-01 -5.71090043e-01  4.21169222e-02 -1.05483092e-01
  3.55052698e-01  1.47394187e-01  1.56840505e+00 -9.94314714e-01
  3.45957443e-01 -1.81611866e-01  3.50358733e-01 -1.99387885e-01
 -3.09887569e-02  2.10840492e-03 -1.30076186e+00 -1.30725934e+00
 -1.09820672e-02  1.52093087e-01 -1.48414839e-02  1.98901728e-01
 -5.05286427e-01 -2.24099232e-01 -3.01560520e+01 -2.55571206e+01
 -1.16602624e+02]
group [-1, -1, -1, -1, -1, -1, -1, 1, -1, -1, -1, -1, -1, -1, -1, -1] size 5
[ 2.72456602e+00  2.99995116e-01 -1.51067972e+00  1.91851786e+00
  1.42033739e+00 -8.03074761e-01  1.48892335e+00  2.76959494e+00
 -1.02657604e+00 -4.12453920e-01 -2.63318071e-02 -8.64771297e-02
 -1.07007232e+00  2.48299744e-01  1.56840505e+00 -9.94314714e-01
 -9.41326065e-01  8.69825255e-01  2.66404848e+00 -2.20599362e-01
 -3.09887569e-02  2.74092640e-02 -1.30076186e+00  1.20880466e+00
 -6.24605070e-02 -9.88605067e-01  6.43130970e-02  1.98901728e-01
 -5.59040302e-01 -2.24099232e-01 -3.29743746e+01 -3.25019903e+01
 -1.30659601e+02]
group [-1, -1, -1, -1, -1, -1, -1, 2, -1, -1, -1, -1, -1, -1, -1, -1] size 12
[-2.72456602e+00 -3.87493691e-01  2.87748517e-01 -1.91851786e+00
  2.53631677e-02  8.69997658e-01 -1.46780387e+00  9.71156669e-01
  1.11212404e+00 -3.63352263e-01  5.44796009e-03  3.70616270e-02
  8.46475118e-01  6.24653443e-03  1.56840505e+00 -9.94314714e-01
 -3.02154045e-01 -3.21006939e-01  1.23176435e+00  1.01108041e-01
 -3.09887569e-02 -3.65456853e-02 -3.97455012e-01  8.29571828e-02
 -6.69219718e-03 -2.22436140e+00 -6.00255572e-01  6.35089729e-01
  1.10643393e-01 -2.24099232e-01 -2.29424881e+01 -2.49783815e+01
 -1.07817013e+02]
group [-1, -1, -1, -1, -1, -1, -1, 3, -1, -1, -1, -1, -1, -1, -1, -1] size 14
[-2.72456602e+00 -3.42851561e-01 -1.51067972e+00 -5.48147959e-01
 -6.52195740e-02 -3.25054070e-01 -2.44835116e+00 -8.27281607e-01
  1.66207549e+00  1.97809533e-01  3.46334606e-02 -4.04148218e-01
  8.46475118e-01  1.34523581e-01  1.56840505e+00 -4.47987948e-01
 -3.43658722e-01  6.03552218e-01 -9.82137687e-02  2.32417185e-01
 -3.09887569e-02 -8.22277919e-02 -5.26498848e-01 -7.21219590e-01
  1.27470422e-03 -1.34167831e+00 -5.23692361e-01  1.98901728e-01
 -1.03322627e+00 -2.24099232e-01 -2.88619242e+01 -2.28287789e+01
 -1.11080240e+02]
group [-1, -1, -1, -1, -1, -1, -1, 4, -1, -1, -1, -1, -1, -1, -1, -1] size 18
[-1.96774213e+00 -1.11664849e+00 -1.51067972e+00  2.13168651e-01
  9.58164112e-02  6.84100723e-01 -2.69977354e+00 -2.62571988e+00
  1.06459737e+00  2.41907498e+00 -7.16305864e-03 -2.37468943e-01
  4.02829878e-01 -8.48487594e-02  1.24568796e+00 -9.94314714e-01
  3.75755672e-01  2.83038377e-01 -4.39233799e-01  3.30899043e-01
 -3.09887569e-02 -2.13183164e-02 -4.97822440e-01 -6.08352674e-01
  7.38620281e-02  2.92920020e-01 -2.78690087e-01  4.31535329e-01
  3.53282413e-01 -2.24099232e-01 -2.94850228e+01 -2.37244466e+01
 -1.10355078e+02]
group [-1, -1, -1, -1, -1, -1, -1, -1, 0, -1, -1, -1, -1, -1, -1, -1] size 11
[-2.72456602e+00 -1.94996825e+00 -1.51067972e+00  6.97642858e-01
  5.44155233e-01 -1.94684791e-01 -3.57975188e+00 -1.31776477e+00
  4.10630415e+00  1.62303296e+00 -1.31246311e-02 -4.68324196e-01
  8.46475118e-01 -1.17974321e-01  1.56840505e+00 -9.94314714e-01
 -7.51159183e-01  9.26307415e-01 -7.03121299e-02  3.30899043e-01
 -3.09887569e-02 -3.23927665e-02 -3.15336208e-01  4.33101136e-01
  2.01171503e-01 -2.41159721e+00 -4.73578260e-01  3.89238310e-01
  3.62105650e-01 -2.24099232e-01 -2.63128848e+01 -2.01906304e+01
 -1.14046810e+02]
group [-1, -1, -1, -1, -1, -1, -1, -1, 2, -1, -1, -1, -1, -1, -1, -1] size 19
[-2.00757496e+00 -1.73681383e-01 -3.74830306e-01 -1.41364474e+00
  5.87357567e-02  6.05828329e-01 -1.74569176e+00 -8.27281607e-01
  6.84384025e-01  7.34974279e-01  1.38110567e-02 -1.25489369e-01
  5.10238726e-01 -8.13693301e-03  1.26267307e+00 -5.91758149e-01
  2.33037837e-01  3.46622094e-01  4.02547223e-01  2.58333463e-01
 -3.09887569e-02  4.32777852e-03 -9.20422134e-01 -4.00439935e-01
 -5.07198102e-02 -1.03196494e+00 -4.36652080e-01  5.29486318e-01
 -5.40650818e-01 -2.24099232e-01 -3.26988994e+01 -2.77502374e+01
 -1.21041669e+02]
group [-1, -1, -1, -1, -1, -1, -1, -1, 3, -1, -1, -1, -1, -1, -1, -1] size 2
[ 4.08684903e+00  1.79997069e+00 -1.51067972e+00 -1.91851786e+00
  6.59442359e-01 -8.03074761e-01  4.34005316e+00  1.87037581e+00
 -1.02657604e+00  6.18680880e-01 -1.08051208e-01  3.70616270e-02
  4.79136859e-02  4.35695777e-01  1.56840505e+00 -9.94314714e-01
 -5.92686782e-01 -6.21303754e-02  2.66404848e+00  3.30899043e-01
 -3.09887569e-02 -8.22277919e-02 -1.30076186e+00 -1.99097239e+00
 -6.24605070e-02 -2.22436140e+00 -7.07444067e-01  7.22327329e-01
 -9.08440491e-01 -2.24099232e-01 -3.82084023e+01 -3.25019903e+01
 -1.30659601e+02]
group [-1, -1, -1, -1, -1, -1, -1, -1, 4, -1, -1, -1, -1, -1, -1, -1] size 10
[-1.36228301e+00 -1.19998046e+00 -1.51067972e+00  1.91851786e+00
  1.52179006e-01  1.20461214e+00  2.21754541e-01  7.19375310e-02
 -2.73753610e+00 -7.07063863e-01  4.63076608e-02 -2.10015886e-01
 -2.71510887e-01  6.09037107e-02  1.56840505e+00 -9.94314714e-01
  1.04591785e-01  2.48521501e-01  5.15622286e-01 -8.27247607e-02
 -3.09887569e-02 -8.22277919e-02 -2.16793643e-01 -5.68849254e-01
  9.36907605e-02 -1.64767511e-01 -6.43130970e-02  3.03586848e-01
 -3.49400189e-02 -2.24099232e-01 -2.25063192e+01 -2.34736597e+01
 -1.03248496e+02]
group [-1, -1, -1, -1, -1, -1, -1, -1, -1, 2, -1, -1, -1, -1, -1, -1] size 13
[-6.28746005e-01 -2.19227200e-01 -1.51067972e+00 -1.18062637e+00
  1.71689135e-01 -2.88283248e-01 -1.63026141e+00 -1.35574578e-01
  1.34244559e+00  1.35520574e+00  2.11632296e-02 -2.95542718e-01
  4.77908303e-01  1.47394187e-01  1.56840505e+00 -9.94314714e-01
 -7.26778814e-01  5.35277080e-01  3.50358733e-01  1.18784272e-01
 -3.09887569e-02 -4.00596935e-02 -4.66940155e-01 -2.13318470e-01
 -7.96199870e-02 -1.11534931e+00 -1.13784710e-01  1.98901728e-01
 -5.05286427e-01 -2.24099232e-01 -2.41167892e+01 -2.20846857e+01
 -1.09574135e+02]
group [-1, -1, -1, -1, -1, -1, -1, -1, -1, -1, 0, -1, -1, -1, -1, -1] size 14
[-2.72456602e+00 -3.42851561e-01 -1.51067972e+00 -1.91851786e+00
  1.15945909e-01  1.52966621e-01 -1.99579087e+00 -6.98821730e-01
  8.06595458e-01  5.13463044e-01  1.18947129e-01 -1.39422311e-01
  7.32394914e-01  3.41328489e-02  1.15348308e+00 -9.94314714e-01
  6.52453516e-01 -6.21303754e-02  1.12945834e+00  2.32417185e-01
 -3.09887569e-02 -8.22277919e-02 -1.03235068e-02 -4.67269030e-01
 -6.24605070e-02 -1.34167831e+00 -5.23692361e-01  4.98002072e-01
 -6.58868927e-01 -2.24099232e-01 -2.69926286e+01 -2.12165770e+01
 -1.11080240e+02]
group [-1, -1, -1, -1, -1, -1, -1, -1, -1, -1, 1, -1, -1, -1, -1, -1] size 16
[-1.87313914e+00 -3.09369963e-01 -1.51067972e+00  1.07916630e+00
  1.83882966e-01  4.51729553e-01 -1.59980062e+00 -6.02476822e-01
  4.27740016e-02  2.50418452e-01  2.81477938e-02 -3.48996988e-01
  1.47733865e-01  2.01450735e-01  1.56840505e+00 -9.94314714e-01
  6.10118746e-02  1.32027048e-01 -5.58590809e-01  7.23841656e-02
 -3.09887569e-02  2.05569480e-02 -8.49108436e-01 -2.13318470e-01
 -3.45763521e-02 -1.70946293e+00 -2.25095840e-01  2.64329928e-01
 -5.80877814e-01 -2.24099232e-01 -2.67589667e+01 -2.40379303e+01
 -1.02106366e+02]
group [-1, -1, -1, -1, -1, -1, -1, -1, -1, -1, 2, -1, -1, -1, -1, -1] size 14
[-7.78447435e-01 -1.41426269e+00  3.08301983e-02  1.37036990e-01
  2.97111393e-01  6.30987312e-01 -1.76951073e+00 -1.84982223e-01
  2.02870979e+00  8.29116554e-01 -6.26515410e-02 -1.39422311e-01
  3.90154300e-01 -1.66648615e-01  1.56840505e+00 -9.94314714e-01
 -1.09074290e+00  1.04734061e+00  2.08704258e-01  2.32417185e-01
 -3.09887569e-02 -4.30717005e-02 -7.84586518e-01 -7.21219590e-01
  1.60612732e-01 -1.64767511e-01 -4.31816509e-01  4.23226986e-01
  8.38560453e-01 -2.24099232e-01 -3.07312198e+01 -2.76653846e+01
 -1.30659601e+02]
group [-1, -1, -1, -1, -1, -1, -1, -1, -1, -1, -1, 1, -1, -1, -1, -1] size 11
[-1.48612692e+00  9.54529914e-02 -1.51067972e+00 -1.04646429e+00
 -1.47567521e-01 -8.03074761e-01 -1.27580859e+00 -6.63787218e-01
  9.95467672e-01  1.62303296e+00 -4.87014614e-03  6.54755410e-01
  5.56089143e-01  2.22745739e-01  1.56840505e+00 -9.94314714e-01
  5.16620029e-01  3.61485820e-01  3.20310814e-01  8.02179498e-02
 -3.09887569e-02 -3.23927665e-02 -3.15336208e-01 -1.82936749e+00
 -4.21811216e-02 -2.03712559e+00 -4.73578260e-01  4.84406601e-01
  1.15619699e+00 -2.24099232e-01 -3.10710918e+01 -2.63463103e+01
 -1.22353205e+02]
group [-1, -1, -1, -1, -1, -1, -1, -1, -1, -1, -1, -1, 2, -1, -1, -1] size 10
[ 1.36228301e+00 -7.49987789e-02 -1.51067972e+00  2.87777679e+00
  9.13074036e-01  5.35383174e-01 -4.11829862e-01  2.51781359e-01
 -1.19767204e+00  4.71375909e-01  1.90678603e-02 -3.33554643e-01
 -7.50647746e-01  2.01450735e-01  9.87514291e-01 -9.94314714e-01
  1.04591785e-01  5.59173378e-01  9.45307524e-01  5.51498405e-02
 -3.09887569e-02 -2.74092640e-02 -5.78116382e-01  8.53273881e-01
 -6.24605070e-02 -1.64767511e-01  6.43130970e-02  1.98901728e-01
 -1.08314059e+00 -2.24099232e-01 -3.03573607e+01 -3.02449077e+01
 -1.21522566e+02]
group [-1, -1, -1, -1, -1, -1, -1, -1, -1, -1, -1, -1, -1, 1, -1, -1] size 14
[-1.75150673e+00 -1.41426269e+00  3.08301983e-02 -1.23333291e+00
  1.15945909e-01  1.52966621e-01 -2.22207101e+00 -5.70361853e-01
  1.17322976e+00  1.46042357e+00 -1.07662068e-02 -3.15906249e-01
  3.90154300e-01 -5.01284388e-01  1.15348308e+00 -9.94314714e-01
 -1.33977096e+00  1.59763822e-01  1.12945834e+00  3.54534689e-02
 -3.09887569e-02 -4.30717005e-02 -1.04267419e+00  8.02483769e-01
  1.12811324e-01  1.89482638e+00  2.75627559e-02 -2.49748787e-01
 -2.84511582e-01 -2.24099232e-01 -2.88619242e+01 -2.44409808e+01
 -1.11080240e+02]
group [-1, -1, -1, -1, -1, -1, -1, -1, -1, -1, -1, -1, -1, 3, -1, -1] size 11
[-2.47687820e-01 -2.45450549e-01 -1.51067972e+00  6.97642858e-01
  3.13580982e-01  4.13705180e-01 -1.27580859e+00 -6.63787218e-01
  3.73300377e-01  1.08737852e+00 -4.87014614e-03 -1.90923533e-02
  4.10896155e-01  4.35695777e-01  1.56840505e+00 -9.94314714e-01
  1.99675226e-01  6.43896617e-01  3.20310814e-01  3.30899043e-01
 -3.09887569e-02 -8.22277919e-02  6.70089443e-01 -1.18294788e+00
  5.92158054e-02 -5.39239128e-01 -7.07444067e-01  1.05541635e+00
  3.62105650e-01 -2.24099232e-01 -2.63128848e+01 -2.63463103e+01
 -1.14046810e+02]
group [-1, -1, -1, -1, -1, -1, -1, -1, -1, -1, -1, -1, -1, -1, 1, -1] size 1
[-2.72456602e+00  1.79997069e+00 -1.51067972e+00 -1.91851786e+00
 -6.08716024e-01 -8.03074761e-01 -3.57975188e+00 -2.62571988e+00
  6.84384025e-01  4.30130517e+00  1.18947129e-01 -5.80632156e-01
 -7.50647746e-01 -5.01284388e-01 -4.24050254e+00 -9.94314714e-01
  1.15050963e+00  1.49112901e+00  2.66404848e+00  3.30899043e-01
 -3.09887569e-02 -8.22277919e-02 -1.30076186e+00 -2.13318470e-01
 -2.85533746e-01  3.95442027e+00  5.78817873e-01 -8.47949473e-01
 -2.65544143e+00 -2.24099232e-01 -3.82084023e+01 -3.25019903e+01
 -1.30659601e+02]
group [-1, -1, -1, -1, -1, -1, -1, -1, -1, -1, -1, -1, -1, -1, -1, 0] size 1
[-2.72456602e+00  1.79997069e+00 -1.51067972e+00 -1.91851786e+00
 -6.08716024e-01 -8.03074761e-01  2.75609215e+00 -8.27281607e-01
  6.84384025e-01  4.30130517e+00 -1.53450876e-01 -5.80632156e-01
  8.46475118e-01 -3.27943058e-02  1.56840505e+00  6.65426001e+00
 -2.33588320e+00  1.49112901e+00  2.66404848e+00  3.30899043e-01
 -3.09887569e-02 -8.22277919e-02 -1.30076186e+00  6.89729720e+00
 -6.24605070e-02 -8.40314307e+00 -7.07444067e-01  1.24575293e+00
 -9.08440491e-01 -2.24099232e-01 -3.82084023e+01 -3.25019903e+01
 -1.30659601e+02]
group [-1, 0, -1, -1, -1, -1, -1, -1, -1, 4, -1, -1, -1, -1, -1, -1] size 14
[-2.72456602e+00 -1.94996825e+00  3.08301983e-02 -1.23333291e+00
  2.97111393e-01  1.58702869e+00 -4.11829862e-01  2.00397408e-01
 -4.88845732e-02 -1.59089369e+00  2.81477938e-02 -1.39422311e-01
  3.90154300e-01 -9.97214604e-02  1.56840505e+00 -9.94314714e-01
 -9.46306626e-02 -6.21303754e-02  2.08704258e-01  2.32417185e-01
 -3.09887569e-02 -4.30717005e-02 -7.84586518e-01 -1.48307127e+00
  1.28745127e-01 -2.51858910e+00 -5.23692361e-01  7.97102415e-01
 -2.84511582e-01 -2.24099232e-01 -2.51233330e+01 -2.28287789e+01
 -1.04553786e+02]
group [-1, 0, -1, -1, -1, -1, -1, -1, -1, -1, -1, -1, -1, 2, -1, -1] size 13
[-2.72456602e+00 -1.94996825e+00 -1.51067972e+00 -4.42734890e-01
  1.71689135e-01  7.41299780e-01 -1.87394771e+00 -1.10396442e+00
  1.21083327e+00 -4.53246066e-03  7.19410115e-03 -3.90572531e-01
  4.77908303e-01 -3.27943058e-02  1.56840505e+00 -9.94314714e-01
  6.14141507e-01  5.73511157e-02 -9.71749692e-01  3.30899043e-01
 -3.09887569e-02 -4.00596935e-02 -7.44880723e-01 -1.03377412e+00
  5.76558526e-02 -3.01651290e+00 -5.09557615e-01  6.82063821e-01
  1.66637013e-01 -2.24099232e-01 -2.41167892e+01 -2.03484683e+01
 -1.02545647e+02]
group [-1, -1, -1, 0, -1, -1, -1, -1, -1, 4, -1, -1, -1, -1, -1, -1] size 17
[-2.72456602e+00 -1.06762968e+00 -2.41200963e-01 -1.91851786e+00
 -1.19356083e-02  7.71581633e-01 -1.15722328e+00  2.30623261e-01
  3.82449896e-01 -1.59089369e+00  3.34889311e-02 -1.44613015e-01
  5.64629907e-01 -1.15469026e-01  1.56840505e+00 -9.94314714e-01
 -7.99819532e-02  2.92378237e-02  3.89244274e-01  2.49796336e-01
 -3.09887569e-02 -4.99815990e-02 -6.63133497e-01 -1.04986149e+00
  9.50029560e-02 -1.86090366e+00 -7.07444067e-01  5.68378623e-01
 -3.94616684e-01 -2.24099232e-01 -2.58930430e+01 -2.45358162e+01
 -1.09160695e+02]
group [-1, -1, -1, 0, -1, -1, -1, -1, -1, -1, -1, -1, -1, 2, -1, -1] size 18
[-2.72456602e+00 -4.91658662e-01 -1.51067972e+00 -1.91851786e+00
 -1.85996563e-01  3.12306852e-01 -1.81979520e+00 -8.27281607e-01
  1.25470405e+00  2.91336499e-01  1.80589788e-02 -2.37468943e-01
  6.69017022e-01 -3.27943058e-02  1.56840505e+00 -5.69393896e-01
  3.75755672e-01  1.10454001e-01 -2.00519778e-01  3.30899043e-01
 -3.09887569e-02 -2.13183164e-02 -6.98557295e-01 -4.10835572e-01
 -2.52816338e-02 -3.13973646e+00 -6.35985071e-01  5.47852129e-01
 -1.31995627e-01 -2.24099232e-01 -2.36694364e+01 -2.12165770e+01
 -1.05278948e+02]
group [-1, -1, -1, -1, 1, -1, -1, -1, -1, 4, -1, -1, -1, -1, -1, -1] size 13
[-2.72456602e+00 -7.96140884e-01  1.49407884e-01 -1.91851786e+00
 -6.08716024e-01  7.41299780e-01 -6.55516171e-01  1.41108234e-01
 -2.36902162e-01 -1.59089369e+00  4.21169222e-02 -1.04532794e-02
  4.77908303e-01 -1.04869703e-01  1.56840505e+00 -9.94314714e-01
  7.77733786e-02  5.73511157e-02  3.50358733e-01  2.24841657e-01
 -3.09887569e-02 -4.00596935e-02 -4.66940155e-01 -1.30725934e+00
  7.48153326e-02 -7.98488708e-01 -7.07444067e-01  6.01536806e-01
 -5.05286427e-01 -2.24099232e-01 -2.61298768e+01 -2.55571206e+01
 -1.09574135e+02]
group [-1, -1, -1, -1, 1, -1, -1, -1, -1, -1, -1, -1, -1, 2, -1, -1] size 16
[-2.72456602e+00 -3.09369963e-01 -1.51067972e+00 -1.31898103e+00
 -6.08716024e-01  3.34614484e-02 -1.79779574e+00 -1.05208639e+00
  1.32599405e+00  6.18680880e-01  1.11229185e-02 -1.94573542e-01
  6.46834760e-01 -3.27943058e-02  1.56840505e+00 -5.16278794e-01
  4.96810979e-01  3.26184471e-01 -2.90037536e-01  3.30899043e-01
 -3.09887569e-02 -1.37046320e-02 -3.97455012e-01 -2.13318470e-01
 -2.06342746e-02 -2.73925987e+00 -6.27052696e-01  6.56899129e-01
 -3.49400189e-02 -2.24099232e-01 -2.51233330e+01 -2.26272537e+01
 -1.07817013e+02]
group [-1, -1, -1, -1, -1, 0, -1, -1, -1, 4, -1, -1, -1, -1, -1, -1] size 16
[-1.87313914e+00 -3.09369963e-01 -1.51067972e+00 -1.19907366e-01
  3.42402763e-01 -8.03074761e-01 -1.59980062e+00  4.09144708e-01
  1.49709005e-01 -1.59089369e+00  3.38227522e-02 -3.48996988e-01
  2.47554044e-01  2.57669545e-02  1.56840505e+00 -9.94314714e-01
 -1.56887677e-01  1.32027048e-01  7.84175559e-01  1.58555791e-01
 -3.09887569e-02 -4.79662119e-02 -8.49108436e-01 -6.57731950e-01
  4.90761127e-02 -1.96691217e+00 -6.27052696e-01  3.95186329e-01
 -3.62502696e-01 -2.24099232e-01 -2.67589667e+01 -2.40379303e+01
 -1.07817013e+02]
group [-1, -1, -1, -1, -1, 0, -1, -1, -1, -1, -1, -1, -1, 2, -1, -1] size 16
[-2.72456602e+00 -5.43741147e-01 -1.51067972e+00 -1.31898103e+00
 -2.91676428e-01 -8.03074761e-01 -1.99579087e+00 -8.27281607e-01
  1.53986406e+00  4.34549666e-01  1.11229185e-02 -1.94573542e-01
  6.46834760e-01 -3.27943058e-02  1.56840505e+00 -5.16278794e-01
  2.78911427e-01  5.20341894e-01 -2.90037536e-01  3.30899043e-01
 -3.09887569e-02 -1.37046320e-02 -3.97455012e-01 -2.13318470e-01
  7.24988028e-03 -3.51160758e+00 -6.27052696e-01  4.60614529e-01
  8.38560453e-01 -2.24099232e-01 -2.34876993e+01 -2.12165770e+01
 -1.07817013e+02]
group [-1, -1, -1, -1, -1, -1, 4, -1, -1, 4, -1, -1, -1, -1, -1, -1] size 9
[-1.21091823e+00  1.33331163e-01 -1.51067972e+00 -8.52674604e-01
  5.18535872e-01 -8.03074761e-01 -3.57975188e+00 -4.27628657e-01
  1.63491739e+00 -1.59089369e+00  1.80589788e-02 -4.43366871e-01
  6.69017022e-01 -8.48487594e-02  1.56840505e+00 -9.94314714e-01
 -7.86375272e-01  4.55622753e-01  7.54336307e-01  3.30899043e-01
 -3.09887569e-02 -8.22277919e-02 -8.99292149e-01 -2.13318470e-01
  8.62549859e-02 -1.08014257e+00 -7.07444067e-01 -3.37318720e-02
 -1.29666292e+00 -2.24099232e-01 -2.65772296e+01 -2.49783815e+01
 -1.10355078e+02]
group [-1, -1, -1, -1, -1, -1, 4, -1, -1, -1, -1, -1, -1, 2, -1, -1] size 13
[-2.72456602e+00 -5.07684042e-01 -1.51067972e+00 -1.18062637e+00
 -2.18513444e-01 -2.88283248e-01 -3.57975188e+00 -9.65623013e-01
  2.26373177e+00  4.48713605e-01  1.41786654e-02 -2.00512905e-01
  7.23619513e-01 -3.27943058e-02  1.56840505e+00 -9.94314714e-01
  3.45957443e-01  5.35277080e-01 -3.10695480e-01  3.30899043e-01
 -3.09887569e-02 -4.00596935e-02 -4.66940155e-01 -2.13318470e-01
 -2.81415471e-02 -2.69965230e+00 -7.07444067e-01  4.40482775e-01
  4.35406389e-01 -2.24099232e-01 -2.21037016e+01 -2.03484683e+01
 -1.02545647e+02]
group [-1, -1, -1, -1, -1, -1, -1, -1, -1, 4, -1, 0, -1, -1, -1, -1] size 16
[-1.87313914e+00 -7.78112331e-01 -1.51067972e+00 -1.19907366e-01
  5.00922561e-01  4.51729553e-01 -1.40180549e+00  7.19375310e-02
  1.49709005e-01 -1.59089369e+00  2.24728354e-02 -5.80632156e-01
  2.47554044e-01 -6.20749359e-02  1.56840505e+00 -9.94314714e-01
 -1.56887677e-01 -2.56287798e-01  5.15622286e-01  2.44727417e-01
 -3.09887569e-02 -4.79662119e-02 -1.07493515e+00 -8.79938689e-01
  4.90761127e-02 -9.37115220e-01 -5.46661325e-01  4.60614529e-01
 -1.12681561e+00 -2.24099232e-01 -2.67589667e+01 -2.40379303e+01
 -1.07817013e+02]
group [-1, -1, -1, -1, -1, -1, -1, -1, -1, 4, -1, -1, 1, -1, -1, -1] size 15
[-2.72456602e+00 -9.49984533e-01 -7.19371294e-02 -1.91851786e+00
  6.76351138e-02  9.81535819e-01 -1.89019347e+00 -2.27802182e-01
  7.98448029e-01 -1.59089369e+00  4.02543718e-02 -8.64771297e-02
  8.46475118e-01 -9.52596501e-02  1.56840505e+00 -9.94314714e-01
 -1.16213094e-02  4.14202502e-02  3.72393873e-01  2.38982642e-01
 -3.09887569e-02 -4.56821066e-02 -8.18998208e-01 -1.16140056e+00
  1.15998084e-01 -1.81244262e+00 -7.07444067e-01  4.78062049e-01
 -4.42573572e-01 -2.24099232e-01 -2.59956710e+01 -2.49783815e+01
 -1.06294174e+02]
group [-1, -1, -1, -1, -1, -1, -1, -1, -1, 4, -1, -1, -1, 2, -1, -1] size 11
[-2.72456602e+00 -9.27257630e-01 -1.51067972e+00 -1.04646429e+00
  3.13580982e-01  1.02209515e+00 -1.56380150e+00 -3.36798441e-01
  5.28842201e-01 -1.59089369e+00  3.64022788e-02 -4.68324196e-01
  5.56089143e-01 -3.27943058e-02  1.56840505e+00 -9.94314714e-01
  5.16620029e-01 -4.85746571e-01 -7.03121299e-02  3.30899043e-01
 -3.09887569e-02 -8.22277919e-02 -6.43811425e-01 -8.59738077e-01
 -2.19017362e-02 -2.03712559e+00 -4.73578260e-01  1.03733437e-01
 -1.22607703e+00 -2.24099232e-01 -2.39337813e+01 -2.22425237e+01
 -1.05740414e+02]
group [-1, -1, -1, -1, -1, -1, -1, -1, -1, -1, -1, 0, -1, 2, -1, -1] size 15
[-2.72456602e+00 -9.49984533e-01 -1.51067972e+00 -6.39505953e-01
  6.76351138e-02  9.81535819e-01 -1.67899867e+00 -7.07385722e-01
  1.02657604e+00 -4.12453920e-01  9.98792683e-03 -5.80632156e-01
  5.27050545e-01 -3.27943058e-02  1.56840505e+00 -4.84409732e-01
  4.53231068e-01  4.14202502e-02 -4.86976603e-01  3.30899043e-01
 -3.09887569e-02 -4.56821066e-02 -8.18998208e-01 -2.13318470e-01
  1.18972394e-02 -3.18550522e+00 -5.35942475e-01  5.47852129e-01
 -5.59040302e-01 -2.24099232e-01 -2.42509951e+01 -2.19689379e+01
 -1.00202817e+02]
group [-1, -1, -1, -1, -1, -1, -1, -1, -1, -1, -1, -1, 1, 2, -1, -1] size 17
[-2.72456602e+00 -4.05875745e-01 -1.51067972e+00 -1.35424790e+00
 -1.61130712e-01  3.77917535e-01 -2.27531340e+00 -1.03886258e+00
  1.69083112e+00  3.15405939e-01  1.21243818e-02 -2.17282872e-01
  8.46475118e-01 -3.27943058e-02  1.56840505e+00 -5.44398554e-01
  3.30181909e-01  2.11974222e-01 -1.16267770e-01  3.30899043e-01
 -3.09887569e-02 -1.77354061e-02 -6.63133497e-01 -4.22454225e-01
  3.14926926e-03 -2.83012431e+00 -6.31781600e-01  5.06799140e-01
 -8.63223996e-02 -2.24099232e-01 -2.43536231e+01 -2.18804249e+01
 -1.03785968e+02]
group [-1, -1, -1, -1, -1, -1, -1, -1, -1, -1, -1, -1, -1, 2, -1, 1] size 19
[-2.72456602e+00 -7.65777006e-01 -1.51067972e+00 -9.08771617e-01
 -7.47545994e-02  6.05828329e-01 -2.07915724e+00 -9.21936253e-01
  1.22468720e+00 -4.03150448e-02  2.33688814e-02 -2.55530165e-01
  5.94297824e-01 -3.27943058e-02  1.56840505e+00 -9.94314714e-01
  6.00026556e-01  1.96201185e-02 -5.02053278e-01  3.30899043e-01
 -3.09887569e-02 -2.45240783e-02 -5.40082409e-01 -7.74682865e-01
 -1.54977198e-02 -2.33276108e+00 -5.04350077e-01  4.19291455e-01
 -1.72861146e-01 -2.24099232e-01 -2.44346452e+01 -2.18105461e+01
 -1.06614772e+02]
group [0, -1, 0, -1, -1, -1, -1, -1, -1, 4, -1, -1, -1, -1, -1, -1] size 19
[-2.72456602e+00 -7.65777006e-01 -1.51067972e+00 -4.03898496e-01
  3.25716469e-01  6.05828329e-01 -1.07876081e+00  3.08574146e-01
  5.40303178e-02 -1.59089369e+00  3.77056185e-02 -2.55530165e-01
  3.42120529e-01  1.65204397e-02  1.56840505e+00 -9.94314714e-01
  2.33037837e-01 -1.43880869e-01  6.28697348e-01  1.85767884e-01
 -3.09887569e-02 -5.33759351e-02 -7.30252272e-01 -5.87561400e-01
  3.14650674e-02 -1.68236301e+00 -5.04350077e-01  3.64194023e-01
 -8.16493073e-01 -2.24099232e-01 -2.71893966e+01 -2.53743609e+01
 -1.11423737e+02]
group [-1, 0, -1, 0, 1, -1, -1, -1, -1, -1, -1, -1, -1, -1, -1, -1] size 19
[-2.72456602e+00 -1.94996825e+00 -3.74830306e-01 -1.91851786e+00
 -6.08716024e-01  2.53602556e-01 -1.41222629e+00 -8.27281607e-01
  4.14232436e-01  7.34974279e-01 -5.25680360e-04  4.55142788e-03
  5.10238726e-01 -8.21090513e-02  1.56840505e+00 -9.94314714e-01
 -1.33950883e-01  5.10123082e-01 -4.97530276e-02  1.85767884e-01
 -3.09887569e-02 -2.45240783e-02 -7.30252272e-01 -1.14892580e+00
  3.14650674e-02 -1.46556365e+00 -5.04350077e-01  7.49876045e-01
  6.54665617e-01 -2.24099232e-01 -2.44346452e+01 -2.18105461e+01
 -1.01805806e+02]
group [-1, 0, -1, 0, -1, -1, 4, -1, -1, -1, -1, -1, -1, -1, -1, -1] size 16
[-2.72456602e+00 -1.94996825e+00 -1.51067972e+00 -1.91851786e+00
  3.42402763e-01 -3.84806656e-01 -3.57975188e+00 -1.50169596e+00
  2.71614910e+00  1.90759938e+00 -1.72518736e-02 -2.71785265e-01
  7.46654939e-01 -9.13555661e-02  1.56840505e+00 -9.94314714e-01
 -3.74787229e-01  7.14499317e-01 -2.14842619e-02  3.30899043e-01
 -3.09887569e-02 -4.79662119e-02 -8.49108436e-01  8.88826959e-03
  6.30181901e-02 -2.73925987e+00 -5.46661325e-01  6.56899129e-01
  4.01810217e-01 -2.24099232e-01 -2.51233330e+01 -2.12165770e+01
 -1.02106366e+02]
group [-1, 0, -1, -1, 1, 0, -1, -1, -1, -1, -1, -1, -1, -1, -1, -1] size 19
[-2.72456602e+00 -1.94996825e+00 -1.51067972e+00 -4.03898496e-01
 -6.08716024e-01 -8.03074761e-01 -2.07915724e+00 -1.01659090e+00
  1.13463667e+00  1.27767681e+00 -1.00835051e-02 -2.55530165e-01
  5.10238726e-01 -8.21090513e-02  1.56840505e+00 -9.94314714e-01
 -3.17445242e-01  5.10123082e-01 -4.97530276e-02  1.85767884e-01
 -3.09887569e-02 -5.33759351e-02 -5.40082409e-01 -7.74682865e-01
  1.97243706e-02 -1.46556365e+00 -4.36652080e-01  4.74388887e-01
  1.02245529e+00 -2.24099232e-01 -2.58120209e+01 -2.06226079e+01
 -1.01805806e+02]
group [-1, 0, -1, -1, 1, -1, -1, -1, -1, -1, -1, 0, -1, -1, -1, -1] size 16
[-2.72456602e+00 -1.94996825e+00 -1.51067972e+00  4.79629465e-01
 -6.08716024e-01  3.34614484e-02 -1.79779574e+00 -8.27281607e-01
  6.84384025e-01  8.02812095e-01  5.44796009e-03 -5.80632156e-01
  3.47374223e-01 -9.13555661e-02  1.56840505e+00 -9.94314714e-01
 -5.92686782e-01  3.26184471e-01 -2.14842619e-02  1.58555791e-01
 -3.09887569e-02 -4.79662119e-02 -3.97455012e-01  8.88826959e-03
  2.11919577e-02 -1.45201369e+00 -3.85878582e-01  3.95186329e-01
  4.01810217e-01 -2.24099232e-01 -2.51233330e+01 -2.12165770e+01
 -9.63957194e+01]
group [-1, 0, -1, -1, 1, -1, -1, -1, -1, -1, -1, -1, 1, -1, -1, -1] size 19
[-2.72456602e+00 -1.94996825e+00 -3.74830306e-01 -4.03898496e-01
 -6.08716024e-01  2.53602556e-01 -2.24588998e+00 -1.30055484e+00
  1.31473773e+00  1.12261894e+00 -1.00835051e-02  4.55142788e-03
  8.46475118e-01 -5.74516785e-02  1.56840505e+00 -9.94314714e-01
 -3.17445242e-01  5.10123082e-01 -4.97530276e-02  1.85767884e-01
 -3.09887569e-02 -2.45240783e-02 -5.40082409e-01 -1.14892580e+00
  7.84278547e-02 -8.15165582e-01 -4.36652080e-01  4.74388887e-01
  7.46613035e-01 -2.24099232e-01 -2.58120209e+01 -2.18105461e+01
 -1.01805806e+02]
group [-1, 0, -1, -1, -1, 0, 4, -1, -1, -1, -1, -1, -1, -1, -1, -1] size 18
[-2.72456602e+00 -1.94996825e+00 -1.51067972e+00 -3.19752976e-01
  9.58164112e-02 -8.03074761e-01 -3.57975188e+00 -1.42676103e+00
  2.87061077e+00  1.76438621e+00 -2.22962811e-02 -3.06101586e-01
  7.57746070e-01 -5.88215326e-02  1.56840505e+00 -9.94314714e-01
 -3.98998291e-01  6.28207129e-01  3.81942434e-02  3.30899043e-01
 -3.09887569e-02 -5.17730542e-02 -4.97822440e-01  1.81715734e-01
  7.38620281e-02 -2.45320517e+00 -4.93067077e-01  4.31535329e-01
  5.47393629e-01 -2.24099232e-01 -2.65772296e+01 -2.12165770e+01
 -1.05278948e+02]
group [-1, 0, -1, -1, -1, -1, 4, -1, -1, -1, -1, 0, -1, -1, -1, -1] size 16
[-2.72456602e+00 -1.94996825e+00 -1.51067972e+00  4.79629465e-01
  3.42402763e-01  3.34614484e-02 -3.57975188e+00 -1.27689118e+00
  2.82308410e+00  1.53933695e+00 -2.26998337e-04 -5.80632156e-01
  6.46834760e-01 -6.20749359e-02  1.56840505e+00 -9.94314714e-01
 -8.10586334e-01  7.14499317e-01 -2.14842619e-02  3.30899043e-01
 -3.09887569e-02 -4.79662119e-02 -3.97455012e-01  8.97715229e-01
  9.09023450e-02 -2.73925987e+00 -4.66269953e-01  3.95186329e-01
  2.92622658e-01 -2.24099232e-01 -2.67589667e+01 -2.26272537e+01
 -1.02106366e+02]
group [-1, 0, -1, -1, -1, -1, 4, -1, -1, -1, -1, -1, 1, -1, -1, -1] size 18
[-2.72456602e+00 -1.94996825e+00 -1.51067972e+00 -3.19752976e-01
  2.36722898e-01 -4.31280890e-01 -3.57975188e+00 -1.42676103e+00
  3.06071744e+00  1.92805840e+00 -2.73406886e-02 -3.06101586e-01
  8.46475118e-01 -8.48487594e-02  1.56840505e+00 -9.94314714e-01
 -5.92686782e-01  6.28207129e-01  3.81942434e-02  3.30899043e-01
 -3.09887569e-02 -5.17730542e-02 -4.97822440e-01 -1.58013682e-02
  9.86479436e-02 -1.99551764e+00 -4.93067077e-01  4.31535329e-01
  4.50338021e-01 -2.24099232e-01 -2.65772296e+01 -2.12165770e+01
 -1.05278948e+02]
group [-1, 0, -1, -1, -1, -1, -1, -1, -1, -1, -1, 0, 1, -1, -1, -1] size 19
[-2.72456602e+00 -1.94996825e+00 -1.51067972e+00 -4.03898496e-01
  3.25716469e-01  2.53602556e-01 -2.74608819e+00 -1.01659090e+00
  2.12519250e+00  7.34974279e-01  1.38110567e-02 -5.80632156e-01
  8.46475118e-01 -1.31423797e-01  1.56840505e+00 -9.94314714e-01
 -6.84433961e-01  1.83121106e-01  1.76397098e-01  1.85767884e-01
 -3.09887569e-02 -5.33759351e-02 -7.30252272e-01 -2.13318470e-01
  9.01685515e-02 -1.89916237e+00 -3.68954083e-01  3.09096592e-01
 -8.09137279e-02 -2.24099232e-01 -2.58120209e+01 -2.06226079e+01
 -1.01805806e+02]
group [-1, -1, -1, 0, 1, -1, 4, -1, -1, -1, -1, -1, -1, -1, -1, -1] size 18
[-2.72456602e+00 -2.83328720e-01 -1.51067972e+00 -1.91851786e+00
 -6.08716024e-01 -4.31280890e-01 -3.57975188e+00 -1.22693456e+00
  1.82502407e+00  1.51887793e+00  1.30145713e-02 -1.68836301e-01
  6.69017022e-01 -5.88215326e-02  1.24568796e+00 -9.94314714e-01
 -1.16213094e-02  2.83038377e-01  2.76908264e-01  3.30899043e-01
 -3.09887569e-02 -5.17730542e-02 -4.97822440e-01  1.81715734e-01
 -1.12032338e-01 -8.51298808e-01 -5.64526074e-01  3.73376929e-01
 -4.23162451e-01 -2.24099232e-01 -2.51233330e+01 -2.24705118e+01
 -1.00202817e+02]
group [-1, -1, -1, 0, -1, -1, 4, -1, -1, -1, -1, 0, -1, -1, -1, -1] size 19
[-2.72456602e+00 -5.68411798e-01 -1.51067972e+00 -1.91851786e+00
  3.25716469e-01 -9.86232163e-02 -3.57975188e+00 -1.01659090e+00
  2.39534409e+00  1.04509001e+00  1.85899691e-02 -5.80632156e-01
  6.78356922e-01 -8.21090513e-02  1.26267307e+00 -9.94314714e-01
 -3.17445242e-01  3.46622094e-01 -4.97530276e-02  3.30899043e-01
 -3.09887569e-02 -5.33759351e-02 -7.30252272e-01  3.48045925e-01
  7.98367383e-03 -1.24876430e+00 -5.04350077e-01  3.64194023e-01
 -5.40650818e-01 -2.24099232e-01 -2.44346452e+01 -2.18105461e+01
 -1.01805806e+02]
group [-1, -1, -1, -1, 1, -1, 4, -1, -1, -1, -1, 0, -1, -1, -1, -1] size 16
[-2.72456602e+00 -5.43741147e-01 -1.51067972e+00  4.79629465e-01
 -6.08716024e-01  3.34614484e-02 -3.57975188e+00 -1.16448878e+00
  1.96760407e+00  1.35520574e+00  1.67978769e-02 -5.80632156e-01
  5.47014581e-01 -3.27943058e-02  1.20534833e+00 -9.94314714e-01
 -3.74787229e-01  5.20341894e-01 -2.14842619e-02  3.30899043e-01
 -3.09887569e-02 -4.79662119e-02 -3.97455012e-01  8.97715229e-01
 -4.85184296e-02 -6.79665984e-01 -4.66269953e-01  1.33473528e-01
 -3.62502696e-01 -2.24099232e-01 -2.67589667e+01 -2.40379303e+01
 -9.63957194e+01]
group [-1, -1, -1, -1, 1, -1, 4, -1, -1, -1, -1, -1, 1, -1, -1, -1] size 19
[-2.72456602e+00 -5.68411798e-01 -1.51067972e+00 -4.03898496e-01
 -6.08716024e-01 -4.50848989e-01 -3.57975188e+00 -1.11124555e+00
  2.30529356e+00  1.43273467e+00 -5.30459272e-03 -1.90509767e-01
  8.46475118e-01 -3.27943058e-02  1.56840505e+00 -9.94314714e-01
 -3.17445242e-01  1.83121106e-01  1.76397098e-01  3.30899043e-01
 -3.09887569e-02 -5.33759351e-02 -1.59742684e-01  1.60924460e-01
 -5.07198102e-02 -5.98366225e-01 -5.72048074e-01  2.53999160e-01
 -1.72861146e-01 -2.24099232e-01 -2.58120209e+01 -2.18105461e+01
 -1.01805806e+02]
group [-1, -1, -1, -1, 1, -1, -1, -1, -1, -1, -1, 0, 1, -1, -1, -1] size 19
[-2.72456602e+00 -5.68411798e-01 -1.51067972e+00 -4.03898496e-01
 -6.08716024e-01 -9.86232163e-02 -2.24588998e+00 -8.27281607e-01
  1.31473773e+00  6.57445346e-01 -5.25680360e-04 -5.80632156e-01
  8.46475118e-01 -5.74516785e-02  1.56840505e+00 -5.91758149e-01
 -5.00939602e-01  1.96201185e-02  1.76397098e-01  1.85767884e-01
 -3.09887569e-02 -5.33759351e-02 -7.30252272e-01  1.60924460e-01
 -3.75702298e-03 -5.98366225e-01 -4.36652080e-01  1.43804297e-01
 -4.48703400e-01 -2.24099232e-01 -2.58120209e+01 -2.18105461e+01
 -9.69968401e+01]
group [0, 0, -1, 0, -1, -1, -1, -1, -1, -1, -1, 0, -1, -1, -1, -1] size 19
[-2.72456602e+00 -1.94996825e+00 -1.51067972e+00 -1.91851786e+00
  3.25716469e-01  2.53602556e-01 -1.91242450e+00 -5.43317669e-01
  1.22468720e+00  3.47329617e-01  2.33688814e-02 -5.80632156e-01
  5.10238726e-01 -1.56081170e-01  1.56840505e+00 -9.94314714e-01
 -5.00939602e-01  1.83121106e-01  1.76397098e-01  1.85767884e-01
 -3.09887569e-02 -5.33759351e-02 -9.20422134e-01 -2.13318470e-01
  4.32057643e-02 -2.54956044e+00 -4.36652080e-01  5.84583750e-01
 -1.72861146e-01 -2.24099232e-01 -2.44346452e+01 -2.06226079e+01
 -1.01805806e+02]
group [0, 0, -1, -1, -1, 0, -1, -1, -1, -1, -1, 0, -1, -1, -1, -1] size 19
[-2.72456602e+00 -1.94996825e+00 -1.51067972e+00 -4.03898496e-01
  5.87357567e-02 -8.03074761e-01 -2.24588998e+00 -5.43317669e-01
  1.58488932e+00  5.79916414e-01  1.38110567e-02 -5.80632156e-01
  5.10238726e-01 -1.31423797e-01  1.56840505e+00 -9.94314714e-01
 -6.84433961e-01  3.46622094e-01  1.76397098e-01  1.85767884e-01
 -3.09887569e-02 -5.33759351e-02 -5.40082409e-01  1.60924460e-01
  6.66871579e-02 -2.54956044e+00 -3.68954083e-01  3.09096592e-01
  4.70770781e-01 -2.24099232e-01 -2.44346452e+01 -1.94346697e+01
 -1.01805806e+02]
group [-1, 0, -1, 0, -1, 0, -1, -1, -1, -1, -1, 0, -1, -1, -1, -1] size 17
[-1.92322307e+00 -1.94996825e+00 -1.51067972e+00 -1.91851786e+00
  2.86454599e-01 -8.03074761e-01 -1.90261669e+00 -1.92538686e-01
  1.08696286e+00  4.02055922e-01  2.28066565e-02 -5.80632156e-01
  3.76733099e-01 -1.70585506e-01  1.56840505e+00 -9.94314714e-01
 -6.95227747e-01  3.94710620e-01  3.89244274e-01  8.75909231e-02
 -3.09887569e-02 -4.99815990e-02 -8.75676284e-01  6.23224550e-01
  4.25151350e-02 -2.34551398e+00 -2.53469265e-01  3.22060693e-01
  1.19207123e-01 -2.24099232e-01 -2.12747832e+01 -1.92250335e+01
 -9.84112418e+01]
group [-1, 0, -1, 0, -1, 0, -1, -1, -1, -1, -1, -1, 1, -1, -1, -1] size 18
[-2.72456602e+00 -1.94996825e+00 -1.51067972e+00 -1.91851786e+00
  9.58164112e-02 -8.03074761e-01 -2.87576921e+00 -1.22693456e+00
  1.72997073e+00  1.19153355e+00  7.97016384e-03 -2.37468943e-01
  8.46475118e-01 -8.48487594e-02  1.56840505e+00 -9.94314714e-01
 -2.05309800e-01  4.55622753e-01  3.81942434e-02  1.77705042e-01
 -3.09887569e-02 -5.17730542e-02 -8.99292149e-01 -4.10835572e-01
  6.14690704e-02 -1.99551764e+00 -4.21608081e-01  4.89693729e-01
  7.41504845e-01 -2.24099232e-01 -2.22155398e+01 -1.87087074e+01
 -9.51266867e+01]
group [-1, -1, -1, 0, 1, 0, -1, -1, -1, -1, -1, 0, -1, -1, -1, -1] size 18
[-2.72456602e+00 -4.91658662e-01 -1.51067972e+00 -1.91851786e+00
 -6.08716024e-01 -8.03074761e-01 -1.46780387e+00 -3.27715419e-01
  3.99224014e-01  5.36844785e-01  1.80589788e-02 -5.80632156e-01
  4.02829878e-01 -1.10875986e-01  1.24568796e+00 -5.69393896e-01
 -3.98998291e-01  2.83038377e-01  5.15622286e-01  1.77705042e-01
 -3.09887569e-02 -5.17730542e-02 -8.99292149e-01  3.79232836e-01
 -7.48534648e-02 -1.08014257e+00 -4.21608081e-01  2.57060128e-01
 -2.29051235e-01 -2.24099232e-01 -2.51233330e+01 -2.24705118e+01
 -1.00202817e+02]
group [-1, -1, -1, 0, 1, -1, -1, -1, -1, -1, -1, 0, -1, -1, 0, -1] size 19
[-2.72456602e+00 -5.68411798e-01 -1.51067972e+00 -1.91851786e+00
 -6.08716024e-01 -9.86232163e-02 -1.41222629e+00 -3.54008376e-01
  4.14232436e-01  2.69800685e-01  9.03214436e-03 -5.80632156e-01
  5.10238726e-01 -8.21090513e-02  1.56840505e+00 -5.91758149e-01
 -3.17445242e-01  1.96201185e-02  1.76397098e-01  1.85767884e-01
 -3.09887569e-02 -5.33759351e-02 -9.20422134e-01  1.60924460e-01
 -5.07198102e-02 -1.24876430e+00 -5.04350077e-01  4.19291455e-01
 -5.40650818e-01 -2.24099232e-01 -2.44346452e+01 -2.18105461e+01
 -9.69968401e+01]
group [-1, -1, -1, 0, 1, -1, -1, -1, -1, -1, -1, 0, -1, -1, -1, 1] size 19
[-2.72456602e+00 -5.68411798e-01 -1.51067972e+00 -1.91851786e+00
 -6.08716024e-01 -9.86232163e-02 -1.74569176e+00 -4.48663022e-01
  4.14232436e-01  2.69800685e-01  2.33688814e-02 -5.80632156e-01
  4.26179628e-01 -1.06766424e-01  1.26267307e+00 -9.94314714e-01
 -1.33950883e-01  1.96201185e-02  1.76397098e-01  1.85767884e-01
 -3.09887569e-02 -5.33759351e-02 -9.20422134e-01 -2.13318470e-01
 -6.24605070e-02 -5.98366225e-01 -4.36652080e-01  3.09096592e-01
 -6.32598237e-01 -2.24099232e-01 -2.44346452e+01 -2.18105461e+01
 -9.69968401e+01]
group [-1, -1, -1, -1, 1, 0, 4, -1, -1, -1, -1, -1, -1, -1, 0, -1] size 19
[-2.72456602e+00 -7.65777006e-01 -1.51067972e+00 -4.03898496e-01
 -6.08716024e-01 -8.03074761e-01 -3.57975188e+00 -1.20590019e+00
  2.30529356e+00  1.43273467e+00 -5.30459272e-03 -1.90509767e-01
  7.62416020e-01 -3.27943058e-02  1.56840505e+00 -9.94314714e-01
 -3.17445242e-01  3.46622094e-01  1.76397098e-01  3.30899043e-01
 -3.09887569e-02 -5.33759351e-02 -1.59742684e-01  1.60924460e-01
 -5.07198102e-02 -8.15165582e-01 -5.72048074e-01  2.53999160e-01
  1.94928526e-01 -2.24099232e-01 -2.71893966e+01 -2.29984844e+01
 -1.06614772e+02]
group [-1, -1, -1, -1, -1, 0, 4, -1, -1, -1, -1, 0, 1, -1, -1, -1] size 18
[-2.72456602e+00 -9.08318545e-01 -1.51067972e+00 -3.19752976e-01
  2.36722898e-01 -8.03074761e-01 -3.57975188e+00 -8.27281607e-01
  2.87061077e+00  7.82353071e-01  2.92575634e-03 -5.80632156e-01
  8.46475118e-01 -3.27943058e-02  1.56840505e+00 -9.94314714e-01
 -5.92686782e-01  2.83038377e-01  3.81942434e-02  3.30899043e-01
 -3.09887569e-02 -5.17730542e-02 -2.97087585e-01  5.76749938e-01
  4.90761127e-02 -8.51298808e-01 -4.93067077e-01  1.40743328e-01
 -1.31995627e-01 -2.24099232e-01 -2.51233330e+01 -2.12165770e+01
 -1.05278948e+02]
group [0, -1, -1, -1, -1, 0, 4, -1, -1, -1, -1, 0, -1, -1, 0, -1] size 19
[-2.72456602e+00 -9.63142214e-01 -1.51067972e+00 -4.03898496e-01
  1.92226113e-01 -8.03074761e-01 -3.57975188e+00 -9.21936253e-01
  2.75554621e+00  8.12503211e-01  4.25323200e-03 -5.80632156e-01
  7.62416020e-01 -3.27943058e-02  1.56840505e+00 -9.94314714e-01
 -5.00939602e-01  3.46622094e-01 -4.97530276e-02  3.30899043e-01
 -3.09887569e-02 -5.33759351e-02 -3.49912547e-01  5.35167390e-01
  4.32057643e-02 -1.24876430e+00 -5.04350077e-01  1.98901728e-01
  1.10336902e-02 -2.24099232e-01 -2.58120209e+01 -2.18105461e+01
 -1.06614772e+02]
group [-1, -1, -1, -1, 1, 0, -1, -1, -1, -1, -1, 0, -1, -1, 0, 1] size 19
[-2.72456602e+00 -9.63142214e-01 -1.51067972e+00 -4.03898496e-01
 -6.08716024e-01 -8.03074761e-01 -1.91242450e+00 -3.54008376e-01
  9.54535614e-01  3.47329617e-01  9.03214436e-03 -5.80632156e-01
  5.10238726e-01 -8.21090513e-02  1.56840505e+00 -9.94314714e-01
 -5.00939602e-01  1.83121106e-01  1.76397098e-01  1.85767884e-01
 -3.09887569e-02 -5.33759351e-02 -5.40082409e-01 -2.61970051e-02
 -1.54977198e-02 -8.15165582e-01 -4.36652080e-01  1.43804297e-01
  1.94928526e-01 -2.24099232e-01 -2.58120209e+01 -2.18105461e+01
 -1.01805806e+02]
group [-1, 1, -1, -1, -1, -1, -1, -1, -1, -1, -1, -1, -1, -1, -1, -1] size 18
[-1.21091823e+00  1.79997069e+00 -1.51067972e+00 -3.19752976e-01
  2.36722898e-01 -4.31280890e-01 -1.29180820e+00 -1.27888944e-01
  5.89330688e-01  6.18680880e-01  1.80589788e-02 -1.68836301e-01
  4.02829878e-01  2.53505189e-01  1.24568796e+00 -5.69393896e-01
  1.82067181e-01 -6.21303754e-02  9.93050328e-01  1.77705042e-01
 -3.09887569e-02 -2.13183164e-02 -4.97822440e-01 -4.10835572e-01
 -9.96393802e-02 -6.22455042e-01 -4.93067077e-01  3.15218528e-01
 -1.10255171e+00 -2.24099232e-01 -3.09389194e+01 -2.62323163e+01
 -1.20507340e+02]
group [-1, 1, -1, -1, -1, -1, -1, -1, -1, -1, -1, -1, -1, -1, -1, -1] size 18
[.values =
 -1.210918231728891

 .base_values =
 193.81417238860192

 .data =
 0.1111111111111111 .values =
                    1.799970694177115

                    .base_values =
                    193.81417238860192

                    .data =
                    1.0                .values =
                                       -1.5106797164400292

                                       .base_values =
                                       193.81417238860192

                                       .data =
                                       0.0
 .values =
 -0.3197529763643895

 .base_values =
 193.81417238860192

 .data =
 0.16666666666666666 .values =
                     0.23672289814919908

                     .base_values =
                     193.81417238860192

                     .data =
                     0.6666666666666666  .values =
                                         -0.4312808903336483

                                         .base_values =
                                         193.81417238860192

                                         .data =
                                         0.05555555555555555
 .values =
 -1.2918081990849861

 .base_values =
 193.81417238860192

 .data =
 3.2777777777777777  .values =
                     -0.12788894404841042

                     .base_values =
                     193.81417238860192

                     .data =
                     2.611111111111111    .values =
                                          0.5893306880571724

                                          .base_values =
                                          193.81417238860192

                                          .data =
                                          2.0555555555555554
 .values =
 0.618680880294137

 .base_values =
 193.81417238860192

 .data =
 2.5                .values =
                    0.018058978818999424

                    .base_values =
                    193.81417238860192

                    .data =
                    1.1111111111111112   .values =
                                         -0.16883630074562897

                                         .base_values =
                                         193.81417238860192

                                         .data =
                                         0.3333333333333333
 .values =
 0.4028298780625629

 .base_values =
 193.81417238860192

 .data =
 1.2777777777777777 .values =
                    0.25350518903622843

                    .base_values =
                    193.81417238860192

                    .data =
                    2.611111111111111   .values =
                                        1.2456879614922576

                                        .base_values =
                                        193.81417238860192

                                        .data =
                                        0.05555555555555555
 .values =
 -0.5693938958893072

 .base_values =
 193.81417238860192

 .data =
 0.9444444444444444  .values =
                     0.18206718125096502

                     .base_values =
                     193.81417238860192

                     .data =
                     0.2777777777777778  .values =
                                         -0.06213037536805646

                                         .base_values =
                                         193.81417238860192

                                         .data =
                                         0.5
 .values =
 0.9930503277857401

 .base_values =
 193.81417238860192

 .data =
 0.6111111111111112 .values =
                    0.1777050415464111

                    .base_values =
                    193.81417238860192

                    .data =
                    0.1111111111111111 .values =
                                       -0.03098875692661994

                                       .base_values =
                                       193.81417238860192

                                       .data =
                                       0.0
 .values =
 -0.0213183164158297

 .base_values =
 193.81417238860192

 .data =
 0.1111111111111111  .values =
                     -0.49782243988377683

                     .base_values =
                     193.81417238860192

                     .data =
                     0.7777777777777778   .values =
                                          -0.41083557218448075

                                          .base_values =
                                          193.81417238860192

                                          .data =
                                          4.055555555555555
 .values =
 -0.09963938023772466

 .base_values =
 193.81417238860192

 .data =
 2.8333333333333335   .values =
                      -0.6224550423330203

                      .base_values =
                      193.81417238860192

                      .data =
                      2.888888888888889   .values =
                                          -0.4930670771961913

                                          .base_values =
                                          193.81417238860192

                                          .data =
                                          1.1666666666666667
 .values =
 0.3152185284281381

 .base_values =
 193.81417238860192

 .data =
 1.8888888888888888 .values =
                    -1.1025517068196138

                    .base_values =
                    193.81417238860192

                    .data =
                    2.888888888888889   .values =
                                        -0.22409923185580688

                                        .base_values =
                                        193.81417238860192

                                        .data =
                                        0.0
 .values =
 -30.93891935359201

 .base_values =
 193.81417238860192

 .data =
 2.7222222222222223 .values =
                    -26.232316264143247

                    .base_values =
                    193.81417238860192

                    .data =
                    2.7222222222222223  .values =
                                        -120.50733953740152

                                        .base_values =
                                        193.81417238860192

                                        .data =
                                        2.888888888888889  ]