execution time
40 0.11613798141479492 0.4533858299255371
90 0.2202010154724121 1.5864651203155518
190 0.42247509956359863 4.909248113632202
290 0.6075880527496338 9.282727003097534
390 0.7642478942871094 14.24359393119812
490 0.9080841541290283 20.469242095947266
590 1.1485960483551025 28.24064612388611
690 1.3827860355377197 34.90744709968567
790 1.5283381938934326 42.93559980392456
890 1.72601318359375 51.91814708709717
990 1.922062635421753 66.28335309028625


number of patterns visited
40 2603 15390
90 7398 63895
190 18364 220356
290 29358 441106
390 41432 718545
490 53429 1028083
590 65696 1369433
690 78039 1732928
790 90182 2115936
890 102615 2516048
990 114786 2939813


number of patterns found, lowerbound
40 13 
 [[0, -1, -1, -1, -1, -1, -1], [1, -1, -1, -1, -1, -1, -1], [-1, 1, -1, -1, -1, -1, -1], [-1, -1, 0, -1, -1, -1, -1], [-1, -1, 1, -1, -1, -1, -1], [-1, -1, 2, -1, -1, -1, -1], [-1, -1, -1, 0, -1, -1, -1], [-1, -1, -1, 1, -1, -1, -1], [-1, -1, -1, 2, -1, -1, -1], [-1, -1, -1, 4, -1, -1, -1], [-1, -1, -1, 6, -1, -1, -1], [-1, -1, -1, -1, -1, 0, -1], [-1, -1, -1, -1, -1, 1, -1]]
90 13 
 [[0, -1, -1, -1, -1, -1, -1], [1, -1, -1, -1, -1, -1, -1], [-1, 1, -1, -1, -1, -1, -1], [-1, -1, 0, -1, -1, -1, -1], [-1, -1, 1, -1, -1, -1, -1], [-1, -1, 2, -1, -1, -1, -1], [-1, -1, -1, 0, -1, -1, -1], [-1, -1, -1, 1, -1, -1, -1], [-1, -1, -1, 2, -1, -1, -1], [-1, -1, -1, 4, -1, -1, -1], [-1, -1, -1, 6, -1, -1, -1], [-1, -1, -1, -1, -1, 0, -1], [-1, -1, -1, -1, -1, 1, -1]]
190 13 
 [[0, -1, -1, -1, -1, -1, -1], [1, -1, -1, -1, -1, -1, -1], [-1, 1, -1, -1, -1, -1, -1], [-1, -1, 0, -1, -1, -1, -1], [-1, -1, 1, -1, -1, -1, -1], [-1, -1, 2, -1, -1, -1, -1], [-1, -1, -1, 0, -1, -1, -1], [-1, -1, -1, 1, -1, -1, -1], [-1, -1, -1, 2, -1, -1, -1], [-1, -1, -1, 4, -1, -1, -1], [-1, -1, -1, 6, -1, -1, -1], [-1, -1, -1, -1, -1, 0, -1], [-1, -1, -1, -1, -1, 1, -1]]
290 13 
 [[0, -1, -1, -1, -1, -1, -1], [1, -1, -1, -1, -1, -1, -1], [-1, 1, -1, -1, -1, -1, -1], [-1, -1, 0, -1, -1, -1, -1], [-1, -1, 1, -1, -1, -1, -1], [-1, -1, 2, -1, -1, -1, -1], [-1, -1, -1, 0, -1, -1, -1], [-1, -1, -1, 1, -1, -1, -1], [-1, -1, -1, 2, -1, -1, -1], [-1, -1, -1, 4, -1, -1, -1], [-1, -1, -1, 6, -1, -1, -1], [-1, -1, -1, -1, -1, 0, -1], [-1, -1, -1, -1, -1, 1, -1]]
390 13 
 [[0, -1, -1, -1, -1, -1, -1], [1, -1, -1, -1, -1, -1, -1], [-1, 1, -1, -1, -1, -1, -1], [-1, -1, 0, -1, -1, -1, -1], [-1, -1, 1, -1, -1, -1, -1], [-1, -1, 2, -1, -1, -1, -1], [-1, -1, -1, 0, -1, -1, -1], [-1, -1, -1, 1, -1, -1, -1], [-1, -1, -1, 2, -1, -1, -1], [-1, -1, -1, 4, -1, -1, -1], [-1, -1, -1, 6, -1, -1, -1], [-1, -1, -1, -1, -1, 0, -1], [-1, -1, -1, -1, -1, 1, -1]]
490 13 
 [[0, -1, -1, -1, -1, -1, -1], [1, -1, -1, -1, -1, -1, -1], [-1, 1, -1, -1, -1, -1, -1], [-1, -1, 0, -1, -1, -1, -1], [-1, -1, 1, -1, -1, -1, -1], [-1, -1, 2, -1, -1, -1, -1], [-1, -1, -1, 0, -1, -1, -1], [-1, -1, -1, 1, -1, -1, -1], [-1, -1, -1, 2, -1, -1, -1], [-1, -1, -1, 4, -1, -1, -1], [-1, -1, -1, 6, -1, -1, -1], [-1, -1, -1, -1, -1, 0, -1], [-1, -1, -1, -1, -1, 1, -1]]
590 13 
 [[0, -1, -1, -1, -1, -1, -1], [1, -1, -1, -1, -1, -1, -1], [-1, 1, -1, -1, -1, -1, -1], [-1, -1, 0, -1, -1, -1, -1], [-1, -1, 1, -1, -1, -1, -1], [-1, -1, 2, -1, -1, -1, -1], [-1, -1, -1, 0, -1, -1, -1], [-1, -1, -1, 1, -1, -1, -1], [-1, -1, -1, 2, -1, -1, -1], [-1, -1, -1, 4, -1, -1, -1], [-1, -1, -1, 6, -1, -1, -1], [-1, -1, -1, -1, -1, 0, -1], [-1, -1, -1, -1, -1, 1, -1]]
690 13 
 [[0, -1, -1, -1, -1, -1, -1], [1, -1, -1, -1, -1, -1, -1], [-1, 1, -1, -1, -1, -1, -1], [-1, -1, 0, -1, -1, -1, -1], [-1, -1, 1, -1, -1, -1, -1], [-1, -1, 2, -1, -1, -1, -1], [-1, -1, -1, 0, -1, -1, -1], [-1, -1, -1, 1, -1, -1, -1], [-1, -1, -1, 2, -1, -1, -1], [-1, -1, -1, 4, -1, -1, -1], [-1, -1, -1, 6, -1, -1, -1], [-1, -1, -1, -1, -1, 0, -1], [-1, -1, -1, -1, -1, 1, -1]]
790 13 
 [[0, -1, -1, -1, -1, -1, -1], [1, -1, -1, -1, -1, -1, -1], [-1, 1, -1, -1, -1, -1, -1], [-1, -1, 0, -1, -1, -1, -1], [-1, -1, 1, -1, -1, -1, -1], [-1, -1, 2, -1, -1, -1, -1], [-1, -1, -1, 0, -1, -1, -1], [-1, -1, -1, 1, -1, -1, -1], [-1, -1, -1, 2, -1, -1, -1], [-1, -1, -1, 4, -1, -1, -1], [-1, -1, -1, 6, -1, -1, -1], [-1, -1, -1, -1, -1, 0, -1], [-1, -1, -1, -1, -1, 1, -1]]
890 13 
 [[0, -1, -1, -1, -1, -1, -1], [1, -1, -1, -1, -1, -1, -1], [-1, 1, -1, -1, -1, -1, -1], [-1, -1, 0, -1, -1, -1, -1], [-1, -1, 1, -1, -1, -1, -1], [-1, -1, 2, -1, -1, -1, -1], [-1, -1, -1, 0, -1, -1, -1], [-1, -1, -1, 1, -1, -1, -1], [-1, -1, -1, 2, -1, -1, -1], [-1, -1, -1, 4, -1, -1, -1], [-1, -1, -1, 6, -1, -1, -1], [-1, -1, -1, -1, -1, 0, -1], [-1, -1, -1, -1, -1, 1, -1]]
990 13 
 [[0, -1, -1, -1, -1, -1, -1], [1, -1, -1, -1, -1, -1, -1], [-1, 1, -1, -1, -1, -1, -1], [-1, -1, 0, -1, -1, -1, -1], [-1, -1, 1, -1, -1, -1, -1], [-1, -1, 2, -1, -1, -1, -1], [-1, -1, -1, 0, -1, -1, -1], [-1, -1, -1, 1, -1, -1, -1], [-1, -1, -1, 2, -1, -1, -1], [-1, -1, -1, 4, -1, -1, -1], [-1, -1, -1, 6, -1, -1, -1], [-1, -1, -1, -1, -1, 0, -1], [-1, -1, -1, -1, -1, 1, -1]]


number of patterns found, upperbound
40 0 
 []
90 3 
 [[0, 0, -1, 0, 0, -1, 0], [-1, 0, -1, -1, 0, 0, 0], [-1, -1, -1, 0, 0, 0, 0]]
190 8 
 [[0, 0, 0, 0, 0, -1, 0], [0, 0, -1, 0, 0, 0, 0], [-1, 0, 1, -1, 0, -1, 0], [-1, -1, 0, -1, 0, 1, 0], [-1, -1, 1, 0, 0, -1, 0], [-1, -1, 1, -1, 0, 0, 0], [0, 0, -1, 0, 0, 1, 0], [1, -1, -1, -1, 0, -1, 0]]
290 10 
 [[0, 0, -1, 0, 0, 0, 0], [-1, 0, 1, 0, 0, -1, 0], [-1, 0, 1, -1, 0, 0, 0], [-1, -1, 1, 0, 0, 0, 0], [0, 0, 0, 0, 0, 1, 0], [0, -1, 1, 0, 0, -1, 0], [-1, 0, 0, -1, 0, 0, 0], [0, 0, 1, -1, 0, -1, 0], [-1, -1, 0, 0, 0, 0, 0], [1, 0, -1, -1, 0, 0, 0]]
390 10 
 [[0, 0, 0, 0, 0, 1, 0], [1, 0, -1, -1, 0, 0, 0], [0, 0, 1, 0, 0, -1, 0], [1, -1, -1, 0, 0, -1, 0], [-1, 0, 1, 0, 0, 0, 0], [0, 0, 0, 0, 0, 0, 0], [-1, -1, 2, -1, 0, 0, 0], [1, -1, 1, -1, 0, 0, 0], [-1, 1, -1, 0, 0, -1, 0], [0, -1, 1, 0, 0, 0, 0]]
490 12 
 [[0, 0, 0, 0, 0, 1, 0], [1, 0, -1, -1, 0, 0, 0], [0, 0, 0, 0, 0, 0, 0], [1, -1, 1, -1, 0, 0, 0], [1, 0, -1, 0, 0, -1, 0], [1, -1, -1, 0, 0, 0, 0], [-1, 1, -1, -1, 0, 0, 0], [1, 0, 1, -1, 0, -1, 0], [-1, -1, 2, 0, 0, -1, 0], [0, 0, 1, 0, 0, 0, 0], [0, 1, -1, 0, 0, -1, 0], [-1, 0, 2, -1, 0, 0, 0]]
590 14 
 [[0, 0, 0, 0, 0, 1, 0], [0, 0, 0, 0, 0, 0, 0], [-1, 1, -1, -1, 0, 0, 0], [0, 0, 1, 0, 0, 0, 0], [0, 1, -1, 0, 0, -1, 0], [-1, 0, 2, -1, 0, 0, 0], [-1, 1, 1, -1, 0, -1, 0], [-1, 0, 2, 0, 0, -1, 0], [-1, -1, 2, 0, 0, 0, 0], [1, 0, -1, 0, 0, 0, 0], [0, -1, 2, 0, 0, -1, 0], [-1, -1, 1, -1, 0, 1, 0], [0, 0, 2, -1, 0, -1, 0], [1, 0, 1, -1, 0, 0, 0]]
690 15 
 [[0, 0, 0, 0, 0, 1, 0], [0, 0, 0, 0, 0, 0, 0], [0, 0, 1, 0, 0, 0, 0], [0, 1, -1, 0, 0, -1, 0], [-1, 1, 1, -1, 0, -1, 0], [1, 0, -1, 0, 0, 0, 0], [1, 0, 1, -1, 0, 0, 0], [0, 0, 2, 0, 0, -1, 0], [0, -1, 2, -1, 0, 0, 0], [-1, 0, 2, 0, 0, 0, 0], [-1, 1, -1, 0, 0, 0, 0], [-1, -1, 1, 0, 0, 1, 0], [-1, -1, -1, 1, 0, -1, 0], [0, -1, 1, -1, 0, 1, 0], [1, 0, 0, -1, 0, -1, 0]]
790 19 
 [[0, 0, 0, 0, 0, 1, 0], [0, 0, 0, 0, 0, 0, 0], [0, 0, 1, 0, 0, 0, 0], [0, 1, -1, 0, 0, -1, 0], [1, 0, -1, 0, 0, 0, 0], [1, 0, 1, -1, 0, 0, 0], [0, 0, 2, 0, 0, -1, 0], [-1, 0, 2, 0, 0, 0, 0], [-1, 1, -1, 0, 0, 0, 0], [1, 0, 0, -1, 0, -1, 0], [0, -1, 1, 0, 0, 1, 0], [0, -1, 2, 0, 0, 0, 0], [-1, 1, 1, 0, 0, -1, 0], [0, 1, -1, -1, 0, 0, 0], [-1, 1, -1, -1, 0, 1, 0], [-1, 0, -1, 1, 0, -1, 0], [1, -1, 1, 0, 0, -1, 0], [-1, 0, 1, -1, 0, 1, 0], [0, 0, 2, -1, 0, 0, 0]]
890 25 
 [[0, 0, 0, 0, 0, 1, 0], [0, 0, 0, 0, 0, 0, 0], [0, 0, 1, 0, 0, 0, 0], [0, 1, -1, 0, 0, -1, 0], [1, 0, -1, 0, 0, 0, 0], [1, 0, 1, -1, 0, 0, 0], [0, 0, 2, 0, 0, -1, 0], [-1, 0, 2, 0, 0, 0, 0], [-1, 1, -1, 0, 0, 0, 0], [1, 0, 0, -1, 0, -1, 0], [0, -1, 1, 0, 0, 1, 0], [0, -1, 2, 0, 0, 0, 0], [-1, 1, 1, 0, 0, -1, 0], [0, 1, -1, -1, 0, 0, 0], [-1, 0, -1, 1, 0, -1, 0], [0, 0, 2, -1, 0, 0, 0], [-1, -1, -1, 1, 0, 0, 0], [-1, 1, -1, 0, 0, 1, 0], [-1, 0, 1, 0, 0, 1, 0], [1, -1, 0, -1, 0, 0, 0], [-1, 1, 0, -1, 0, -1, 0], [0, 0, 1, -1, 0, 1, 0], [1, -1, 0, 0, 0, -1, 0], [0, 1, -1, -1, 0, 1, 0], [1, -1, 1, 0, 0, 0, 0]]
990 22 
 [[0, 0, 0, 0, 0, 1, 0], [0, 0, 0, 0, 0, 0, 0], [0, 0, 1, 0, 0, 0, 0], [1, 0, -1, 0, 0, 0, 0], [1, 0, 1, -1, 0, 0, 0], [-1, 1, 1, 0, 0, -1, 0], [-1, 0, -1, 1, 0, -1, 0], [-1, -1, -1, 1, 0, 0, 0], [1, -1, 1, 0, 0, 0, 0], [1, 0, 0, -1, 0, 0, 0], [-1, 1, 0, 0, 0, -1, 0], [0, 0, 1, 0, 0, 1, 0], [0, 1, -1, 0, 0, 1, 0], [0, 1, 1, -1, 0, -1, 0], [-1, 1, 1, -1, 0, 0, 0], [1, 0, 1, 0, 0, -1, 0], [0, 1, 0, -1, 0, -1, 0], [0, 0, 2, 0, 0, 0, 0], [1, 1, -1, -1, 0, -1, 0], [0, 1, -1, 0, 0, 0, 0], [1, 0, 0, 0, 0, -1, 0], [1, -1, -1, -1, 0, 1, 0]]
