execution time
3 0.08017778396606445 0.09272193908691406
4 0.0968470573425293 0.17673897743225098
5 0.1188969612121582 0.2499079704284668
6 0.1322171688079834 0.4036228656768799
7 0.17486810684204102 0.6560142040252686
8 0.23633408546447754 1.2389259338378906
9 0.3795309066772461 3.281646966934204
10 0.840813159942627 9.905322074890137
11 1.5580253601074219 19.79176092147827
12 3.596189260482788 42.21532988548279
13 7.481797218322754 109.82141780853271
14 19.00850820541382 324.99676609039307
15 169.11077523231506 600.0328938961029
16 610.8725738525391 600.000804901123


number of patterns checked
3 274.0 1502.0
4 572.0 5975.0
5 1079.0 10587.0
6 2029.0 15167.0
7 3819.0 30029.0
8 7399.0 59705.0
9 14783.0 138777.0
10 29103.0 257337.0
11 54271.0 495369.0
12 102943.0 812713.0
13 185343.0 1415305.0
14 327167.0 3038905.0
15 610815.0 1175454.0
16 750770.0 747002.0


number of patterns found lowebound
3 4 
 [[1, -1, -1], [-1, 1, -1], [-1, -1, 1], [-1, -1, 2]]
4 8 
 [[1, -1, -1, -1], [-1, 1, -1, -1], [-1, -1, 1, -1], [-1, -1, 2, -1], [-1, -1, -1, 1], [-1, -1, -1, 2], [-1, -1, -1, 4], [-1, -1, -1, 6]]
5 8 
 [[1, -1, -1, -1, -1], [-1, 1, -1, -1, -1], [-1, -1, 1, -1, -1], [-1, -1, 2, -1, -1], [-1, -1, -1, 1, -1], [-1, -1, -1, 2, -1], [-1, -1, -1, 4, -1], [-1, -1, -1, 6, -1]]
6 10 
 [[0, -1, 0, -1, -1, 0], [1, -1, -1, -1, -1, -1], [-1, 1, -1, -1, -1, -1], [-1, -1, 1, -1, -1, -1], [-1, -1, 2, -1, -1, -1], [-1, -1, -1, 1, -1, -1], [-1, -1, -1, 2, -1, -1], [-1, -1, -1, 4, -1, -1], [-1, -1, -1, 6, -1, -1], [-1, -1, -1, -1, -1, 1]]
7 10 
 [[0, -1, 0, -1, -1, 0, -1], [1, -1, -1, -1, -1, -1, -1], [-1, 1, -1, -1, -1, -1, -1], [-1, -1, 1, -1, -1, -1, -1], [-1, -1, 2, -1, -1, -1, -1], [-1, -1, -1, 1, -1, -1, -1], [-1, -1, -1, 2, -1, -1, -1], [-1, -1, -1, 4, -1, -1, -1], [-1, -1, -1, 6, -1, -1, -1], [-1, -1, -1, -1, -1, 1, -1]]
8 10 
 [[0, -1, 0, -1, -1, 0, -1, -1], [1, -1, -1, -1, -1, -1, -1, -1], [-1, 1, -1, -1, -1, -1, -1, -1], [-1, -1, 1, -1, -1, -1, -1, -1], [-1, -1, 2, -1, -1, -1, -1, -1], [-1, -1, -1, 1, -1, -1, -1, -1], [-1, -1, -1, 2, -1, -1, -1, -1], [-1, -1, -1, 4, -1, -1, -1, -1], [-1, -1, -1, 6, -1, -1, -1, -1], [-1, -1, -1, -1, -1, 1, -1, -1]]
9 12 
 [[0, -1, 0, -1, -1, 0, -1, -1, -1], [1, -1, -1, -1, -1, -1, -1, -1, -1], [-1, 1, -1, -1, -1, -1, -1, -1, -1], [-1, -1, 1, -1, -1, -1, -1, -1, -1], [-1, -1, 2, -1, -1, -1, -1, -1, -1], [-1, -1, -1, 1, -1, -1, -1, -1, -1], [-1, -1, -1, 2, -1, -1, -1, -1, -1], [-1, -1, -1, 4, -1, -1, -1, -1, -1], [-1, -1, -1, 6, -1, -1, -1, -1, -1], [-1, -1, -1, -1, -1, 1, -1, -1, -1], [-1, -1, -1, -1, -1, -1, -1, -1, 1], [-1, -1, -1, -1, -1, -1, -1, -1, 2]]
10 15 
 [[0, -1, 0, -1, -1, 0, -1, -1, -1, -1], [1, -1, -1, -1, -1, -1, -1, -1, -1, -1], [-1, 1, -1, -1, -1, -1, -1, -1, -1, -1], [-1, -1, 0, -1, -1, 0, -1, -1, -1, 0], [-1, -1, 1, -1, -1, -1, -1, -1, -1, -1], [-1, -1, 2, -1, -1, -1, -1, -1, -1, -1], [-1, -1, -1, 1, -1, -1, -1, -1, -1, -1], [-1, -1, -1, 2, -1, -1, -1, -1, -1, -1], [-1, -1, -1, 4, -1, -1, -1, -1, -1, -1], [-1, -1, -1, 6, -1, -1, -1, -1, -1, -1], [-1, -1, -1, -1, -1, 1, -1, -1, -1, -1], [-1, -1, -1, -1, -1, -1, -1, -1, 1, -1], [-1, -1, -1, -1, -1, -1, -1, -1, 2, -1], [-1, -1, -1, -1, -1, -1, -1, -1, -1, 1], [-1, -1, -1, -1, -1, -1, -1, -1, -1, 2]]
11 15 
 [[0, -1, 0, -1, -1, 0, -1, -1, -1, -1, -1], [1, -1, -1, -1, -1, -1, -1, -1, -1, -1, -1], [-1, 1, -1, -1, -1, -1, -1, -1, -1, -1, -1], [-1, -1, 0, -1, -1, 0, -1, -1, -1, 0, -1], [-1, -1, 1, -1, -1, -1, -1, -1, -1, -1, -1], [-1, -1, 2, -1, -1, -1, -1, -1, -1, -1, -1], [-1, -1, -1, 1, -1, -1, -1, -1, -1, -1, -1], [-1, -1, -1, 2, -1, -1, -1, -1, -1, -1, -1], [-1, -1, -1, 4, -1, -1, -1, -1, -1, -1, -1], [-1, -1, -1, 6, -1, -1, -1, -1, -1, -1, -1], [-1, -1, -1, -1, -1, 1, -1, -1, -1, -1, -1], [-1, -1, -1, -1, -1, -1, -1, -1, 1, -1, -1], [-1, -1, -1, -1, -1, -1, -1, -1, 2, -1, -1], [-1, -1, -1, -1, -1, -1, -1, -1, -1, 1, -1], [-1, -1, -1, -1, -1, -1, -1, -1, -1, 2, -1]]
12 19 
 [[0, -1, 0, -1, -1, 0, -1, -1, -1, -1, -1, -1], [0, -1, 0, -1, -1, -1, -1, -1, -1, -1, -1, 0], [0, -1, -1, -1, -1, 0, -1, -1, -1, -1, -1, 0], [1, -1, -1, -1, -1, -1, -1, -1, -1, -1, -1, -1], [-1, 1, -1, -1, -1, -1, -1, -1, -1, -1, -1, -1], [-1, -1, 0, -1, -1, 0, -1, -1, -1, 0, -1, -1], [-1, -1, 0, -1, -1, 0, -1, -1, -1, -1, -1, 0], [-1, -1, 1, -1, -1, -1, -1, -1, -1, -1, -1, -1], [-1, -1, 2, -1, -1, -1, -1, -1, -1, -1, -1, -1], [-1, -1, -1, 1, -1, -1, -1, -1, -1, -1, -1, -1], [-1, -1, -1, 2, -1, -1, -1, -1, -1, -1, -1, -1], [-1, -1, -1, 4, -1, -1, -1, -1, -1, -1, -1, -1], [-1, -1, -1, 6, -1, -1, -1, -1, -1, -1, -1, -1], [-1, -1, -1, -1, -1, 1, -1, -1, -1, -1, -1, -1], [-1, -1, -1, -1, -1, -1, -1, -1, 1, -1, -1, -1], [-1, -1, -1, -1, -1, -1, -1, -1, 2, -1, -1, -1], [-1, -1, -1, -1, -1, -1, -1, -1, -1, 1, -1, -1], [-1, -1, -1, -1, -1, -1, -1, -1, -1, 2, -1, -1], [-1, -1, -1, -1, -1, -1, -1, -1, -1, -1, -1, 1]]
13 22 
 [[0, -1, 0, -1, -1, 0, -1, -1, -1, -1, -1, -1, -1], [0, -1, 0, -1, -1, -1, -1, -1, -1, 0, -1, -1, 0], [0, -1, 0, -1, -1, -1, -1, -1, -1, -1, -1, 0, -1], [0, -1, -1, -1, -1, 0, -1, -1, -1, -1, -1, 0, -1], [1, -1, -1, -1, -1, -1, -1, -1, -1, -1, -1, -1, -1], [-1, 1, -1, -1, -1, -1, -1, -1, -1, -1, -1, -1, -1], [-1, -1, 0, -1, -1, 0, -1, -1, -1, 0, -1, -1, -1], [-1, -1, 0, -1, -1, 0, -1, -1, -1, -1, -1, 0, -1], [-1, -1, 0, -1, -1, -1, -1, -1, -1, -1, -1, 0, 0], [-1, -1, 1, -1, -1, -1, -1, -1, -1, -1, -1, -1, -1], [-1, -1, 2, -1, -1, -1, -1, -1, -1, -1, -1, -1, -1], [-1, -1, -1, 1, -1, -1, -1, -1, -1, -1, -1, -1, -1], [-1, -1, -1, 2, -1, -1, -1, -1, -1, -1, -1, -1, -1], [-1, -1, -1, 4, -1, -1, -1, -1, -1, -1, -1, -1, -1], [-1, -1, -1, 6, -1, -1, -1, -1, -1, -1, -1, -1, -1], [-1, -1, -1, -1, -1, 1, -1, -1, -1, -1, -1, -1, -1], [-1, -1, -1, -1, -1, -1, -1, -1, 1, -1, -1, -1, -1], [-1, -1, -1, -1, -1, -1, -1, -1, 2, -1, -1, -1, -1], [-1, -1, -1, -1, -1, -1, -1, -1, -1, 1, -1, -1, -1], [-1, -1, -1, -1, -1, -1, -1, -1, -1, 2, -1, -1, -1], [-1, -1, -1, -1, -1, -1, -1, -1, -1, -1, -1, 1, -1], [-1, -1, -1, -1, -1, -1, -1, -1, -1, -1, -1, -1, 1]]
14 22 
 [[0, -1, 0, -1, -1, 0, -1, -1, -1, -1, -1, -1, -1, -1], [0, -1, 0, -1, -1, -1, -1, -1, -1, 0, -1, -1, 0, -1], [0, -1, 0, -1, -1, -1, -1, -1, -1, -1, -1, 0, -1, -1], [0, -1, -1, -1, -1, 0, -1, -1, -1, -1, -1, 0, -1, -1], [1, -1, -1, -1, -1, -1, -1, -1, -1, -1, -1, -1, -1, -1], [-1, 1, -1, -1, -1, -1, -1, -1, -1, -1, -1, -1, -1, -1], [-1, -1, 0, -1, -1, 0, -1, -1, -1, 0, -1, -1, -1, -1], [-1, -1, 0, -1, -1, 0, -1, -1, -1, -1, -1, 0, -1, -1], [-1, -1, 0, -1, -1, -1, -1, -1, -1, -1, -1, 0, 0, -1], [-1, -1, 1, -1, -1, -1, -1, -1, -1, -1, -1, -1, -1, -1], [-1, -1, 2, -1, -1, -1, -1, -1, -1, -1, -1, -1, -1, -1], [-1, -1, -1, 1, -1, -1, -1, -1, -1, -1, -1, -1, -1, -1], [-1, -1, -1, 2, -1, -1, -1, -1, -1, -1, -1, -1, -1, -1], [-1, -1, -1, 4, -1, -1, -1, -1, -1, -1, -1, -1, -1, -1], [-1, -1, -1, 6, -1, -1, -1, -1, -1, -1, -1, -1, -1, -1], [-1, -1, -1, -1, -1, 1, -1, -1, -1, -1, -1, -1, -1, -1], [-1, -1, -1, -1, -1, -1, -1, -1, 1, -1, -1, -1, -1, -1], [-1, -1, -1, -1, -1, -1, -1, -1, 2, -1, -1, -1, -1, -1], [-1, -1, -1, -1, -1, -1, -1, -1, -1, 1, -1, -1, -1, -1], [-1, -1, -1, -1, -1, -1, -1, -1, -1, 2, -1, -1, -1, -1], [-1, -1, -1, -1, -1, -1, -1, -1, -1, -1, -1, 1, -1, -1], [-1, -1, -1, -1, -1, -1, -1, -1, -1, -1, -1, -1, 1, -1]]
15 24 
 [[0, -1, 0, -1, -1, 0, -1, -1, -1, -1, -1, -1, -1, -1, -1], [0, -1, 0, -1, -1, -1, -1, -1, -1, 0, -1, -1, 0, -1, -1], [0, -1, 0, -1, -1, -1, -1, -1, -1, -1, -1, 0, -1, -1, -1], [0, -1, -1, -1, -1, 0, -1, -1, -1, -1, -1, 0, -1, -1, -1], [1, -1, -1, -1, -1, -1, -1, -1, -1, -1, -1, -1, -1, -1, -1], [-1, 1, -1, -1, -1, -1, -1, -1, -1, -1, -1, -1, -1, -1, -1], [-1, -1, 0, -1, -1, 0, -1, -1, -1, 0, -1, -1, -1, -1, -1], [-1, -1, 0, -1, -1, 0, -1, -1, -1, -1, -1, 0, -1, -1, -1], [-1, -1, 0, -1, -1, -1, -1, -1, -1, -1, -1, 0, 0, -1, -1], [-1, -1, 1, -1, -1, -1, -1, -1, -1, -1, -1, -1, -1, -1, -1], [-1, -1, 2, -1, -1, -1, -1, -1, -1, -1, -1, -1, -1, -1, -1], [-1, -1, -1, 1, -1, -1, -1, -1, -1, -1, -1, -1, -1, -1, -1], [-1, -1, -1, 2, -1, -1, -1, -1, -1, -1, -1, -1, -1, -1, -1], [-1, -1, -1, 4, -1, -1, -1, -1, -1, -1, -1, -1, -1, -1, -1], [-1, -1, -1, 6, -1, -1, -1, -1, -1, -1, -1, -1, -1, -1, -1], [-1, -1, -1, -1, -1, 1, -1, -1, -1, -1, -1, -1, -1, -1, -1], [-1, -1, -1, -1, -1, -1, -1, -1, 1, -1, -1, -1, -1, -1, -1], [-1, -1, -1, -1, -1, -1, -1, -1, 2, -1, -1, -1, -1, -1, -1], [-1, -1, -1, -1, -1, -1, -1, -1, -1, 1, -1, -1, -1, -1, -1], [-1, -1, -1, -1, -1, -1, -1, -1, -1, 2, -1, -1, -1, -1, -1], [-1, -1, -1, -1, -1, -1, -1, -1, -1, -1, -1, 1, -1, -1, -1], [-1, -1, -1, -1, -1, -1, -1, -1, -1, -1, -1, -1, 1, -1, -1], [-1, -1, -1, -1, -1, -1, -1, -1, -1, -1, -1, -1, -1, -1, 1], [-1, -1, -1, -1, -1, -1, -1, -1, -1, -1, -1, -1, -1, -1, 2]]
16 25 
 [[0, -1, 0, -1, -1, 0, -1, -1, -1, -1, -1, -1, -1, -1, -1, -1], [0, -1, 0, -1, -1, -1, -1, -1, -1, 0, -1, -1, 0, -1, -1, -1], [0, -1, 0, -1, -1, -1, -1, -1, -1, -1, -1, 0, -1, -1, -1, -1], [0, -1, -1, -1, -1, 0, -1, -1, -1, -1, -1, 0, -1, -1, -1, -1], [1, -1, -1, -1, -1, -1, -1, -1, -1, -1, -1, -1, -1, -1, -1, -1], [-1, 1, -1, -1, -1, -1, -1, -1, -1, -1, -1, -1, -1, -1, -1, -1], [-1, -1, 0, -1, -1, 0, -1, -1, -1, 0, -1, -1, -1, -1, -1, -1], [-1, -1, 0, -1, -1, 0, -1, -1, -1, -1, -1, 0, -1, -1, -1, -1], [-1, -1, 0, -1, -1, -1, -1, -1, -1, -1, -1, 0, 0, -1, -1, -1], [-1, -1, 1, -1, -1, -1, -1, -1, -1, -1, -1, -1, -1, -1, -1, -1], [-1, -1, 2, -1, -1, -1, -1, -1, -1, -1, -1, -1, -1, -1, -1, -1], [-1, -1, -1, 1, -1, -1, -1, -1, -1, -1, -1, -1, -1, -1, -1, -1], [-1, -1, -1, 2, -1, -1, -1, -1, -1, -1, -1, -1, -1, -1, -1, -1], [-1, -1, -1, 4, -1, -1, -1, -1, -1, -1, -1, -1, -1, -1, -1, -1], [-1, -1, -1, 6, -1, -1, -1, -1, -1, -1, -1, -1, -1, -1, -1, -1], [-1, -1, -1, -1, -1, 1, -1, -1, -1, -1, -1, -1, -1, -1, -1, -1], [-1, -1, -1, -1, -1, -1, -1, -1, 1, -1, -1, -1, -1, -1, -1, -1], [-1, -1, -1, -1, -1, -1, -1, -1, 2, -1, -1, -1, -1, -1, -1, -1], [-1, -1, -1, -1, -1, -1, -1, -1, -1, 1, -1, -1, -1, -1, -1, -1], [-1, -1, -1, -1, -1, -1, -1, -1, -1, 2, -1, -1, -1, -1, -1, -1], [-1, -1, -1, -1, -1, -1, -1, -1, -1, -1, -1, 1, -1, -1, -1, -1], [-1, -1, -1, -1, -1, -1, -1, -1, -1, -1, -1, -1, 1, -1, -1, -1], [-1, -1, -1, -1, -1, -1, -1, -1, -1, -1, -1, -1, -1, -1, 1, -1], [-1, -1, -1, -1, -1, -1, -1, -1, -1, -1, -1, -1, -1, -1, 2, -1], [-1, -1, -1, -1, -1, -1, -1, -1, -1, -1, -1, -1, -1, -1, -1, 0]]


number of patterns found upperbound
3 2 
 [[0, 0, -1], [-1, -1, 0]]
4 2 
 [[0, 0, -1, 0], [-1, -1, 0, -1]]
5 2 
 [[0, 0, -1, 0, 0], [-1, -1, 0, -1, 0]]
6 4 
 [[0, 0, -1, 0, 0, -1], [-1, -1, 0, -1, 0, -1], [-1, -1, -1, 0, 0, 0], [-1, 0, -1, -1, 0, 0]]
7 4 
 [[0, 0, -1, 0, 0, -1, 0], [-1, -1, 0, -1, 0, -1, 0], [-1, -1, -1, 0, 0, 0, 0], [-1, 0, -1, -1, 0, 0, 0]]
8 4 
 [[0, 0, -1, 0, 0, -1, 0, 0], [-1, -1, 0, -1, 0, -1, 0, 0], [-1, -1, -1, 0, 0, 0, 0, 0], [-1, 0, -1, -1, 0, 0, 0, 0]]
9 4 
 [[0, 0, -1, 0, 0, -1, 0, 0, 0], [-1, -1, 0, -1, 0, -1, 0, 0, 0], [-1, -1, -1, 0, 0, 0, 0, 0, 0], [-1, 0, -1, -1, 0, 0, 0, 0, 0]]
10 6 
 [[0, 0, -1, 0, 0, -1, 0, 0, 0, -1], [-1, -1, 0, -1, 0, -1, 0, 0, 0, -1], [-1, -1, -1, 0, 0, 0, 0, 0, 0, -1], [-1, 0, -1, 0, 0, -1, 0, 0, 0, 0], [-1, 0, -1, -1, 0, 0, 0, 0, 0, -1], [0, -1, -1, 0, 0, -1, 0, 0, 0, 0]]
11 6 
 [[0, 0, -1, 0, 0, -1, 0, 0, 0, -1, 0], [-1, -1, 0, -1, 0, -1, 0, 0, 0, -1, 0], [-1, -1, -1, 0, 0, 0, 0, 0, 0, -1, 0], [-1, 0, -1, 0, 0, -1, 0, 0, 0, 0, 0], [-1, 0, -1, -1, 0, 0, 0, 0, 0, -1, 0], [0, -1, -1, 0, 0, -1, 0, 0, 0, 0, 0]]
12 7 
 [[0, 0, -1, 0, 0, -1, 0, 0, 0, -1, 0, -1], [-1, -1, 0, -1, 0, -1, 0, 0, 0, -1, 0, -1], [-1, -1, -1, 0, 0, 0, 0, 0, 0, -1, 0, -1], [-1, 0, -1, 0, 0, -1, 0, 0, 0, 0, 0, -1], [-1, 0, -1, -1, 0, -1, 0, 0, 0, -1, 0, 0], [-1, 0, -1, -1, 0, 0, 0, 0, 0, -1, 0, -1], [0, -1, -1, 0, 0, -1, 0, 0, 0, 0, 0, -1]]
13 10 
 [[0, 0, -1, 0, 0, -1, 0, 0, 0, -1, 0, -1, -1], [-1, -1, 0, -1, 0, -1, 0, 0, 0, -1, 0, -1, -1], [-1, -1, -1, 0, 0, 0, 0, 0, 0, -1, 0, -1, -1], [-1, 0, -1, 0, 0, -1, 0, 0, 0, 0, 0, -1, -1], [-1, 0, -1, -1, 0, -1, 0, 0, 0, -1, 0, 0, -1], [-1, 0, -1, -1, 0, 0, 0, 0, 0, -1, 0, -1, -1], [-1, -1, -1, 0, 0, -1, 0, 0, 0, -1, 0, -1, 0], [-1, -1, -1, -1, 0, 0, 0, 0, 0, -1, 0, -1, 0], [0, -1, -1, 0, 0, -1, 0, 0, 0, 0, 0, -1, -1], [-1, 0, -1, -1, 0, -1, 0, 0, 0, -1, 0, -1, 0]]
14 10 
 [[0, 0, -1, 0, 0, -1, 0, 0, 0, -1, 0, -1, -1, 0], [-1, -1, 0, -1, 0, -1, 0, 0, 0, -1, 0, -1, -1, 0], [-1, -1, -1, 0, 0, 0, 0, 0, 0, -1, 0, -1, -1, 0], [-1, 0, -1, 0, 0, -1, 0, 0, 0, 0, 0, -1, -1, 0], [-1, 0, -1, -1, 0, -1, 0, 0, 0, -1, 0, 0, -1, 0], [-1, 0, -1, -1, 0, 0, 0, 0, 0, -1, 0, -1, -1, 0], [-1, -1, -1, 0, 0, -1, 0, 0, 0, -1, 0, -1, 0, 0], [-1, -1, -1, -1, 0, 0, 0, 0, 0, -1, 0, -1, 0, 0], [0, -1, -1, 0, 0, -1, 0, 0, 0, 0, 0, -1, -1, 0], [-1, 0, -1, -1, 0, -1, 0, 0, 0, -1, 0, -1, 0, 0]]
15 0 
 []
16 0 
 []
