execution time
40 14.257475137710571 179.6481397151947
90 54.0454580783844 600.0072929859161
190 219.14366817474365 600.00057721138
290 264.1081531047821 600.0102069377899
390 457.33511114120483 600.084981918335
490 556.2017517089844 600.010745048523
590 531.4455218315125 600.0045170783997
690 544.4195919036865 600.0217888355255
790 586.8606939315796 600.0061571598053
890 485.75662994384766 600.0005729198456
990 512.9019799232483 600.0003640651703


number of patterns visited
40 102943 812713
90 270637 1968661
190 634032 1691619
290 1001846 2015192
390 1395091 1823489
490 1783864 2201770
590 2179017 2651825
690 2574834 2940737
790 2963640 3577466
890 3361723 4706674
990 3747829 4754468


number of patterns found, lowerbound
40 19 
 [[0, -1, 0, -1, -1, 0, -1, -1, -1, -1, -1, -1], [0, -1, 0, -1, -1, -1, -1, -1, -1, -1, -1, 0], [0, -1, -1, -1, -1, 0, -1, -1, -1, -1, -1, 0], [1, -1, -1, -1, -1, -1, -1, -1, -1, -1, -1, -1], [-1, 1, -1, -1, -1, -1, -1, -1, -1, -1, -1, -1], [-1, -1, 0, -1, -1, 0, -1, -1, -1, 0, -1, -1], [-1, -1, 0, -1, -1, 0, -1, -1, -1, -1, -1, 0], [-1, -1, 1, -1, -1, -1, -1, -1, -1, -1, -1, -1], [-1, -1, 2, -1, -1, -1, -1, -1, -1, -1, -1, -1], [-1, -1, -1, 1, -1, -1, -1, -1, -1, -1, -1, -1], [-1, -1, -1, 2, -1, -1, -1, -1, -1, -1, -1, -1], [-1, -1, -1, 4, -1, -1, -1, -1, -1, -1, -1, -1], [-1, -1, -1, 6, -1, -1, -1, -1, -1, -1, -1, -1], [-1, -1, -1, -1, -1, 1, -1, -1, -1, -1, -1, -1], [-1, -1, -1, -1, -1, -1, -1, -1, 1, -1, -1, -1], [-1, -1, -1, -1, -1, -1, -1, -1, 2, -1, -1, -1], [-1, -1, -1, -1, -1, -1, -1, -1, -1, 1, -1, -1], [-1, -1, -1, -1, -1, -1, -1, -1, -1, 2, -1, -1], [-1, -1, -1, -1, -1, -1, -1, -1, -1, -1, -1, 1]]
90 19 
 [[0, -1, 0, -1, -1, 0, -1, -1, -1, -1, -1, -1], [0, -1, 0, -1, -1, -1, -1, -1, -1, -1, -1, 0], [0, -1, -1, -1, -1, 0, -1, -1, -1, -1, -1, 0], [1, -1, -1, -1, -1, -1, -1, -1, -1, -1, -1, -1], [-1, 1, -1, -1, -1, -1, -1, -1, -1, -1, -1, -1], [-1, -1, 0, -1, -1, 0, -1, -1, -1, 0, -1, -1], [-1, -1, 0, -1, -1, 0, -1, -1, -1, -1, -1, 0], [-1, -1, 1, -1, -1, -1, -1, -1, -1, -1, -1, -1], [-1, -1, 2, -1, -1, -1, -1, -1, -1, -1, -1, -1], [-1, -1, -1, 1, -1, -1, -1, -1, -1, -1, -1, -1], [-1, -1, -1, 2, -1, -1, -1, -1, -1, -1, -1, -1], [-1, -1, -1, 4, -1, -1, -1, -1, -1, -1, -1, -1], [-1, -1, -1, 6, -1, -1, -1, -1, -1, -1, -1, -1], [-1, -1, -1, -1, -1, 1, -1, -1, -1, -1, -1, -1], [-1, -1, -1, -1, -1, -1, -1, -1, 1, -1, -1, -1], [-1, -1, -1, -1, -1, -1, -1, -1, 2, -1, -1, -1], [-1, -1, -1, -1, -1, -1, -1, -1, -1, 1, -1, -1], [-1, -1, -1, -1, -1, -1, -1, -1, -1, 2, -1, -1], [-1, -1, -1, -1, -1, -1, -1, -1, -1, -1, -1, 1]]
190 19 
 [[0, -1, 0, -1, -1, 0, -1, -1, -1, -1, -1, -1], [0, -1, 0, -1, -1, -1, -1, -1, -1, -1, -1, 0], [0, -1, -1, -1, -1, 0, -1, -1, -1, -1, -1, 0], [1, -1, -1, -1, -1, -1, -1, -1, -1, -1, -1, -1], [-1, 1, -1, -1, -1, -1, -1, -1, -1, -1, -1, -1], [-1, -1, 0, -1, -1, 0, -1, -1, -1, 0, -1, -1], [-1, -1, 0, -1, -1, 0, -1, -1, -1, -1, -1, 0], [-1, -1, 1, -1, -1, -1, -1, -1, -1, -1, -1, -1], [-1, -1, 2, -1, -1, -1, -1, -1, -1, -1, -1, -1], [-1, -1, -1, 1, -1, -1, -1, -1, -1, -1, -1, -1], [-1, -1, -1, 2, -1, -1, -1, -1, -1, -1, -1, -1], [-1, -1, -1, 4, -1, -1, -1, -1, -1, -1, -1, -1], [-1, -1, -1, 6, -1, -1, -1, -1, -1, -1, -1, -1], [-1, -1, -1, -1, -1, 1, -1, -1, -1, -1, -1, -1], [-1, -1, -1, -1, -1, -1, -1, -1, 1, -1, -1, -1], [-1, -1, -1, -1, -1, -1, -1, -1, 2, -1, -1, -1], [-1, -1, -1, -1, -1, -1, -1, -1, -1, 1, -1, -1], [-1, -1, -1, -1, -1, -1, -1, -1, -1, 2, -1, -1], [-1, -1, -1, -1, -1, -1, -1, -1, -1, -1, -1, 1]]
290 19 
 [[0, -1, 0, -1, -1, 0, -1, -1, -1, -1, -1, -1], [0, -1, 0, -1, -1, -1, -1, -1, -1, -1, -1, 0], [0, -1, -1, -1, -1, 0, -1, -1, -1, -1, -1, 0], [1, -1, -1, -1, -1, -1, -1, -1, -1, -1, -1, -1], [-1, 1, -1, -1, -1, -1, -1, -1, -1, -1, -1, -1], [-1, -1, 0, -1, -1, 0, -1, -1, -1, 0, -1, -1], [-1, -1, 0, -1, -1, 0, -1, -1, -1, -1, -1, 0], [-1, -1, 1, -1, -1, -1, -1, -1, -1, -1, -1, -1], [-1, -1, 2, -1, -1, -1, -1, -1, -1, -1, -1, -1], [-1, -1, -1, 1, -1, -1, -1, -1, -1, -1, -1, -1], [-1, -1, -1, 2, -1, -1, -1, -1, -1, -1, -1, -1], [-1, -1, -1, 4, -1, -1, -1, -1, -1, -1, -1, -1], [-1, -1, -1, 6, -1, -1, -1, -1, -1, -1, -1, -1], [-1, -1, -1, -1, -1, 1, -1, -1, -1, -1, -1, -1], [-1, -1, -1, -1, -1, -1, -1, -1, 1, -1, -1, -1], [-1, -1, -1, -1, -1, -1, -1, -1, 2, -1, -1, -1], [-1, -1, -1, -1, -1, -1, -1, -1, -1, 1, -1, -1], [-1, -1, -1, -1, -1, -1, -1, -1, -1, 2, -1, -1], [-1, -1, -1, -1, -1, -1, -1, -1, -1, -1, -1, 1]]
390 19 
 [[0, -1, 0, -1, -1, 0, -1, -1, -1, -1, -1, -1], [0, -1, 0, -1, -1, -1, -1, -1, -1, -1, -1, 0], [0, -1, -1, -1, -1, 0, -1, -1, -1, -1, -1, 0], [1, -1, -1, -1, -1, -1, -1, -1, -1, -1, -1, -1], [-1, 1, -1, -1, -1, -1, -1, -1, -1, -1, -1, -1], [-1, -1, 0, -1, -1, 0, -1, -1, -1, 0, -1, -1], [-1, -1, 0, -1, -1, 0, -1, -1, -1, -1, -1, 0], [-1, -1, 1, -1, -1, -1, -1, -1, -1, -1, -1, -1], [-1, -1, 2, -1, -1, -1, -1, -1, -1, -1, -1, -1], [-1, -1, -1, 1, -1, -1, -1, -1, -1, -1, -1, -1], [-1, -1, -1, 2, -1, -1, -1, -1, -1, -1, -1, -1], [-1, -1, -1, 4, -1, -1, -1, -1, -1, -1, -1, -1], [-1, -1, -1, 6, -1, -1, -1, -1, -1, -1, -1, -1], [-1, -1, -1, -1, -1, 1, -1, -1, -1, -1, -1, -1], [-1, -1, -1, -1, -1, -1, -1, -1, 1, -1, -1, -1], [-1, -1, -1, -1, -1, -1, -1, -1, 2, -1, -1, -1], [-1, -1, -1, -1, -1, -1, -1, -1, -1, 1, -1, -1], [-1, -1, -1, -1, -1, -1, -1, -1, -1, 2, -1, -1], [-1, -1, -1, -1, -1, -1, -1, -1, -1, -1, -1, 1]]
490 19 
 [[0, -1, 0, -1, -1, 0, -1, -1, -1, -1, -1, -1], [0, -1, 0, -1, -1, -1, -1, -1, -1, -1, -1, 0], [0, -1, -1, -1, -1, 0, -1, -1, -1, -1, -1, 0], [1, -1, -1, -1, -1, -1, -1, -1, -1, -1, -1, -1], [-1, 1, -1, -1, -1, -1, -1, -1, -1, -1, -1, -1], [-1, -1, 0, -1, -1, 0, -1, -1, -1, 0, -1, -1], [-1, -1, 0, -1, -1, 0, -1, -1, -1, -1, -1, 0], [-1, -1, 1, -1, -1, -1, -1, -1, -1, -1, -1, -1], [-1, -1, 2, -1, -1, -1, -1, -1, -1, -1, -1, -1], [-1, -1, -1, 1, -1, -1, -1, -1, -1, -1, -1, -1], [-1, -1, -1, 2, -1, -1, -1, -1, -1, -1, -1, -1], [-1, -1, -1, 4, -1, -1, -1, -1, -1, -1, -1, -1], [-1, -1, -1, 6, -1, -1, -1, -1, -1, -1, -1, -1], [-1, -1, -1, -1, -1, 1, -1, -1, -1, -1, -1, -1], [-1, -1, -1, -1, -1, -1, -1, -1, 1, -1, -1, -1], [-1, -1, -1, -1, -1, -1, -1, -1, 2, -1, -1, -1], [-1, -1, -1, -1, -1, -1, -1, -1, -1, 1, -1, -1], [-1, -1, -1, -1, -1, -1, -1, -1, -1, 2, -1, -1], [-1, -1, -1, -1, -1, -1, -1, -1, -1, -1, -1, 1]]
590 19 
 [[0, -1, 0, -1, -1, 0, -1, -1, -1, -1, -1, -1], [0, -1, 0, -1, -1, -1, -1, -1, -1, -1, -1, 0], [0, -1, -1, -1, -1, 0, -1, -1, -1, -1, -1, 0], [1, -1, -1, -1, -1, -1, -1, -1, -1, -1, -1, -1], [-1, 1, -1, -1, -1, -1, -1, -1, -1, -1, -1, -1], [-1, -1, 0, -1, -1, 0, -1, -1, -1, 0, -1, -1], [-1, -1, 0, -1, -1, 0, -1, -1, -1, -1, -1, 0], [-1, -1, 1, -1, -1, -1, -1, -1, -1, -1, -1, -1], [-1, -1, 2, -1, -1, -1, -1, -1, -1, -1, -1, -1], [-1, -1, -1, 1, -1, -1, -1, -1, -1, -1, -1, -1], [-1, -1, -1, 2, -1, -1, -1, -1, -1, -1, -1, -1], [-1, -1, -1, 4, -1, -1, -1, -1, -1, -1, -1, -1], [-1, -1, -1, 6, -1, -1, -1, -1, -1, -1, -1, -1], [-1, -1, -1, -1, -1, 1, -1, -1, -1, -1, -1, -1], [-1, -1, -1, -1, -1, -1, -1, -1, 1, -1, -1, -1], [-1, -1, -1, -1, -1, -1, -1, -1, 2, -1, -1, -1], [-1, -1, -1, -1, -1, -1, -1, -1, -1, 1, -1, -1], [-1, -1, -1, -1, -1, -1, -1, -1, -1, 2, -1, -1], [-1, -1, -1, -1, -1, -1, -1, -1, -1, -1, -1, 1]]
690 19 
 [[0, -1, 0, -1, -1, 0, -1, -1, -1, -1, -1, -1], [0, -1, 0, -1, -1, -1, -1, -1, -1, -1, -1, 0], [0, -1, -1, -1, -1, 0, -1, -1, -1, -1, -1, 0], [1, -1, -1, -1, -1, -1, -1, -1, -1, -1, -1, -1], [-1, 1, -1, -1, -1, -1, -1, -1, -1, -1, -1, -1], [-1, -1, 0, -1, -1, 0, -1, -1, -1, 0, -1, -1], [-1, -1, 0, -1, -1, 0, -1, -1, -1, -1, -1, 0], [-1, -1, 1, -1, -1, -1, -1, -1, -1, -1, -1, -1], [-1, -1, 2, -1, -1, -1, -1, -1, -1, -1, -1, -1], [-1, -1, -1, 1, -1, -1, -1, -1, -1, -1, -1, -1], [-1, -1, -1, 2, -1, -1, -1, -1, -1, -1, -1, -1], [-1, -1, -1, 4, -1, -1, -1, -1, -1, -1, -1, -1], [-1, -1, -1, 6, -1, -1, -1, -1, -1, -1, -1, -1], [-1, -1, -1, -1, -1, 1, -1, -1, -1, -1, -1, -1], [-1, -1, -1, -1, -1, -1, -1, -1, 1, -1, -1, -1], [-1, -1, -1, -1, -1, -1, -1, -1, 2, -1, -1, -1], [-1, -1, -1, -1, -1, -1, -1, -1, -1, 1, -1, -1], [-1, -1, -1, -1, -1, -1, -1, -1, -1, 2, -1, -1], [-1, -1, -1, -1, -1, -1, -1, -1, -1, -1, -1, 1]]
790 19 
 [[0, -1, 0, -1, -1, 0, -1, -1, -1, -1, -1, -1], [0, -1, 0, -1, -1, -1, -1, -1, -1, -1, -1, 0], [0, -1, -1, -1, -1, 0, -1, -1, -1, -1, -1, 0], [1, -1, -1, -1, -1, -1, -1, -1, -1, -1, -1, -1], [-1, 1, -1, -1, -1, -1, -1, -1, -1, -1, -1, -1], [-1, -1, 0, -1, -1, 0, -1, -1, -1, 0, -1, -1], [-1, -1, 0, -1, -1, 0, -1, -1, -1, -1, -1, 0], [-1, -1, 1, -1, -1, -1, -1, -1, -1, -1, -1, -1], [-1, -1, 2, -1, -1, -1, -1, -1, -1, -1, -1, -1], [-1, -1, -1, 1, -1, -1, -1, -1, -1, -1, -1, -1], [-1, -1, -1, 2, -1, -1, -1, -1, -1, -1, -1, -1], [-1, -1, -1, 4, -1, -1, -1, -1, -1, -1, -1, -1], [-1, -1, -1, 6, -1, -1, -1, -1, -1, -1, -1, -1], [-1, -1, -1, -1, -1, 1, -1, -1, -1, -1, -1, -1], [-1, -1, -1, -1, -1, -1, -1, -1, 1, -1, -1, -1], [-1, -1, -1, -1, -1, -1, -1, -1, 2, -1, -1, -1], [-1, -1, -1, -1, -1, -1, -1, -1, -1, 1, -1, -1], [-1, -1, -1, -1, -1, -1, -1, -1, -1, 2, -1, -1], [-1, -1, -1, -1, -1, -1, -1, -1, -1, -1, -1, 1]]
890 19 
 [[0, -1, 0, -1, -1, 0, -1, -1, -1, -1, -1, -1], [0, -1, 0, -1, -1, -1, -1, -1, -1, -1, -1, 0], [0, -1, -1, -1, -1, 0, -1, -1, -1, -1, -1, 0], [1, -1, -1, -1, -1, -1, -1, -1, -1, -1, -1, -1], [-1, 1, -1, -1, -1, -1, -1, -1, -1, -1, -1, -1], [-1, -1, 0, -1, -1, 0, -1, -1, -1, 0, -1, -1], [-1, -1, 0, -1, -1, 0, -1, -1, -1, -1, -1, 0], [-1, -1, 1, -1, -1, -1, -1, -1, -1, -1, -1, -1], [-1, -1, 2, -1, -1, -1, -1, -1, -1, -1, -1, -1], [-1, -1, -1, 1, -1, -1, -1, -1, -1, -1, -1, -1], [-1, -1, -1, 2, -1, -1, -1, -1, -1, -1, -1, -1], [-1, -1, -1, 4, -1, -1, -1, -1, -1, -1, -1, -1], [-1, -1, -1, 6, -1, -1, -1, -1, -1, -1, -1, -1], [-1, -1, -1, -1, -1, 1, -1, -1, -1, -1, -1, -1], [-1, -1, -1, -1, -1, -1, -1, -1, 1, -1, -1, -1], [-1, -1, -1, -1, -1, -1, -1, -1, 2, -1, -1, -1], [-1, -1, -1, -1, -1, -1, -1, -1, -1, 1, -1, -1], [-1, -1, -1, -1, -1, -1, -1, -1, -1, 2, -1, -1], [-1, -1, -1, -1, -1, -1, -1, -1, -1, -1, -1, 1]]
990 19 
 [[0, -1, 0, -1, -1, 0, -1, -1, -1, -1, -1, -1], [0, -1, 0, -1, -1, -1, -1, -1, -1, -1, -1, 0], [0, -1, -1, -1, -1, 0, -1, -1, -1, -1, -1, 0], [1, -1, -1, -1, -1, -1, -1, -1, -1, -1, -1, -1], [-1, 1, -1, -1, -1, -1, -1, -1, -1, -1, -1, -1], [-1, -1, 0, -1, -1, 0, -1, -1, -1, 0, -1, -1], [-1, -1, 0, -1, -1, 0, -1, -1, -1, -1, -1, 0], [-1, -1, 1, -1, -1, -1, -1, -1, -1, -1, -1, -1], [-1, -1, 2, -1, -1, -1, -1, -1, -1, -1, -1, -1], [-1, -1, -1, 1, -1, -1, -1, -1, -1, -1, -1, -1], [-1, -1, -1, 2, -1, -1, -1, -1, -1, -1, -1, -1], [-1, -1, -1, 4, -1, -1, -1, -1, -1, -1, -1, -1], [-1, -1, -1, 6, -1, -1, -1, -1, -1, -1, -1, -1], [-1, -1, -1, -1, -1, 1, -1, -1, -1, -1, -1, -1], [-1, -1, -1, -1, -1, -1, -1, -1, 1, -1, -1, -1], [-1, -1, -1, -1, -1, -1, -1, -1, 2, -1, -1, -1], [-1, -1, -1, -1, -1, -1, -1, -1, -1, 1, -1, -1], [-1, -1, -1, -1, -1, -1, -1, -1, -1, 2, -1, -1], [-1, -1, -1, -1, -1, -1, -1, -1, -1, -1, -1, 1]]


number of patterns found, upperbound
40 7 
 [[0, 0, -1, 0, 0, -1, 0, 0, 0, -1, 0, -1], [-1, -1, 0, -1, 0, -1, 0, 0, 0, -1, 0, -1], [-1, -1, -1, 0, 0, 0, 0, 0, 0, -1, 0, -1], [-1, 0, -1, 0, 0, -1, 0, 0, 0, 0, 0, -1], [-1, 0, -1, -1, 0, -1, 0, 0, 0, -1, 0, 0], [-1, 0, -1, -1, 0, 0, 0, 0, 0, -1, 0, -1], [0, -1, -1, 0, 0, -1, 0, 0, 0, 0, 0, -1]]
90 20 
 [[-1, -1, -1, 0, 0, -1, 0, 0, 0, -1, 0, 1], [-1, -1, -1, -1, 0, -1, 0, 0, 0, 0, 0, 1], [0, 0, -1, 0, 0, -1, 0, 0, 0, 0, 0, 0], [0, 0, -1, 0, 0, 0, 0, 0, 0, 0, 0, -1], [-1, 0, 0, 0, 0, -1, 0, 0, 0, -1, 0, 0], [-1, 0, -1, -1, 0, -1, 0, 0, 0, -1, 0, 1], [-1, -1, -1, -1, 0, 0, 0, 0, 0, -1, 0, 1], [0, 0, -1, 0, 0, 0, 0, 0, 0, -1, 0, 0], [-1, -1, -1, 0, 0, 0, 0, 0, 0, 0, 0, 0], [-1, -1, 1, -1, 0, 0, 0, 0, 0, -1, 0, -1], [-1, -1, 1, 0, 0, -1, 0, 0, 0, -1, 0, -1], [-1, -1, 1, -1, 0, -1, 0, 0, 0, 0, 0, -1], [1, -1, -1, -1, 0, -1, 0, 0, 0, -1, 0, -1], [-1, 0, -1, -1, 0, 0, 0, 0, 0, 0, 0, 0], [0, 0, 0, 0, 0, -1, 0, 0, 0, 0, 0, -1], [0, 0, 0, -1, 0, -1, 0, 0, 0, -1, 0, 0], [0, -1, 0, 0, 0, -1, 0, 0, 0, -1, 0, 0], [0, -1, -1, -1, 0, 1, 0, 0, 0, -1, 0, -1], [-1, 0, -1, -1, 0, 1, 0, 0, 0, -1, 0, -1], [-1, -1, -1, 0, 0, 1, 0, 0, 0, -1, 0, -1]]
190 46 
 [[0, 0, 0, 0, 0, -1, 0, 0, 0, 0, 0, 0], [0, 0, -1, 0, 0, 0, 0, 0, 0, 0, 0, 0], [-1, -1, 2, -1, 0, 0, 0, 0, 0, -1, 0, -1], [-1, 0, -1, 0, 0, 0, 0, 0, 0, -1, 0, 1], [-1, 0, -1, -1, 0, -1, 0, 0, 0, 1, 0, 0], [0, 0, 0, 0, 0, 1, 0, 0, 0, -1, 0, 0], [1, -1, -1, -1, 0, 0, 0, 0, 0, 0, 0, -1], [0, 0, 1, 0, 0, -1, 0, 0, 0, -1, 0, -1], [-1, 0, 2, -1, 0, -1, 0, 0, 0, -1, 0, -1], [1, 0, -1, -1, 0, 0, 0, 0, 0, -1, 0, -1], [1, 0, -1, -1, 0, -1, 0, 0, 0, 0, 0, -1], [-1, 0, 1, 0, 0, 0, 0, 0, 0, -1, 0, -1], [-1, 1, -1, -1, 0, -1, 0, 0, 0, -1, 0, -1], [0, 0, -1, 0, 0, -1, 0, 0, 0, 1, 0, -1], [-1, 0, -1, -1, 0, 0, 0, 0, 0, 1, 0, -1], [0, -1, 1, 0, 0, 0, 0, 0, 0, -1, 0, -1], [-1, -1, 1, 0, 0, 0, 0, 0, 0, 0, 0, -1], [-1, 0, 1, 0, 0, -1, 0, 0, 0, 0, 0, -1], [0, 0, 0, 0, 0, 1, 0, 0, 0, 0, 0, -1], [0, 0, 0, 0, 0, 0, 0, 0, 0, -1, 0, -1], [0, 0, -1, -1, 0, 0, 0, 0, 0, -1, 0, 1], [0, -1, -1, 0, 0, 0, 0, 0, 0, -1, 0, 1], [-1, 0, 1, -1, 0, 0, 0, 0, 0, 0, 0, -1], [-1, 0, -1, -1, 0, 0, 0, 0, 0, 0, 0, 1], [-1, -1, 1, -1, 0, -1, 0, 0, 0, -1, 0, 1], [-1, -1, -1, 0, 0, 0, 0, 0, 0, 0, 0, 1], [-1, -1, 2, -1, 0, -1, 0, 0, 0, 0, 0, -1], [0, -1, -1, -1, 0, -1, 0, 0, 0, 1, 0, 0], [-1, -1, -1, 0, 0, -1, 0, 0, 0, 1, 0, 0], [-1, 0, 0, -1, 0, 0, 0, 0, 0, 0, 0, -1], [-1, -1, 0, 0, 0, 0, 0, 0, 0, 0, 0, -1], [0, 0, -1, 0, 0, -1, 0, 0, 0, 0, 0, 1], [0, -1, 0, -1, 0, 0, 0, 0, 0, 0, 0, -1], [-1, -1, 0, -1, 0, -1, 0, 0, 0, -1, 0, 1], [0, -1, 1, 0, 0, -1, 0, 0, 0, 0, 0, -1], [0, 0, -1, 0, 0, 1, 0, 0, 0, 0, 0, 0], [-1, 0, 0, 0, 0, 1, 0, 0, 0, 0, 0, 0], [0, -1, 0, 0, 0, 1, 0, 0, 0, 0, 0, 0], [1, 0, -1, 0, 0, -1, 0, 0, 0, -1, 0, -1], [-1, 0, 1, 0, 0, -1, 0, 0, 0, -1, 0, 0], [-1, 0, 1, -1, 0, -1, 0, 0, 0, 0, 0, 0], [1, 0, -1, -1, 0, -1, 0, 0, 0, -1, 0, 0], [1, -1, 1, -1, 0, -1, 0, 0, 0, 0, 0, -1], [-1, -1, 1, -1, 0, 0, 0, 0, 0, 0, 0, 0], [0, 0, 1, -1, 0, 0, 0, 0, 0, -1, 0, -1], [-1, 0, 1, -1, 0, 0, 0, 0, 0, -1, 0, 0]]
290 61 
 [[0, 0, -1, 0, 0, 0, 0, 0, 0, 0, 0, 0], [0, 0, -1, 0, 0, -1, 0, 0, 0, 0, 0, 1], [0, 0, 0, 0, 0, 1, 0, 0, 0, 0, 0, 0], [0, 0, 0, 0, 0, 0, 0, 0, 0, 0, 0, -1], [1, 0, -1, -1, 0, 0, 0, 0, 0, 0, 0, -1], [0, 0, 1, 0, 0, 0, 0, 0, 0, -1, 0, -1], [-1, 0, 1, 0, 0, 0, 0, 0, 0, 0, 0, -1], [-1, 0, -1, 0, 0, 0, 0, 0, 0, 0, 0, 1], [-1, -1, 1, 0, 0, 0, 0, 0, 0, -1, 0, 1], [0, 1, -1, -1, 0, -1, 0, 0, 0, -1, 0, -1], [0, -1, 0, 0, 0, -1, 0, 0, 0, -1, 0, 1], [-1, 0, 0, -1, 0, -1, 0, 0, 0, 1, 0, -1], [0, 0, 1, 0, 0, -1, 0, 0, 0, 0, 0, -1], [0, 0, 1, 0, 0, -1, 0, 0, 0, -1, 0, 0], [1, -1, 1, -1, 0, 0, 0, 0, 0, 0, 0, -1], [0, 0, -1, 0, 0, -1, 0, 0, 0, 1, 0, 0], [-1, -1, 1, 0, 0, 0, 0, 0, 0, -1, 0, 0], [1, -1, -1, -1, 0, 0, 0, 0, 0, -1, 0, 1], [-1, 0, 0, 0, 0, -1, 0, 0, 0, -1, 0, 1], [-1, 0, -1, 0, 0, 0, 0, 0, 0, 1, 0, -1], [1, 0, -1, -1, 0, -1, 0, 0, 0, 0, 0, 0], [0, 0, -1, 0, 0, 0, 0, 0, 0, -1, 0, 1], [0, -1, 1, -1, 0, -1, 0, 0, 0, -1, 0, 1], [-1, -1, 1, -1, 0, -1, 0, 0, 0, 1, 0, -1], [1, 0, 1, -1, 0, -1, 0, 0, 0, 0, 0, -1], [1, 0, -1, -1, 0, 0, 0, 0, 0, -1, 0, 0], [1, -1, -1, -1, 0, 0, 0, 0, 0, 0, 0, 0], [-1, 0, 1, -1, 0, 0, 0, 0, 0, 0, 0, 0], [0, -1, 0, 0, 0, 0, 0, 0, 0, 0, 0, 0], [1, 0, 1, -1, 0, 0, 0, 0, 0, -1, 0, -1], [-1, -1, 1, -1, 0, 0, 0, 0, 0, 0, 0, 1], [0, -1, 1, 0, 0, 0, 0, 0, 0, 0, 0, -1], [-1, 0, 1, -1, 0, 0, 0, 0, 0, -1, 0, 1], [-1, 0, 0, 0, 0, 0, 0, 0, 0, 0, 0, 0], [-1, 0, 2, 0, 0, -1, 0, 0, 0, -1, 0, -1], [-1, -1, 2, 0, 0, 0, 0, 0, 0, -1, 0, -1], [0, -1, 1, -1, 0, 0, 0, 0, 0, -1, 0, 0], [-1, 0, 1, 0, 0, -1, 0, 0, 0, 0, 0, 0], [0, 0, 0, -1, 0, -1, 0, 0, 0, -1, 0, 1], [1, -1, 1, -1, 0, -1, 0, 0, 0, -1, 0, 0], [1, -1, -1, 0, 0, 0, 0, 0, 0, 0, 0, -1], [-1, 1, -1, 0, 0, 0, 0, 0, 0, 0, 0, -1], [0, 0, 0, 0, 0, 0, 0, 0, 0, -1, 0, 0], [1, 0, -1, 0, 0, 0, 0, 0, 0, -1, 0, -1], [1, 0, -1, 0, 0, -1, 0, 0, 0, 0, 0, -1], [1, 0, -1, -1, 0, -1, 0, 0, 0, -1, 0, 1], [1, -1, -1, -1, 0, -1, 0, 0, 0, 0, 0, 1], [-1, -1, 2, 0, 0, -1, 0, 0, 0, 0, 0, -1], [0, 0, 2, -1, 0, -1, 0, 0, 0, -1, 0, -1], [-1, 0, 2, -1, 0, 0, 0, 0, 0, 0, 0, -1], [-1, -1, 2, -1, 0, 0, 0, 0, 0, -1, 0, 0], [-1, -1, -1, 1, 0, -1, 0, 0, 0, -1, 0, -1], [-1, 1, -1, -1, 0, -1, 0, 0, 0, -1, 0, 0], [0, -1, 2, -1, 0, -1, 0, 0, 0, 0, 0, -1], [0, -1, -1, 0, 0, 0, 0, 0, 0, 0, 0, 1], [0, -1, 0, -1, 0, -1, 0, 0, 0, 0, 0, 1], [-1, -1, 0, 0, 0, -1, 0, 0, 0, 0, 0, 1], [0, -1, -1, -1, 0, 1, 0, 0, 0, 1, 0, -1], [-1, 0, -1, -1, 0, 1, 0, 0, 0, 1, 0, -1], [-1, -1, -1, -1, 0, 1, 0, 0, 0, 1, 0, 0], [-1, 0, 2, -1, 0, -1, 0, 0, 0, -1, 0, 0]]
390 77 
 [[0, 0, 0, 0, 0, 1, 0, 0, 0, 0, 0, 0], [-1, -1, 1, 0, 0, 0, 0, 0, 0, -1, 0, 1], [0, 0, -1, 0, 0, -1, 0, 0, 0, 1, 0, 0], [-1, 0, -1, 0, 0, 0, 0, 0, 0, 1, 0, -1], [-1, 0, 1, -1, 0, 0, 0, 0, 0, 0, 0, 0], [-1, -1, 1, -1, 0, 0, 0, 0, 0, 0, 0, 1], [-1, 0, 1, -1, 0, 0, 0, 0, 0, -1, 0, 1], [-1, 1, -1, 0, 0, 0, 0, 0, 0, 0, 0, -1], [1, -1, -1, -1, 0, 0, 0, 0, 0, 0, 0, 1], [-1, -1, 1, 0, 0, -1, 0, 0, 0, 0, 0, 1], [-1, -1, 1, 0, 0, 0, 0, 0, 0, 0, 0, 0], [1, 0, -1, -1, 0, 0, 0, 0, 0, -1, 0, 1], [-1, 0, 1, 0, 0, -1, 0, 0, 0, -1, 0, 1], [-1, 0, 1, -1, 0, -1, 0, 0, 0, 0, 0, 1], [0, 1, -1, 0, 0, -1, 0, 0, 0, 0, 0, -1], [0, 0, 0, 0, 0, 0, 0, 0, 0, 0, 0, 0], [0, -1, 1, 0, 0, 0, 0, 0, 0, -1, 0, 0], [-1, 0, 1, 0, 0, 0, 0, 0, 0, -1, 0, 0], [-1, -1, 0, -1, 0, -1, 0, 0, 0, 1, 0, 0], [1, -1, 1, -1, 0, -1, 0, 0, 0, 0, 0, 0], [-1, 0, 0, 0, 0, -1, 0, 0, 0, 1, 0, -1], [-1, -1, 0, -1, 0, 0, 0, 0, 0, -1, 0, 1], [-1, -1, -1, -1, 0, -1, 0, 0, 0, 1, 0, 1], [-1, 0, 1, -1, 0, -1, 0, 0, 0, 1, 0, -1], [0, 1, -1, -1, 0, 0, 0, 0, 0, -1, 0, -1], [1, 0, 1, -1, 0, 0, 0, 0, 0, 0, 0, -1], [1, 0, -1, -1, 0, 0, 0, 0, 0, 0, 0, 0], [-1, -1, 1, 0, 0, 1, 0, 0, 0, -1, 0, -1], [0, 0, 0, -1, 0, -1, 0, 0, 0, 1, 0, -1], [0, 0, -1, -1, 0, 0, 0, 0, 0, 1, 0, -1], [0, -1, 1, 0, 0, -1, 0, 0, 0, -1, 0, 1], [0, 0, -1, -1, 0, 1, 0, 0, 0, 1, 0, -1], [-1, 0, -1, -1, 0, 1, 0, 0, 0, 1, 0, 0], [0, -1, 2, -1, 0, 0, 0, 0, 0, 0, 0, -1], [0, 0, 0, 0, 0, -1, 0, 0, 0, 0, 0, 1], [0, -1, 2, 0, 0, -1, 0, 0, 0, 0, 0, -1], [0, 0, -1, 0, 0, 0, 0, 0, 0, 0, 0, 1], [0, 0, 2, 0, 0, -1, 0, 0, 0, -1, 0, -1], [0, -1, 2, 0, 0, 0, 0, 0, 0, -1, 0, -1], [-1, -1, -1, -1, 0, 0, 0, 0, 0, 1, 0, 0], [0, 0, 2, -1, 0, -1, 0, 0, 0, 0, 0, -1], [-1, 0, 2, 0, 0, 0, 0, 0, 0, 0, 0, -1], [-1, 0, 2, 0, 0, -1, 0, 0, 0, -1, 0, 0], [-1, 0, 2, -1, 0, 0, 0, 0, 0, -1, 0, 0], [-1, -1, 2, 0, 0, 0, 0, 0, 0, -1, 0, 0], [-1, -1, 2, -1, 0, 0, 0, 0, 0, 0, 0, 0], [-1, 0, -1, 0, 0, 1, 0, 0, 0, -1, 0, 1], [1, 0, 0, -1, 0, -1, 0, 0, 0, -1, 0, -1], [1, -1, 1, -1, 0, 0, 0, 0, 0, -1, 0, 0], [-1, 0, 1, -1, 0, 1, 0, 0, 0, -1, 0, -1], [1, -1, -1, 0, 0, -1, 0, 0, 0, 0, 0, 0], [-1, 1, 1, -1, 0, -1, 0, 0, 0, 0, 0, -1], [-1, 0, -1, 1, 0, -1, 0, 0, 0, -1, 0, -1], [0, 0, -1, -1, 0, 1, 0, 0, 0, -1, 0, 1], [0, -1, -1, 0, 0, 1, 0, 0, 0, 0, 0, 1], [-1, 0, -1, -1, 0, 1, 0, 0, 0, 0, 0, 1], [-1, -1, -1, 1, 0, 0, 0, 0, 0, -1, 0, -1], [1, 0, 1, -1, 0, -1, 0, 0, 0, -1, 0, 0], [1, 0, -1, 0, 0, -1, 0, 0, 0, -1, 0, 0], [-1, -1, 1, 0, 0, -1, 0, 0, 0, 1, 0, -1], [1, 0, -1, 0, 0, 0, 0, 0, 0, 0, 0, -1], [1, -1, 1, 0, 0, 0, 0, 0, 0, -1, 0, -1], [1, -1, -1, 0, 0, 0, 0, 0, 0, -1, 0, 0], [0, 0, 2, -1, 0, 0, 0, 0, 0, -1, 0, -1], [0, 0, 1, -1, 0, 0, 0, 0, 0, -1, 0, 0], [0, 0, 1, 0, 0, 0, 0, 0, 0, 0, 0, -1], [0, 0, 1, 0, 0, -1, 0, 0, 0, 0, 0, 0], [1, -1, 1, 0, 0, -1, 0, 0, 0, 0, 0, -1], [-1, 1, 1, 0, 0, -1, 0, 0, 0, -1, 0, -1], [-1, 1, 1, -1, 0, 0, 0, 0, 0, -1, 0, -1], [-1, 1, -1, 0, 0, -1, 0, 0, 0, 0, 0, 0], [-1, 1, -1, -1, 0, 0, 0, 0, 0, 0, 0, 0], [0, -1, 2, 0, 0, -1, 0, 0, 0, -1, 0, 0], [-1, 0, -1, 0, 0, 1, 0, 0, 0, 1, 0, -1], [0, -1, 1, -1, 0, 0, 0, 0, 0, -1, 0, 1], [0, 1, -1, -1, 0, -1, 0, 0, 0, -1, 0, 0], [0, -1, -1, 0, 0, 1, 0, 0, 0, 1, 0, 0]]
490 100 
 [[0, 0, 0, 0, 0, 1, 0, 0, 0, 0, 0, 0], [-1, 1, -1, 0, 0, 0, 0, 0, 0, 0, 0, -1], [0, 1, -1, 0, 0, -1, 0, 0, 0, 0, 0, -1], [0, 0, 0, 0, 0, 0, 0, 0, 0, 0, 0, 0], [1, 0, 1, -1, 0, 0, 0, 0, 0, 0, 0, -1], [1, 0, -1, -1, 0, 0, 0, 0, 0, 0, 0, 0], [0, 0, 0, 0, 0, -1, 0, 0, 0, 0, 0, 1], [0, 0, -1, 0, 0, 0, 0, 0, 0, 0, 0, 1], [-1, 0, 2, 0, 0, 0, 0, 0, 0, 0, 0, -1], [-1, 0, 1, -1, 0, 1, 0, 0, 0, -1, 0, -1], [-1, 0, -1, 1, 0, -1, 0, 0, 0, -1, 0, -1], [0, -1, -1, 0, 0, 1, 0, 0, 0, 0, 0, 1], [-1, -1, -1, 1, 0, 0, 0, 0, 0, -1, 0, -1], [1, 0, -1, 0, 0, 0, 0, 0, 0, 0, 0, -1], [0, 0, 1, 0, 0, 0, 0, 0, 0, 0, 0, -1], [0, 0, 1, 0, 0, -1, 0, 0, 0, 0, 0, 0], [-1, 1, -1, 0, 0, -1, 0, 0, 0, 0, 0, 0], [-1, 1, -1, -1, 0, 0, 0, 0, 0, 0, 0, 0], [0, 1, -1, 0, 0, -1, 0, 0, 0, -1, 0, 0], [1, -1, 1, -1, 0, 0, 0, 0, 0, 0, 0, 0], [-1, 0, 1, 0, 0, 0, 0, 0, 0, 0, 0, 0], [0, -1, 1, 0, 0, 1, 0, 0, 0, -1, 0, -1], [0, 0, 1, 0, 0, 0, 0, 0, 0, -1, 0, 0], [-1, 0, 0, -1, 0, 0, 0, 0, 0, -1, 0, 1], [1, 0, -1, -1, 0, 0, 0, 0, 0, 0, 0, 1], [-1, 0, -1, -1, 0, 0, 0, 0, 0, 1, 0, 0], [0, -1, 2, 0, 0, 0, 0, 0, 0, 0, 0, -1], [-1, 0, 1, 0, 0, 0, 0, 0, 0, -1, 0, 1], [-1, 0, 1, -1, 0, 0, 0, 0, 0, 0, 0, 1], [-1, -1, 1, 0, 0, 0, 0, 0, 0, 0, 0, 1], [0, -1, 1, 0, 0, 0, 0, 0, 0, 0, 0, 0], [-1, -1, 0, 0, 0, 0, 0, 0, 0, -1, 0, 1], [-1, -1, -1, 1, 0, -1, 0, 0, 0, 0, 0, -1], [0, 0, -1, 0, 0, 1, 0, 0, 0, -1, 0, 1], [-1, 0, -1, -1, 0, -1, 0, 0, 0, 1, 0, 1], [0, 1, -1, -1, 0, 0, 0, 0, 0, 0, 0, -1], [-1, 1, 1, -1, 0, 0, 0, 0, 0, 0, 0, -1], [0, 0, 1, -1, 0, -1, 0, 0, 0, -1, 0, 1], [1, -1, -1, -1, 0, -1, 0, 0, 0, 1, 0, -1], [-1, 1, 1, 0, 0, -1, 0, 0, 0, 0, 0, -1], [-1, -1, 1, 0, 0, 1, 0, 0, 0, -1, 0, 0], [1, 0, -1, 0, 0, -1, 0, 0, 0, 0, 0, 0], [1, -1, -1, 0, 0, 0, 0, 0, 0, 0, 0, 0], [0, 0, -1, 0, 0, 0, 0, 0, 0, 1, 0, -1], [0, -1, 0, -1, 0, 1, 0, 0, 0, 1, 0, -1], [-1, -1, 0, -1, 0, 1, 0, 0, 0, 1, 0, 0], [-1, 0, 0, -1, 0, 1, 0, 0, 0, 1, 0, -1], [0, -1, 1, 0, 0, 0, 0, 0, 0, -1, 0, 1], [0, 0, -1, 0, 0, 1, 0, 0, 0, 1, 0, 0], [-1, -1, 0, 0, 0, 1, 0, 0, 0, 1, 0, -1], [1, 0, 1, -1, 0, 0, 0, 0, 0, -1, 0, 0], [1, 0, 1, -1, 0, -1, 0, 0, 0, 0, 0, 0], [0, 0, 0, 0, 0, -1, 0, 0, 0, 1, 0, 0], [1, -1, 0, -1, 0, 0, 0, 0, 0, -1, 0, -1], [-1, -1, 0, -1, 0, 0, 0, 0, 0, 0, 0, 1], [1, 0, 1, 0, 0, -1, 0, 0, 0, -1, 0, -1], [-1, 0, 1, 0, 0, -1, 0, 0, 0, 0, 0, 1], [-1, 0, -1, 0, 0, 1, 0, 0, 0, 0, 0, 1], [-1, 1, -1, -1, 0, -1, 0, 0, 0, 0, 0, 1], [0, 0, 2, 0, 0, -1, 0, 0, 0, 0, 0, -1], [-1, 0, 2, -1, 0, -1, 0, 0, 0, 0, 0, 0], [0, -1, 1, 0, 0, -1, 0, 0, 0, 0, 0, 1], [-1, -1, 1, 0, 0, 1, 0, 0, 0, 0, 0, -1], [1, 0, -1, 0, 0, 0, 0, 0, 0, -1, 0, 0], [1, -1, 2, -1, 0, 0, 0, 0, 0, -1, 0, -1], [-1, -1, 2, -1, 0, -1, 0, 0, 0, -1, 0, 1], [0, 1, -1, -1, 0, 1, 0, 0, 0, -1, 0, -1], [-1, 1, 1, -1, 0, -1, 0, 0, 0, -1, 0, 0], [0, -1, 1, 0, 0, -1, 0, 0, 0, 1, 0, -1], [-1, 0, 1, 0, 0, -1, 0, 0, 0, 1, 0, -1], [-1, 0, 1, -1, 0, 0, 0, 0, 0, 1, 0, -1], [-1, -1, 0, 0, 0, 1, 0, 0, 0, -1, 0, 1], [0, 0, 2, 0, 0, 0, 0, 0, 0, -1, 0, -1], [0, 0, 2, 0, 0, -1, 0, 0, 0, -1, 0, 0], [0, 0, 2, -1, 0, 0, 0, 0, 0, 0, 0, -1], [0, -1, 2, -1, 0, -1, 0, 0, 0, 0, 0, 0], [-1, 0, 2, 0, 0, 0, 0, 0, 0, -1, 0, 0], [1, -1, 0, -1, 0, -1, 0, 0, 0, -1, 0, 0], [-1, 1, -1, 0, 0, 1, 0, 0, 0, -1, 0, -1], [0, 1, -1, 0, 0, 0, 0, 0, 0, -1, 0, -1], [-1, 1, -1, -1, 0, 0, 0, 0, 0, -1, 0, 1], [-1, 1, 0, -1, 0, -1, 0, 0, 0, -1, 0, -1], [-1, -1, -1, 0, 0, 0, 0, 0, 0, 1, 0, 0], [0, -1, 0, -1, 0, 0, 0, 0, 0, -1, 0, 1], [-1, -1, -1, -1, 0, 0, 0, 0, 0, 1, 0, 1], [1, 1, -1, -1, 0, 0, 0, 0, 0, -1, 0, -1], [1, 1, -1, -1, 0, -1, 0, 0, 0, 0, 0, -1], [1, -1, 1, 0, 0, 0, 0, 0, 0, 0, 0, -1], [1, -1, -1, 0, 0, 0, 0, 0, 0, -1, 0, 1], [0, 0, 1, -1, 0, 0, 0, 0, 0, 0, 0, 0], [1, 0, -1, 0, 0, -1, 0, 0, 0, -1, 0, 1], [1, -1, 0, 0, 0, -1, 0, 0, 0, -1, 0, -1], [1, 0, 0, -1, 0, -1, 0, 0, 0, 0, 0, -1], [0, 1, 1, 0, 0, -1, 0, 0, 0, -1, 0, -1], [0, 1, -1, -1, 0, -1, 0, 0, 0, 0, 0, 0], [0, -1, 1, -1, 0, 1, 0, 0, 0, -1, 0, 0], [1, -1, 1, -1, 0, 0, 0, 0, 0, -1, 0, 1], [0, -1, 2, -1, 0, 0, 0, 0, 0, -1, 0, 0], [-1, -1, 2, 0, 0, 0, 0, 0, 0, 0, 0, 0], [0, -1, 1, -1, 0, 1, 0, 0, 0, 0, 0, -1]]
590 97 
 [[0, 0, 0, 0, 0, 1, 0, 0, 0, 0, 0, 0], [0, 0, 0, 0, 0, 0, 0, 0, 0, 0, 0, 0], [0, 0, 0, 0, 0, -1, 0, 0, 0, 0, 0, 1], [0, 0, -1, 0, 0, 0, 0, 0, 0, 0, 0, 1], [0, -1, -1, 0, 0, 1, 0, 0, 0, 0, 0, 1], [1, 0, -1, -1, 0, 0, 0, 0, 0, 0, 0, 1], [-1, 0, 1, 0, 0, 0, 0, 0, 0, -1, 0, 1], [-1, 0, 1, -1, 0, 0, 0, 0, 0, 0, 0, 1], [-1, -1, 1, 0, 0, 0, 0, 0, 0, 0, 0, 1], [0, 0, -1, 0, 0, 1, 0, 0, 0, -1, 0, 1], [0, 0, -1, 0, 0, 0, 0, 0, 0, 1, 0, -1], [0, -1, 1, 0, 0, 0, 0, 0, 0, -1, 0, 1], [0, 0, -1, 0, 0, 1, 0, 0, 0, 1, 0, 0], [-1, -1, 0, 0, 0, 1, 0, 0, 0, 1, 0, -1], [0, 0, 0, 0, 0, -1, 0, 0, 0, 1, 0, 0], [1, 0, 1, 0, 0, -1, 0, 0, 0, -1, 0, -1], [-1, 0, 1, 0, 0, -1, 0, 0, 0, 0, 0, 1], [-1, 0, -1, 0, 0, 1, 0, 0, 0, 0, 0, 1], [-1, 1, -1, -1, 0, -1, 0, 0, 0, 0, 0, 1], [0, -1, 1, 0, 0, -1, 0, 0, 0, 0, 0, 1], [1, -1, 2, -1, 0, 0, 0, 0, 0, -1, 0, -1], [0, -1, 1, 0, 0, -1, 0, 0, 0, 1, 0, -1], [-1, 0, 1, 0, 0, -1, 0, 0, 0, 1, 0, -1], [-1, 0, 1, -1, 0, 0, 0, 0, 0, 1, 0, -1], [-1, 0, 2, 0, 0, 0, 0, 0, 0, -1, 0, 0], [-1, 1, -1, -1, 0, 0, 0, 0, 0, -1, 0, 1], [1, -1, 1, 0, 0, 0, 0, 0, 0, 0, 0, -1], [1, -1, -1, 0, 0, 0, 0, 0, 0, -1, 0, 1], [1, 0, -1, 0, 0, -1, 0, 0, 0, -1, 0, 1], [1, 0, 0, -1, 0, -1, 0, 0, 0, 0, 0, -1], [0, 1, 1, 0, 0, -1, 0, 0, 0, -1, 0, -1], [1, -1, 1, -1, 0, 0, 0, 0, 0, -1, 0, 1], [-1, -1, 2, 0, 0, 0, 0, 0, 0, 0, 0, 0], [-1, 0, 1, -1, 0, 1, 0, 0, 0, 0, 0, -1], [-1, -1, 1, -1, 0, 1, 0, 0, 0, 0, 0, 0], [0, 1, 1, -1, 0, -1, 0, 0, 0, 0, 0, -1], [-1, 1, -1, 0, 0, -1, 0, 0, 0, -1, 0, 1], [1, 0, 0, -1, 0, 0, 0, 0, 0, -1, 0, -1], [-1, 0, -1, 1, 0, 0, 0, 0, 0, -1, 0, -1], [-1, 0, -1, 1, 0, -1, 0, 0, 0, 0, 0, -1], [-1, -1, -1, 1, 0, 0, 0, 0, 0, 0, 0, -1], [0, 1, -1, 0, 0, 0, 0, 0, 0, 0, 0, -1], [0, 1, -1, 0, 0, -1, 0, 0, 0, 0, 0, 0], [1, -1, -1, 0, 0, -1, 0, 0, 0, 0, 0, 1], [1, -1, 0, -1, 0, 0, 0, 0, 0, 0, 0, -1], [0, 0, 2, 0, 0, 0, 0, 0, 0, 0, 0, -1], [-1, 0, 2, -1, 0, 0, 0, 0, 0, 0, 0, 0], [1, 0, 0, -1, 0, -1, 0, 0, 0, -1, 0, 0], [-1, 0, 0, 0, 0, 0, 0, 0, 0, -1, 0, 1], [-1, 0, 0, -1, 0, 0, 0, 0, 0, 0, 0, 1], [0, -1, 1, 0, 0, 1, 0, 0, 0, -1, 0, 0], [-1, 0, 1, 0, 0, 1, 0, 0, 0, -1, 0, -1], [1, -1, 0, -1, 0, -1, 0, 0, 0, 0, 0, 0], [0, 0, 0, -1, 0, 1, 0, 0, 0, 1, 0, -1], [0, -1, 0, -1, 0, 1, 0, 0, 0, 1, 0, 0], [0, 0, 0, -1, 0, 0, 0, 0, 0, -1, 0, 1], [0, 1, -1, 0, 0, 1, 0, 0, 0, -1, 0, -1], [0, 1, -1, -1, 0, -1, 0, 0, 0, -1, 0, 1], [-1, 0, -1, 0, 0, 0, 0, 0, 0, 1, 0, 0], [-1, -1, -1, 1, 0, -1, 0, 0, 0, -1, 0, 0], [0, 0, 1, 0, 0, -1, 0, 0, 0, -1, 0, 1], [0, -1, 1, -1, 0, 0, 0, 0, 0, 0, 0, 1], [0, -1, 2, 0, 0, 0, 0, 0, 0, -1, 0, 0], [-1, -1, 1, -1, 0, -1, 0, 0, 0, 1, 0, 0], [0, 0, 2, 0, 0, -1, 0, 0, 0, 0, 0, 0], [0, 0, 2, -1, 0, 0, 0, 0, 0, -1, 0, 0], [0, -1, 2, -1, 0, 0, 0, 0, 0, 0, 0, 0], [1, 1, -1, -1, 0, 0, 0, 0, 0, 0, 0, -1], [-1, 1, 1, -1, 0, -1, 0, 0, 0, 0, 0, 0], [-1, -1, -1, 6, 0, 0, 0, 0, 0, -1, 0, -1], [-1, 1, 0, 0, 0, -1, 0, 0, 0, -1, 0, -1], [-1, 0, 1, -1, 0, 1, 0, 0, 0, -1, 0, 0], [0, -1, -1, -1, 0, -1, 0, 0, 0, 1, 0, 1], [1, 0, -1, -1, 0, -1, 0, 0, 0, 1, 0, -1], [-1, 1, -1, -1, 0, 1, 0, 0, 0, -1, 0, 0], [-1, 0, -1, -1, 0, 0, 0, 0, 0, 1, 0, 1], [0, 0, 1, -1, 0, 0, 0, 0, 0, -1, 0, 1], [0, 0, -1, -1, 0, 0, 0, 0, 0, 1, 0, 0], [0, 0, 1, -1, 0, 1, 0, 0, 0, -1, 0, -1], [0, -1, 1, 0, 0, 1, 0, 0, 0, 0, 0, -1], [-1, 0, 2, -1, 0, 0, 0, 0, 0, -1, 0, 1], [-1, -1, 2, -1, 0, 0, 0, 0, 0, 0, 0, 1], [1, 0, 0, 0, 0, -1, 0, 0, 0, -1, 0, -1], [1, 0, -1, 0, 0, 0, 0, 0, 0, 0, 0, 0], [0, 0, 1, 0, 0, 0, 0, 0, 0, 0, 0, 0], [1, 0, 1, -1, 0, 0, 0, 0, 0, 0, 0, 0], [0, 1, 0, -1, 0, -1, 0, 0, 0, -1, 0, -1], [0, -1, 0, 0, 0, 0, 0, 0, 0, -1, 0, 1], [-1, 1, -1, 0, 0, 0, 0, 0, 0, 0, 0, 0], [1, -1, -1, 1, 0, 0, 0, 0, 0, -1, 0, -1], [-1, 0, -1, 0, 0, -1, 0, 0, 0, 1, 0, 1], [-1, -1, 0, -1, 0, 0, 0, 0, 0, 1, 0, -1], [0, 0, -1, -1, 0, 1, 0, 0, 0, 0, 0, 1], [0, -1, 0, 0, 0, 1, 0, 0, 0, -1, 0, 1], [-1, 0, 0, 0, 0, 1, 0, 0, 0, -1, 0, 1], [-1, 1, 1, 0, 0, 0, 0, 0, 0, 0, 0, -1], [-1, 1, 1, 0, 0, -1, 0, 0, 0, -1, 0, 0]]
690 99 
 [[0, 0, 0, 0, 0, 1, 0, 0, 0, 0, 0, 0], [0, 0, 0, 0, 0, 0, 0, 0, 0, 0, 0, 0], [0, 0, 0, 0, 0, -1, 0, 0, 0, 0, 0, 1], [0, 0, -1, 0, 0, 0, 0, 0, 0, 0, 0, 1], [1, 0, -1, -1, 0, 0, 0, 0, 0, 0, 0, 1], [0, 0, -1, 0, 0, 1, 0, 0, 0, 1, 0, 0], [0, 0, 0, 0, 0, -1, 0, 0, 0, 1, 0, 0], [-1, 1, -1, -1, 0, -1, 0, 0, 0, 0, 0, 1], [0, -1, 1, 0, 0, -1, 0, 0, 0, 0, 0, 1], [-1, 1, -1, -1, 0, 0, 0, 0, 0, -1, 0, 1], [1, -1, 1, 0, 0, 0, 0, 0, 0, 0, 0, -1], [0, 1, -1, 0, 0, 0, 0, 0, 0, 0, 0, -1], [0, 1, -1, 0, 0, -1, 0, 0, 0, 0, 0, 0], [1, -1, -1, 0, 0, -1, 0, 0, 0, 0, 0, 1], [0, 0, 2, 0, 0, 0, 0, 0, 0, 0, 0, -1], [0, 0, 0, -1, 0, 1, 0, 0, 0, 1, 0, -1], [0, -1, 0, -1, 0, 1, 0, 0, 0, 1, 0, 0], [0, -1, 1, -1, 0, 0, 0, 0, 0, 0, 0, 1], [0, 0, 2, 0, 0, -1, 0, 0, 0, 0, 0, 0], [1, 1, -1, -1, 0, 0, 0, 0, 0, 0, 0, -1], [-1, 1, 1, -1, 0, -1, 0, 0, 0, 0, 0, 0], [-1, -1, -1, 6, 0, 0, 0, 0, 0, -1, 0, -1], [-1, 0, 2, -1, 0, 0, 0, 0, 0, -1, 0, 1], [-1, -1, 2, -1, 0, 0, 0, 0, 0, 0, 0, 1], [1, 0, 0, 0, 0, -1, 0, 0, 0, -1, 0, -1], [1, 0, -1, 0, 0, 0, 0, 0, 0, 0, 0, 0], [0, 0, 1, 0, 0, 0, 0, 0, 0, 0, 0, 0], [1, 0, 1, -1, 0, 0, 0, 0, 0, 0, 0, 0], [-1, 1, -1, 0, 0, 0, 0, 0, 0, 0, 0, 0], [0, -1, 0, 0, 0, 1, 0, 0, 0, -1, 0, 1], [-1, 0, 0, 0, 0, 1, 0, 0, 0, -1, 0, 1], [-1, 1, 1, 0, 0, 0, 0, 0, 0, 0, 0, -1], [-1, 1, 1, 0, 0, -1, 0, 0, 0, -1, 0, 0], [1, -1, -1, 6, 0, -1, 0, 0, 0, -1, 0, -1], [1, -1, -1, -1, 0, 1, 0, 0, 0, -1, 0, -1], [0, -1, 2, 0, 0, 0, 0, 0, 0, 0, 0, 0], [-1, 0, 2, 0, 0, 0, 0, 0, 0, 0, 0, 0], [1, 0, 0, -1, 0, 0, 0, 0, 0, 0, 0, -1], [1, 0, 0, -1, 0, -1, 0, 0, 0, 0, 0, 0], [1, -1, 0, -1, 0, 0, 0, 0, 0, -1, 0, 0], [-1, 0, -1, 1, 0, -1, 0, 0, 0, -1, 0, 0], [-1, 1, 1, -1, 0, -1, 0, 0, 0, -1, 0, 1], [0, -1, 0, 0, 0, 1, 0, 0, 0, 1, 0, -1], [-1, 0, 0, -1, 0, 1, 0, 0, 0, 1, 0, 0], [-1, -1, 0, 0, 0, 1, 0, 0, 0, 1, 0, 0], [0, -1, -1, 0, 0, -1, 0, 0, 0, 1, 0, 1], [-1, 0, 1, -1, 0, 1, 0, 0, 0, 0, 0, 0], [1, -1, -1, 1, 0, -1, 0, 0, 0, 0, 0, -1], [1, -1, 1, 0, 0, -1, 0, 0, 0, -1, 0, 0], [1, 0, 1, 0, 0, 0, 0, 0, 0, -1, 0, -1], [1, 0, -1, 0, 0, 0, 0, 0, 0, -1, 0, 1], [1, -1, 1, -1, 0, -1, 0, 0, 0, 0, 0, 1], [1, 0, -1, -1, 0, 0, 0, 0, 0, 1, 0, -1], [-1, -1, 2, -1, 0, -1, 0, 0, 0, 1, 0, -1], [0, 0, 0, 0, 0, 0, 0, 0, 0, -1, 0, 1], [0, 0, -1, 0, 0, 0, 0, 0, 0, 1, 0, 0], [-1, 0, 0, -1, 0, 0, 0, 0, 0, 1, 0, -1], [1, 0, 2, -1, 0, 0, 0, 0, 0, -1, 0, -1], [0, -1, 1, 0, 0, 1, 0, 0, 0, 0, 0, 0], [0, 0, 1, 0, 0, 1, 0, 0, 0, -1, 0, 0], [0, 1, 0, 0, 0, -1, 0, 0, 0, -1, 0, -1], [-1, 0, 0, 0, 0, 1, 0, 0, 0, 1, 0, -1], [0, 1, -1, -1, 0, 0, 0, 0, 0, -1, 0, 0], [-1, -1, -1, 1, 0, 0, 0, 0, 0, -1, 0, 0], [0, 0, 2, 0, 0, 0, 0, 0, 0, -1, 0, 0], [0, 0, 1, 0, 0, 1, 0, 0, 0, 0, 0, -1], [0, 0, 2, -1, 0, 0, 0, 0, 0, 0, 0, 0], [-1, 0, -1, 1, 0, 0, 0, 0, 0, 0, 0, -1], [-1, -1, 0, 0, 0, 0, 0, 0, 0, 1, 0, -1], [0, 0, -1, 0, 0, 1, 0, 0, 0, 0, 0, 1], [-1, -1, 2, 0, 0, -1, 0, 0, 0, -1, 0, 1], [-1, -1, 0, 0, 0, 1, 0, 0, 0, 0, 0, 1], [1, 1, -1, -1, 0, -1, 0, 0, 0, -1, 0, 0], [0, 0, -1, -1, 0, -1, 0, 0, 0, 1, 0, 1], [0, 0, 1, 0, 0, -1, 0, 0, 0, 1, 0, -1], [-1, 0, 1, 0, 0, 0, 0, 0, 0, 1, 0, -1], [-1, 0, 1, 0, 0, 0, 0, 0, 0, 0, 0, 1], [0, 1, -1, 0, 0, -1, 0, 0, 0, -1, 0, 1], [-1, 1, -1, 0, 0, 1, 0, 0, 0, 0, 0, -1], [0, 0, 1, 0, 0, 0, 0, 0, 0, -1, 0, 1], [0, 0, 1, -1, 0, -1, 0, 0, 0, 0, 0, 1], [0, 0, 0, -1, 0, 0, 0, 0, 0, 0, 0, 1], [1, -1, 0, 0, 0, -1, 0, 0, 0, 0, 0, -1], [-1, 0, 0, 0, 0, 0, 0, 0, 0, 0, 0, 1], [1, 0, 1, -1, 0, 0, 0, 0, 0, -1, 0, 1], [1, 0, -1, 1, 0, 0, 0, 0, 0, -1, 0, -1], [-1, -1, 1, 1, 0, -1, 0, 0, 0, -1, 0, -1], [0, -1, 1, -1, 0, 0, 0, 0, 0, 1, 0, -1], [0, -1, 1, -1, 0, -1, 0, 0, 0, 1, 0, 0], [-1, 0, 1, -1, 0, -1, 0, 0, 0, 1, 0, 0], [0, -1, 0, -1, 0, 0, 0, 0, 0, 1, 0, -1], [-1, 1, 0, 0, 0, -1, 0, 0, 0, -1, 0, 0], [-1, 1, -1, -1, 0, -1, 0, 0, 0, 1, 0, -1], [0, 1, 0, -1, 0, -1, 0, 0, 0, -1, 0, 0], [-1, 1, 0, 0, 0, -1, 0, 0, 0, 0, 0, -1], [0, 1, 1, 0, 0, -1, 0, 0, 0, 0, 0, -1], [0, 1, -1, 0, 0, 1, 0, 0, 0, -1, 0, 0], [0, 1, -1, -1, 0, 1, 0, 0, 0, 0, 0, -1], [-1, 0, -1, 0, 0, 0, 0, 0, 0, 1, 0, 1]]
790 98 
 [[0, 0, 0, 0, 0, 1, 0, 0, 0, 0, 0, 0], [0, 0, 0, 0, 0, 0, 0, 0, 0, 0, 0, 0], [1, 0, -1, -1, 0, 0, 0, 0, 0, 0, 0, 1], [1, -1, 1, 0, 0, 0, 0, 0, 0, 0, 0, -1], [0, 1, -1, 0, 0, 0, 0, 0, 0, 0, 0, -1], [0, 1, -1, 0, 0, -1, 0, 0, 0, 0, 0, 0], [1, 1, -1, -1, 0, 0, 0, 0, 0, 0, 0, -1], [-1, 0, 2, -1, 0, 0, 0, 0, 0, -1, 0, 1], [-1, -1, 2, -1, 0, 0, 0, 0, 0, 0, 0, 1], [1, 0, -1, 0, 0, 0, 0, 0, 0, 0, 0, 0], [0, 0, 1, 0, 0, 0, 0, 0, 0, 0, 0, 0], [1, 0, 1, -1, 0, 0, 0, 0, 0, 0, 0, 0], [-1, 1, -1, 0, 0, 0, 0, 0, 0, 0, 0, 0], [-1, 1, 1, 0, 0, 0, 0, 0, 0, 0, 0, -1], [1, 0, 0, -1, 0, 0, 0, 0, 0, 0, 0, -1], [1, 0, 0, -1, 0, -1, 0, 0, 0, 0, 0, 0], [-1, 0, -1, 1, 0, -1, 0, 0, 0, -1, 0, 0], [-1, 1, 1, -1, 0, -1, 0, 0, 0, -1, 0, 1], [1, -1, -1, 1, 0, -1, 0, 0, 0, 0, 0, -1], [1, 0, 1, 0, 0, 0, 0, 0, 0, -1, 0, -1], [1, 0, -1, 0, 0, 0, 0, 0, 0, -1, 0, 1], [1, 0, -1, -1, 0, 0, 0, 0, 0, 1, 0, -1], [0, 0, -1, 0, 0, 0, 0, 0, 0, 1, 0, 0], [1, 0, 2, -1, 0, 0, 0, 0, 0, -1, 0, -1], [-1, -1, -1, 1, 0, 0, 0, 0, 0, -1, 0, 0], [-1, 0, -1, 1, 0, 0, 0, 0, 0, 0, 0, -1], [0, 0, -1, 0, 0, 1, 0, 0, 0, 0, 0, 1], [1, 1, -1, -1, 0, -1, 0, 0, 0, -1, 0, 0], [0, 0, 1, 0, 0, -1, 0, 0, 0, 1, 0, -1], [-1, 0, 1, 0, 0, 0, 0, 0, 0, 1, 0, -1], [-1, 0, 1, 0, 0, 0, 0, 0, 0, 0, 0, 1], [0, 1, -1, 0, 0, -1, 0, 0, 0, -1, 0, 1], [0, 0, 1, 0, 0, 0, 0, 0, 0, -1, 0, 1], [0, 0, 1, -1, 0, -1, 0, 0, 0, 0, 0, 1], [1, 0, 1, -1, 0, 0, 0, 0, 0, -1, 0, 1], [1, 0, -1, 1, 0, 0, 0, 0, 0, -1, 0, -1], [-1, -1, 1, 1, 0, -1, 0, 0, 0, -1, 0, -1], [0, -1, 1, -1, 0, -1, 0, 0, 0, 1, 0, 0], [-1, 0, 1, -1, 0, -1, 0, 0, 0, 1, 0, 0], [-1, 1, -1, -1, 0, -1, 0, 0, 0, 1, 0, -1], [0, 1, 1, 0, 0, -1, 0, 0, 0, 0, 0, -1], [0, 1, -1, 0, 0, 1, 0, 0, 0, -1, 0, 0], [-1, 0, -1, 0, 0, 0, 0, 0, 0, 1, 0, 1], [-1, 0, 0, 0, 0, 0, 0, 0, 0, 1, 0, -1], [0, 0, 1, -1, 0, 0, 0, 0, 0, 1, 0, -1], [-1, -1, 1, -1, 0, -1, 0, 0, 0, 1, 0, 1], [0, 1, -1, 0, 0, 1, 0, 0, 0, 0, 0, -1], [0, 0, -1, 0, 0, -1, 0, 0, 0, 1, 0, 1], [1, 0, 1, 0, 0, -1, 0, 0, 0, 0, 0, -1], [-1, 1, 1, 0, 0, -1, 0, 0, 0, 0, 0, 0], [-1, -1, 1, 0, 0, -1, 0, 0, 0, 1, 0, 0], [-1, 0, 2, -1, 0, -1, 0, 0, 0, 1, 0, -1], [0, 1, 1, -1, 0, -1, 0, 0, 0, -1, 0, 0], [0, 1, -1, -1, 0, 0, 0, 0, 0, 0, 0, 0], [-1, 1, 1, -1, 0, 0, 0, 0, 0, -1, 0, 0], [0, 1, -1, 0, 0, 0, 0, 0, 0, -1, 0, 0], [-1, 1, 1, -1, 0, 1, 0, 0, 0, -1, 0, -1], [-1, 0, 2, -1, 0, -1, 0, 0, 0, 0, 0, 1], [0, -1, 0, 0, 0, 0, 0, 0, 0, 1, 0, -1], [1, 0, -1, -1, 0, 1, 0, 0, 0, -1, 0, -1], [1, 0, 0, -1, 0, 0, 0, 0, 0, -1, 0, 0], [1, 0, 0, 0, 0, -1, 0, 0, 0, 0, 0, -1], [1, -1, 0, 0, 0, -1, 0, 0, 0, -1, 0, 0], [0, -1, 1, 0, 0, 0, 0, 0, 0, 0, 0, 1], [1, -1, -1, -1, 0, -1, 0, 0, 0, 1, 0, 0], [1, -1, -1, -1, 0, 1, 0, 0, 0, -1, 0, 0], [-1, 1, 0, -1, 0, -1, 0, 0, 0, 0, 0, 0], [1, -1, -1, 6, 0, 0, 0, 0, 0, -1, 0, -1], [1, -1, -1, 0, 0, -1, 0, 0, 0, 1, 0, -1], [-1, -1, -1, 4, 0, -1, 0, 0, 0, -1, 0, -1], [1, 0, -1, 0, 0, -1, 0, 0, 0, 0, 0, 1], [1, -1, 1, -1, 0, 0, 0, 0, 0, 0, 0, 1], [1, -1, -1, 0, 0, 0, 0, 0, 0, 0, 0, 1], [0, 1, 0, 0, 0, -1, 0, 0, 0, 0, 0, -1], [0, 1, 0, 0, 0, -1, 0, 0, 0, -1, 0, 0], [0, -1, 1, 0, 0, 0, 0, 0, 0, 1, 0, -1], [-1, 1, -1, 0, 0, 1, 0, 0, 0, 0, 0, 0], [0, 0, 1, 0, 0, 1, 0, 0, 0, 0, 0, 0], [1, -1, 1, 0, 0, -1, 0, 0, 0, 0, 0, 0], [1, -1, -1, 0, 0, 1, 0, 0, 0, -1, 0, -1], [-1, 0, -1, 6, 0, -1, 0, 0, 0, -1, 0, -1], [-1, -1, 1, 6, 0, -1, 0, 0, 0, -1, 0, -1], [-1, -1, -1, 6, 0, -1, 0, 0, 0, 0, 0, -1], [1, 1, 1, -1, 0, -1, 0, 0, 0, -1, 0, -1], [-1, 1, -1, 0, 0, -1, 0, 0, 0, 0, 0, 1], [-1, 1, -1, -1, 0, 0, 0, 0, 0, 0, 0, 1], [0, 0, 2, 0, 0, 0, 0, 0, 0, 0, 0, 0], [0, 0, -1, -1, 0, 0, 0, 0, 0, 1, 0, 1], [0, -1, -1, 0, 0, 0, 0, 0, 0, 1, 0, 1], [0, 0, 0, 0, 0, 0, 0, 0, 0, 0, 0, 1], [0, 0, 0, 0, 0, 1, 0, 0, 0, 1, 0, 0], [1, -1, -1, -1, 0, 1, 0, 0, 0, 0, 0, -1], [1, -1, 0, -1, 0, 0, 0, 0, 0, 0, 0, 0], [-1, 0, 2, 0, 0, -1, 0, 0, 0, -1, 0, 1], [0, -1, 2, -1, 0, 1, 0, 0, 0, -1, 0, -1], [0, 0, 0, 0, 0, 1, 0, 0, 0, -1, 0, 1], [0, -1, 0, 0, 0, 1, 0, 0, 0, 0, 0, 1], [-1, 0, 0, -1, 0, 1, 0, 0, 0, 0, 0, 1]]
890 101 
 [[0, 0, 0, 0, 0, 1, 0, 0, 0, 0, 0, 0], [0, 0, 0, 0, 0, 0, 0, 0, 0, 0, 0, 0], [0, 1, -1, 0, 0, 0, 0, 0, 0, 0, 0, -1], [0, 1, -1, 0, 0, -1, 0, 0, 0, 0, 0, 0], [1, 1, -1, -1, 0, 0, 0, 0, 0, 0, 0, -1], [1, 0, -1, 0, 0, 0, 0, 0, 0, 0, 0, 0], [0, 0, 1, 0, 0, 0, 0, 0, 0, 0, 0, 0], [1, 0, 1, -1, 0, 0, 0, 0, 0, 0, 0, 0], [-1, 1, -1, 0, 0, 0, 0, 0, 0, 0, 0, 0], [-1, 1, 1, 0, 0, 0, 0, 0, 0, 0, 0, -1], [-1, 0, -1, 1, 0, -1, 0, 0, 0, -1, 0, 0], [-1, 1, 1, -1, 0, -1, 0, 0, 0, -1, 0, 1], [1, 0, -1, -1, 0, 0, 0, 0, 0, 1, 0, -1], [0, 0, -1, 0, 0, 0, 0, 0, 0, 1, 0, 0], [1, 0, 2, -1, 0, 0, 0, 0, 0, -1, 0, -1], [-1, -1, -1, 1, 0, 0, 0, 0, 0, -1, 0, 0], [-1, 0, -1, 1, 0, 0, 0, 0, 0, 0, 0, -1], [-1, 0, 1, 0, 0, 0, 0, 0, 0, 0, 0, 1], [0, 1, -1, 0, 0, -1, 0, 0, 0, -1, 0, 1], [0, 0, 1, 0, 0, 0, 0, 0, 0, -1, 0, 1], [1, 0, 1, -1, 0, 0, 0, 0, 0, -1, 0, 1], [1, 0, -1, 1, 0, 0, 0, 0, 0, -1, 0, -1], [-1, -1, 1, 1, 0, -1, 0, 0, 0, -1, 0, -1], [0, 1, 1, 0, 0, -1, 0, 0, 0, 0, 0, -1], [0, 1, -1, 0, 0, 1, 0, 0, 0, -1, 0, 0], [-1, 0, 0, 0, 0, 0, 0, 0, 0, 1, 0, -1], [0, 1, -1, 0, 0, 1, 0, 0, 0, 0, 0, -1], [-1, 1, 1, 0, 0, -1, 0, 0, 0, 0, 0, 0], [-1, 0, 2, -1, 0, -1, 0, 0, 0, 1, 0, -1], [0, 1, 1, -1, 0, -1, 0, 0, 0, -1, 0, 0], [0, 1, -1, -1, 0, 0, 0, 0, 0, 0, 0, 0], [0, 1, -1, 0, 0, 0, 0, 0, 0, -1, 0, 0], [-1, 1, 1, -1, 0, 1, 0, 0, 0, -1, 0, -1], [0, -1, 0, 0, 0, 0, 0, 0, 0, 1, 0, -1], [1, 0, 0, 0, 0, -1, 0, 0, 0, 0, 0, -1], [0, -1, 1, 0, 0, 0, 0, 0, 0, 0, 0, 1], [-1, -1, -1, 4, 0, -1, 0, 0, 0, -1, 0, -1], [1, -1, 1, -1, 0, 0, 0, 0, 0, 0, 0, 1], [0, 1, 0, 0, 0, -1, 0, 0, 0, 0, 0, -1], [0, 1, 0, 0, 0, -1, 0, 0, 0, -1, 0, 0], [-1, 1, -1, 0, 0, 1, 0, 0, 0, 0, 0, 0], [0, 0, 1, 0, 0, 1, 0, 0, 0, 0, 0, 0], [1, -1, 1, 0, 0, -1, 0, 0, 0, 0, 0, 0], [-1, 1, -1, 0, 0, -1, 0, 0, 0, 0, 0, 1], [-1, 1, -1, -1, 0, 0, 0, 0, 0, 0, 0, 1], [0, 0, 2, 0, 0, 0, 0, 0, 0, 0, 0, 0], [0, 0, 0, 0, 0, 0, 0, 0, 0, 0, 0, 1], [0, 0, 0, 0, 0, 1, 0, 0, 0, 1, 0, 0], [-1, 0, 2, 0, 0, -1, 0, 0, 0, -1, 0, 1], [-1, 1, 1, -1, 0, 0, 0, 0, 0, 0, 0, 0], [1, -1, 1, 6, 0, -1, 0, 0, 0, -1, 0, -1], [0, 1, -1, -1, 0, 1, 0, 0, 0, 0, 0, 0], [1, 1, 1, -1, 0, -1, 0, 0, 0, 0, 0, -1], [1, 1, -1, -1, 0, -1, 0, 0, 0, 0, 0, 0], [1, 0, -1, -1, 0, -1, 0, 0, 0, 1, 0, 0], [1, -1, 1, 0, 0, 0, 0, 0, 0, -1, 0, 0], [-1, -1, 1, 6, 0, 0, 0, 0, 0, -1, 0, -1], [1, -1, -1, 6, 0, 0, 0, 0, 0, 0, 0, -1], [-1, 0, -1, 6, 0, 0, 0, 0, 0, -1, 0, -1], [0, -1, 2, -1, 0, -1, 0, 0, 0, -1, 0, 1], [-1, -1, 0, -1, 0, 0, 0, 0, 0, 1, 0, 0], [1, 0, 1, 0, 0, 0, 0, 0, 0, 0, 0, -1], [0, 0, 0, -1, 0, 0, 0, 0, 0, 1, 0, -1], [-1, -1, 0, -1, 0, -1, 0, 0, 0, 1, 0, 1], [1, 0, 0, 0, 0, -1, 0, 0, 0, -1, 0, 0], [1, 0, 0, -1, 0, 0, 0, 0, 0, 0, 0, 0], [0, 0, 1, 0, 0, 0, 0, 0, 0, 1, 0, -1], [-1, -1, 1, -1, 0, 0, 0, 0, 0, 1, 0, 0], [1, 1, -1, 0, 0, -1, 0, 0, 0, -1, 0, -1], [-1, 1, 0, -1, 0, 0, 0, 0, 0, -1, 0, -1], [0, -1, 1, 0, 0, -1, 0, 0, 0, 1, 0, 0], [-1, 0, 1, 0, 0, -1, 0, 0, 0, 1, 0, 0], [1, 0, -1, 0, 0, 1, 0, 0, 0, -1, 0, -1], [1, -1, 2, -1, 0, 0, 0, 0, 0, 0, 0, -1], [-1, -1, -1, 1, 0, -1, 0, 0, 0, 0, 0, 0], [0, 0, 2, 0, 0, 1, 0, 0, 0, -1, 0, -1], [0, 0, 1, 0, 0, -1, 0, 0, 0, 0, 0, 1], [1, 0, 1, -1, 0, -1, 0, 0, 0, 0, 0, 1], [1, 0, -1, -1, 0, 1, 0, 0, 0, 0, 0, -1], [-1, 0, 1, -1, 0, -1, 0, 0, 0, 1, 0, 1], [-1, -1, 1, -1, 0, 0, 0, 0, 0, 1, 0, 1], [0, 0, 1, -1, 0, 0, 0, 0, 0, 0, 0, 1], [0, 0, -1, 0, 0, 0, 0, 0, 0, 1, 0, 1], [1, 0, 0, 0, 0, 0, 0, 0, 0, -1, 0, -1], [1, 0, -1, 0, 0, -1, 0, 0, 0, 1, 0, -1], [1, 0, -1, -1, 0, 1, 0, 0, 0, -1, 0, 0], [1, -1, 0, 0, 0, -1, 0, 0, 0, 0, 0, 0], [1, 1, -1, -1, 0, 0, 0, 0, 0, -1, 0, 0], [-1, 1, 0, 0, 0, -1, 0, 0, 0, 0, 0, 0], [1, -1, -1, 1, 0, 0, 0, 0, 0, 0, 0, -1], [1, 0, -1, 0, 0, 0, 0, 0, 0, 0, 0, 1], [1, -1, 0, 0, 0, 0, 0, 0, 0, 0, 0, -1], [1, -1, 0, -1, 0, -1, 0, 0, 0, -1, 0, 1], [0, 0, 0, 0, 0, 1, 0, 0, 0, 0, 0, 1], [-1, 1, 0, 0, 0, 1, 0, 0, 0, -1, 0, -1], [-1, 1, -1, 0, 0, -1, 0, 0, 0, 1, 0, -1], [1, 0, 1, 0, 0, -1, 0, 0, 0, -1, 0, 0], [1, 0, -1, 6, 0, -1, 0, 0, 0, -1, 0, -1], [1, -1, -1, -1, 0, 1, 0, 0, 0, 0, 0, 0], [-1, -1, 1, 6, 0, -1, 0, 0, 0, 0, 0, -1], [-1, 0, 2, -1, 0, 0, 0, 0, 0, 0, 0, 1]]
990 122 
 [[0, 0, 0, 0, 0, 1, 0, 0, 0, 0, 0, 0], [0, 0, 0, 0, 0, 0, 0, 0, 0, 0, 0, 0], [1, 0, -1, 0, 0, 0, 0, 0, 0, 0, 0, 0], [0, 0, 1, 0, 0, 0, 0, 0, 0, 0, 0, 0], [1, 0, 1, -1, 0, 0, 0, 0, 0, 0, 0, 0], [-1, 1, 1, 0, 0, 0, 0, 0, 0, 0, 0, -1], [-1, 1, 1, -1, 0, -1, 0, 0, 0, -1, 0, 1], [0, 0, -1, 0, 0, 0, 0, 0, 0, 1, 0, 0], [1, 0, 2, -1, 0, 0, 0, 0, 0, -1, 0, -1], [-1, 0, -1, 1, 0, 0, 0, 0, 0, 0, 0, -1], [-1, 0, 1, 0, 0, 0, 0, 0, 0, 0, 0, 1], [0, 1, -1, 0, 0, -1, 0, 0, 0, -1, 0, 1], [0, 0, 1, 0, 0, 0, 0, 0, 0, -1, 0, 1], [1, 0, -1, 1, 0, 0, 0, 0, 0, -1, 0, -1], [0, 1, 1, 0, 0, -1, 0, 0, 0, 0, 0, -1], [-1, 0, 0, 0, 0, 0, 0, 0, 0, 1, 0, -1], [-1, 1, 1, 0, 0, -1, 0, 0, 0, 0, 0, 0], [-1, 0, 2, -1, 0, -1, 0, 0, 0, 1, 0, -1], [0, -1, 0, 0, 0, 0, 0, 0, 0, 1, 0, -1], [1, 0, 0, 0, 0, -1, 0, 0, 0, 0, 0, -1], [0, -1, 1, 0, 0, 0, 0, 0, 0, 0, 0, 1], [-1, -1, -1, 4, 0, -1, 0, 0, 0, -1, 0, -1], [0, 0, 1, 0, 0, 1, 0, 0, 0, 0, 0, 0], [-1, 1, -1, 0, 0, -1, 0, 0, 0, 0, 0, 1], [-1, 1, -1, -1, 0, 0, 0, 0, 0, 0, 0, 1], [0, 0, 2, 0, 0, 0, 0, 0, 0, 0, 0, 0], [0, 0, 0, 0, 0, 0, 0, 0, 0, 0, 0, 1], [0, 0, 0, 0, 0, 1, 0, 0, 0, 1, 0, 0], [-1, 0, 2, 0, 0, -1, 0, 0, 0, -1, 0, 1], [-1, 1, 1, -1, 0, 0, 0, 0, 0, 0, 0, 0], [1, -1, -1, 6, 0, 0, 0, 0, 0, 0, 0, -1], [1, 0, 1, 0, 0, 0, 0, 0, 0, 0, 0, -1], [0, 0, 0, -1, 0, 0, 0, 0, 0, 1, 0, -1], [1, 0, 0, 0, 0, -1, 0, 0, 0, -1, 0, 0], [1, 0, 0, -1, 0, 0, 0, 0, 0, 0, 0, 0], [0, 0, 1, 0, 0, 0, 0, 0, 0, 1, 0, -1], [0, -1, 1, 0, 0, -1, 0, 0, 0, 1, 0, 0], [-1, 0, 1, 0, 0, -1, 0, 0, 0, 1, 0, 0], [1, 0, -1, 0, 0, 1, 0, 0, 0, -1, 0, -1], [1, -1, 2, -1, 0, 0, 0, 0, 0, 0, 0, -1], [0, 0, 2, 0, 0, 1, 0, 0, 0, -1, 0, -1], [0, 0, 1, 0, 0, -1, 0, 0, 0, 0, 0, 1], [1, 0, -1, -1, 0, 1, 0, 0, 0, 0, 0, -1], [0, 0, 1, -1, 0, 0, 0, 0, 0, 0, 0, 1], [0, 0, -1, 0, 0, 0, 0, 0, 0, 1, 0, 1], [1, 0, 0, 0, 0, 0, 0, 0, 0, -1, 0, -1], [1, 0, -1, 0, 0, -1, 0, 0, 0, 1, 0, -1], [1, 0, -1, -1, 0, 1, 0, 0, 0, -1, 0, 0], [1, -1, 0, 0, 0, -1, 0, 0, 0, 0, 0, 0], [1, -1, -1, 1, 0, 0, 0, 0, 0, 0, 0, -1], [1, 0, -1, 0, 0, 0, 0, 0, 0, 0, 0, 1], [1, -1, 0, 0, 0, 0, 0, 0, 0, 0, 0, -1], [0, 0, 0, 0, 0, 1, 0, 0, 0, 0, 0, 1], [-1, 1, -1, 0, 0, -1, 0, 0, 0, 1, 0, -1], [1, 0, 1, 0, 0, -1, 0, 0, 0, -1, 0, 0], [1, -1, -1, -1, 0, 1, 0, 0, 0, 0, 0, 0], [-1, 0, 2, -1, 0, 0, 0, 0, 0, 0, 0, 1], [-1, 1, 1, 0, 0, 1, 0, 0, 0, -1, 0, -1], [1, -1, 1, 6, 0, 0, 0, 0, 0, -1, 0, -1], [-1, 0, 1, -1, 0, 0, 0, 0, 0, 1, 0, 0], [-1, 0, 0, -1, 0, -1, 0, 0, 0, 1, 0, 1], [0, 1, -1, 0, 0, 1, 0, 0, 0, 0, 0, 0], [0, 1, -1, 0, 0, 0, 0, 0, 0, 0, 0, 0], [1, -1, -1, 1, 0, -1, 0, 0, 0, -1, 0, 0], [0, 0, 1, -1, 0, -1, 0, 0, 0, 1, 0, 0], [-1, 0, 1, -1, 0, 0, 0, 0, 0, 1, 0, 1], [0, 1, 1, 0, 0, -1, 0, 0, 0, -1, 0, 0], [0, 1, 1, -1, 0, 1, 0, 0, 0, -1, 0, -1], [0, 1, -1, -1, 0, -1, 0, 0, 0, 1, 0, -1], [-1, 0, 1, 6, 0, -1, 0, 0, 0, -1, 0, -1], [0, 0, 2, -1, 0, -1, 0, 0, 0, -1, 0, 1], [-1, -1, 2, 0, 0, -1, 0, 0, 0, 0, 0, 1], [1, -1, 1, 0, 0, 0, 0, 0, 0, 0, 0, 0], [1, 0, -1, 1, 0, -1, 0, 0, 0, 0, 0, -1], [-1, 0, -1, 1, 0, 0, 0, 0, 0, -1, 0, 0], [-1, -1, 1, 1, 0, 0, 0, 0, 0, -1, 0, -1], [1, 1, -1, -1, 0, 0, 0, 0, 0, 0, 0, 0], [-1, 1, 0, -1, 0, 1, 0, 0, 0, -1, 0, 0], [-1, 0, -1, 6, 0, -1, 0, 0, 0, 0, 0, -1], [1, 0, 1, -1, 0, 0, 0, 0, 0, 0, 0, 1], [1, 0, -1, 6, 0, 0, 0, 0, 0, -1, 0, -1], [1, -1, 1, 6, 0, -1, 0, 0, 0, 0, 0, -1], [-1, -1, 1, 6, 0, 0, 0, 0, 0, 0, 0, -1], [1, 0, -1, -1, 0, 0, 0, 0, 0, 1, 0, 0], [1, -1, 0, 0, 0, 0, 0, 0, 0, -1, 0, 0], [1, -1, 0, -1, 0, -1, 0, 0, 0, 1, 0, -1], [-1, 0, 0, -1, 0, 0, 0, 0, 0, 1, 0, 0], [0, 1, 0, 0, 0, -1, 0, 0, 0, 0, 0, 0], [1, -1, -1, 0, 0, 0, 0, 0, 0, 1, 0, -1], [1, -1, 1, -1, 0, -1, 0, 0, 0, 1, 0, -1], [-1, 1, 0, 0, 0, 0, 0, 0, 0, -1, 0, -1], [-1, -1, 0, 0, 0, 0, 0, 0, 0, 1, 0, 0], [-1, 1, 0, -1, 0, 0, 0, 0, 0, 0, 0, -1], [0, 1, -1, -1, 0, -1, 0, 0, 0, 0, 0, 1], [-1, 0, 1, 1, 0, -1, 0, 0, 0, -1, 0, -1], [-1, -1, 1, 1, 0, -1, 0, 0, 0, 0, 0, -1], [0, -1, 2, 0, 0, -1, 0, 0, 0, -1, 0, 1], [-1, -1, 2, 0, 0, 0, 0, 0, 0, -1, 0, 1], [1, 1, 1, -1, 0, 0, 0, 0, 0, 0, 0, -1], [0, 1, 0, 0, 0, 1, 0, 0, 0, -1, 0, -1], [0, 1, 0, -1, 0, 0, 0, 0, 0, -1, 0, -1], [1, -1, -1, -1, 0, -1, 0, 0, 0, 1, 0, 1], [0, 1, 1, -1, 0, 0, 0, 0, 0, -1, 0, -1], [0, 1, 1, -1, 0, -1, 0, 0, 0, 0, 0, 0], [-1, 1, 0, -1, 0, 0, 0, 0, 0, -1, 0, 0], [-1, 1, -1, -1, 0, -1, 0, 0, 0, 1, 0, 0], [1, -1, -1, 0, 0, -1, 0, 0, 0, 1, 0, 0], [-1, 1, -1, 0, 0, 0, 0, 0, 0, -1, 0, 1], [-1, -1, 2, 0, 0, -1, 0, 0, 0, 1, 0, -1], [1, 0, 0, -1, 0, -1, 0, 0, 0, -1, 0, 1], [1, -1, 0, -1, 0, 1, 0, 0, 0, -1, 0, -1], [-1, 0, -1, 1, 0, -1, 0, 0, 0, 0, 0, 0], [-1, -1, -1, 1, 0, 0, 0, 0, 0, -1, 0, 1], [1, 1, -1, 0, 0, 0, 0, 0, 0, -1, 0, -1], [1, 1, -1, 0, 0, -1, 0, 0, 0, 0, 0, -1], [1, -1, 1, 0, 0, 0, 0, 0, 0, -1, 0, 1], [0, -1, 2, 0, 0, 1, 0, 0, 0, -1, 0, 0], [0, -1, 2, -1, 0, -1, 0, 0, 0, 1, 0, -1], [-1, -1, 2, -1, 0, 0, 0, 0, 0, 1, 0, -1], [1, -1, -1, 6, 0, -1, 0, 0, 0, -1, 0, 0], [1, -1, 1, -1, 0, 1, 0, 0, 0, -1, 0, -1], [1, -1, -1, 0, 0, 1, 0, 0, 0, -1, 0, 0]]
