execution time
40 62.20185303688049 600.0551900863647
90 418.74382495880127 600.0005979537964
190 604.3598499298096 600.0031769275665
290 603.9606258869171 600.039097070694
390 603.5597770214081 600.0112073421478
490 603.8983790874481 600.0046849250793
590 602.3543400764465 600.0010130405426
690 602.0505068302155 600.0079166889191
790 601.7354290485382 600.0008428096771
890 601.102756023407 600.000305891037
990 600.816633939743 600.0026459693909


number of patterns visited
40 327167 2081456
90 929581 1444601
190 1712173 1509242
290 1368003 1661600
390 1632337 2127772
490 1887205 2533292
590 2102263 2758543
690 2484772 4022393
790 3006682 4278976
890 3060213 5597619
990 3207531 5638886


number of patterns found, lowerbound
40 22 
 [[0, -1, 0, -1, -1, 0, -1, -1, -1, -1, -1, -1, -1, -1], [0, -1, 0, -1, -1, -1, -1, -1, -1, 0, -1, -1, 0, -1], [0, -1, 0, -1, -1, -1, -1, -1, -1, -1, -1, 0, -1, -1], [0, -1, -1, -1, -1, 0, -1, -1, -1, -1, -1, 0, -1, -1], [1, -1, -1, -1, -1, -1, -1, -1, -1, -1, -1, -1, -1, -1], [-1, 1, -1, -1, -1, -1, -1, -1, -1, -1, -1, -1, -1, -1], [-1, -1, 0, -1, -1, 0, -1, -1, -1, 0, -1, -1, -1, -1], [-1, -1, 0, -1, -1, 0, -1, -1, -1, -1, -1, 0, -1, -1], [-1, -1, 0, -1, -1, -1, -1, -1, -1, -1, -1, 0, 0, -1], [-1, -1, 1, -1, -1, -1, -1, -1, -1, -1, -1, -1, -1, -1], [-1, -1, 2, -1, -1, -1, -1, -1, -1, -1, -1, -1, -1, -1], [-1, -1, -1, 1, -1, -1, -1, -1, -1, -1, -1, -1, -1, -1], [-1, -1, -1, 2, -1, -1, -1, -1, -1, -1, -1, -1, -1, -1], [-1, -1, -1, 4, -1, -1, -1, -1, -1, -1, -1, -1, -1, -1], [-1, -1, -1, 6, -1, -1, -1, -1, -1, -1, -1, -1, -1, -1], [-1, -1, -1, -1, -1, 1, -1, -1, -1, -1, -1, -1, -1, -1], [-1, -1, -1, -1, -1, -1, -1, -1, 1, -1, -1, -1, -1, -1], [-1, -1, -1, -1, -1, -1, -1, -1, 2, -1, -1, -1, -1, -1], [-1, -1, -1, -1, -1, -1, -1, -1, -1, 1, -1, -1, -1, -1], [-1, -1, -1, -1, -1, -1, -1, -1, -1, 2, -1, -1, -1, -1], [-1, -1, -1, -1, -1, -1, -1, -1, -1, -1, -1, 1, -1, -1], [-1, -1, -1, -1, -1, -1, -1, -1, -1, -1, -1, -1, 1, -1]]
90 22 
 [[0, -1, 0, -1, -1, 0, -1, -1, -1, -1, -1, -1, -1, -1], [0, -1, 0, -1, -1, -1, -1, -1, -1, 0, -1, -1, 0, -1], [0, -1, 0, -1, -1, -1, -1, -1, -1, -1, -1, 0, -1, -1], [0, -1, -1, -1, -1, 0, -1, -1, -1, -1, -1, 0, -1, -1], [1, -1, -1, -1, -1, -1, -1, -1, -1, -1, -1, -1, -1, -1], [-1, 1, -1, -1, -1, -1, -1, -1, -1, -1, -1, -1, -1, -1], [-1, -1, 0, -1, -1, 0, -1, -1, -1, 0, -1, -1, -1, -1], [-1, -1, 0, -1, -1, 0, -1, -1, -1, -1, -1, 0, -1, -1], [-1, -1, 0, -1, -1, -1, -1, -1, -1, -1, -1, 0, 0, -1], [-1, -1, 1, -1, -1, -1, -1, -1, -1, -1, -1, -1, -1, -1], [-1, -1, 2, -1, -1, -1, -1, -1, -1, -1, -1, -1, -1, -1], [-1, -1, -1, 1, -1, -1, -1, -1, -1, -1, -1, -1, -1, -1], [-1, -1, -1, 2, -1, -1, -1, -1, -1, -1, -1, -1, -1, -1], [-1, -1, -1, 4, -1, -1, -1, -1, -1, -1, -1, -1, -1, -1], [-1, -1, -1, 6, -1, -1, -1, -1, -1, -1, -1, -1, -1, -1], [-1, -1, -1, -1, -1, 1, -1, -1, -1, -1, -1, -1, -1, -1], [-1, -1, -1, -1, -1, -1, -1, -1, 1, -1, -1, -1, -1, -1], [-1, -1, -1, -1, -1, -1, -1, -1, 2, -1, -1, -1, -1, -1], [-1, -1, -1, -1, -1, -1, -1, -1, -1, 1, -1, -1, -1, -1], [-1, -1, -1, -1, -1, -1, -1, -1, -1, 2, -1, -1, -1, -1], [-1, -1, -1, -1, -1, -1, -1, -1, -1, -1, -1, 1, -1, -1], [-1, -1, -1, -1, -1, -1, -1, -1, -1, -1, -1, -1, 1, -1]]
190 22 
 [[0, -1, 0, -1, -1, 0, -1, -1, -1, -1, -1, -1, -1, -1], [0, -1, 0, -1, -1, -1, -1, -1, -1, 0, -1, -1, 0, -1], [0, -1, 0, -1, -1, -1, -1, -1, -1, -1, -1, 0, -1, -1], [0, -1, -1, -1, -1, 0, -1, -1, -1, -1, -1, 0, -1, -1], [1, -1, -1, -1, -1, -1, -1, -1, -1, -1, -1, -1, -1, -1], [-1, 1, -1, -1, -1, -1, -1, -1, -1, -1, -1, -1, -1, -1], [-1, -1, 0, -1, -1, 0, -1, -1, -1, 0, -1, -1, -1, -1], [-1, -1, 0, -1, -1, 0, -1, -1, -1, -1, -1, 0, -1, -1], [-1, -1, 0, -1, -1, -1, -1, -1, -1, -1, -1, 0, 0, -1], [-1, -1, 1, -1, -1, -1, -1, -1, -1, -1, -1, -1, -1, -1], [-1, -1, 2, -1, -1, -1, -1, -1, -1, -1, -1, -1, -1, -1], [-1, -1, -1, 1, -1, -1, -1, -1, -1, -1, -1, -1, -1, -1], [-1, -1, -1, 2, -1, -1, -1, -1, -1, -1, -1, -1, -1, -1], [-1, -1, -1, 4, -1, -1, -1, -1, -1, -1, -1, -1, -1, -1], [-1, -1, -1, 6, -1, -1, -1, -1, -1, -1, -1, -1, -1, -1], [-1, -1, -1, -1, -1, 1, -1, -1, -1, -1, -1, -1, -1, -1], [-1, -1, -1, -1, -1, -1, -1, -1, 1, -1, -1, -1, -1, -1], [-1, -1, -1, -1, -1, -1, -1, -1, 2, -1, -1, -1, -1, -1], [-1, -1, -1, -1, -1, -1, -1, -1, -1, 1, -1, -1, -1, -1], [-1, -1, -1, -1, -1, -1, -1, -1, -1, 2, -1, -1, -1, -1], [-1, -1, -1, -1, -1, -1, -1, -1, -1, -1, -1, 1, -1, -1], [-1, -1, -1, -1, -1, -1, -1, -1, -1, -1, -1, -1, 1, -1]]
290 22 
 [[0, -1, 0, -1, -1, 0, -1, -1, -1, -1, -1, -1, -1, -1], [0, -1, 0, -1, -1, -1, -1, -1, -1, 0, -1, -1, 0, -1], [0, -1, 0, -1, -1, -1, -1, -1, -1, -1, -1, 0, -1, -1], [0, -1, -1, -1, -1, 0, -1, -1, -1, -1, -1, 0, -1, -1], [1, -1, -1, -1, -1, -1, -1, -1, -1, -1, -1, -1, -1, -1], [-1, 1, -1, -1, -1, -1, -1, -1, -1, -1, -1, -1, -1, -1], [-1, -1, 0, -1, -1, 0, -1, -1, -1, 0, -1, -1, -1, -1], [-1, -1, 0, -1, -1, 0, -1, -1, -1, -1, -1, 0, -1, -1], [-1, -1, 0, -1, -1, -1, -1, -1, -1, -1, -1, 0, 0, -1], [-1, -1, 1, -1, -1, -1, -1, -1, -1, -1, -1, -1, -1, -1], [-1, -1, 2, -1, -1, -1, -1, -1, -1, -1, -1, -1, -1, -1], [-1, -1, -1, 1, -1, -1, -1, -1, -1, -1, -1, -1, -1, -1], [-1, -1, -1, 2, -1, -1, -1, -1, -1, -1, -1, -1, -1, -1], [-1, -1, -1, 4, -1, -1, -1, -1, -1, -1, -1, -1, -1, -1], [-1, -1, -1, 6, -1, -1, -1, -1, -1, -1, -1, -1, -1, -1], [-1, -1, -1, -1, -1, 1, -1, -1, -1, -1, -1, -1, -1, -1], [-1, -1, -1, -1, -1, -1, -1, -1, 1, -1, -1, -1, -1, -1], [-1, -1, -1, -1, -1, -1, -1, -1, 2, -1, -1, -1, -1, -1], [-1, -1, -1, -1, -1, -1, -1, -1, -1, 1, -1, -1, -1, -1], [-1, -1, -1, -1, -1, -1, -1, -1, -1, 2, -1, -1, -1, -1], [-1, -1, -1, -1, -1, -1, -1, -1, -1, -1, -1, 1, -1, -1], [-1, -1, -1, -1, -1, -1, -1, -1, -1, -1, -1, -1, 1, -1]]
390 22 
 [[0, -1, 0, -1, -1, 0, -1, -1, -1, -1, -1, -1, -1, -1], [0, -1, 0, -1, -1, -1, -1, -1, -1, 0, -1, -1, 0, -1], [0, -1, 0, -1, -1, -1, -1, -1, -1, -1, -1, 0, -1, -1], [0, -1, -1, -1, -1, 0, -1, -1, -1, -1, -1, 0, -1, -1], [1, -1, -1, -1, -1, -1, -1, -1, -1, -1, -1, -1, -1, -1], [-1, 1, -1, -1, -1, -1, -1, -1, -1, -1, -1, -1, -1, -1], [-1, -1, 0, -1, -1, 0, -1, -1, -1, 0, -1, -1, -1, -1], [-1, -1, 0, -1, -1, 0, -1, -1, -1, -1, -1, 0, -1, -1], [-1, -1, 0, -1, -1, -1, -1, -1, -1, -1, -1, 0, 0, -1], [-1, -1, 1, -1, -1, -1, -1, -1, -1, -1, -1, -1, -1, -1], [-1, -1, 2, -1, -1, -1, -1, -1, -1, -1, -1, -1, -1, -1], [-1, -1, -1, 1, -1, -1, -1, -1, -1, -1, -1, -1, -1, -1], [-1, -1, -1, 2, -1, -1, -1, -1, -1, -1, -1, -1, -1, -1], [-1, -1, -1, 4, -1, -1, -1, -1, -1, -1, -1, -1, -1, -1], [-1, -1, -1, 6, -1, -1, -1, -1, -1, -1, -1, -1, -1, -1], [-1, -1, -1, -1, -1, 1, -1, -1, -1, -1, -1, -1, -1, -1], [-1, -1, -1, -1, -1, -1, -1, -1, 1, -1, -1, -1, -1, -1], [-1, -1, -1, -1, -1, -1, -1, -1, 2, -1, -1, -1, -1, -1], [-1, -1, -1, -1, -1, -1, -1, -1, -1, 1, -1, -1, -1, -1], [-1, -1, -1, -1, -1, -1, -1, -1, -1, 2, -1, -1, -1, -1], [-1, -1, -1, -1, -1, -1, -1, -1, -1, -1, -1, 1, -1, -1], [-1, -1, -1, -1, -1, -1, -1, -1, -1, -1, -1, -1, 1, -1]]
490 22 
 [[0, -1, 0, -1, -1, 0, -1, -1, -1, -1, -1, -1, -1, -1], [0, -1, 0, -1, -1, -1, -1, -1, -1, 0, -1, -1, 0, -1], [0, -1, 0, -1, -1, -1, -1, -1, -1, -1, -1, 0, -1, -1], [0, -1, -1, -1, -1, 0, -1, -1, -1, -1, -1, 0, -1, -1], [1, -1, -1, -1, -1, -1, -1, -1, -1, -1, -1, -1, -1, -1], [-1, 1, -1, -1, -1, -1, -1, -1, -1, -1, -1, -1, -1, -1], [-1, -1, 0, -1, -1, 0, -1, -1, -1, 0, -1, -1, -1, -1], [-1, -1, 0, -1, -1, 0, -1, -1, -1, -1, -1, 0, -1, -1], [-1, -1, 0, -1, -1, -1, -1, -1, -1, -1, -1, 0, 0, -1], [-1, -1, 1, -1, -1, -1, -1, -1, -1, -1, -1, -1, -1, -1], [-1, -1, 2, -1, -1, -1, -1, -1, -1, -1, -1, -1, -1, -1], [-1, -1, -1, 1, -1, -1, -1, -1, -1, -1, -1, -1, -1, -1], [-1, -1, -1, 2, -1, -1, -1, -1, -1, -1, -1, -1, -1, -1], [-1, -1, -1, 4, -1, -1, -1, -1, -1, -1, -1, -1, -1, -1], [-1, -1, -1, 6, -1, -1, -1, -1, -1, -1, -1, -1, -1, -1], [-1, -1, -1, -1, -1, 1, -1, -1, -1, -1, -1, -1, -1, -1], [-1, -1, -1, -1, -1, -1, -1, -1, 1, -1, -1, -1, -1, -1], [-1, -1, -1, -1, -1, -1, -1, -1, 2, -1, -1, -1, -1, -1], [-1, -1, -1, -1, -1, -1, -1, -1, -1, 1, -1, -1, -1, -1], [-1, -1, -1, -1, -1, -1, -1, -1, -1, 2, -1, -1, -1, -1], [-1, -1, -1, -1, -1, -1, -1, -1, -1, -1, -1, 1, -1, -1], [-1, -1, -1, -1, -1, -1, -1, -1, -1, -1, -1, -1, 1, -1]]
590 22 
 [[0, -1, 0, -1, -1, 0, -1, -1, -1, -1, -1, -1, -1, -1], [0, -1, 0, -1, -1, -1, -1, -1, -1, 0, -1, -1, 0, -1], [0, -1, 0, -1, -1, -1, -1, -1, -1, -1, -1, 0, -1, -1], [0, -1, -1, -1, -1, 0, -1, -1, -1, -1, -1, 0, -1, -1], [1, -1, -1, -1, -1, -1, -1, -1, -1, -1, -1, -1, -1, -1], [-1, 1, -1, -1, -1, -1, -1, -1, -1, -1, -1, -1, -1, -1], [-1, -1, 0, -1, -1, 0, -1, -1, -1, 0, -1, -1, -1, -1], [-1, -1, 0, -1, -1, 0, -1, -1, -1, -1, -1, 0, -1, -1], [-1, -1, 0, -1, -1, -1, -1, -1, -1, -1, -1, 0, 0, -1], [-1, -1, 1, -1, -1, -1, -1, -1, -1, -1, -1, -1, -1, -1], [-1, -1, 2, -1, -1, -1, -1, -1, -1, -1, -1, -1, -1, -1], [-1, -1, -1, 1, -1, -1, -1, -1, -1, -1, -1, -1, -1, -1], [-1, -1, -1, 2, -1, -1, -1, -1, -1, -1, -1, -1, -1, -1], [-1, -1, -1, 4, -1, -1, -1, -1, -1, -1, -1, -1, -1, -1], [-1, -1, -1, 6, -1, -1, -1, -1, -1, -1, -1, -1, -1, -1], [-1, -1, -1, -1, -1, 1, -1, -1, -1, -1, -1, -1, -1, -1], [-1, -1, -1, -1, -1, -1, -1, -1, 1, -1, -1, -1, -1, -1], [-1, -1, -1, -1, -1, -1, -1, -1, 2, -1, -1, -1, -1, -1], [-1, -1, -1, -1, -1, -1, -1, -1, -1, 1, -1, -1, -1, -1], [-1, -1, -1, -1, -1, -1, -1, -1, -1, 2, -1, -1, -1, -1], [-1, -1, -1, -1, -1, -1, -1, -1, -1, -1, -1, 1, -1, -1], [-1, -1, -1, -1, -1, -1, -1, -1, -1, -1, -1, -1, 1, -1]]
690 22 
 [[0, -1, 0, -1, -1, 0, -1, -1, -1, -1, -1, -1, -1, -1], [0, -1, 0, -1, -1, -1, -1, -1, -1, 0, -1, -1, 0, -1], [0, -1, 0, -1, -1, -1, -1, -1, -1, -1, -1, 0, -1, -1], [0, -1, -1, -1, -1, 0, -1, -1, -1, -1, -1, 0, -1, -1], [1, -1, -1, -1, -1, -1, -1, -1, -1, -1, -1, -1, -1, -1], [-1, 1, -1, -1, -1, -1, -1, -1, -1, -1, -1, -1, -1, -1], [-1, -1, 0, -1, -1, 0, -1, -1, -1, 0, -1, -1, -1, -1], [-1, -1, 0, -1, -1, 0, -1, -1, -1, -1, -1, 0, -1, -1], [-1, -1, 0, -1, -1, -1, -1, -1, -1, -1, -1, 0, 0, -1], [-1, -1, 1, -1, -1, -1, -1, -1, -1, -1, -1, -1, -1, -1], [-1, -1, 2, -1, -1, -1, -1, -1, -1, -1, -1, -1, -1, -1], [-1, -1, -1, 1, -1, -1, -1, -1, -1, -1, -1, -1, -1, -1], [-1, -1, -1, 2, -1, -1, -1, -1, -1, -1, -1, -1, -1, -1], [-1, -1, -1, 4, -1, -1, -1, -1, -1, -1, -1, -1, -1, -1], [-1, -1, -1, 6, -1, -1, -1, -1, -1, -1, -1, -1, -1, -1], [-1, -1, -1, -1, -1, 1, -1, -1, -1, -1, -1, -1, -1, -1], [-1, -1, -1, -1, -1, -1, -1, -1, 1, -1, -1, -1, -1, -1], [-1, -1, -1, -1, -1, -1, -1, -1, 2, -1, -1, -1, -1, -1], [-1, -1, -1, -1, -1, -1, -1, -1, -1, 1, -1, -1, -1, -1], [-1, -1, -1, -1, -1, -1, -1, -1, -1, 2, -1, -1, -1, -1], [-1, -1, -1, -1, -1, -1, -1, -1, -1, -1, -1, 1, -1, -1], [-1, -1, -1, -1, -1, -1, -1, -1, -1, -1, -1, -1, 1, -1]]
790 22 
 [[0, -1, 0, -1, -1, 0, -1, -1, -1, -1, -1, -1, -1, -1], [0, -1, 0, -1, -1, -1, -1, -1, -1, 0, -1, -1, 0, -1], [0, -1, 0, -1, -1, -1, -1, -1, -1, -1, -1, 0, -1, -1], [0, -1, -1, -1, -1, 0, -1, -1, -1, -1, -1, 0, -1, -1], [1, -1, -1, -1, -1, -1, -1, -1, -1, -1, -1, -1, -1, -1], [-1, 1, -1, -1, -1, -1, -1, -1, -1, -1, -1, -1, -1, -1], [-1, -1, 0, -1, -1, 0, -1, -1, -1, 0, -1, -1, -1, -1], [-1, -1, 0, -1, -1, 0, -1, -1, -1, -1, -1, 0, -1, -1], [-1, -1, 0, -1, -1, -1, -1, -1, -1, -1, -1, 0, 0, -1], [-1, -1, 1, -1, -1, -1, -1, -1, -1, -1, -1, -1, -1, -1], [-1, -1, 2, -1, -1, -1, -1, -1, -1, -1, -1, -1, -1, -1], [-1, -1, -1, 1, -1, -1, -1, -1, -1, -1, -1, -1, -1, -1], [-1, -1, -1, 2, -1, -1, -1, -1, -1, -1, -1, -1, -1, -1], [-1, -1, -1, 4, -1, -1, -1, -1, -1, -1, -1, -1, -1, -1], [-1, -1, -1, 6, -1, -1, -1, -1, -1, -1, -1, -1, -1, -1], [-1, -1, -1, -1, -1, 1, -1, -1, -1, -1, -1, -1, -1, -1], [-1, -1, -1, -1, -1, -1, -1, -1, 1, -1, -1, -1, -1, -1], [-1, -1, -1, -1, -1, -1, -1, -1, 2, -1, -1, -1, -1, -1], [-1, -1, -1, -1, -1, -1, -1, -1, -1, 1, -1, -1, -1, -1], [-1, -1, -1, -1, -1, -1, -1, -1, -1, 2, -1, -1, -1, -1], [-1, -1, -1, -1, -1, -1, -1, -1, -1, -1, -1, 1, -1, -1], [-1, -1, -1, -1, -1, -1, -1, -1, -1, -1, -1, -1, 1, -1]]
890 22 
 [[0, -1, 0, -1, -1, 0, -1, -1, -1, -1, -1, -1, -1, -1], [0, -1, 0, -1, -1, -1, -1, -1, -1, 0, -1, -1, 0, -1], [0, -1, 0, -1, -1, -1, -1, -1, -1, -1, -1, 0, -1, -1], [0, -1, -1, -1, -1, 0, -1, -1, -1, -1, -1, 0, -1, -1], [1, -1, -1, -1, -1, -1, -1, -1, -1, -1, -1, -1, -1, -1], [-1, 1, -1, -1, -1, -1, -1, -1, -1, -1, -1, -1, -1, -1], [-1, -1, 0, -1, -1, 0, -1, -1, -1, 0, -1, -1, -1, -1], [-1, -1, 0, -1, -1, 0, -1, -1, -1, -1, -1, 0, -1, -1], [-1, -1, 0, -1, -1, -1, -1, -1, -1, -1, -1, 0, 0, -1], [-1, -1, 1, -1, -1, -1, -1, -1, -1, -1, -1, -1, -1, -1], [-1, -1, 2, -1, -1, -1, -1, -1, -1, -1, -1, -1, -1, -1], [-1, -1, -1, 1, -1, -1, -1, -1, -1, -1, -1, -1, -1, -1], [-1, -1, -1, 2, -1, -1, -1, -1, -1, -1, -1, -1, -1, -1], [-1, -1, -1, 4, -1, -1, -1, -1, -1, -1, -1, -1, -1, -1], [-1, -1, -1, 6, -1, -1, -1, -1, -1, -1, -1, -1, -1, -1], [-1, -1, -1, -1, -1, 1, -1, -1, -1, -1, -1, -1, -1, -1], [-1, -1, -1, -1, -1, -1, -1, -1, 1, -1, -1, -1, -1, -1], [-1, -1, -1, -1, -1, -1, -1, -1, 2, -1, -1, -1, -1, -1], [-1, -1, -1, -1, -1, -1, -1, -1, -1, 1, -1, -1, -1, -1], [-1, -1, -1, -1, -1, -1, -1, -1, -1, 2, -1, -1, -1, -1], [-1, -1, -1, -1, -1, -1, -1, -1, -1, -1, -1, 1, -1, -1], [-1, -1, -1, -1, -1, -1, -1, -1, -1, -1, -1, -1, 1, -1]]
990 22 
 [[0, -1, 0, -1, -1, 0, -1, -1, -1, -1, -1, -1, -1, -1], [0, -1, 0, -1, -1, -1, -1, -1, -1, 0, -1, -1, 0, -1], [0, -1, 0, -1, -1, -1, -1, -1, -1, -1, -1, 0, -1, -1], [0, -1, -1, -1, -1, 0, -1, -1, -1, -1, -1, 0, -1, -1], [1, -1, -1, -1, -1, -1, -1, -1, -1, -1, -1, -1, -1, -1], [-1, 1, -1, -1, -1, -1, -1, -1, -1, -1, -1, -1, -1, -1], [-1, -1, 0, -1, -1, 0, -1, -1, -1, 0, -1, -1, -1, -1], [-1, -1, 0, -1, -1, 0, -1, -1, -1, -1, -1, 0, -1, -1], [-1, -1, 0, -1, -1, -1, -1, -1, -1, -1, -1, 0, 0, -1], [-1, -1, 1, -1, -1, -1, -1, -1, -1, -1, -1, -1, -1, -1], [-1, -1, 2, -1, -1, -1, -1, -1, -1, -1, -1, -1, -1, -1], [-1, -1, -1, 1, -1, -1, -1, -1, -1, -1, -1, -1, -1, -1], [-1, -1, -1, 2, -1, -1, -1, -1, -1, -1, -1, -1, -1, -1], [-1, -1, -1, 4, -1, -1, -1, -1, -1, -1, -1, -1, -1, -1], [-1, -1, -1, 6, -1, -1, -1, -1, -1, -1, -1, -1, -1, -1], [-1, -1, -1, -1, -1, 1, -1, -1, -1, -1, -1, -1, -1, -1], [-1, -1, -1, -1, -1, -1, -1, -1, 1, -1, -1, -1, -1, -1], [-1, -1, -1, -1, -1, -1, -1, -1, 2, -1, -1, -1, -1, -1], [-1, -1, -1, -1, -1, -1, -1, -1, -1, 1, -1, -1, -1, -1], [-1, -1, -1, -1, -1, -1, -1, -1, -1, 2, -1, -1, -1, -1], [-1, -1, -1, -1, -1, -1, -1, -1, -1, -1, -1, 1, -1, -1], [-1, -1, -1, -1, -1, -1, -1, -1, -1, -1, -1, -1, 1, -1]]


number of patterns found, upperbound
40 10 
 [[0, 0, -1, 0, 0, -1, 0, 0, 0, -1, 0, -1, -1, 0], [-1, -1, 0, -1, 0, -1, 0, 0, 0, -1, 0, -1, -1, 0], [-1, -1, -1, 0, 0, 0, 0, 0, 0, -1, 0, -1, -1, 0], [-1, 0, -1, 0, 0, -1, 0, 0, 0, 0, 0, -1, -1, 0], [-1, 0, -1, -1, 0, -1, 0, 0, 0, -1, 0, 0, -1, 0], [-1, 0, -1, -1, 0, 0, 0, 0, 0, -1, 0, -1, -1, 0], [-1, -1, -1, 0, 0, -1, 0, 0, 0, -1, 0, -1, 0, 0], [-1, -1, -1, -1, 0, 0, 0, 0, 0, -1, 0, -1, 0, 0], [0, -1, -1, 0, 0, -1, 0, 0, 0, 0, 0, -1, -1, 0], [-1, 0, -1, -1, 0, -1, 0, 0, 0, -1, 0, -1, 0, 0]]
90 31 
 [[-1, -1, -1, 0, 0, -1, 0, 0, 0, -1, 0, 1, -1, 0], [-1, -1, -1, -1, 0, -1, 0, 0, 0, 0, 0, 1, -1, 0], [0, 0, -1, 0, 0, -1, 0, 0, 0, 0, 0, 0, -1, 0], [0, 0, -1, 0, 0, 0, 0, 0, 0, 0, 0, -1, -1, 0], [0, 0, -1, 0, 0, 0, 0, 0, 0, -1, 0, -1, 0, 0], [-1, 0, 0, 0, 0, -1, 0, 0, 0, -1, 0, 0, -1, 0], [-1, 0, -1, -1, 0, -1, 0, 0, 0, -1, 0, 1, -1, 0], [-1, -1, -1, -1, 0, 0, 0, 0, 0, -1, 0, 1, -1, 0], [-1, -1, -1, -1, 0, -1, 0, 0, 0, -1, 0, 1, 0, 0], [0, 0, -1, 0, 0, 0, 0, 0, 0, -1, 0, 0, -1, 0], [-1, 0, -1, 0, 0, 0, 0, 0, 0, 0, 0, -1, 0, 0], [-1, 0, -1, 0, 0, -1, 0, 0, 0, -1, 0, 0, 0, 0], [-1, 0, -1, -1, 0, 0, 0, 0, 0, -1, 0, 0, 0, 0], [-1, -1, -1, 0, 0, 0, 0, 0, 0, 0, 0, 0, -1, 0], [-1, -1, -1, 0, 0, 0, 0, 0, 0, -1, 0, 0, 0, 0], [0, -1, -1, 0, 0, 0, 0, 0, 0, 0, 0, -1, 0, 0], [-1, -1, 1, 0, 0, -1, 0, 0, 0, -1, 0, -1, -1, 0], [0, -1, -1, 0, 0, -1, 0, 0, 0, -1, 0, -1, 1, 0], [0, 0, -1, 0, 0, -1, 0, 0, 0, 0, 0, -1, 0, 0], [-1, -1, 1, -1, 0, -1, 0, 0, 0, 0, 0, -1, -1, 0], [-1, 0, -1, -1, 0, 0, 0, 0, 0, 0, 0, 0, -1, 0], [-1, -1, 1, -1, 0, 0, 0, 0, 0, -1, 0, -1, 0, 0], [0, 0, 0, 0, 0, -1, 0, 0, 0, 0, 0, -1, -1, 0], [0, 0, 0, -1, 0, -1, 0, 0, 0, -1, 0, 0, -1, 0], [0, -1, 0, 0, 0, -1, 0, 0, 0, -1, 0, 0, -1, 0], [0, 0, -1, -1, 0, -1, 0, 0, 0, -1, 0, -1, 1, 0], [0, -1, -1, -1, 0, 1, 0, 0, 0, -1, 0, -1, -1, 0], [-1, 0, -1, -1, 0, 1, 0, 0, 0, -1, 0, -1, -1, 0], [-1, -1, -1, 0, 0, 1, 0, 0, 0, -1, 0, -1, -1, 0], [-1, -1, -1, -1, 0, 0, 0, 0, 0, 0, 0, 0, 0, 0], [1, -1, -1, -1, 0, -1, 0, 0, 0, -1, 0, -1, 0, 0]]
190 64 
 [[0, 0, -1, 0, 0, 0, 0, 0, 0, 0, 0, -1, 0, 0], [0, 0, 0, 0, 0, -1, 0, 0, 0, 0, 0, 0, -1, 0], [0, 0, 0, 0, 0, 1, 0, 0, 0, -1, 0, -1, -1, 0], [0, 0, -1, 0, 0, 1, 0, 0, 0, 0, 0, -1, -1, 0], [0, 0, -1, 0, 0, -1, 0, 0, 0, 0, 0, -1, 1, 0], [0, 0, -1, 0, 0, 0, 0, 0, 0, 0, 0, 0, -1, 0], [0, -1, 0, 0, 0, 1, 0, 0, 0, 0, 0, -1, -1, 0], [0, -1, 0, 0, 0, 1, 0, 0, 0, -1, 0, -1, 1, 0], [0, -1, 0, 0, 0, -1, 0, 0, 0, 0, 0, -1, 1, 0], [-1, -1, -1, -1, 0, 1, 0, 0, 0, 0, 0, -1, 1, 0], [0, 0, 0, -1, 0, 1, 0, 0, 0, -1, 0, -1, 1, 0], [0, 0, -1, 0, 0, 1, 0, 0, 0, -1, 0, -1, 1, 0], [1, -1, -1, -1, 0, 0, 0, 0, 0, -1, 0, -1, 0, 0], [0, -1, -1, 0, 0, 0, 0, 0, 0, 0, 0, 0, 0, 0], [-1, 0, 0, 0, 0, 0, 0, 0, 0, -1, 0, -1, -1, 0], [-1, 0, 0, 0, 0, -1, 0, 0, 0, -1, 0, -1, 0, 0], [-1, -1, 1, -1, 0, 0, 0, 0, 0, 0, 0, -1, 0, 0], [0, -1, -1, 0, 0, -1, 0, 0, 0, 0, 0, 1, -1, 0], [-1, -1, 1, 0, 0, -1, 0, 0, 0, 0, 0, -1, -1, 0], [-1, -1, -1, -1, 0, 0, 0, 0, 0, 0, 0, 1, 0, 0], [1, -1, -1, -1, 0, -1, 0, 0, 0, 0, 0, -1, 0, 0], [-1, 0, -1, 0, 0, -1, 0, 0, 0, 0, 0, 1, -1, 0], [-1, 0, -1, -1, 0, 0, 0, 0, 0, -1, 0, 1, 0, 0], [0, 0, -1, 0, 0, -1, 0, 0, 0, -1, 0, 1, -1, 0], [0, -1, 0, -1, 0, -1, 0, 0, 0, -1, 0, -1, 0, 0], [-1, 0, -1, 0, 0, -1, 0, 0, 0, -1, 0, 1, 0, 0], [-1, 0, -1, -1, 0, -1, 0, 0, 0, 0, 0, 1, 0, 0], [0, 0, -1, 0, 0, 1, 0, 0, 0, -1, 0, 0, -1, 0], [-1, 0, 1, 0, 0, -1, 0, 0, 0, -1, 0, -1, -1, 0], [-1, 0, 1, -1, 0, -1, 0, 0, 0, 0, 0, -1, -1, 0], [0, -1, 1, 0, 0, -1, 0, 0, 0, -1, 0, -1, -1, 0], [-1, -1, -1, 0, 0, 0, 0, 0, 0, -1, 0, 1, 0, 0], [0, 0, -1, 0, 0, 0, 0, 0, 0, -1, 0, 0, 0, 0], [-1, -1, 1, 0, 0, 0, 0, 0, 0, -1, 0, -1, 0, 0], [1, 0, -1, -1, 0, -1, 0, 0, 0, -1, 0, -1, 0, 0], [0, 0, -1, 0, 0, -1, 0, 0, 0, 0, 0, 0, 0, 0], [-1, 0, -1, 0, 0, 0, 0, 0, 0, 0, 0, 0, 0, 0], [0, 0, 0, -1, 0, 1, 0, 0, 0, -1, 0, 0, -1, 0], [-1, -1, -1, -1, 0, -1, 0, 0, 0, 1, 0, 0, -1, 0], [-1, 0, 0, 0, 0, 1, 0, 0, 0, 0, 0, -1, -1, 0], [-1, -1, -1, 0, 0, -1, 0, 0, 0, 0, 0, 1, 0, 0], [-1, 0, -1, 0, 0, 0, 0, 0, 0, -1, 0, 1, -1, 0], [-1, 0, 1, -1, 0, 0, 0, 0, 0, -1, 0, -1, 0, 0], [0, -1, -1, -1, 0, 0, 0, 0, 0, -1, 0, 1, -1, 0], [0, -1, -1, -1, 0, -1, 0, 0, 0, -1, 0, 1, 0, 0], [-1, 0, -1, 0, 0, -1, 0, 0, 0, 1, 0, -1, -1, 0], [-1, -1, 2, -1, 0, 0, 0, 0, 0, -1, 0, -1, 0, 0], [-1, -1, 1, -1, 0, -1, 0, 0, 0, -1, 0, 0, 0, 0], [-1, -1, -1, -1, 0, 1, 0, 0, 0, 0, 0, 0, -1, 0], [0, 0, 0, 0, 0, -1, 0, 0, 0, -1, 0, 0, 1, 0], [0, 0, -1, -1, 0, 1, 0, 0, 0, -1, 0, 0, 1, 0], [0, 0, -1, -1, 0, -1, 0, 0, 0, 1, 0, -1, -1, 0], [0, -1, 0, 0, 0, 1, 0, 0, 0, -1, 0, 0, -1, 0], [0, -1, 0, -1, 0, 1, 0, 0, 0, -1, 0, 0, 1, 0], [0, -1, -1, 0, 0, 1, 0, 0, 0, -1, 0, 0, 1, 0], [-1, 0, 0, 0, 0, 1, 0, 0, 0, -1, 0, 0, -1, 0], [-1, 0, 0, 0, 0, 1, 0, 0, 0, -1, 0, -1, 1, 0], [0, 0, 0, -1, 0, 0, 0, 0, 0, -1, 0, -1, -1, 0], [0, 0, -1, -1, 0, 0, 0, 0, 0, 0, 0, 0, 0, 0], [0, -1, 0, 0, 0, 0, 0, 0, 0, -1, 0, -1, -1, 0], [-1, 0, 0, -1, 0, 0, 0, 0, 0, -1, 0, -1, 0, 0], [-1, 0, 0, -1, 0, -1, 0, 0, 0, 0, 0, -1, 0, 0], [-1, -1, 0, 0, 0, -1, 0, 0, 0, 0, 0, -1, 0, 0], [-1, -1, 0, -1, 0, 0, 0, 0, 0, 0, 0, -1, -1, 0]]
290 55 
 [[-1, -1, 1, -1, 0, 0, 0, 0, 0, -1, 0, -1, 0, 0], [1, -1, -1, -1, 0, -1, 0, 0, 0, -1, 0, -1, 0, 0], [-1, -1, 1, -1, 0, -1, 0, 0, 0, 0, 0, -1, 0, 0], [-1, -1, -1, 0, 0, -1, 0, 0, 0, 0, 0, 1, -1, 0], [-1, -1, -1, -1, 0, 0, 0, 0, 0, -1, 0, 1, 0, 0], [0, -1, -1, 0, 0, -1, 0, 0, 0, -1, 0, 1, -1, 0], [-1, 0, -1, 0, 0, -1, 0, 0, 0, -1, 0, 1, -1, 0], [-1, -1, -1, 0, 0, 0, 0, 0, 0, 0, 0, 0, 0, 0], [-1, -1, -1, -1, 0, -1, 0, 0, 0, 0, 0, 1, 0, 0], [-1, -1, 1, 0, 0, -1, 0, 0, 0, -1, 0, -1, 0, 0], [0, 0, -1, 0, 0, 0, 0, 0, 0, 0, 0, -1, 0, 0], [-1, 0, -1, -1, 0, -1, 0, 0, 0, -1, 0, 1, 0, 0], [-1, 0, -1, -1, 0, -1, 0, 0, 0, 1, 0, -1, -1, 0], [-1, 0, -1, -1, 0, -1, 0, 0, 0, 0, 0, 1, -1, 0], [-1, -1, -1, 0, 0, -1, 0, 0, 0, -1, 0, 1, 0, 0], [0, 0, 0, 0, 0, -1, 0, 0, 0, 0, 0, 0, -1, 0], [0, 0, -1, 0, 0, -1, 0, 0, 0, -1, 0, 0, 0, 0], [0, -1, -1, 0, 0, 0, 0, 0, 0, -1, 0, 0, 0, 0], [0, -1, -1, 0, 0, -1, 0, 0, 0, 0, 0, 0, 0, 0], [-1, 0, 0, -1, 0, 0, 0, 0, 0, -1, 0, -1, -1, 0], [-1, 0, 0, -1, 0, -1, 0, 0, 0, -1, 0, -1, 0, 0], [-1, -1, 0, 0, 0, 0, 0, 0, 0, -1, 0, -1, -1, 0], [-1, -1, 0, 0, 0, -1, 0, 0, 0, -1, 0, -1, 0, 0], [0, 0, 0, 0, 0, -1, 0, 0, 0, -1, 0, -1, 1, 0], [0, -1, -1, 0, 0, 1, 0, 0, 0, -1, 0, 0, -1, 0], [0, 0, -1, -1, 0, -1, 0, 0, 0, -1, 0, 1, -1, 0], [0, -1, -1, -1, 0, -1, 0, 0, 0, 0, 0, 1, -1, 0], [-1, 0, 1, -1, 0, -1, 0, 0, 0, -1, 0, -1, 0, 0], [-1, 0, -1, -1, 0, 0, 0, 0, 0, -1, 0, 1, -1, 0], [-1, -1, 1, -1, 0, 0, 0, 0, 0, 0, 0, -1, -1, 0], [-1, -1, -1, -1, 0, 0, 0, 0, 0, 0, 0, 1, -1, 0], [-1, 0, -1, 0, 0, 0, 0, 0, 0, -1, 0, 0, 0, 0], [-1, 0, -1, -1, 0, 0, 0, 0, 0, 0, 0, 0, 0, 0], [0, 0, 0, 0, 0, 1, 0, 0, 0, -1, 0, -1, -1, 0], [0, 0, -1, 0, 0, 1, 0, 0, 0, 0, 0, -1, -1, 0], [0, 0, -1, 0, 0, -1, 0, 0, 0, 0, 0, -1, 1, 0], [0, 0, -1, 0, 0, -1, 0, 0, 0, -1, 0, 0, 1, 0], [-1, 0, -1, 0, 0, 1, 0, 0, 0, -1, 0, 0, -1, 0], [0, 0, -1, -1, 0, 1, 0, 0, 0, -1, 0, 0, -1, 0], [0, -1, 0, -1, 0, 1, 0, 0, 0, -1, 0, 0, -1, 0], [0, 0, -1, 0, 0, 0, 0, 0, 0, 0, 0, 0, -1, 0], [0, -1, -1, -1, 0, 0, 0, 0, 0, 0, 0, 0, 0, 0], [-1, 0, -1, 0, 0, -1, 0, 0, 0, 0, 0, 0, 0, 0], [0, 0, 0, -1, 0, -1, 0, 0, 0, -1, 0, 0, 1, 0], [0, -1, 0, 0, 0, 1, 0, 0, 0, 0, 0, -1, -1, 0], [0, -1, 0, 0, 0, 1, 0, 0, 0, -1, 0, -1, 1, 0], [0, -1, 0, 0, 0, -1, 0, 0, 0, 0, 0, -1, 1, 0], [0, -1, -1, -1, 0, 1, 0, 0, 0, -1, 0, 0, 1, 0], [-1, 0, 0, -1, 0, 1, 0, 0, 0, -1, 0, 0, -1, 0], [-1, -1, -1, -1, 0, 1, 0, 0, 0, 0, 0, -1, 1, 0], [0, 0, 0, -1, 0, 1, 0, 0, 0, -1, 0, -1, 1, 0], [0, 0, -1, 0, 0, 1, 0, 0, 0, -1, 0, -1, 1, 0], [0, -1, 0, 0, 0, -1, 0, 0, 0, -1, 0, 0, 1, 0], [-1, 0, -1, -1, 0, 1, 0, 0, 0, -1, 0, 0, 1, 0], [-1, -1, 0, 0, 0, 1, 0, 0, 0, -1, 0, 0, -1, 0]]
390 63 
 [[0, 0, -1, 0, 0, 0, 0, 0, 0, 0, 0, -1, 0, 0], [-1, 0, -1, -1, 0, -1, 0, 0, 0, 1, 0, -1, -1, 0], [0, 0, 0, 0, 0, -1, 0, 0, 0, 0, 0, 0, -1, 0], [0, 0, 0, 0, 0, -1, 0, 0, 0, -1, 0, -1, 1, 0], [-1, 0, 1, -1, 0, -1, 0, 0, 0, -1, 0, -1, 0, 0], [0, 0, 0, 0, 0, 1, 0, 0, 0, -1, 0, -1, -1, 0], [0, 0, -1, 0, 0, 1, 0, 0, 0, 0, 0, -1, -1, 0], [0, 0, -1, 0, 0, -1, 0, 0, 0, 0, 0, -1, 1, 0], [0, 0, -1, 0, 0, -1, 0, 0, 0, -1, 0, 0, 1, 0], [0, 0, -1, 0, 0, 0, 0, 0, 0, 0, 0, 0, -1, 0], [0, 0, 0, -1, 0, -1, 0, 0, 0, -1, 0, 0, 1, 0], [0, -1, 0, 0, 0, 1, 0, 0, 0, 0, 0, -1, -1, 0], [0, -1, 0, 0, 0, 1, 0, 0, 0, -1, 0, -1, 1, 0], [0, -1, 0, 0, 0, -1, 0, 0, 0, 0, 0, -1, 1, 0], [0, -1, -1, -1, 0, 1, 0, 0, 0, -1, 0, 0, 1, 0], [-1, -1, -1, -1, 0, 1, 0, 0, 0, 0, 0, -1, 1, 0], [0, 0, 0, -1, 0, 1, 0, 0, 0, -1, 0, -1, 1, 0], [0, 0, -1, 0, 0, 1, 0, 0, 0, -1, 0, -1, 1, 0], [0, -1, 0, 0, 0, -1, 0, 0, 0, -1, 0, 0, 1, 0], [-1, 0, -1, -1, 0, 1, 0, 0, 0, -1, 0, 0, 1, 0], [-1, -1, 0, 0, 0, 1, 0, 0, 0, -1, 0, 0, -1, 0], [1, -1, -1, -1, 0, 0, 0, 0, 0, -1, 0, -1, 0, 0], [0, -1, -1, 0, 0, 0, 0, 0, 0, 0, 0, 0, 0, 0], [-1, 0, 0, 0, 0, 0, 0, 0, 0, -1, 0, -1, -1, 0], [-1, 0, 0, 0, 0, -1, 0, 0, 0, -1, 0, -1, 0, 0], [-1, -1, 1, -1, 0, 0, 0, 0, 0, 0, 0, -1, 0, 0], [0, -1, -1, 0, 0, -1, 0, 0, 0, 0, 0, 1, -1, 0], [-1, -1, 1, 0, 0, -1, 0, 0, 0, 0, 0, -1, -1, 0], [-1, -1, -1, -1, 0, 0, 0, 0, 0, 0, 0, 1, 0, 0], [1, -1, -1, -1, 0, -1, 0, 0, 0, 0, 0, -1, 0, 0], [-1, 0, -1, 0, 0, -1, 0, 0, 0, 0, 0, 1, -1, 0], [-1, 0, -1, -1, 0, 0, 0, 0, 0, -1, 0, 1, 0, 0], [0, 0, -1, 0, 0, -1, 0, 0, 0, -1, 0, 1, -1, 0], [0, -1, 0, -1, 0, 0, 0, 0, 0, -1, 0, -1, -1, 0], [0, -1, 0, -1, 0, -1, 0, 0, 0, -1, 0, -1, 0, 0], [-1, 0, -1, 0, 0, -1, 0, 0, 0, -1, 0, 1, 0, 0], [-1, 0, -1, -1, 0, -1, 0, 0, 0, 0, 0, 1, 0, 0], [-1, -1, 0, -1, 0, 0, 0, 0, 0, -1, 0, -1, 0, 0], [-1, -1, 0, -1, 0, -1, 0, 0, 0, 0, 0, -1, 0, 0], [0, 0, -1, 0, 0, 1, 0, 0, 0, -1, 0, 0, -1, 0], [-1, 0, 1, 0, 0, -1, 0, 0, 0, -1, 0, -1, -1, 0], [-1, 0, 1, -1, 0, -1, 0, 0, 0, 0, 0, -1, -1, 0], [0, -1, 1, 0, 0, -1, 0, 0, 0, -1, 0, -1, -1, 0], [-1, 0, 1, -1, 0, 0, 0, 0, 0, -1, 0, -1, -1, 0], [-1, -1, -1, 0, 0, 0, 0, 0, 0, -1, 0, 1, 0, 0], [0, 0, -1, 0, 0, 0, 0, 0, 0, -1, 0, 0, 0, 0], [0, -1, -1, -1, 0, -1, 0, 0, 0, 1, 0, -1, -1, 0], [-1, -1, 1, 0, 0, 0, 0, 0, 0, -1, 0, -1, 0, 0], [-1, -1, 1, -1, 0, -1, 0, 0, 0, -1, 0, 0, -1, 0], [1, 0, -1, -1, 0, -1, 0, 0, 0, -1, 0, -1, 0, 0], [-1, -1, -1, 0, 0, -1, 0, 0, 0, 1, 0, -1, -1, 0], [0, 0, -1, 0, 0, -1, 0, 0, 0, 0, 0, 0, 0, 0], [-1, 0, -1, 0, 0, 0, 0, 0, 0, 0, 0, 0, 0, 0], [-1, -1, 2, -1, 0, 0, 0, 0, 0, -1, 0, -1, -1, 0], [-1, -1, 2, -1, 0, -1, 0, 0, 0, -1, 0, -1, 0, 0], [0, 0, 0, -1, 0, 1, 0, 0, 0, -1, 0, 0, -1, 0], [-1, 0, 0, 0, 0, -1, 0, 0, 0, -1, 0, 0, 1, 0], [-1, -1, 0, -1, 0, 1, 0, 0, 0, -1, 0, 0, 1, 0], [-1, -1, -1, 0, 0, 1, 0, 0, 0, -1, 0, 0, 1, 0], [-1, -1, -1, -1, 0, -1, 0, 0, 0, 1, 0, 0, -1, 0], [-1, 0, 0, 0, 0, 1, 0, 0, 0, 0, 0, -1, -1, 0], [-1, -1, -1, 0, 0, -1, 0, 0, 0, 0, 0, 1, 0, 0], [-1, 0, -1, 0, 0, 0, 0, 0, 0, -1, 0, 1, -1, 0]]
490 70 
 [[0, 0, -1, 0, 0, 0, 0, 0, 0, 0, 0, -1, 0, 0], [0, 0, 0, 0, 0, -1, 0, 0, 0, 0, 0, 0, -1, 0], [0, 0, -1, 0, 0, 1, 0, 0, 0, 0, 0, -1, -1, 0], [0, 0, -1, 0, 0, -1, 0, 0, 0, 0, 0, -1, 1, 0], [0, 0, -1, 0, 0, 0, 0, 0, 0, 0, 0, 0, -1, 0], [0, -1, 0, 0, 0, 1, 0, 0, 0, 0, 0, -1, -1, 0], [0, -1, 0, 0, 0, -1, 0, 0, 0, 0, 0, -1, 1, 0], [0, -1, -1, 0, 0, 0, 0, 0, 0, 0, 0, 0, 0, 0], [-1, 0, 0, 0, 0, 0, 0, 0, 0, -1, 0, -1, -1, 0], [-1, 0, 0, 0, 0, -1, 0, 0, 0, -1, 0, -1, 0, 0], [-1, -1, 1, -1, 0, 0, 0, 0, 0, 0, 0, -1, 0, 0], [0, -1, -1, 0, 0, -1, 0, 0, 0, 0, 0, 1, -1, 0], [-1, -1, -1, -1, 0, 0, 0, 0, 0, 0, 0, 1, 0, 0], [-1, 0, -1, 0, 0, -1, 0, 0, 0, 0, 0, 1, -1, 0], [-1, 0, -1, -1, 0, 0, 0, 0, 0, -1, 0, 1, 0, 0], [0, 0, -1, 0, 0, -1, 0, 0, 0, -1, 0, 1, -1, 0], [-1, 0, -1, 0, 0, -1, 0, 0, 0, -1, 0, 1, 0, 0], [-1, 0, -1, -1, 0, -1, 0, 0, 0, 0, 0, 1, 0, 0], [-1, -1, -1, 0, 0, 0, 0, 0, 0, -1, 0, 1, 0, 0], [0, 0, -1, 0, 0, 0, 0, 0, 0, -1, 0, 0, 0, 0], [-1, -1, 1, 0, 0, 0, 0, 0, 0, -1, 0, -1, 0, 0], [0, 0, -1, 0, 0, -1, 0, 0, 0, 0, 0, 0, 0, 0], [-1, 0, -1, 0, 0, 0, 0, 0, 0, 0, 0, 0, 0, 0], [-1, 0, 0, 0, 0, 1, 0, 0, 0, 0, 0, -1, -1, 0], [-1, -1, -1, 0, 0, -1, 0, 0, 0, 0, 0, 1, 0, 0], [-1, 0, -1, 0, 0, 0, 0, 0, 0, -1, 0, 1, -1, 0], [-1, 0, 1, -1, 0, 0, 0, 0, 0, -1, 0, -1, 0, 0], [0, -1, -1, -1, 0, 0, 0, 0, 0, -1, 0, 1, -1, 0], [0, -1, -1, -1, 0, -1, 0, 0, 0, -1, 0, 1, 0, 0], [-1, 0, -1, 0, 0, -1, 0, 0, 0, 1, 0, -1, -1, 0], [-1, -1, 2, -1, 0, 0, 0, 0, 0, -1, 0, -1, 0, 0], [-1, -1, 1, -1, 0, -1, 0, 0, 0, -1, 0, 0, 0, 0], [0, 0, 0, 0, 0, -1, 0, 0, 0, -1, 0, 0, 1, 0], [0, 0, -1, -1, 0, -1, 0, 0, 0, 1, 0, -1, -1, 0], [0, -1, -1, 0, 0, 1, 0, 0, 0, -1, 0, 0, 1, 0], [0, 0, 0, -1, 0, 0, 0, 0, 0, -1, 0, -1, -1, 0], [0, 0, -1, -1, 0, 0, 0, 0, 0, 0, 0, 0, 0, 0], [0, -1, 0, 0, 0, 0, 0, 0, 0, -1, 0, -1, -1, 0], [-1, 0, 0, -1, 0, 0, 0, 0, 0, -1, 0, -1, 0, 0], [-1, 0, 0, -1, 0, -1, 0, 0, 0, 0, 0, -1, 0, 0], [-1, -1, 0, 0, 0, -1, 0, 0, 0, 0, 0, -1, 0, 0], [-1, -1, 0, -1, 0, 0, 0, 0, 0, 0, 0, -1, -1, 0], [0, 0, 0, -1, 0, -1, 0, 0, 0, -1, 0, -1, 0, 0], [0, -1, 0, 0, 0, -1, 0, 0, 0, -1, 0, -1, 0, 0], [-1, 0, -1, -1, 0, -1, 0, 0, 0, 1, 0, 0, -1, 0], [0, 0, 0, 0, 0, 1, 0, 0, 0, -1, 0, 0, -1, 0], [0, 0, 0, 0, 0, 1, 0, 0, 0, -1, 0, -1, 1, 0], [-1, 0, 0, 0, 0, -1, 0, 0, 0, 0, 0, -1, 1, 0], [-1, 0, -1, 0, 0, 1, 0, 0, 0, -1, 0, 0, 1, 0], [-1, -1, 0, 0, 0, 1, 0, 0, 0, -1, 0, 0, 1, 0], [-1, 0, 1, 0, 0, -1, 0, 0, 0, -1, 0, -1, 0, 0], [0, -1, 1, -1, 0, 0, 0, 0, 0, -1, 0, -1, -1, 0], [0, -1, 1, -1, 0, -1, 0, 0, 0, -1, 0, -1, 0, 0], [0, -1, -1, 0, 0, -1, 0, 0, 0, 1, 0, -1, -1, 0], [1, -1, -1, -1, 0, 0, 0, 0, 0, 0, 0, -1, 0, 0], [-1, 0, 1, -1, 0, -1, 0, 0, 0, -1, 0, 0, -1, 0], [0, 0, 1, 0, 0, -1, 0, 0, 0, -1, 0, -1, -1, 0], [-1, 0, 1, -1, 0, -1, 0, 0, 0, 0, 0, -1, 0, 0], [0, 0, 0, -1, 0, 1, 0, 0, 0, -1, 0, 0, 1, 0], [0, -1, -1, 0, 0, 1, 0, 0, 0, 0, 0, -1, 1, 0], [-1, 0, -1, 0, 0, -1, 0, 0, 0, 0, 0, 0, 1, 0], [-1, 0, -1, -1, 0, 1, 0, 0, 0, 0, 0, -1, 1, 0], [-1, -1, 0, 0, 0, 1, 0, 0, 0, 0, 0, -1, 1, 0], [1, -1, -1, -1, 0, -1, 0, 0, 0, -1, 0, 0, -1, 0], [-1, 0, -1, 0, 0, 1, 0, 0, 0, 0, 0, 0, -1, 0], [-1, -1, 1, 0, 0, -1, 0, 0, 0, 0, 0, -1, 0, 0], [0, -1, -1, -1, 0, -1, 0, 0, 0, 0, 0, 0, 1, 0], [-1, 0, 2, -1, 0, -1, 0, 0, 0, -1, 0, -1, -1, 0], [1, 0, -1, -1, 0, 0, 0, 0, 0, -1, 0, -1, 0, 0], [-1, 0, -1, -1, 0, -1, 0, 0, 0, 1, 0, -1, 0, 0]]
590 76 
 [[0, 0, -1, 0, 0, 0, 0, 0, 0, 0, 0, -1, 0, 0], [0, 0, 0, 0, 0, -1, 0, 0, 0, 0, 0, 0, -1, 0], [0, 0, -1, 0, 0, 0, 0, 0, 0, 0, 0, 0, -1, 0], [0, -1, -1, 0, 0, 0, 0, 0, 0, 0, 0, 0, 0, 0], [-1, -1, 1, -1, 0, 0, 0, 0, 0, 0, 0, -1, 0, 0], [0, -1, -1, 0, 0, -1, 0, 0, 0, 0, 0, 1, -1, 0], [-1, -1, -1, -1, 0, 0, 0, 0, 0, 0, 0, 1, 0, 0], [0, 0, -1, 0, 0, -1, 0, 0, 0, -1, 0, 1, -1, 0], [0, 0, -1, 0, 0, 0, 0, 0, 0, -1, 0, 0, 0, 0], [-1, -1, 1, 0, 0, 0, 0, 0, 0, -1, 0, -1, 0, 0], [0, 0, -1, 0, 0, -1, 0, 0, 0, 0, 0, 0, 0, 0], [-1, 0, -1, 0, 0, 0, 0, 0, 0, 0, 0, 0, 0, 0], [-1, 0, 1, -1, 0, 0, 0, 0, 0, -1, 0, -1, 0, 0], [-1, -1, 2, -1, 0, 0, 0, 0, 0, -1, 0, -1, 0, 0], [0, 0, 0, 0, 0, -1, 0, 0, 0, -1, 0, 0, 1, 0], [0, 0, -1, -1, 0, 0, 0, 0, 0, 0, 0, 0, 0, 0], [-1, 0, 0, -1, 0, 0, 0, 0, 0, -1, 0, -1, 0, 0], [-1, -1, 0, -1, 0, 0, 0, 0, 0, 0, 0, -1, -1, 0], [-1, 0, -1, -1, 0, -1, 0, 0, 0, 1, 0, 0, -1, 0], [0, 0, 0, 0, 0, 1, 0, 0, 0, -1, 0, 0, -1, 0], [0, 0, 0, 0, 0, 1, 0, 0, 0, -1, 0, -1, 1, 0], [-1, 0, 1, 0, 0, -1, 0, 0, 0, -1, 0, -1, 0, 0], [1, -1, -1, -1, 0, 0, 0, 0, 0, 0, 0, -1, 0, 0], [0, 0, 1, 0, 0, -1, 0, 0, 0, -1, 0, -1, -1, 0], [-1, 0, 1, -1, 0, -1, 0, 0, 0, 0, 0, -1, 0, 0], [0, 0, 0, -1, 0, 1, 0, 0, 0, -1, 0, 0, 1, 0], [-1, 0, -1, 0, 0, 1, 0, 0, 0, 0, 0, 0, -1, 0], [-1, -1, 1, 0, 0, -1, 0, 0, 0, 0, 0, -1, 0, 0], [-1, 0, 2, -1, 0, -1, 0, 0, 0, -1, 0, -1, -1, 0], [1, 0, -1, -1, 0, 0, 0, 0, 0, -1, 0, -1, 0, 0], [-1, 0, -1, -1, 0, -1, 0, 0, 0, 1, 0, -1, 0, 0], [-1, 0, 1, 0, 0, 0, 0, 0, 0, -1, 0, -1, -1, 0], [-1, 1, -1, -1, 0, -1, 0, 0, 0, -1, 0, -1, -1, 0], [0, 0, 0, 0, 0, -1, 0, 0, 0, -1, 0, -1, 0, 0], [0, 0, -1, 0, 0, -1, 0, 0, 0, 1, 0, -1, -1, 0], [0, 0, -1, -1, 0, -1, 0, 0, 0, -1, 0, 1, 0, 0], [-1, 0, -1, 0, 0, 0, 0, 0, 0, -1, 0, 1, 0, 0], [-1, 0, -1, -1, 0, 0, 0, 0, 0, 1, 0, -1, -1, 0], [0, -1, 1, 0, 0, 0, 0, 0, 0, -1, 0, -1, -1, 0], [-1, -1, 1, 0, 0, 0, 0, 0, 0, 0, 0, -1, -1, 0], [0, -1, 1, -1, 0, -1, 0, 0, 0, 0, 0, -1, -1, 0], [-1, 0, 1, 0, 0, -1, 0, 0, 0, 0, 0, -1, -1, 0], [0, 0, 0, 0, 0, 1, 0, 0, 0, 0, 0, -1, -1, 0], [0, 0, 0, 0, 0, -1, 0, 0, 0, 0, 0, -1, 1, 0], [0, 0, -1, 0, 0, 1, 0, 0, 0, -1, 0, 0, 1, 0], [0, 0, -1, 0, 0, -1, 0, 0, 0, 0, 0, 0, 1, 0], [0, -1, 0, 0, 0, 1, 0, 0, 0, -1, 0, 0, 1, 0], [-1, 0, 0, 0, 0, 1, 0, 0, 0, -1, 0, 0, 1, 0], [0, 0, 0, 0, 0, 0, 0, 0, 0, -1, 0, -1, -1, 0], [0, 0, -1, -1, 0, 0, 0, 0, 0, -1, 0, 1, -1, 0], [0, 0, -1, -1, 0, -1, 0, 0, 0, 0, 0, 1, -1, 0], [0, -1, -1, 0, 0, 0, 0, 0, 0, -1, 0, 1, -1, 0], [0, -1, -1, 0, 0, -1, 0, 0, 0, -1, 0, 1, 0, 0], [0, -1, -1, -1, 0, 0, 0, 0, 0, -1, 0, 1, 0, 0], [-1, -1, 0, 0, 0, 0, 0, 0, 0, -1, 0, -1, 0, 0], [0, 0, -1, 0, 0, 1, 0, 0, 0, 0, 0, -1, 1, 0], [0, -1, 0, 0, 0, 1, 0, 0, 0, 0, 0, -1, 1, 0], [0, -1, -1, 0, 0, 1, 0, 0, 0, 0, 0, 0, -1, 0], [-1, -1, 0, 0, 0, -1, 0, 0, 0, 0, 0, 0, 1, 0], [1, -1, -1, -1, 0, -1, 0, 0, 0, -1, 0, 0, 0, 0], [-1, 0, 1, -1, 0, -1, 0, 0, 0, -1, 0, 0, 0, 0], [1, -1, 1, -1, 0, -1, 0, 0, 0, -1, 0, -1, 0, 0], [-1, 0, 1, -1, 0, 0, 0, 0, 0, 0, 0, -1, -1, 0], [-1, 0, -1, 0, 0, -1, 0, 0, 0, 0, 0, 1, 0, 0], [-1, 0, -1, -1, 0, 0, 0, 0, 0, 0, 0, 1, -1, 0], [-1, -1, 1, -1, 0, -1, 0, 0, 0, -1, 0, 1, -1, 0], [-1, -1, -1, 0, 0, 0, 0, 0, 0, 0, 0, 1, -1, 0], [-1, 0, 0, 0, 0, -1, 0, 0, 0, 0, 0, -1, 0, 0], [1, 0, -1, -1, 0, -1, 0, 0, 0, 0, 0, -1, 0, 0], [1, -1, -1, 0, 0, -1, 0, 0, 0, -1, 0, -1, 0, 0], [-1, -1, 2, -1, 0, -1, 0, 0, 0, 0, 0, -1, -1, 0], [0, -1, 1, 0, 0, -1, 0, 0, 0, -1, 0, -1, 0, 0], [-1, -1, 1, 0, 0, -1, 0, 0, 0, -1, 0, 0, -1, 0], [-1, -1, 1, -1, 0, 0, 0, 0, 0, -1, 0, 0, 0, 0], [-1, -1, 1, -1, 0, -1, 0, 0, 0, 0, 0, 0, 0, 0], [0, -1, -1, -1, 0, -1, 0, 0, 0, 1, 0, 0, -1, 0]]
690 72 
 [[-1, -1, 2, -1, 0, 0, 0, 0, 0, -1, 0, -1, 0, 0], [1, -1, -1, -1, 0, 0, 0, 0, 0, 0, 0, -1, 0, 0], [0, 0, 1, 0, 0, -1, 0, 0, 0, -1, 0, -1, -1, 0], [-1, 0, 2, -1, 0, -1, 0, 0, 0, -1, 0, -1, -1, 0], [1, 0, -1, -1, 0, 0, 0, 0, 0, -1, 0, -1, 0, 0], [0, 0, -1, 0, 0, -1, 0, 0, 0, 1, 0, -1, -1, 0], [-1, 0, -1, 0, 0, 0, 0, 0, 0, -1, 0, 1, 0, 0], [0, -1, 1, 0, 0, 0, 0, 0, 0, -1, 0, -1, -1, 0], [-1, 0, 1, 0, 0, -1, 0, 0, 0, 0, 0, -1, -1, 0], [0, 0, 0, 0, 0, 0, 0, 0, 0, -1, 0, -1, -1, 0], [0, -1, -1, 0, 0, 0, 0, 0, 0, -1, 0, 1, -1, 0], [0, -1, -1, 0, 0, -1, 0, 0, 0, -1, 0, 1, 0, 0], [1, -1, -1, -1, 0, -1, 0, 0, 0, -1, 0, 0, 0, 0], [-1, 0, 1, -1, 0, -1, 0, 0, 0, -1, 0, 0, 0, 0], [-1, 0, -1, 0, 0, -1, 0, 0, 0, 0, 0, 1, 0, 0], [1, 0, -1, -1, 0, -1, 0, 0, 0, 0, 0, -1, 0, 0], [-1, -1, 2, -1, 0, -1, 0, 0, 0, 0, 0, -1, -1, 0], [0, -1, 1, 0, 0, -1, 0, 0, 0, -1, 0, -1, 0, 0], [-1, -1, 1, -1, 0, 0, 0, 0, 0, -1, 0, 0, 0, 0], [-1, -1, 1, -1, 0, -1, 0, 0, 0, 0, 0, 0, 0, 0], [0, -1, -1, -1, 0, -1, 0, 0, 0, 1, 0, 0, -1, 0], [0, 0, 0, 0, 0, 1, 0, 0, 0, -1, 0, 0, 1, 0], [0, 0, -1, 0, 0, -1, 0, 0, 0, 0, 0, 1, -1, 0], [-1, 0, -1, -1, 0, 0, 0, 0, 0, 0, 0, 1, 0, 0], [-1, -1, 0, -1, 0, -1, 0, 0, 0, -1, 0, 1, -1, 0], [0, 0, 1, -1, 0, -1, 0, 0, 0, -1, 0, -1, 0, 0], [0, 0, -1, 0, 0, 0, 0, 0, 0, 0, 0, 0, 0, 0], [0, -1, 1, 0, 0, -1, 0, 0, 0, 0, 0, -1, -1, 0], [-1, 0, 1, 0, 0, 0, 0, 0, 0, -1, 0, -1, 0, 0], [0, 0, 0, 0, 0, -1, 0, 0, 0, 0, 0, 0, 1, 0], [0, 0, 0, 0, 0, 1, 0, 0, 0, 0, 0, -1, 1, 0], [-1, -1, 1, 0, 0, 0, 0, 0, 0, 0, 0, -1, 0, 0], [-1, -1, -1, 0, 0, 0, 0, 0, 0, 0, 0, 1, 0, 0], [-1, 0, 1, 0, 0, -1, 0, 0, 0, -1, 0, 0, -1, 0], [-1, 0, 1, -1, 0, 0, 0, 0, 0, 0, 0, -1, 0, 0], [-1, 0, 1, -1, 0, -1, 0, 0, 0, 0, 0, 0, -1, 0], [1, 0, -1, -1, 0, -1, 0, 0, 0, -1, 0, 0, -1, 0], [-1, -1, 1, -1, 0, 0, 0, 0, 0, 0, 0, 0, -1, 0], [0, 0, 1, -1, 0, 0, 0, 0, 0, -1, 0, -1, -1, 0], [0, -1, 1, -1, 0, 0, 0, 0, 0, -1, 0, -1, 0, 0], [-1, 0, 1, -1, 0, 0, 0, 0, 0, -1, 0, 0, -1, 0], [-1, -1, 1, 0, 0, -1, 0, 0, 0, -1, 0, 0, 0, 0], [0, 0, 0, 0, 0, 1, 0, 0, 0, 0, 0, 0, -1, 0], [0, -1, -1, -1, 0, 1, 0, 0, 0, 0, 0, 0, 1, 0], [-1, 0, -1, 0, 0, 1, 0, 0, 0, 0, 0, 0, 1, 0], [-1, -1, 0, 0, 0, 1, 0, 0, 0, 0, 0, 0, 1, 0], [-1, 0, 0, 0, 0, 0, 0, 0, 0, -1, 0, -1, 0, 0], [-1, 0, -1, 0, 0, -1, 0, 0, 0, 1, 0, 0, -1, 0], [-1, 0, -1, 0, 0, -1, 0, 0, 0, 1, 0, -1, 0, 0], [-1, -1, 0, -1, 0, -1, 0, 0, 0, 1, 0, -1, -1, 0], [-1, 0, -1, -1, 0, 0, 0, 0, 0, 1, 0, -1, 0, 0], [1, -1, -1, -1, 0, -1, 0, 0, 0, 0, 0, 0, -1, 0], [-1, -1, 0, -1, 0, 0, 0, 0, 0, -1, 0, 0, -1, 0], [0, -1, 0, 0, 0, 0, 0, 0, 0, 0, 0, -1, -1, 0], [-1, 0, 0, 0, 0, 0, 0, 0, 0, 0, 0, -1, -1, 0], [0, 0, 0, -1, 0, 0, 0, 0, 0, 0, 0, -1, -1, 0], [0, 0, 0, -1, 0, 0, 0, 0, 0, -1, 0, -1, 0, 0], [0, 0, -1, -1, 0, 0, 0, 0, 0, -1, 0, 1, 0, 0], [0, -1, -1, -1, 0, -1, 0, 0, 0, 0, 0, 1, 0, 0], [0, 0, 0, 0, 0, -1, 0, 0, 0, 0, 0, -1, 0, 0], [-1, 0, 0, -1, 0, -1, 0, 0, 0, -1, 0, 0, 0, 0], [-1, -1, -1, -1, 0, 1, 0, 0, 0, -1, 0, -1, 0, 0], [-1, -1, 1, -1, 0, 0, 0, 0, 0, -1, 0, 1, -1, 0], [0, -1, 0, 0, 0, 0, 0, 0, 0, -1, 0, -1, 0, 0], [-1, 0, 0, -1, 0, 0, 0, 0, 0, 0, 0, -1, 0, 0], [-1, -1, 0, 0, 0, -1, 0, 0, 0, -1, 0, 0, 0, 0], [-1, 1, -1, -1, 0, -1, 0, 0, 0, 0, 0, -1, -1, 0], [1, 0, -1, 0, 0, -1, 0, 0, 0, -1, 0, -1, 0, 0], [1, -1, 1, -1, 0, 0, 0, 0, 0, -1, 0, -1, 0, 0], [1, -1, 1, -1, 0, -1, 0, 0, 0, 0, 0, -1, 0, 0], [-1, -1, 1, 0, 0, -1, 0, 0, 0, -1, 0, 1, -1, 0], [-1, -1, 1, -1, 0, -1, 0, 0, 0, -1, 0, 1, 0, 0]]
790 80 
 [[-1, -1, 2, -1, 0, 0, 0, 0, 0, -1, 0, -1, 0, 0], [0, 0, -1, 0, 0, -1, 0, 0, 0, 1, 0, -1, -1, 0], [-1, 0, -1, 0, 0, 0, 0, 0, 0, -1, 0, 1, 0, 0], [-1, 0, -1, 0, 0, -1, 0, 0, 0, 0, 0, 1, 0, 0], [0, 0, -1, 0, 0, -1, 0, 0, 0, 0, 0, 1, -1, 0], [-1, 0, -1, -1, 0, 0, 0, 0, 0, 0, 0, 1, 0, 0], [0, 0, -1, 0, 0, 0, 0, 0, 0, 0, 0, 0, 0, 0], [-1, 0, 1, 0, 0, 0, 0, 0, 0, -1, 0, -1, 0, 0], [-1, -1, 1, 0, 0, 0, 0, 0, 0, 0, 0, -1, 0, 0], [-1, -1, -1, 0, 0, 0, 0, 0, 0, 0, 0, 1, 0, 0], [-1, 0, 1, -1, 0, 0, 0, 0, 0, 0, 0, -1, 0, 0], [-1, 0, -1, 0, 0, -1, 0, 0, 0, 1, 0, 0, -1, 0], [-1, 0, -1, 0, 0, -1, 0, 0, 0, 1, 0, -1, 0, 0], [-1, 0, -1, -1, 0, 0, 0, 0, 0, 1, 0, -1, 0, 0], [0, 0, -1, -1, 0, 0, 0, 0, 0, -1, 0, 1, 0, 0], [0, 0, 0, 0, 0, -1, 0, 0, 0, 0, 0, -1, 0, 0], [-1, 0, 0, -1, 0, 0, 0, 0, 0, 0, 0, -1, 0, 0], [1, 0, -1, 0, 0, -1, 0, 0, 0, -1, 0, -1, 0, 0], [1, -1, 1, -1, 0, 0, 0, 0, 0, -1, 0, -1, 0, 0], [1, -1, 1, -1, 0, -1, 0, 0, 0, 0, 0, -1, 0, 0], [-1, 0, 0, -1, 0, -1, 0, 0, 0, -1, 0, 1, -1, 0], [0, 0, 1, 0, 0, -1, 0, 0, 0, -1, 0, -1, 0, 0], [0, 0, -1, -1, 0, -1, 0, 0, 0, 1, 0, 0, -1, 0], [0, 0, 0, 0, 0, 0, 0, 0, 0, 0, 0, -1, -1, 0], [0, 0, -1, 0, 0, -1, 0, 0, 0, -1, 0, 1, 0, 0], [0, -1, 1, 0, 0, 0, 0, 0, 0, -1, 0, -1, 0, 0], [0, -1, 1, 0, 0, -1, 0, 0, 0, -1, 0, 0, -1, 0], [0, 0, 0, 0, 0, 1, 0, 0, 0, 0, 0, 0, 1, 0], [-1, -1, 1, -1, 0, 0, 0, 0, 0, -1, 0, 1, 0, 0], [1, 0, -1, -1, 0, 0, 0, 0, 0, 0, 0, -1, 0, 0], [1, -1, -1, 0, 0, 0, 0, 0, 0, -1, 0, -1, 0, 0], [1, -1, -1, -1, 0, 0, 0, 0, 0, -1, 0, 0, 0, 0], [-1, 0, 0, 0, 0, -1, 0, 0, 0, -1, 0, 0, 0, 0], [1, -1, -1, -1, 0, -1, 0, 0, 0, -1, 0, 1, 0, 0], [-1, 1, -1, -1, 0, 0, 0, 0, 0, 0, 0, -1, 0, 0], [0, 0, 0, 0, 0, 0, 0, 0, 0, -1, 0, -1, 0, 0], [0, -1, 0, 0, 0, 0, 0, 0, 0, 0, 0, -1, 0, 0], [-1, -1, 0, -1, 0, 0, 0, 0, 0, -1, 0, 0, 0, 0], [1, -1, -1, 0, 0, -1, 0, 0, 0, 0, 0, -1, 0, 0], [-1, 0, 1, 0, 0, -1, 0, 0, 0, 0, 0, -1, 0, 0], [-1, 0, 1, -1, 0, -1, 0, 0, 0, -1, 0, 1, -1, 0], [-1, -1, 1, -1, 0, -1, 0, 0, 0, 0, 0, 1, -1, 0], [-1, 0, 0, 0, 0, 0, 0, 0, 0, -1, 0, 0, -1, 0], [-1, -1, 0, 0, 0, 0, 0, 0, 0, 0, 0, 0, -1, 0], [0, 0, 1, 0, 0, 0, 0, 0, 0, -1, 0, -1, -1, 0], [0, 0, 1, -1, 0, 0, 0, 0, 0, -1, 0, -1, 0, 0], [0, -1, 1, -1, 0, 0, 0, 0, 0, 0, 0, -1, -1, 0], [-1, 0, 1, -1, 0, 0, 0, 0, 0, -1, 0, 0, 0, 0], [-1, -1, 1, -1, 0, 0, 0, 0, 0, 0, 0, 0, 0, 0], [0, -1, -1, 0, 0, 0, 0, 0, 0, -1, 0, 1, 0, 0], [0, 0, 1, -1, 0, -1, 0, 0, 0, 0, 0, -1, -1, 0], [0, 0, 1, -1, 0, -1, 0, 0, 0, -1, 0, 0, -1, 0], [-1, 0, 1, 0, 0, -1, 0, 0, 0, -1, 0, 0, 0, 0], [-1, 0, 1, -1, 0, -1, 0, 0, 0, 0, 0, 0, 0, 0], [0, -1, -1, 0, 0, -1, 0, 0, 0, 1, 0, 0, -1, 0], [-1, 0, 2, -1, 0, 0, 0, 0, 0, -1, 0, -1, -1, 0], [-1, -1, 2, 0, 0, -1, 0, 0, 0, -1, 0, -1, -1, 0], [-1, -1, 2, -1, 0, 0, 0, 0, 0, 0, 0, -1, -1, 0], [-1, -1, 2, -1, 0, -1, 0, 0, 0, 0, 0, -1, 0, 0], [0, -1, -1, 0, 0, -1, 0, 0, 0, 0, 0, 1, 0, 0], [0, -1, -1, -1, 0, 0, 0, 0, 0, 0, 0, 1, 0, 0], [1, 0, -1, -1, 0, -1, 0, 0, 0, -1, 0, 0, 0, 0], [-1, 1, -1, 0, 0, -1, 0, 0, 0, 0, 0, -1, -1, 0], [1, -1, -1, -1, 0, -1, 0, 0, 0, 0, 0, 0, 0, 0], [-1, 0, 0, -1, 0, 0, 0, 0, 0, 0, 0, 0, -1, 0], [0, -1, 1, 0, 0, -1, 0, 0, 0, 0, 0, -1, 0, 0], [-1, 0, 1, 0, 0, 0, 0, 0, 0, 0, 0, -1, -1, 0], [-1, 0, -1, 0, 0, 0, 0, 0, 0, 0, 0, 1, -1, 0], [-1, -1, 1, 0, 0, 0, 0, 0, 0, -1, 0, 1, -1, 0], [-1, -1, 1, 0, 0, -1, 0, 0, 0, -1, 0, 1, 0, 0], [0, 1, -1, -1, 0, -1, 0, 0, 0, -1, 0, -1, -1, 0], [0, -1, 0, 0, 0, 0, 0, 0, 0, -1, 0, 0, -1, 0], [0, -1, 0, 0, 0, -1, 0, 0, 0, -1, 0, 0, 0, 0], [-1, -1, 0, 0, 0, -1, 0, 0, 0, 0, 0, 0, 0, 0], [1, 0, 1, -1, 0, -1, 0, 0, 0, -1, 0, -1, 0, 0], [-1, 0, -1, 0, 0, 1, 0, 0, 0, -1, 0, -1, 0, 0], [0, -1, 0, 0, 0, -1, 0, 0, 0, -1, 0, 1, -1, 0], [-1, -1, 0, -1, 0, -1, 0, 0, 0, 0, 0, 1, -1, 0], [-1, 0, 0, -1, 0, -1, 0, 0, 0, 1, 0, -1, -1, 0], [-1, -1, -1, -1, 0, 1, 0, 0, 0, 1, 0, -1, -1, 0]]
890 82 
 [[-1, -1, 2, -1, 0, 0, 0, 0, 0, -1, 0, -1, 0, 0], [0, 0, -1, 0, 0, -1, 0, 0, 0, 1, 0, -1, -1, 0], [-1, 0, -1, 0, 0, 0, 0, 0, 0, -1, 0, 1, 0, 0], [-1, 0, -1, 0, 0, -1, 0, 0, 0, 0, 0, 1, 0, 0], [0, 0, -1, 0, 0, -1, 0, 0, 0, 0, 0, 1, -1, 0], [-1, 0, -1, -1, 0, 0, 0, 0, 0, 0, 0, 1, 0, 0], [0, 0, -1, 0, 0, 0, 0, 0, 0, 0, 0, 0, 0, 0], [-1, 0, 1, 0, 0, 0, 0, 0, 0, -1, 0, -1, 0, 0], [-1, -1, 1, 0, 0, 0, 0, 0, 0, 0, 0, -1, 0, 0], [-1, -1, -1, 0, 0, 0, 0, 0, 0, 0, 0, 1, 0, 0], [-1, 0, 1, -1, 0, 0, 0, 0, 0, 0, 0, -1, 0, 0], [-1, 0, -1, 0, 0, -1, 0, 0, 0, 1, 0, 0, -1, 0], [-1, 0, -1, 0, 0, -1, 0, 0, 0, 1, 0, -1, 0, 0], [-1, 0, -1, -1, 0, 0, 0, 0, 0, 1, 0, -1, 0, 0], [0, 0, -1, -1, 0, 0, 0, 0, 0, -1, 0, 1, 0, 0], [0, 0, 0, 0, 0, -1, 0, 0, 0, 0, 0, -1, 0, 0], [-1, 0, 0, -1, 0, 0, 0, 0, 0, 0, 0, -1, 0, 0], [1, 0, -1, 0, 0, -1, 0, 0, 0, -1, 0, -1, 0, 0], [1, -1, 1, -1, 0, 0, 0, 0, 0, -1, 0, -1, 0, 0], [1, -1, 1, -1, 0, -1, 0, 0, 0, 0, 0, -1, 0, 0], [-1, 0, 0, -1, 0, -1, 0, 0, 0, -1, 0, 1, -1, 0], [0, 0, 1, 0, 0, -1, 0, 0, 0, -1, 0, -1, 0, 0], [0, 0, -1, -1, 0, -1, 0, 0, 0, 1, 0, 0, -1, 0], [0, 0, 0, 0, 0, 0, 0, 0, 0, 0, 0, -1, -1, 0], [0, 0, -1, 0, 0, -1, 0, 0, 0, -1, 0, 1, 0, 0], [0, -1, 1, 0, 0, 0, 0, 0, 0, -1, 0, -1, 0, 0], [0, 0, 0, 0, 0, 1, 0, 0, 0, 0, 0, 0, 1, 0], [-1, -1, 1, -1, 0, 0, 0, 0, 0, -1, 0, 1, 0, 0], [1, 0, -1, -1, 0, 0, 0, 0, 0, 0, 0, -1, 0, 0], [1, -1, -1, 0, 0, 0, 0, 0, 0, -1, 0, -1, 0, 0], [1, -1, -1, -1, 0, 0, 0, 0, 0, -1, 0, 0, 0, 0], [-1, 0, 0, 0, 0, -1, 0, 0, 0, -1, 0, 0, 0, 0], [1, -1, -1, -1, 0, -1, 0, 0, 0, -1, 0, 1, 0, 0], [-1, 1, -1, -1, 0, 0, 0, 0, 0, 0, 0, -1, 0, 0], [0, 0, 0, 0, 0, 0, 0, 0, 0, -1, 0, -1, 0, 0], [0, -1, 0, 0, 0, 0, 0, 0, 0, 0, 0, -1, 0, 0], [-1, -1, 0, -1, 0, 0, 0, 0, 0, -1, 0, 0, 0, 0], [1, -1, -1, 0, 0, -1, 0, 0, 0, 0, 0, -1, 0, 0], [-1, 0, 1, 0, 0, -1, 0, 0, 0, 0, 0, -1, 0, 0], [-1, 0, 1, -1, 0, -1, 0, 0, 0, -1, 0, 1, -1, 0], [-1, -1, 1, -1, 0, -1, 0, 0, 0, 0, 0, 1, -1, 0], [-1, 0, 0, 0, 0, 0, 0, 0, 0, -1, 0, 0, -1, 0], [-1, -1, 0, 0, 0, 0, 0, 0, 0, 0, 0, 0, -1, 0], [0, 0, 1, 0, 0, 0, 0, 0, 0, -1, 0, -1, -1, 0], [0, 0, 1, -1, 0, 0, 0, 0, 0, -1, 0, -1, 0, 0], [0, -1, 1, -1, 0, 0, 0, 0, 0, 0, 0, -1, -1, 0], [-1, 0, 1, -1, 0, 0, 0, 0, 0, -1, 0, 0, 0, 0], [-1, -1, 1, -1, 0, 0, 0, 0, 0, 0, 0, 0, 0, 0], [0, -1, -1, 0, 0, 0, 0, 0, 0, -1, 0, 1, 0, 0], [-1, 0, 1, 0, 0, -1, 0, 0, 0, -1, 0, 0, 0, 0], [-1, 0, 1, -1, 0, -1, 0, 0, 0, 0, 0, 0, 0, 0], [0, -1, -1, 0, 0, -1, 0, 0, 0, 1, 0, 0, -1, 0], [-1, 0, 2, -1, 0, 0, 0, 0, 0, -1, 0, -1, -1, 0], [-1, -1, 2, 0, 0, -1, 0, 0, 0, -1, 0, -1, -1, 0], [-1, -1, 2, -1, 0, 0, 0, 0, 0, 0, 0, -1, -1, 0], [-1, -1, 2, -1, 0, -1, 0, 0, 0, 0, 0, -1, 0, 0], [0, -1, -1, 0, 0, -1, 0, 0, 0, 0, 0, 1, 0, 0], [0, -1, -1, -1, 0, 0, 0, 0, 0, 0, 0, 1, 0, 0], [1, 0, -1, -1, 0, -1, 0, 0, 0, -1, 0, 0, 0, 0], [-1, 1, -1, 0, 0, -1, 0, 0, 0, 0, 0, -1, -1, 0], [1, -1, -1, -1, 0, -1, 0, 0, 0, 0, 0, 0, 0, 0], [-1, 0, 0, -1, 0, 0, 0, 0, 0, 0, 0, 0, -1, 0], [0, -1, 1, 0, 0, -1, 0, 0, 0, 0, 0, -1, 0, 0], [-1, 0, 1, 0, 0, 0, 0, 0, 0, 0, 0, -1, -1, 0], [-1, 0, -1, 0, 0, 0, 0, 0, 0, 0, 0, 1, -1, 0], [-1, -1, 1, 0, 0, 0, 0, 0, 0, -1, 0, 1, -1, 0], [-1, -1, 1, 0, 0, -1, 0, 0, 0, -1, 0, 1, 0, 0], [0, 1, -1, -1, 0, -1, 0, 0, 0, -1, 0, -1, -1, 0], [0, -1, 0, 0, 0, 0, 0, 0, 0, -1, 0, 0, -1, 0], [0, -1, 0, 0, 0, -1, 0, 0, 0, -1, 0, 0, 0, 0], [-1, -1, 0, 0, 0, -1, 0, 0, 0, 0, 0, 0, 0, 0], [1, 0, 1, -1, 0, -1, 0, 0, 0, -1, 0, -1, 0, 0], [-1, 0, -1, 0, 0, 1, 0, 0, 0, -1, 0, -1, 0, 0], [0, -1, 0, 0, 0, -1, 0, 0, 0, -1, 0, 1, -1, 0], [-1, -1, 0, -1, 0, -1, 0, 0, 0, 0, 0, 1, -1, 0], [-1, 0, 0, -1, 0, -1, 0, 0, 0, 1, 0, -1, -1, 0], [-1, -1, -1, -1, 0, 1, 0, 0, 0, 1, 0, -1, -1, 0], [0, 0, 1, 0, 0, -1, 0, 0, 0, 0, 0, -1, -1, 0], [0, 0, 1, 0, 0, -1, 0, 0, 0, -1, 0, 0, -1, 0], [0, -1, 1, -1, 0, -1, 0, 0, 0, -1, 0, 0, 0, 0], [-1, -1, 1, 0, 0, -1, 0, 0, 0, 0, 0, 0, -1, 0], [-1, 0, 0, -1, 0, -1, 0, 0, 0, 0, 0, 0, 0, 0]]
990 82 
 [[-1, 0, -1, 0, 0, 0, 0, 0, 0, -1, 0, 1, 0, 0], [-1, 0, -1, 0, 0, -1, 0, 0, 0, 0, 0, 1, 0, 0], [0, 0, -1, 0, 0, -1, 0, 0, 0, 0, 0, 1, -1, 0], [-1, 0, -1, -1, 0, 0, 0, 0, 0, 0, 0, 1, 0, 0], [0, 0, -1, 0, 0, 0, 0, 0, 0, 0, 0, 0, 0, 0], [-1, 0, 1, 0, 0, 0, 0, 0, 0, -1, 0, -1, 0, 0], [-1, -1, 1, 0, 0, 0, 0, 0, 0, 0, 0, -1, 0, 0], [-1, -1, -1, 0, 0, 0, 0, 0, 0, 0, 0, 1, 0, 0], [-1, 0, 1, -1, 0, 0, 0, 0, 0, 0, 0, -1, 0, 0], [-1, 0, -1, 0, 0, -1, 0, 0, 0, 1, 0, -1, 0, 0], [-1, 0, -1, -1, 0, 0, 0, 0, 0, 1, 0, -1, 0, 0], [0, 0, -1, -1, 0, 0, 0, 0, 0, -1, 0, 1, 0, 0], [0, 0, 0, 0, 0, -1, 0, 0, 0, 0, 0, -1, 0, 0], [-1, 0, 0, -1, 0, 0, 0, 0, 0, 0, 0, -1, 0, 0], [1, 0, -1, 0, 0, -1, 0, 0, 0, -1, 0, -1, 0, 0], [0, 0, 1, 0, 0, -1, 0, 0, 0, -1, 0, -1, 0, 0], [0, 0, 0, 0, 0, 0, 0, 0, 0, 0, 0, -1, -1, 0], [0, 0, -1, 0, 0, -1, 0, 0, 0, -1, 0, 1, 0, 0], [0, -1, 1, 0, 0, 0, 0, 0, 0, -1, 0, -1, 0, 0], [0, 0, 0, 0, 0, 1, 0, 0, 0, 0, 0, 0, 1, 0], [-1, -1, 1, -1, 0, 0, 0, 0, 0, -1, 0, 1, 0, 0], [1, 0, -1, -1, 0, 0, 0, 0, 0, 0, 0, -1, 0, 0], [1, -1, -1, 0, 0, 0, 0, 0, 0, -1, 0, -1, 0, 0], [1, -1, -1, -1, 0, 0, 0, 0, 0, -1, 0, 0, 0, 0], [-1, 0, 0, 0, 0, -1, 0, 0, 0, -1, 0, 0, 0, 0], [-1, 1, -1, -1, 0, 0, 0, 0, 0, 0, 0, -1, 0, 0], [0, 0, 0, 0, 0, 0, 0, 0, 0, -1, 0, -1, 0, 0], [0, -1, 0, 0, 0, 0, 0, 0, 0, 0, 0, -1, 0, 0], [-1, -1, 0, -1, 0, 0, 0, 0, 0, -1, 0, 0, 0, 0], [1, -1, -1, 0, 0, -1, 0, 0, 0, 0, 0, -1, 0, 0], [-1, 0, 1, 0, 0, -1, 0, 0, 0, 0, 0, -1, 0, 0], [-1, 0, 1, -1, 0, -1, 0, 0, 0, -1, 0, 1, -1, 0], [-1, 0, 0, 0, 0, 0, 0, 0, 0, -1, 0, 0, -1, 0], [-1, -1, 0, 0, 0, 0, 0, 0, 0, 0, 0, 0, -1, 0], [0, 0, 1, 0, 0, 0, 0, 0, 0, -1, 0, -1, -1, 0], [0, 0, 1, -1, 0, 0, 0, 0, 0, -1, 0, -1, 0, 0], [0, -1, 1, -1, 0, 0, 0, 0, 0, 0, 0, -1, -1, 0], [-1, 0, 1, -1, 0, 0, 0, 0, 0, -1, 0, 0, 0, 0], [-1, -1, 1, -1, 0, 0, 0, 0, 0, 0, 0, 0, 0, 0], [0, -1, -1, 0, 0, 0, 0, 0, 0, -1, 0, 1, 0, 0], [-1, 0, 1, 0, 0, -1, 0, 0, 0, -1, 0, 0, 0, 0], [-1, 0, 1, -1, 0, -1, 0, 0, 0, 0, 0, 0, 0, 0], [-1, 0, 2, -1, 0, 0, 0, 0, 0, -1, 0, -1, -1, 0], [-1, -1, 2, 0, 0, -1, 0, 0, 0, -1, 0, -1, -1, 0], [0, -1, -1, 0, 0, -1, 0, 0, 0, 0, 0, 1, 0, 0], [0, -1, -1, -1, 0, 0, 0, 0, 0, 0, 0, 1, 0, 0], [1, 0, -1, -1, 0, -1, 0, 0, 0, -1, 0, 0, 0, 0], [-1, 1, -1, 0, 0, -1, 0, 0, 0, 0, 0, -1, -1, 0], [1, -1, -1, -1, 0, -1, 0, 0, 0, 0, 0, 0, 0, 0], [-1, 0, 0, -1, 0, 0, 0, 0, 0, 0, 0, 0, -1, 0], [0, -1, 1, 0, 0, -1, 0, 0, 0, 0, 0, -1, 0, 0], [-1, 0, 1, 0, 0, 0, 0, 0, 0, 0, 0, -1, -1, 0], [-1, 0, -1, 0, 0, 0, 0, 0, 0, 0, 0, 1, -1, 0], [-1, -1, 1, 0, 0, 0, 0, 0, 0, -1, 0, 1, -1, 0], [-1, -1, 1, 0, 0, -1, 0, 0, 0, -1, 0, 1, 0, 0], [0, 1, -1, -1, 0, -1, 0, 0, 0, -1, 0, -1, -1, 0], [0, -1, 0, 0, 0, 0, 0, 0, 0, -1, 0, 0, -1, 0], [0, -1, 0, 0, 0, -1, 0, 0, 0, -1, 0, 0, 0, 0], [-1, -1, 0, 0, 0, -1, 0, 0, 0, 0, 0, 0, 0, 0], [1, 0, 1, -1, 0, -1, 0, 0, 0, -1, 0, -1, 0, 0], [-1, 0, -1, 0, 0, 1, 0, 0, 0, -1, 0, -1, 0, 0], [0, -1, 0, 0, 0, -1, 0, 0, 0, -1, 0, 1, -1, 0], [-1, -1, 0, -1, 0, -1, 0, 0, 0, 0, 0, 1, -1, 0], [-1, 0, 0, -1, 0, -1, 0, 0, 0, 1, 0, -1, -1, 0], [-1, -1, -1, -1, 0, 1, 0, 0, 0, 1, 0, -1, -1, 0], [0, 0, 1, 0, 0, -1, 0, 0, 0, 0, 0, -1, -1, 0], [0, 0, 1, 0, 0, -1, 0, 0, 0, -1, 0, 0, -1, 0], [0, -1, 1, -1, 0, -1, 0, 0, 0, -1, 0, 0, 0, 0], [-1, -1, 1, 0, 0, -1, 0, 0, 0, 0, 0, 0, -1, 0], [-1, 0, 0, -1, 0, -1, 0, 0, 0, 0, 0, 0, 0, 0], [0, -1, -1, -1, 0, -1, 0, 0, 0, 1, 0, -1, 0, 0], [1, -1, 1, -1, 0, 0, 0, 0, 0, 0, 0, -1, 0, 0], [-1, -1, 1, -1, 0, -1, 0, 0, 0, 0, 0, 1, 0, 0], [0, 0, -1, 0, 0, -1, 0, 0, 0, 1, 0, 0, -1, 0], [-1, -1, 1, 0, 0, 0, 0, 0, 0, -1, 0, 0, -1, 0], [-1, -1, 2, -1, 0, 0, 0, 0, 0, 0, 0, -1, 0, 0], [0, -1, 0, -1, 0, 0, 0, 0, 0, 0, 0, 0, -1, 0], [1, -1, -1, -1, 0, 0, 0, 0, 0, -1, 0, 1, 0, 0], [-1, 0, 0, 0, 0, -1, 0, 0, 0, -1, 0, 1, -1, 0], [-1, 0, -1, 0, 0, 0, 0, 0, 0, 1, 0, -1, -1, 0], [-1, -1, 0, -1, 0, -1, 0, 0, 0, -1, 0, 1, 0, 0], [1, 0, -1, -1, 0, -1, 0, 0, 0, 0, 0, 0, -1, 0]]
