execution time
10 0.1942451000213623 0.6449830532073975
20 0.16231608390808105 0.6867959499359131
30 0.15891575813293457 0.5795519351959229
40 0.14520788192749023 0.5740199089050293
50 0.1399691104888916 0.5157070159912109
60 0.1283419132232666 0.5041489601135254
70 0.13062214851379395 0.47703099250793457
80 0.12055587768554688 0.4659910202026367
90 0.125960111618042 0.4586830139160156
100 0.1181631088256836 0.45066189765930176


number of patterns visited
10 2603 15390
20 2603 15390
30 2603 15390
40 2603 15390
50 2603 15390
60 2603 15390
70 2603 15390
80 2603 15390
90 2603 15390
100 2603 15390


number of patterns found, lowerbound
10 17 
 [[0, -1, -1, -1, -1, -1, -1], [1, -1, -1, -1, -1, -1, -1], [-1, 1, -1, -1, -1, -1, -1], [-1, -1, 0, -1, -1, -1, -1], [-1, -1, 1, -1, -1, -1, -1], [-1, -1, 2, -1, -1, -1, -1], [-1, -1, -1, 0, -1, -1, -1], [-1, -1, -1, 1, -1, -1, -1], [-1, -1, -1, 2, -1, -1, -1], [-1, -1, -1, 3, -1, -1, -1], [-1, -1, -1, 4, -1, -1, -1], [-1, -1, -1, 5, -1, -1, -1], [-1, -1, -1, 6, -1, -1, -1], [-1, -1, -1, -1, 1, -1, -1], [-1, -1, -1, -1, -1, 0, -1], [-1, -1, -1, -1, -1, 1, -1], [-1, -1, -1, -1, -1, -1, 1]]
20 15 
 [[0, -1, -1, -1, -1, -1, -1], [1, -1, -1, -1, -1, -1, -1], [-1, 1, -1, -1, -1, -1, -1], [-1, -1, 0, -1, -1, -1, -1], [-1, -1, 1, -1, -1, -1, -1], [-1, -1, 2, -1, -1, -1, -1], [-1, -1, -1, 0, -1, -1, -1], [-1, -1, -1, 1, -1, -1, -1], [-1, -1, -1, 2, -1, -1, -1], [-1, -1, -1, 3, -1, -1, -1], [-1, -1, -1, 4, -1, -1, -1], [-1, -1, -1, 5, -1, -1, -1], [-1, -1, -1, 6, -1, -1, -1], [-1, -1, -1, -1, -1, 0, -1], [-1, -1, -1, -1, -1, 1, -1]]
30 15 
 [[0, -1, -1, -1, -1, -1, -1], [1, -1, -1, -1, -1, -1, -1], [-1, 1, -1, -1, -1, -1, -1], [-1, -1, 0, -1, -1, -1, -1], [-1, -1, 1, -1, -1, -1, -1], [-1, -1, 2, -1, -1, -1, -1], [-1, -1, -1, 0, -1, -1, -1], [-1, -1, -1, 1, -1, -1, -1], [-1, -1, -1, 2, -1, -1, -1], [-1, -1, -1, 3, -1, -1, -1], [-1, -1, -1, 4, -1, -1, -1], [-1, -1, -1, 5, -1, -1, -1], [-1, -1, -1, 6, -1, -1, -1], [-1, -1, -1, -1, -1, 0, -1], [-1, -1, -1, -1, -1, 1, -1]]
40 13 
 [[0, -1, -1, -1, -1, -1, -1], [1, -1, -1, -1, -1, -1, -1], [-1, 1, -1, -1, -1, -1, -1], [-1, -1, 0, -1, -1, -1, -1], [-1, -1, 1, -1, -1, -1, -1], [-1, -1, 2, -1, -1, -1, -1], [-1, -1, -1, 0, -1, -1, -1], [-1, -1, -1, 1, -1, -1, -1], [-1, -1, -1, 2, -1, -1, -1], [-1, -1, -1, 4, -1, -1, -1], [-1, -1, -1, 6, -1, -1, -1], [-1, -1, -1, -1, -1, 0, -1], [-1, -1, -1, -1, -1, 1, -1]]
50 13 
 [[0, -1, -1, -1, -1, -1, -1], [1, -1, -1, -1, -1, -1, -1], [-1, 1, -1, -1, -1, -1, -1], [-1, -1, 0, -1, -1, -1, -1], [-1, -1, 1, -1, -1, -1, -1], [-1, -1, 2, -1, -1, -1, -1], [-1, -1, -1, 0, -1, -1, -1], [-1, -1, -1, 1, -1, -1, -1], [-1, -1, -1, 2, -1, -1, -1], [-1, -1, -1, 4, -1, -1, -1], [-1, -1, -1, 6, -1, -1, -1], [-1, -1, -1, -1, -1, 0, -1], [-1, -1, -1, -1, -1, 1, -1]]
60 13 
 [[0, -1, -1, -1, -1, -1, -1], [1, -1, -1, -1, -1, -1, -1], [-1, 1, -1, -1, -1, -1, -1], [-1, -1, 0, -1, -1, -1, -1], [-1, -1, 1, -1, -1, -1, -1], [-1, -1, 2, -1, -1, -1, -1], [-1, -1, -1, 0, -1, -1, -1], [-1, -1, -1, 1, -1, -1, -1], [-1, -1, -1, 2, -1, -1, -1], [-1, -1, -1, 4, -1, -1, -1], [-1, -1, -1, 6, -1, -1, -1], [-1, -1, -1, -1, -1, 0, -1], [-1, -1, -1, -1, -1, 1, -1]]
70 13 
 [[0, -1, -1, -1, -1, -1, -1], [1, -1, -1, -1, -1, -1, -1], [-1, 1, -1, -1, -1, -1, -1], [-1, -1, 0, -1, -1, -1, -1], [-1, -1, 1, -1, -1, -1, -1], [-1, -1, 2, -1, -1, -1, -1], [-1, -1, -1, 0, -1, -1, -1], [-1, -1, -1, 1, -1, -1, -1], [-1, -1, -1, 2, -1, -1, -1], [-1, -1, -1, 4, -1, -1, -1], [-1, -1, -1, 6, -1, -1, -1], [-1, -1, -1, -1, -1, 0, -1], [-1, -1, -1, -1, -1, 1, -1]]
80 13 
 [[0, -1, -1, -1, -1, -1, -1], [1, -1, -1, -1, -1, -1, -1], [-1, 1, -1, -1, -1, -1, -1], [-1, -1, 0, -1, -1, -1, -1], [-1, -1, 1, -1, -1, -1, -1], [-1, -1, 2, -1, -1, -1, -1], [-1, -1, -1, 0, -1, -1, -1], [-1, -1, -1, 1, -1, -1, -1], [-1, -1, -1, 2, -1, -1, -1], [-1, -1, -1, 4, -1, -1, -1], [-1, -1, -1, 6, -1, -1, -1], [-1, -1, -1, -1, -1, 0, -1], [-1, -1, -1, -1, -1, 1, -1]]
90 13 
 [[0, -1, -1, -1, -1, -1, -1], [1, -1, -1, -1, -1, -1, -1], [-1, 1, -1, -1, -1, -1, -1], [-1, -1, 0, -1, -1, -1, -1], [-1, -1, 1, -1, -1, -1, -1], [-1, -1, 2, -1, -1, -1, -1], [-1, -1, -1, 0, -1, -1, -1], [-1, -1, -1, 1, -1, -1, -1], [-1, -1, -1, 2, -1, -1, -1], [-1, -1, -1, 4, -1, -1, -1], [-1, -1, -1, 6, -1, -1, -1], [-1, -1, -1, -1, -1, 0, -1], [-1, -1, -1, -1, -1, 1, -1]]
100 13 
 [[0, -1, -1, -1, -1, -1, -1], [1, -1, -1, -1, -1, -1, -1], [-1, 1, -1, -1, -1, -1, -1], [-1, -1, 0, -1, -1, -1, -1], [-1, -1, 1, -1, -1, -1, -1], [-1, -1, 2, -1, -1, -1, -1], [-1, -1, -1, 0, -1, -1, -1], [-1, -1, -1, 1, -1, -1, -1], [-1, -1, -1, 2, -1, -1, -1], [-1, -1, -1, 4, -1, -1, -1], [-1, -1, -1, 6, -1, -1, -1], [-1, -1, -1, -1, -1, 0, -1], [-1, -1, -1, -1, -1, 1, -1]]


number of patterns found, upperbound
10 0 
 []
20 0 
 []
30 0 
 []
40 0 
 []
50 0 
 []
60 0 
 []
70 0 
 []
80 0 
 []
90 0 
 []
100 0 
 []
