execution time
10 9.799344062805176 115.62873482704163
20 11.443948984146118 115.14095401763916
30 9.253865003585815 115.40010404586792
40 9.314815282821655 123.05844497680664
50 9.596305131912231 100.274010181427
60 7.922039031982422 93.69009208679199
70 8.07021689414978 92.20942282676697
80 7.3060219287872314 81.70143985748291
90 7.098322153091431 81.09727001190186
100 7.064237117767334 81.5903480052948


number of patterns visited
10 185343 1415305
20 185343 1415305
30 185343 1415305
40 185343 1415305
50 185343 1415305
60 185343 1415305
70 185343 1415305
80 185343 1415305
90 185343 1415305
100 185343 1415305


number of patterns found, lowerbound
10 29 
 [[0, -1, 0, -1, -1, 0, -1, -1, -1, -1, -1, -1, -1], [0, -1, 0, -1, -1, -1, -1, -1, -1, 0, -1, -1, 0], [0, -1, 0, -1, -1, -1, -1, -1, -1, -1, -1, 0, -1], [0, -1, -1, -1, -1, 0, -1, -1, -1, -1, -1, 0, -1], [1, -1, -1, -1, -1, -1, -1, -1, -1, -1, -1, -1, -1], [-1, 1, -1, -1, -1, -1, -1, -1, -1, -1, -1, -1, -1], [-1, -1, 0, -1, -1, 0, -1, -1, -1, 0, -1, -1, -1], [-1, -1, 0, -1, -1, 0, -1, -1, -1, -1, -1, 0, -1], [-1, -1, 0, -1, -1, -1, -1, -1, -1, -1, -1, 0, 0], [-1, -1, 1, -1, -1, -1, -1, -1, -1, -1, -1, -1, -1], [-1, -1, 2, -1, -1, -1, -1, -1, -1, -1, -1, -1, -1], [-1, -1, -1, 1, -1, -1, -1, -1, -1, -1, -1, -1, -1], [-1, -1, -1, 2, -1, -1, -1, -1, -1, -1, -1, -1, -1], [-1, -1, -1, 3, -1, -1, -1, -1, -1, -1, -1, -1, -1], [-1, -1, -1, 4, -1, -1, -1, -1, -1, -1, -1, -1, -1], [-1, -1, -1, 5, -1, -1, -1, -1, -1, -1, -1, -1, -1], [-1, -1, -1, 6, -1, -1, -1, -1, -1, -1, -1, -1, -1], [-1, -1, -1, -1, 1, -1, -1, -1, -1, -1, -1, -1, -1], [-1, -1, -1, -1, -1, 1, -1, -1, -1, -1, -1, -1, -1], [-1, -1, -1, -1, -1, -1, 1, -1, -1, -1, -1, -1, -1], [-1, -1, -1, -1, -1, -1, -1, -1, 1, -1, -1, -1, -1], [-1, -1, -1, -1, -1, -1, -1, -1, 2, -1, -1, -1, -1], [-1, -1, -1, -1, -1, -1, -1, -1, 3, -1, -1, -1, -1], [-1, -1, -1, -1, -1, -1, -1, -1, -1, 1, -1, -1, -1], [-1, -1, -1, -1, -1, -1, -1, -1, -1, 2, -1, -1, -1], [-1, -1, -1, -1, -1, -1, -1, -1, -1, -1, 1, -1, -1], [-1, -1, -1, -1, -1, -1, -1, -1, -1, -1, 2, -1, -1], [-1, -1, -1, -1, -1, -1, -1, -1, -1, -1, -1, 1, -1], [-1, -1, -1, -1, -1, -1, -1, -1, -1, -1, -1, -1, 1]]
20 25 
 [[0, -1, 0, -1, -1, 0, -1, -1, -1, -1, -1, -1, -1], [0, -1, 0, -1, -1, -1, -1, -1, -1, 0, -1, -1, 0], [0, -1, 0, -1, -1, -1, -1, -1, -1, -1, -1, 0, -1], [0, -1, -1, -1, -1, 0, -1, -1, -1, -1, -1, 0, -1], [1, -1, -1, -1, -1, -1, -1, -1, -1, -1, -1, -1, -1], [-1, 1, -1, -1, -1, -1, -1, -1, -1, -1, -1, -1, -1], [-1, -1, 0, -1, -1, 0, -1, -1, -1, 0, -1, -1, -1], [-1, -1, 0, -1, -1, 0, -1, -1, -1, -1, -1, 0, -1], [-1, -1, 0, -1, -1, -1, -1, -1, -1, -1, -1, 0, 0], [-1, -1, 1, -1, -1, -1, -1, -1, -1, -1, -1, -1, -1], [-1, -1, 2, -1, -1, -1, -1, -1, -1, -1, -1, -1, -1], [-1, -1, -1, 1, -1, -1, -1, -1, -1, -1, -1, -1, -1], [-1, -1, -1, 2, -1, -1, -1, -1, -1, -1, -1, -1, -1], [-1, -1, -1, 3, -1, -1, -1, -1, -1, -1, -1, -1, -1], [-1, -1, -1, 4, -1, -1, -1, -1, -1, -1, -1, -1, -1], [-1, -1, -1, 5, -1, -1, -1, -1, -1, -1, -1, -1, -1], [-1, -1, -1, 6, -1, -1, -1, -1, -1, -1, -1, -1, -1], [-1, -1, -1, -1, -1, 1, -1, -1, -1, -1, -1, -1, -1], [-1, -1, -1, -1, -1, -1, -1, -1, 1, -1, -1, -1, -1], [-1, -1, -1, -1, -1, -1, -1, -1, 2, -1, -1, -1, -1], [-1, -1, -1, -1, -1, -1, -1, -1, -1, 1, -1, -1, -1], [-1, -1, -1, -1, -1, -1, -1, -1, -1, 2, -1, -1, -1], [-1, -1, -1, -1, -1, -1, -1, -1, -1, -1, 2, -1, -1], [-1, -1, -1, -1, -1, -1, -1, -1, -1, -1, -1, 1, -1], [-1, -1, -1, -1, -1, -1, -1, -1, -1, -1, -1, -1, 1]]
30 24 
 [[0, -1, 0, -1, -1, 0, -1, -1, -1, -1, -1, -1, -1], [0, -1, 0, -1, -1, -1, -1, -1, -1, 0, -1, -1, 0], [0, -1, 0, -1, -1, -1, -1, -1, -1, -1, -1, 0, -1], [0, -1, -1, -1, -1, 0, -1, -1, -1, -1, -1, 0, -1], [1, -1, -1, -1, -1, -1, -1, -1, -1, -1, -1, -1, -1], [-1, 1, -1, -1, -1, -1, -1, -1, -1, -1, -1, -1, -1], [-1, -1, 0, -1, -1, 0, -1, -1, -1, 0, -1, -1, -1], [-1, -1, 0, -1, -1, 0, -1, -1, -1, -1, -1, 0, -1], [-1, -1, 0, -1, -1, -1, -1, -1, -1, -1, -1, 0, 0], [-1, -1, 1, -1, -1, -1, -1, -1, -1, -1, -1, -1, -1], [-1, -1, 2, -1, -1, -1, -1, -1, -1, -1, -1, -1, -1], [-1, -1, -1, 1, -1, -1, -1, -1, -1, -1, -1, -1, -1], [-1, -1, -1, 2, -1, -1, -1, -1, -1, -1, -1, -1, -1], [-1, -1, -1, 3, -1, -1, -1, -1, -1, -1, -1, -1, -1], [-1, -1, -1, 4, -1, -1, -1, -1, -1, -1, -1, -1, -1], [-1, -1, -1, 5, -1, -1, -1, -1, -1, -1, -1, -1, -1], [-1, -1, -1, 6, -1, -1, -1, -1, -1, -1, -1, -1, -1], [-1, -1, -1, -1, -1, 1, -1, -1, -1, -1, -1, -1, -1], [-1, -1, -1, -1, -1, -1, -1, -1, 1, -1, -1, -1, -1], [-1, -1, -1, -1, -1, -1, -1, -1, 2, -1, -1, -1, -1], [-1, -1, -1, -1, -1, -1, -1, -1, -1, 1, -1, -1, -1], [-1, -1, -1, -1, -1, -1, -1, -1, -1, 2, -1, -1, -1], [-1, -1, -1, -1, -1, -1, -1, -1, -1, -1, -1, 1, -1], [-1, -1, -1, -1, -1, -1, -1, -1, -1, -1, -1, -1, 1]]
40 22 
 [[0, -1, 0, -1, -1, 0, -1, -1, -1, -1, -1, -1, -1], [0, -1, 0, -1, -1, -1, -1, -1, -1, 0, -1, -1, 0], [0, -1, 0, -1, -1, -1, -1, -1, -1, -1, -1, 0, -1], [0, -1, -1, -1, -1, 0, -1, -1, -1, -1, -1, 0, -1], [1, -1, -1, -1, -1, -1, -1, -1, -1, -1, -1, -1, -1], [-1, 1, -1, -1, -1, -1, -1, -1, -1, -1, -1, -1, -1], [-1, -1, 0, -1, -1, 0, -1, -1, -1, 0, -1, -1, -1], [-1, -1, 0, -1, -1, 0, -1, -1, -1, -1, -1, 0, -1], [-1, -1, 0, -1, -1, -1, -1, -1, -1, -1, -1, 0, 0], [-1, -1, 1, -1, -1, -1, -1, -1, -1, -1, -1, -1, -1], [-1, -1, 2, -1, -1, -1, -1, -1, -1, -1, -1, -1, -1], [-1, -1, -1, 1, -1, -1, -1, -1, -1, -1, -1, -1, -1], [-1, -1, -1, 2, -1, -1, -1, -1, -1, -1, -1, -1, -1], [-1, -1, -1, 4, -1, -1, -1, -1, -1, -1, -1, -1, -1], [-1, -1, -1, 6, -1, -1, -1, -1, -1, -1, -1, -1, -1], [-1, -1, -1, -1, -1, 1, -1, -1, -1, -1, -1, -1, -1], [-1, -1, -1, -1, -1, -1, -1, -1, 1, -1, -1, -1, -1], [-1, -1, -1, -1, -1, -1, -1, -1, 2, -1, -1, -1, -1], [-1, -1, -1, -1, -1, -1, -1, -1, -1, 1, -1, -1, -1], [-1, -1, -1, -1, -1, -1, -1, -1, -1, 2, -1, -1, -1], [-1, -1, -1, -1, -1, -1, -1, -1, -1, -1, -1, 1, -1], [-1, -1, -1, -1, -1, -1, -1, -1, -1, -1, -1, -1, 1]]
50 22 
 [[0, -1, 0, -1, -1, 0, -1, -1, -1, -1, -1, -1, -1], [0, -1, 0, -1, -1, -1, -1, -1, -1, 0, -1, -1, 0], [0, -1, 0, -1, -1, -1, -1, -1, -1, -1, -1, 0, -1], [0, -1, -1, -1, -1, 0, -1, -1, -1, -1, -1, 0, -1], [1, -1, -1, -1, -1, -1, -1, -1, -1, -1, -1, -1, -1], [-1, 1, -1, -1, -1, -1, -1, -1, -1, -1, -1, -1, -1], [-1, -1, 0, -1, -1, 0, -1, -1, -1, 0, -1, -1, -1], [-1, -1, 0, -1, -1, 0, -1, -1, -1, -1, -1, 0, -1], [-1, -1, 0, -1, -1, -1, -1, -1, -1, -1, -1, 0, 0], [-1, -1, 1, -1, -1, -1, -1, -1, -1, -1, -1, -1, -1], [-1, -1, 2, -1, -1, -1, -1, -1, -1, -1, -1, -1, -1], [-1, -1, -1, 1, -1, -1, -1, -1, -1, -1, -1, -1, -1], [-1, -1, -1, 2, -1, -1, -1, -1, -1, -1, -1, -1, -1], [-1, -1, -1, 4, -1, -1, -1, -1, -1, -1, -1, -1, -1], [-1, -1, -1, 6, -1, -1, -1, -1, -1, -1, -1, -1, -1], [-1, -1, -1, -1, -1, 1, -1, -1, -1, -1, -1, -1, -1], [-1, -1, -1, -1, -1, -1, -1, -1, 1, -1, -1, -1, -1], [-1, -1, -1, -1, -1, -1, -1, -1, 2, -1, -1, -1, -1], [-1, -1, -1, -1, -1, -1, -1, -1, -1, 1, -1, -1, -1], [-1, -1, -1, -1, -1, -1, -1, -1, -1, 2, -1, -1, -1], [-1, -1, -1, -1, -1, -1, -1, -1, -1, -1, -1, 1, -1], [-1, -1, -1, -1, -1, -1, -1, -1, -1, -1, -1, -1, 1]]
60 22 
 [[0, -1, 0, -1, -1, 0, -1, -1, -1, -1, -1, -1, -1], [0, -1, 0, -1, -1, -1, -1, -1, -1, 0, -1, -1, 0], [0, -1, 0, -1, -1, -1, -1, -1, -1, -1, -1, 0, -1], [0, -1, -1, -1, -1, 0, -1, -1, -1, -1, -1, 0, -1], [1, -1, -1, -1, -1, -1, -1, -1, -1, -1, -1, -1, -1], [-1, 1, -1, -1, -1, -1, -1, -1, -1, -1, -1, -1, -1], [-1, -1, 0, -1, -1, 0, -1, -1, -1, 0, -1, -1, -1], [-1, -1, 0, -1, -1, 0, -1, -1, -1, -1, -1, 0, -1], [-1, -1, 0, -1, -1, -1, -1, -1, -1, -1, -1, 0, 0], [-1, -1, 1, -1, -1, -1, -1, -1, -1, -1, -1, -1, -1], [-1, -1, 2, -1, -1, -1, -1, -1, -1, -1, -1, -1, -1], [-1, -1, -1, 1, -1, -1, -1, -1, -1, -1, -1, -1, -1], [-1, -1, -1, 2, -1, -1, -1, -1, -1, -1, -1, -1, -1], [-1, -1, -1, 4, -1, -1, -1, -1, -1, -1, -1, -1, -1], [-1, -1, -1, 6, -1, -1, -1, -1, -1, -1, -1, -1, -1], [-1, -1, -1, -1, -1, 1, -1, -1, -1, -1, -1, -1, -1], [-1, -1, -1, -1, -1, -1, -1, -1, 1, -1, -1, -1, -1], [-1, -1, -1, -1, -1, -1, -1, -1, 2, -1, -1, -1, -1], [-1, -1, -1, -1, -1, -1, -1, -1, -1, 1, -1, -1, -1], [-1, -1, -1, -1, -1, -1, -1, -1, -1, 2, -1, -1, -1], [-1, -1, -1, -1, -1, -1, -1, -1, -1, -1, -1, 1, -1], [-1, -1, -1, -1, -1, -1, -1, -1, -1, -1, -1, -1, 1]]
70 22 
 [[0, -1, 0, -1, -1, 0, -1, -1, -1, -1, -1, -1, -1], [0, -1, 0, -1, -1, -1, -1, -1, -1, 0, -1, -1, 0], [0, -1, 0, -1, -1, -1, -1, -1, -1, -1, -1, 0, -1], [0, -1, -1, -1, -1, 0, -1, -1, -1, -1, -1, 0, -1], [1, -1, -1, -1, -1, -1, -1, -1, -1, -1, -1, -1, -1], [-1, 1, -1, -1, -1, -1, -1, -1, -1, -1, -1, -1, -1], [-1, -1, 0, -1, -1, 0, -1, -1, -1, 0, -1, -1, -1], [-1, -1, 0, -1, -1, 0, -1, -1, -1, -1, -1, 0, -1], [-1, -1, 0, -1, -1, -1, -1, -1, -1, -1, -1, 0, 0], [-1, -1, 1, -1, -1, -1, -1, -1, -1, -1, -1, -1, -1], [-1, -1, 2, -1, -1, -1, -1, -1, -1, -1, -1, -1, -1], [-1, -1, -1, 1, -1, -1, -1, -1, -1, -1, -1, -1, -1], [-1, -1, -1, 2, -1, -1, -1, -1, -1, -1, -1, -1, -1], [-1, -1, -1, 4, -1, -1, -1, -1, -1, -1, -1, -1, -1], [-1, -1, -1, 6, -1, -1, -1, -1, -1, -1, -1, -1, -1], [-1, -1, -1, -1, -1, 1, -1, -1, -1, -1, -1, -1, -1], [-1, -1, -1, -1, -1, -1, -1, -1, 1, -1, -1, -1, -1], [-1, -1, -1, -1, -1, -1, -1, -1, 2, -1, -1, -1, -1], [-1, -1, -1, -1, -1, -1, -1, -1, -1, 1, -1, -1, -1], [-1, -1, -1, -1, -1, -1, -1, -1, -1, 2, -1, -1, -1], [-1, -1, -1, -1, -1, -1, -1, -1, -1, -1, -1, 1, -1], [-1, -1, -1, -1, -1, -1, -1, -1, -1, -1, -1, -1, 1]]
80 22 
 [[0, -1, 0, -1, -1, 0, -1, -1, -1, -1, -1, -1, -1], [0, -1, 0, -1, -1, -1, -1, -1, -1, 0, -1, -1, 0], [0, -1, 0, -1, -1, -1, -1, -1, -1, -1, -1, 0, -1], [0, -1, -1, -1, -1, 0, -1, -1, -1, -1, -1, 0, -1], [1, -1, -1, -1, -1, -1, -1, -1, -1, -1, -1, -1, -1], [-1, 1, -1, -1, -1, -1, -1, -1, -1, -1, -1, -1, -1], [-1, -1, 0, -1, -1, 0, -1, -1, -1, 0, -1, -1, -1], [-1, -1, 0, -1, -1, 0, -1, -1, -1, -1, -1, 0, -1], [-1, -1, 0, -1, -1, -1, -1, -1, -1, -1, -1, 0, 0], [-1, -1, 1, -1, -1, -1, -1, -1, -1, -1, -1, -1, -1], [-1, -1, 2, -1, -1, -1, -1, -1, -1, -1, -1, -1, -1], [-1, -1, -1, 1, -1, -1, -1, -1, -1, -1, -1, -1, -1], [-1, -1, -1, 2, -1, -1, -1, -1, -1, -1, -1, -1, -1], [-1, -1, -1, 4, -1, -1, -1, -1, -1, -1, -1, -1, -1], [-1, -1, -1, 6, -1, -1, -1, -1, -1, -1, -1, -1, -1], [-1, -1, -1, -1, -1, 1, -1, -1, -1, -1, -1, -1, -1], [-1, -1, -1, -1, -1, -1, -1, -1, 1, -1, -1, -1, -1], [-1, -1, -1, -1, -1, -1, -1, -1, 2, -1, -1, -1, -1], [-1, -1, -1, -1, -1, -1, -1, -1, -1, 1, -1, -1, -1], [-1, -1, -1, -1, -1, -1, -1, -1, -1, 2, -1, -1, -1], [-1, -1, -1, -1, -1, -1, -1, -1, -1, -1, -1, 1, -1], [-1, -1, -1, -1, -1, -1, -1, -1, -1, -1, -1, -1, 1]]
90 22 
 [[0, -1, 0, -1, -1, 0, -1, -1, -1, -1, -1, -1, -1], [0, -1, 0, -1, -1, -1, -1, -1, -1, 0, -1, -1, 0], [0, -1, 0, -1, -1, -1, -1, -1, -1, -1, -1, 0, -1], [0, -1, -1, -1, -1, 0, -1, -1, -1, -1, -1, 0, -1], [1, -1, -1, -1, -1, -1, -1, -1, -1, -1, -1, -1, -1], [-1, 1, -1, -1, -1, -1, -1, -1, -1, -1, -1, -1, -1], [-1, -1, 0, -1, -1, 0, -1, -1, -1, 0, -1, -1, -1], [-1, -1, 0, -1, -1, 0, -1, -1, -1, -1, -1, 0, -1], [-1, -1, 0, -1, -1, -1, -1, -1, -1, -1, -1, 0, 0], [-1, -1, 1, -1, -1, -1, -1, -1, -1, -1, -1, -1, -1], [-1, -1, 2, -1, -1, -1, -1, -1, -1, -1, -1, -1, -1], [-1, -1, -1, 1, -1, -1, -1, -1, -1, -1, -1, -1, -1], [-1, -1, -1, 2, -1, -1, -1, -1, -1, -1, -1, -1, -1], [-1, -1, -1, 4, -1, -1, -1, -1, -1, -1, -1, -1, -1], [-1, -1, -1, 6, -1, -1, -1, -1, -1, -1, -1, -1, -1], [-1, -1, -1, -1, -1, 1, -1, -1, -1, -1, -1, -1, -1], [-1, -1, -1, -1, -1, -1, -1, -1, 1, -1, -1, -1, -1], [-1, -1, -1, -1, -1, -1, -1, -1, 2, -1, -1, -1, -1], [-1, -1, -1, -1, -1, -1, -1, -1, -1, 1, -1, -1, -1], [-1, -1, -1, -1, -1, -1, -1, -1, -1, 2, -1, -1, -1], [-1, -1, -1, -1, -1, -1, -1, -1, -1, -1, -1, 1, -1], [-1, -1, -1, -1, -1, -1, -1, -1, -1, -1, -1, -1, 1]]
100 22 
 [[0, -1, 0, -1, -1, 0, -1, -1, -1, -1, -1, -1, -1], [0, -1, 0, -1, -1, -1, -1, -1, -1, 0, -1, -1, 0], [0, -1, 0, -1, -1, -1, -1, -1, -1, -1, -1, 0, -1], [0, -1, -1, -1, -1, 0, -1, -1, -1, -1, -1, 0, -1], [1, -1, -1, -1, -1, -1, -1, -1, -1, -1, -1, -1, -1], [-1, 1, -1, -1, -1, -1, -1, -1, -1, -1, -1, -1, -1], [-1, -1, 0, -1, -1, 0, -1, -1, -1, 0, -1, -1, -1], [-1, -1, 0, -1, -1, 0, -1, -1, -1, -1, -1, 0, -1], [-1, -1, 0, -1, -1, -1, -1, -1, -1, -1, -1, 0, 0], [-1, -1, 1, -1, -1, -1, -1, -1, -1, -1, -1, -1, -1], [-1, -1, 2, -1, -1, -1, -1, -1, -1, -1, -1, -1, -1], [-1, -1, -1, 1, -1, -1, -1, -1, -1, -1, -1, -1, -1], [-1, -1, -1, 2, -1, -1, -1, -1, -1, -1, -1, -1, -1], [-1, -1, -1, 4, -1, -1, -1, -1, -1, -1, -1, -1, -1], [-1, -1, -1, 6, -1, -1, -1, -1, -1, -1, -1, -1, -1], [-1, -1, -1, -1, -1, 1, -1, -1, -1, -1, -1, -1, -1], [-1, -1, -1, -1, -1, -1, -1, -1, 1, -1, -1, -1, -1], [-1, -1, -1, -1, -1, -1, -1, -1, 2, -1, -1, -1, -1], [-1, -1, -1, -1, -1, -1, -1, -1, -1, 1, -1, -1, -1], [-1, -1, -1, -1, -1, -1, -1, -1, -1, 2, -1, -1, -1], [-1, -1, -1, -1, -1, -1, -1, -1, -1, -1, -1, 1, -1], [-1, -1, -1, -1, -1, -1, -1, -1, -1, -1, -1, -1, 1]]


number of patterns found, upperbound
10 10 
 [[0, 0, -1, 0, 0, -1, 0, 0, 0, -1, 0, -1, -1], [-1, -1, 0, -1, 0, -1, 0, 0, 0, -1, 0, -1, -1], [-1, -1, -1, 0, 0, 0, 0, 0, 0, -1, 0, -1, -1], [-1, 0, -1, 0, 0, -1, 0, 0, 0, 0, 0, -1, -1], [-1, 0, -1, -1, 0, -1, 0, 0, 0, -1, 0, 0, -1], [-1, 0, -1, -1, 0, 0, 0, 0, 0, -1, 0, -1, -1], [-1, -1, -1, 0, 0, -1, 0, 0, 0, -1, 0, -1, 0], [-1, -1, -1, -1, 0, 0, 0, 0, 0, -1, 0, -1, 0], [0, -1, -1, 0, 0, -1, 0, 0, 0, 0, 0, -1, -1], [-1, 0, -1, -1, 0, -1, 0, 0, 0, -1, 0, -1, 0]]
20 10 
 [[0, 0, -1, 0, 0, -1, 0, 0, 0, -1, 0, -1, -1], [-1, -1, 0, -1, 0, -1, 0, 0, 0, -1, 0, -1, -1], [-1, -1, -1, 0, 0, 0, 0, 0, 0, -1, 0, -1, -1], [-1, 0, -1, 0, 0, -1, 0, 0, 0, 0, 0, -1, -1], [-1, 0, -1, -1, 0, -1, 0, 0, 0, -1, 0, 0, -1], [-1, 0, -1, -1, 0, 0, 0, 0, 0, -1, 0, -1, -1], [-1, -1, -1, 0, 0, -1, 0, 0, 0, -1, 0, -1, 0], [-1, -1, -1, -1, 0, 0, 0, 0, 0, -1, 0, -1, 0], [0, -1, -1, 0, 0, -1, 0, 0, 0, 0, 0, -1, -1], [-1, 0, -1, -1, 0, -1, 0, 0, 0, -1, 0, -1, 0]]
30 10 
 [[0, 0, -1, 0, 0, -1, 0, 0, 0, -1, 0, -1, -1], [-1, -1, 0, -1, 0, -1, 0, 0, 0, -1, 0, -1, -1], [-1, -1, -1, 0, 0, 0, 0, 0, 0, -1, 0, -1, -1], [-1, 0, -1, 0, 0, -1, 0, 0, 0, 0, 0, -1, -1], [-1, 0, -1, -1, 0, -1, 0, 0, 0, -1, 0, 0, -1], [-1, 0, -1, -1, 0, 0, 0, 0, 0, -1, 0, -1, -1], [-1, -1, -1, 0, 0, -1, 0, 0, 0, -1, 0, -1, 0], [-1, -1, -1, -1, 0, 0, 0, 0, 0, -1, 0, -1, 0], [0, -1, -1, 0, 0, -1, 0, 0, 0, 0, 0, -1, -1], [-1, 0, -1, -1, 0, -1, 0, 0, 0, -1, 0, -1, 0]]
40 10 
 [[0, 0, -1, 0, 0, -1, 0, 0, 0, -1, 0, -1, -1], [-1, -1, 0, -1, 0, -1, 0, 0, 0, -1, 0, -1, -1], [-1, -1, -1, 0, 0, 0, 0, 0, 0, -1, 0, -1, -1], [-1, 0, -1, 0, 0, -1, 0, 0, 0, 0, 0, -1, -1], [-1, 0, -1, -1, 0, -1, 0, 0, 0, -1, 0, 0, -1], [-1, 0, -1, -1, 0, 0, 0, 0, 0, -1, 0, -1, -1], [-1, -1, -1, 0, 0, -1, 0, 0, 0, -1, 0, -1, 0], [-1, -1, -1, -1, 0, 0, 0, 0, 0, -1, 0, -1, 0], [0, -1, -1, 0, 0, -1, 0, 0, 0, 0, 0, -1, -1], [-1, 0, -1, -1, 0, -1, 0, 0, 0, -1, 0, -1, 0]]
50 10 
 [[0, 0, -1, 0, 0, -1, 0, 0, 0, -1, 0, -1, -1], [-1, -1, 0, -1, 0, -1, 0, 0, 0, -1, 0, -1, -1], [-1, -1, -1, 0, 0, 0, 0, 0, 0, -1, 0, -1, -1], [-1, 0, -1, 0, 0, -1, 0, 0, 0, 0, 0, -1, -1], [-1, 0, -1, -1, 0, -1, 0, 0, 0, -1, 0, 0, -1], [-1, 0, -1, -1, 0, 0, 0, 0, 0, -1, 0, -1, -1], [-1, -1, -1, 0, 0, -1, 0, 0, 0, -1, 0, -1, 0], [-1, -1, -1, -1, 0, 0, 0, 0, 0, -1, 0, -1, 0], [0, -1, -1, 0, 0, -1, 0, 0, 0, 0, 0, -1, -1], [-1, 0, -1, -1, 0, -1, 0, 0, 0, -1, 0, -1, 0]]
60 10 
 [[0, 0, -1, 0, 0, -1, 0, 0, 0, -1, 0, -1, -1], [-1, -1, 0, -1, 0, -1, 0, 0, 0, -1, 0, -1, -1], [-1, -1, -1, 0, 0, 0, 0, 0, 0, -1, 0, -1, -1], [-1, 0, -1, 0, 0, -1, 0, 0, 0, 0, 0, -1, -1], [-1, 0, -1, -1, 0, -1, 0, 0, 0, -1, 0, 0, -1], [-1, 0, -1, -1, 0, 0, 0, 0, 0, -1, 0, -1, -1], [-1, -1, -1, 0, 0, -1, 0, 0, 0, -1, 0, -1, 0], [-1, -1, -1, -1, 0, 0, 0, 0, 0, -1, 0, -1, 0], [0, -1, -1, 0, 0, -1, 0, 0, 0, 0, 0, -1, -1], [-1, 0, -1, -1, 0, -1, 0, 0, 0, -1, 0, -1, 0]]
70 10 
 [[0, 0, -1, 0, 0, -1, 0, 0, 0, -1, 0, -1, -1], [-1, -1, 0, -1, 0, -1, 0, 0, 0, -1, 0, -1, -1], [-1, -1, -1, 0, 0, 0, 0, 0, 0, -1, 0, -1, -1], [-1, 0, -1, 0, 0, -1, 0, 0, 0, 0, 0, -1, -1], [-1, 0, -1, -1, 0, -1, 0, 0, 0, -1, 0, 0, -1], [-1, 0, -1, -1, 0, 0, 0, 0, 0, -1, 0, -1, -1], [-1, -1, -1, 0, 0, -1, 0, 0, 0, -1, 0, -1, 0], [-1, -1, -1, -1, 0, 0, 0, 0, 0, -1, 0, -1, 0], [0, -1, -1, 0, 0, -1, 0, 0, 0, 0, 0, -1, -1], [-1, 0, -1, -1, 0, -1, 0, 0, 0, -1, 0, -1, 0]]
80 10 
 [[0, 0, -1, 0, 0, -1, 0, 0, 0, -1, 0, -1, -1], [-1, -1, 0, -1, 0, -1, 0, 0, 0, -1, 0, -1, -1], [-1, -1, -1, 0, 0, 0, 0, 0, 0, -1, 0, -1, -1], [-1, 0, -1, 0, 0, -1, 0, 0, 0, 0, 0, -1, -1], [-1, 0, -1, -1, 0, -1, 0, 0, 0, -1, 0, 0, -1], [-1, 0, -1, -1, 0, 0, 0, 0, 0, -1, 0, -1, -1], [-1, -1, -1, 0, 0, -1, 0, 0, 0, -1, 0, -1, 0], [-1, -1, -1, -1, 0, 0, 0, 0, 0, -1, 0, -1, 0], [0, -1, -1, 0, 0, -1, 0, 0, 0, 0, 0, -1, -1], [-1, 0, -1, -1, 0, -1, 0, 0, 0, -1, 0, -1, 0]]
90 10 
 [[0, 0, -1, 0, 0, -1, 0, 0, 0, -1, 0, -1, -1], [-1, -1, 0, -1, 0, -1, 0, 0, 0, -1, 0, -1, -1], [-1, -1, -1, 0, 0, 0, 0, 0, 0, -1, 0, -1, -1], [-1, 0, -1, 0, 0, -1, 0, 0, 0, 0, 0, -1, -1], [-1, 0, -1, -1, 0, -1, 0, 0, 0, -1, 0, 0, -1], [-1, 0, -1, -1, 0, 0, 0, 0, 0, -1, 0, -1, -1], [-1, -1, -1, 0, 0, -1, 0, 0, 0, -1, 0, -1, 0], [-1, -1, -1, -1, 0, 0, 0, 0, 0, -1, 0, -1, 0], [0, -1, -1, 0, 0, -1, 0, 0, 0, 0, 0, -1, -1], [-1, 0, -1, -1, 0, -1, 0, 0, 0, -1, 0, -1, 0]]
100 10 
 [[0, 0, -1, 0, 0, -1, 0, 0, 0, -1, 0, -1, -1], [-1, -1, 0, -1, 0, -1, 0, 0, 0, -1, 0, -1, -1], [-1, -1, -1, 0, 0, 0, 0, 0, 0, -1, 0, -1, -1], [-1, 0, -1, 0, 0, -1, 0, 0, 0, 0, 0, -1, -1], [-1, 0, -1, -1, 0, -1, 0, 0, 0, -1, 0, 0, -1], [-1, 0, -1, -1, 0, 0, 0, 0, 0, -1, 0, -1, -1], [-1, -1, -1, 0, 0, -1, 0, 0, 0, -1, 0, -1, 0], [-1, -1, -1, -1, 0, 0, 0, 0, 0, -1, 0, -1, 0], [0, -1, -1, 0, 0, -1, 0, 0, 0, 0, 0, -1, -1], [-1, 0, -1, -1, 0, -1, 0, 0, 0, -1, 0, -1, 0]]
