execution time
10 4.479697942733765 51.30769896507263
20 4.010011911392212 51.307485818862915
30 4.305194139480591 58.2673237323761
40 4.062719106674194 49.40532898902893
50 4.139249086380005 47.42093515396118
60 3.935626983642578 52.7105450630188
70 4.797935962677002 50.074050188064575
80 5.1729090213775635 61.19877910614014
90 4.046907901763916 48.98707938194275
100 4.535609245300293 47.42691206932068


number of patterns visited
10 102943 812713
20 102943 812713
30 102943 812713
40 102943 812713
50 102943 812713
60 102943 812713
70 102943 812713
80 102943 812713
90 102943 812713
100 102943 812713


number of patterns found, lowerbound
10 26 
 [[0, -1, 0, -1, -1, 0, -1, -1, -1, -1, -1, -1], [0, -1, 0, -1, -1, -1, -1, -1, -1, -1, -1, 0], [0, -1, -1, -1, -1, 0, -1, -1, -1, -1, -1, 0], [1, -1, -1, -1, -1, -1, -1, -1, -1, -1, -1, -1], [-1, 1, -1, -1, -1, -1, -1, -1, -1, -1, -1, -1], [-1, -1, 0, -1, -1, 0, -1, -1, -1, 0, -1, -1], [-1, -1, 0, -1, -1, 0, -1, -1, -1, -1, -1, 0], [-1, -1, 1, -1, -1, -1, -1, -1, -1, -1, -1, -1], [-1, -1, 2, -1, -1, -1, -1, -1, -1, -1, -1, -1], [-1, -1, -1, 1, -1, -1, -1, -1, -1, -1, -1, -1], [-1, -1, -1, 2, -1, -1, -1, -1, -1, -1, -1, -1], [-1, -1, -1, 3, -1, -1, -1, -1, -1, -1, -1, -1], [-1, -1, -1, 4, -1, -1, -1, -1, -1, -1, -1, -1], [-1, -1, -1, 5, -1, -1, -1, -1, -1, -1, -1, -1], [-1, -1, -1, 6, -1, -1, -1, -1, -1, -1, -1, -1], [-1, -1, -1, -1, 1, -1, -1, -1, -1, -1, -1, -1], [-1, -1, -1, -1, -1, 1, -1, -1, -1, -1, -1, -1], [-1, -1, -1, -1, -1, -1, 1, -1, -1, -1, -1, -1], [-1, -1, -1, -1, -1, -1, -1, -1, 1, -1, -1, -1], [-1, -1, -1, -1, -1, -1, -1, -1, 2, -1, -1, -1], [-1, -1, -1, -1, -1, -1, -1, -1, 3, -1, -1, -1], [-1, -1, -1, -1, -1, -1, -1, -1, -1, 1, -1, -1], [-1, -1, -1, -1, -1, -1, -1, -1, -1, 2, -1, -1], [-1, -1, -1, -1, -1, -1, -1, -1, -1, -1, 1, -1], [-1, -1, -1, -1, -1, -1, -1, -1, -1, -1, 2, -1], [-1, -1, -1, -1, -1, -1, -1, -1, -1, -1, -1, 1]]
20 22 
 [[0, -1, 0, -1, -1, 0, -1, -1, -1, -1, -1, -1], [0, -1, 0, -1, -1, -1, -1, -1, -1, -1, -1, 0], [0, -1, -1, -1, -1, 0, -1, -1, -1, -1, -1, 0], [1, -1, -1, -1, -1, -1, -1, -1, -1, -1, -1, -1], [-1, 1, -1, -1, -1, -1, -1, -1, -1, -1, -1, -1], [-1, -1, 0, -1, -1, 0, -1, -1, -1, 0, -1, -1], [-1, -1, 0, -1, -1, 0, -1, -1, -1, -1, -1, 0], [-1, -1, 1, -1, -1, -1, -1, -1, -1, -1, -1, -1], [-1, -1, 2, -1, -1, -1, -1, -1, -1, -1, -1, -1], [-1, -1, -1, 1, -1, -1, -1, -1, -1, -1, -1, -1], [-1, -1, -1, 2, -1, -1, -1, -1, -1, -1, -1, -1], [-1, -1, -1, 3, -1, -1, -1, -1, -1, -1, -1, -1], [-1, -1, -1, 4, -1, -1, -1, -1, -1, -1, -1, -1], [-1, -1, -1, 5, -1, -1, -1, -1, -1, -1, -1, -1], [-1, -1, -1, 6, -1, -1, -1, -1, -1, -1, -1, -1], [-1, -1, -1, -1, -1, 1, -1, -1, -1, -1, -1, -1], [-1, -1, -1, -1, -1, -1, -1, -1, 1, -1, -1, -1], [-1, -1, -1, -1, -1, -1, -1, -1, 2, -1, -1, -1], [-1, -1, -1, -1, -1, -1, -1, -1, -1, 1, -1, -1], [-1, -1, -1, -1, -1, -1, -1, -1, -1, 2, -1, -1], [-1, -1, -1, -1, -1, -1, -1, -1, -1, -1, 2, -1], [-1, -1, -1, -1, -1, -1, -1, -1, -1, -1, -1, 1]]
30 21 
 [[0, -1, 0, -1, -1, 0, -1, -1, -1, -1, -1, -1], [0, -1, 0, -1, -1, -1, -1, -1, -1, -1, -1, 0], [0, -1, -1, -1, -1, 0, -1, -1, -1, -1, -1, 0], [1, -1, -1, -1, -1, -1, -1, -1, -1, -1, -1, -1], [-1, 1, -1, -1, -1, -1, -1, -1, -1, -1, -1, -1], [-1, -1, 0, -1, -1, 0, -1, -1, -1, 0, -1, -1], [-1, -1, 0, -1, -1, 0, -1, -1, -1, -1, -1, 0], [-1, -1, 1, -1, -1, -1, -1, -1, -1, -1, -1, -1], [-1, -1, 2, -1, -1, -1, -1, -1, -1, -1, -1, -1], [-1, -1, -1, 1, -1, -1, -1, -1, -1, -1, -1, -1], [-1, -1, -1, 2, -1, -1, -1, -1, -1, -1, -1, -1], [-1, -1, -1, 3, -1, -1, -1, -1, -1, -1, -1, -1], [-1, -1, -1, 4, -1, -1, -1, -1, -1, -1, -1, -1], [-1, -1, -1, 5, -1, -1, -1, -1, -1, -1, -1, -1], [-1, -1, -1, 6, -1, -1, -1, -1, -1, -1, -1, -1], [-1, -1, -1, -1, -1, 1, -1, -1, -1, -1, -1, -1], [-1, -1, -1, -1, -1, -1, -1, -1, 1, -1, -1, -1], [-1, -1, -1, -1, -1, -1, -1, -1, 2, -1, -1, -1], [-1, -1, -1, -1, -1, -1, -1, -1, -1, 1, -1, -1], [-1, -1, -1, -1, -1, -1, -1, -1, -1, 2, -1, -1], [-1, -1, -1, -1, -1, -1, -1, -1, -1, -1, -1, 1]]
40 19 
 [[0, -1, 0, -1, -1, 0, -1, -1, -1, -1, -1, -1], [0, -1, 0, -1, -1, -1, -1, -1, -1, -1, -1, 0], [0, -1, -1, -1, -1, 0, -1, -1, -1, -1, -1, 0], [1, -1, -1, -1, -1, -1, -1, -1, -1, -1, -1, -1], [-1, 1, -1, -1, -1, -1, -1, -1, -1, -1, -1, -1], [-1, -1, 0, -1, -1, 0, -1, -1, -1, 0, -1, -1], [-1, -1, 0, -1, -1, 0, -1, -1, -1, -1, -1, 0], [-1, -1, 1, -1, -1, -1, -1, -1, -1, -1, -1, -1], [-1, -1, 2, -1, -1, -1, -1, -1, -1, -1, -1, -1], [-1, -1, -1, 1, -1, -1, -1, -1, -1, -1, -1, -1], [-1, -1, -1, 2, -1, -1, -1, -1, -1, -1, -1, -1], [-1, -1, -1, 4, -1, -1, -1, -1, -1, -1, -1, -1], [-1, -1, -1, 6, -1, -1, -1, -1, -1, -1, -1, -1], [-1, -1, -1, -1, -1, 1, -1, -1, -1, -1, -1, -1], [-1, -1, -1, -1, -1, -1, -1, -1, 1, -1, -1, -1], [-1, -1, -1, -1, -1, -1, -1, -1, 2, -1, -1, -1], [-1, -1, -1, -1, -1, -1, -1, -1, -1, 1, -1, -1], [-1, -1, -1, -1, -1, -1, -1, -1, -1, 2, -1, -1], [-1, -1, -1, -1, -1, -1, -1, -1, -1, -1, -1, 1]]
50 19 
 [[0, -1, 0, -1, -1, 0, -1, -1, -1, -1, -1, -1], [0, -1, 0, -1, -1, -1, -1, -1, -1, -1, -1, 0], [0, -1, -1, -1, -1, 0, -1, -1, -1, -1, -1, 0], [1, -1, -1, -1, -1, -1, -1, -1, -1, -1, -1, -1], [-1, 1, -1, -1, -1, -1, -1, -1, -1, -1, -1, -1], [-1, -1, 0, -1, -1, 0, -1, -1, -1, 0, -1, -1], [-1, -1, 0, -1, -1, 0, -1, -1, -1, -1, -1, 0], [-1, -1, 1, -1, -1, -1, -1, -1, -1, -1, -1, -1], [-1, -1, 2, -1, -1, -1, -1, -1, -1, -1, -1, -1], [-1, -1, -1, 1, -1, -1, -1, -1, -1, -1, -1, -1], [-1, -1, -1, 2, -1, -1, -1, -1, -1, -1, -1, -1], [-1, -1, -1, 4, -1, -1, -1, -1, -1, -1, -1, -1], [-1, -1, -1, 6, -1, -1, -1, -1, -1, -1, -1, -1], [-1, -1, -1, -1, -1, 1, -1, -1, -1, -1, -1, -1], [-1, -1, -1, -1, -1, -1, -1, -1, 1, -1, -1, -1], [-1, -1, -1, -1, -1, -1, -1, -1, 2, -1, -1, -1], [-1, -1, -1, -1, -1, -1, -1, -1, -1, 1, -1, -1], [-1, -1, -1, -1, -1, -1, -1, -1, -1, 2, -1, -1], [-1, -1, -1, -1, -1, -1, -1, -1, -1, -1, -1, 1]]
60 19 
 [[0, -1, 0, -1, -1, 0, -1, -1, -1, -1, -1, -1], [0, -1, 0, -1, -1, -1, -1, -1, -1, -1, -1, 0], [0, -1, -1, -1, -1, 0, -1, -1, -1, -1, -1, 0], [1, -1, -1, -1, -1, -1, -1, -1, -1, -1, -1, -1], [-1, 1, -1, -1, -1, -1, -1, -1, -1, -1, -1, -1], [-1, -1, 0, -1, -1, 0, -1, -1, -1, 0, -1, -1], [-1, -1, 0, -1, -1, 0, -1, -1, -1, -1, -1, 0], [-1, -1, 1, -1, -1, -1, -1, -1, -1, -1, -1, -1], [-1, -1, 2, -1, -1, -1, -1, -1, -1, -1, -1, -1], [-1, -1, -1, 1, -1, -1, -1, -1, -1, -1, -1, -1], [-1, -1, -1, 2, -1, -1, -1, -1, -1, -1, -1, -1], [-1, -1, -1, 4, -1, -1, -1, -1, -1, -1, -1, -1], [-1, -1, -1, 6, -1, -1, -1, -1, -1, -1, -1, -1], [-1, -1, -1, -1, -1, 1, -1, -1, -1, -1, -1, -1], [-1, -1, -1, -1, -1, -1, -1, -1, 1, -1, -1, -1], [-1, -1, -1, -1, -1, -1, -1, -1, 2, -1, -1, -1], [-1, -1, -1, -1, -1, -1, -1, -1, -1, 1, -1, -1], [-1, -1, -1, -1, -1, -1, -1, -1, -1, 2, -1, -1], [-1, -1, -1, -1, -1, -1, -1, -1, -1, -1, -1, 1]]
70 19 
 [[0, -1, 0, -1, -1, 0, -1, -1, -1, -1, -1, -1], [0, -1, 0, -1, -1, -1, -1, -1, -1, -1, -1, 0], [0, -1, -1, -1, -1, 0, -1, -1, -1, -1, -1, 0], [1, -1, -1, -1, -1, -1, -1, -1, -1, -1, -1, -1], [-1, 1, -1, -1, -1, -1, -1, -1, -1, -1, -1, -1], [-1, -1, 0, -1, -1, 0, -1, -1, -1, 0, -1, -1], [-1, -1, 0, -1, -1, 0, -1, -1, -1, -1, -1, 0], [-1, -1, 1, -1, -1, -1, -1, -1, -1, -1, -1, -1], [-1, -1, 2, -1, -1, -1, -1, -1, -1, -1, -1, -1], [-1, -1, -1, 1, -1, -1, -1, -1, -1, -1, -1, -1], [-1, -1, -1, 2, -1, -1, -1, -1, -1, -1, -1, -1], [-1, -1, -1, 4, -1, -1, -1, -1, -1, -1, -1, -1], [-1, -1, -1, 6, -1, -1, -1, -1, -1, -1, -1, -1], [-1, -1, -1, -1, -1, 1, -1, -1, -1, -1, -1, -1], [-1, -1, -1, -1, -1, -1, -1, -1, 1, -1, -1, -1], [-1, -1, -1, -1, -1, -1, -1, -1, 2, -1, -1, -1], [-1, -1, -1, -1, -1, -1, -1, -1, -1, 1, -1, -1], [-1, -1, -1, -1, -1, -1, -1, -1, -1, 2, -1, -1], [-1, -1, -1, -1, -1, -1, -1, -1, -1, -1, -1, 1]]
80 19 
 [[0, -1, 0, -1, -1, 0, -1, -1, -1, -1, -1, -1], [0, -1, 0, -1, -1, -1, -1, -1, -1, -1, -1, 0], [0, -1, -1, -1, -1, 0, -1, -1, -1, -1, -1, 0], [1, -1, -1, -1, -1, -1, -1, -1, -1, -1, -1, -1], [-1, 1, -1, -1, -1, -1, -1, -1, -1, -1, -1, -1], [-1, -1, 0, -1, -1, 0, -1, -1, -1, 0, -1, -1], [-1, -1, 0, -1, -1, 0, -1, -1, -1, -1, -1, 0], [-1, -1, 1, -1, -1, -1, -1, -1, -1, -1, -1, -1], [-1, -1, 2, -1, -1, -1, -1, -1, -1, -1, -1, -1], [-1, -1, -1, 1, -1, -1, -1, -1, -1, -1, -1, -1], [-1, -1, -1, 2, -1, -1, -1, -1, -1, -1, -1, -1], [-1, -1, -1, 4, -1, -1, -1, -1, -1, -1, -1, -1], [-1, -1, -1, 6, -1, -1, -1, -1, -1, -1, -1, -1], [-1, -1, -1, -1, -1, 1, -1, -1, -1, -1, -1, -1], [-1, -1, -1, -1, -1, -1, -1, -1, 1, -1, -1, -1], [-1, -1, -1, -1, -1, -1, -1, -1, 2, -1, -1, -1], [-1, -1, -1, -1, -1, -1, -1, -1, -1, 1, -1, -1], [-1, -1, -1, -1, -1, -1, -1, -1, -1, 2, -1, -1], [-1, -1, -1, -1, -1, -1, -1, -1, -1, -1, -1, 1]]
90 19 
 [[0, -1, 0, -1, -1, 0, -1, -1, -1, -1, -1, -1], [0, -1, 0, -1, -1, -1, -1, -1, -1, -1, -1, 0], [0, -1, -1, -1, -1, 0, -1, -1, -1, -1, -1, 0], [1, -1, -1, -1, -1, -1, -1, -1, -1, -1, -1, -1], [-1, 1, -1, -1, -1, -1, -1, -1, -1, -1, -1, -1], [-1, -1, 0, -1, -1, 0, -1, -1, -1, 0, -1, -1], [-1, -1, 0, -1, -1, 0, -1, -1, -1, -1, -1, 0], [-1, -1, 1, -1, -1, -1, -1, -1, -1, -1, -1, -1], [-1, -1, 2, -1, -1, -1, -1, -1, -1, -1, -1, -1], [-1, -1, -1, 1, -1, -1, -1, -1, -1, -1, -1, -1], [-1, -1, -1, 2, -1, -1, -1, -1, -1, -1, -1, -1], [-1, -1, -1, 4, -1, -1, -1, -1, -1, -1, -1, -1], [-1, -1, -1, 6, -1, -1, -1, -1, -1, -1, -1, -1], [-1, -1, -1, -1, -1, 1, -1, -1, -1, -1, -1, -1], [-1, -1, -1, -1, -1, -1, -1, -1, 1, -1, -1, -1], [-1, -1, -1, -1, -1, -1, -1, -1, 2, -1, -1, -1], [-1, -1, -1, -1, -1, -1, -1, -1, -1, 1, -1, -1], [-1, -1, -1, -1, -1, -1, -1, -1, -1, 2, -1, -1], [-1, -1, -1, -1, -1, -1, -1, -1, -1, -1, -1, 1]]
100 19 
 [[0, -1, 0, -1, -1, 0, -1, -1, -1, -1, -1, -1], [0, -1, 0, -1, -1, -1, -1, -1, -1, -1, -1, 0], [0, -1, -1, -1, -1, 0, -1, -1, -1, -1, -1, 0], [1, -1, -1, -1, -1, -1, -1, -1, -1, -1, -1, -1], [-1, 1, -1, -1, -1, -1, -1, -1, -1, -1, -1, -1], [-1, -1, 0, -1, -1, 0, -1, -1, -1, 0, -1, -1], [-1, -1, 0, -1, -1, 0, -1, -1, -1, -1, -1, 0], [-1, -1, 1, -1, -1, -1, -1, -1, -1, -1, -1, -1], [-1, -1, 2, -1, -1, -1, -1, -1, -1, -1, -1, -1], [-1, -1, -1, 1, -1, -1, -1, -1, -1, -1, -1, -1], [-1, -1, -1, 2, -1, -1, -1, -1, -1, -1, -1, -1], [-1, -1, -1, 4, -1, -1, -1, -1, -1, -1, -1, -1], [-1, -1, -1, 6, -1, -1, -1, -1, -1, -1, -1, -1], [-1, -1, -1, -1, -1, 1, -1, -1, -1, -1, -1, -1], [-1, -1, -1, -1, -1, -1, -1, -1, 1, -1, -1, -1], [-1, -1, -1, -1, -1, -1, -1, -1, 2, -1, -1, -1], [-1, -1, -1, -1, -1, -1, -1, -1, -1, 1, -1, -1], [-1, -1, -1, -1, -1, -1, -1, -1, -1, 2, -1, -1], [-1, -1, -1, -1, -1, -1, -1, -1, -1, -1, -1, 1]]


number of patterns found, upperbound
10 7 
 [[0, 0, -1, 0, 0, -1, 0, 0, 0, -1, 0, -1], [-1, -1, 0, -1, 0, -1, 0, 0, 0, -1, 0, -1], [-1, -1, -1, 0, 0, 0, 0, 0, 0, -1, 0, -1], [-1, 0, -1, 0, 0, -1, 0, 0, 0, 0, 0, -1], [-1, 0, -1, -1, 0, -1, 0, 0, 0, -1, 0, 0], [-1, 0, -1, -1, 0, 0, 0, 0, 0, -1, 0, -1], [0, -1, -1, 0, 0, -1, 0, 0, 0, 0, 0, -1]]
20 7 
 [[0, 0, -1, 0, 0, -1, 0, 0, 0, -1, 0, -1], [-1, -1, 0, -1, 0, -1, 0, 0, 0, -1, 0, -1], [-1, -1, -1, 0, 0, 0, 0, 0, 0, -1, 0, -1], [-1, 0, -1, 0, 0, -1, 0, 0, 0, 0, 0, -1], [-1, 0, -1, -1, 0, -1, 0, 0, 0, -1, 0, 0], [-1, 0, -1, -1, 0, 0, 0, 0, 0, -1, 0, -1], [0, -1, -1, 0, 0, -1, 0, 0, 0, 0, 0, -1]]
30 7 
 [[0, 0, -1, 0, 0, -1, 0, 0, 0, -1, 0, -1], [-1, -1, 0, -1, 0, -1, 0, 0, 0, -1, 0, -1], [-1, -1, -1, 0, 0, 0, 0, 0, 0, -1, 0, -1], [-1, 0, -1, 0, 0, -1, 0, 0, 0, 0, 0, -1], [-1, 0, -1, -1, 0, -1, 0, 0, 0, -1, 0, 0], [-1, 0, -1, -1, 0, 0, 0, 0, 0, -1, 0, -1], [0, -1, -1, 0, 0, -1, 0, 0, 0, 0, 0, -1]]
40 7 
 [[0, 0, -1, 0, 0, -1, 0, 0, 0, -1, 0, -1], [-1, -1, 0, -1, 0, -1, 0, 0, 0, -1, 0, -1], [-1, -1, -1, 0, 0, 0, 0, 0, 0, -1, 0, -1], [-1, 0, -1, 0, 0, -1, 0, 0, 0, 0, 0, -1], [-1, 0, -1, -1, 0, -1, 0, 0, 0, -1, 0, 0], [-1, 0, -1, -1, 0, 0, 0, 0, 0, -1, 0, -1], [0, -1, -1, 0, 0, -1, 0, 0, 0, 0, 0, -1]]
50 7 
 [[0, 0, -1, 0, 0, -1, 0, 0, 0, -1, 0, -1], [-1, -1, 0, -1, 0, -1, 0, 0, 0, -1, 0, -1], [-1, -1, -1, 0, 0, 0, 0, 0, 0, -1, 0, -1], [-1, 0, -1, 0, 0, -1, 0, 0, 0, 0, 0, -1], [-1, 0, -1, -1, 0, -1, 0, 0, 0, -1, 0, 0], [-1, 0, -1, -1, 0, 0, 0, 0, 0, -1, 0, -1], [0, -1, -1, 0, 0, -1, 0, 0, 0, 0, 0, -1]]
60 7 
 [[0, 0, -1, 0, 0, -1, 0, 0, 0, -1, 0, -1], [-1, -1, 0, -1, 0, -1, 0, 0, 0, -1, 0, -1], [-1, -1, -1, 0, 0, 0, 0, 0, 0, -1, 0, -1], [-1, 0, -1, 0, 0, -1, 0, 0, 0, 0, 0, -1], [-1, 0, -1, -1, 0, -1, 0, 0, 0, -1, 0, 0], [-1, 0, -1, -1, 0, 0, 0, 0, 0, -1, 0, -1], [0, -1, -1, 0, 0, -1, 0, 0, 0, 0, 0, -1]]
70 7 
 [[0, 0, -1, 0, 0, -1, 0, 0, 0, -1, 0, -1], [-1, -1, 0, -1, 0, -1, 0, 0, 0, -1, 0, -1], [-1, -1, -1, 0, 0, 0, 0, 0, 0, -1, 0, -1], [-1, 0, -1, 0, 0, -1, 0, 0, 0, 0, 0, -1], [-1, 0, -1, -1, 0, -1, 0, 0, 0, -1, 0, 0], [-1, 0, -1, -1, 0, 0, 0, 0, 0, -1, 0, -1], [0, -1, -1, 0, 0, -1, 0, 0, 0, 0, 0, -1]]
80 7 
 [[0, 0, -1, 0, 0, -1, 0, 0, 0, -1, 0, -1], [-1, -1, 0, -1, 0, -1, 0, 0, 0, -1, 0, -1], [-1, -1, -1, 0, 0, 0, 0, 0, 0, -1, 0, -1], [-1, 0, -1, 0, 0, -1, 0, 0, 0, 0, 0, -1], [-1, 0, -1, -1, 0, -1, 0, 0, 0, -1, 0, 0], [-1, 0, -1, -1, 0, 0, 0, 0, 0, -1, 0, -1], [0, -1, -1, 0, 0, -1, 0, 0, 0, 0, 0, -1]]
90 7 
 [[0, 0, -1, 0, 0, -1, 0, 0, 0, -1, 0, -1], [-1, -1, 0, -1, 0, -1, 0, 0, 0, -1, 0, -1], [-1, -1, -1, 0, 0, 0, 0, 0, 0, -1, 0, -1], [-1, 0, -1, 0, 0, -1, 0, 0, 0, 0, 0, -1], [-1, 0, -1, -1, 0, -1, 0, 0, 0, -1, 0, 0], [-1, 0, -1, -1, 0, 0, 0, 0, 0, -1, 0, -1], [0, -1, -1, 0, 0, -1, 0, 0, 0, 0, 0, -1]]
100 7 
 [[0, 0, -1, 0, 0, -1, 0, 0, 0, -1, 0, -1], [-1, -1, 0, -1, 0, -1, 0, 0, 0, -1, 0, -1], [-1, -1, -1, 0, 0, 0, 0, 0, 0, -1, 0, -1], [-1, 0, -1, 0, 0, -1, 0, 0, 0, 0, 0, -1], [-1, 0, -1, -1, 0, -1, 0, 0, 0, -1, 0, 0], [-1, 0, -1, -1, 0, 0, 0, 0, 0, -1, 0, -1], [0, -1, -1, 0, 0, -1, 0, 0, 0, 0, 0, -1]]
