execution time
10 21.889716148376465 246.30783581733704
20 21.25615906715393 247.27829504013062
30 22.68354105949402 292.9476680755615
40 31.213983058929443 230.57722091674805
50 20.696627140045166 225.95420908927917
60 20.437951803207397 210.98993587493896
70 17.70766305923462 176.56621527671814
80 14.730387926101685 151.12137293815613
90 14.660820007324219 150.74452185630798
100 14.741509199142456 151.89911079406738


number of patterns visited
10 327167 3038905
20 327167 3038905
30 327167 3038905
40 327167 3038905
50 327167 3038905
60 327167 3038905
70 327167 3038905
80 327167 3038905
90 327167 3038905
100 327167 3038905


number of patterns found, lowerbound
10 30 
 [[0, -1, 0, -1, -1, 0, -1, -1, -1, -1, -1, -1, -1, -1], [0, -1, 0, -1, -1, -1, -1, -1, -1, 0, -1, -1, 0, -1], [0, -1, 0, -1, -1, -1, -1, -1, -1, -1, -1, 0, -1, -1], [0, -1, -1, -1, -1, 0, -1, -1, -1, -1, -1, 0, -1, -1], [1, -1, -1, -1, -1, -1, -1, -1, -1, -1, -1, -1, -1, -1], [-1, 1, -1, -1, -1, -1, -1, -1, -1, -1, -1, -1, -1, -1], [-1, -1, 0, -1, -1, 0, -1, -1, -1, 0, -1, -1, -1, -1], [-1, -1, 0, -1, -1, 0, -1, -1, -1, -1, -1, 0, -1, -1], [-1, -1, 0, -1, -1, -1, -1, -1, -1, -1, -1, 0, 0, -1], [-1, -1, 1, -1, -1, -1, -1, -1, -1, -1, -1, -1, -1, -1], [-1, -1, 2, -1, -1, -1, -1, -1, -1, -1, -1, -1, -1, -1], [-1, -1, -1, 1, -1, -1, -1, -1, -1, -1, -1, -1, -1, -1], [-1, -1, -1, 2, -1, -1, -1, -1, -1, -1, -1, -1, -1, -1], [-1, -1, -1, 3, -1, -1, -1, -1, -1, -1, -1, -1, -1, -1], [-1, -1, -1, 4, -1, -1, -1, -1, -1, -1, -1, -1, -1, -1], [-1, -1, -1, 5, -1, -1, -1, -1, -1, -1, -1, -1, -1, -1], [-1, -1, -1, 6, -1, -1, -1, -1, -1, -1, -1, -1, -1, -1], [-1, -1, -1, -1, 1, -1, -1, -1, -1, -1, -1, -1, -1, -1], [-1, -1, -1, -1, -1, 1, -1, -1, -1, -1, -1, -1, -1, -1], [-1, -1, -1, -1, -1, -1, 1, -1, -1, -1, -1, -1, -1, -1], [-1, -1, -1, -1, -1, -1, -1, -1, 1, -1, -1, -1, -1, -1], [-1, -1, -1, -1, -1, -1, -1, -1, 2, -1, -1, -1, -1, -1], [-1, -1, -1, -1, -1, -1, -1, -1, 3, -1, -1, -1, -1, -1], [-1, -1, -1, -1, -1, -1, -1, -1, -1, 1, -1, -1, -1, -1], [-1, -1, -1, -1, -1, -1, -1, -1, -1, 2, -1, -1, -1, -1], [-1, -1, -1, -1, -1, -1, -1, -1, -1, -1, 1, -1, -1, -1], [-1, -1, -1, -1, -1, -1, -1, -1, -1, -1, 2, -1, -1, -1], [-1, -1, -1, -1, -1, -1, -1, -1, -1, -1, -1, 1, -1, -1], [-1, -1, -1, -1, -1, -1, -1, -1, -1, -1, -1, -1, 1, -1], [-1, -1, -1, -1, -1, -1, -1, -1, -1, -1, -1, -1, -1, 1]]
20 26 
 [[0, -1, 0, -1, -1, 0, -1, -1, -1, -1, -1, -1, -1, -1], [0, -1, 0, -1, -1, -1, -1, -1, -1, 0, -1, -1, 0, -1], [0, -1, 0, -1, -1, -1, -1, -1, -1, -1, -1, 0, -1, -1], [0, -1, -1, -1, -1, 0, -1, -1, -1, -1, -1, 0, -1, -1], [1, -1, -1, -1, -1, -1, -1, -1, -1, -1, -1, -1, -1, -1], [-1, 1, -1, -1, -1, -1, -1, -1, -1, -1, -1, -1, -1, -1], [-1, -1, 0, -1, -1, 0, -1, -1, -1, 0, -1, -1, -1, -1], [-1, -1, 0, -1, -1, 0, -1, -1, -1, -1, -1, 0, -1, -1], [-1, -1, 0, -1, -1, -1, -1, -1, -1, -1, -1, 0, 0, -1], [-1, -1, 1, -1, -1, -1, -1, -1, -1, -1, -1, -1, -1, -1], [-1, -1, 2, -1, -1, -1, -1, -1, -1, -1, -1, -1, -1, -1], [-1, -1, -1, 1, -1, -1, -1, -1, -1, -1, -1, -1, -1, -1], [-1, -1, -1, 2, -1, -1, -1, -1, -1, -1, -1, -1, -1, -1], [-1, -1, -1, 3, -1, -1, -1, -1, -1, -1, -1, -1, -1, -1], [-1, -1, -1, 4, -1, -1, -1, -1, -1, -1, -1, -1, -1, -1], [-1, -1, -1, 5, -1, -1, -1, -1, -1, -1, -1, -1, -1, -1], [-1, -1, -1, 6, -1, -1, -1, -1, -1, -1, -1, -1, -1, -1], [-1, -1, -1, -1, -1, 1, -1, -1, -1, -1, -1, -1, -1, -1], [-1, -1, -1, -1, -1, -1, -1, -1, 1, -1, -1, -1, -1, -1], [-1, -1, -1, -1, -1, -1, -1, -1, 2, -1, -1, -1, -1, -1], [-1, -1, -1, -1, -1, -1, -1, -1, -1, 1, -1, -1, -1, -1], [-1, -1, -1, -1, -1, -1, -1, -1, -1, 2, -1, -1, -1, -1], [-1, -1, -1, -1, -1, -1, -1, -1, -1, -1, 2, -1, -1, -1], [-1, -1, -1, -1, -1, -1, -1, -1, -1, -1, -1, 1, -1, -1], [-1, -1, -1, -1, -1, -1, -1, -1, -1, -1, -1, -1, 1, -1], [-1, -1, -1, -1, -1, -1, -1, -1, -1, -1, -1, -1, -1, 1]]
30 25 
 [[0, -1, 0, -1, -1, 0, -1, -1, -1, -1, -1, -1, -1, -1], [0, -1, 0, -1, -1, -1, -1, -1, -1, 0, -1, -1, 0, -1], [0, -1, 0, -1, -1, -1, -1, -1, -1, -1, -1, 0, -1, -1], [0, -1, -1, -1, -1, 0, -1, -1, -1, -1, -1, 0, -1, -1], [1, -1, -1, -1, -1, -1, -1, -1, -1, -1, -1, -1, -1, -1], [-1, 1, -1, -1, -1, -1, -1, -1, -1, -1, -1, -1, -1, -1], [-1, -1, 0, -1, -1, 0, -1, -1, -1, 0, -1, -1, -1, -1], [-1, -1, 0, -1, -1, 0, -1, -1, -1, -1, -1, 0, -1, -1], [-1, -1, 0, -1, -1, -1, -1, -1, -1, -1, -1, 0, 0, -1], [-1, -1, 1, -1, -1, -1, -1, -1, -1, -1, -1, -1, -1, -1], [-1, -1, 2, -1, -1, -1, -1, -1, -1, -1, -1, -1, -1, -1], [-1, -1, -1, 1, -1, -1, -1, -1, -1, -1, -1, -1, -1, -1], [-1, -1, -1, 2, -1, -1, -1, -1, -1, -1, -1, -1, -1, -1], [-1, -1, -1, 3, -1, -1, -1, -1, -1, -1, -1, -1, -1, -1], [-1, -1, -1, 4, -1, -1, -1, -1, -1, -1, -1, -1, -1, -1], [-1, -1, -1, 5, -1, -1, -1, -1, -1, -1, -1, -1, -1, -1], [-1, -1, -1, 6, -1, -1, -1, -1, -1, -1, -1, -1, -1, -1], [-1, -1, -1, -1, -1, 1, -1, -1, -1, -1, -1, -1, -1, -1], [-1, -1, -1, -1, -1, -1, -1, -1, 1, -1, -1, -1, -1, -1], [-1, -1, -1, -1, -1, -1, -1, -1, 2, -1, -1, -1, -1, -1], [-1, -1, -1, -1, -1, -1, -1, -1, -1, 1, -1, -1, -1, -1], [-1, -1, -1, -1, -1, -1, -1, -1, -1, 2, -1, -1, -1, -1], [-1, -1, -1, -1, -1, -1, -1, -1, -1, -1, -1, 1, -1, -1], [-1, -1, -1, -1, -1, -1, -1, -1, -1, -1, -1, -1, 1, -1], [-1, -1, -1, -1, -1, -1, -1, -1, -1, -1, -1, -1, -1, 1]]
40 22 
 [[0, -1, 0, -1, -1, 0, -1, -1, -1, -1, -1, -1, -1, -1], [0, -1, 0, -1, -1, -1, -1, -1, -1, 0, -1, -1, 0, -1], [0, -1, 0, -1, -1, -1, -1, -1, -1, -1, -1, 0, -1, -1], [0, -1, -1, -1, -1, 0, -1, -1, -1, -1, -1, 0, -1, -1], [1, -1, -1, -1, -1, -1, -1, -1, -1, -1, -1, -1, -1, -1], [-1, 1, -1, -1, -1, -1, -1, -1, -1, -1, -1, -1, -1, -1], [-1, -1, 0, -1, -1, 0, -1, -1, -1, 0, -1, -1, -1, -1], [-1, -1, 0, -1, -1, 0, -1, -1, -1, -1, -1, 0, -1, -1], [-1, -1, 0, -1, -1, -1, -1, -1, -1, -1, -1, 0, 0, -1], [-1, -1, 1, -1, -1, -1, -1, -1, -1, -1, -1, -1, -1, -1], [-1, -1, 2, -1, -1, -1, -1, -1, -1, -1, -1, -1, -1, -1], [-1, -1, -1, 1, -1, -1, -1, -1, -1, -1, -1, -1, -1, -1], [-1, -1, -1, 2, -1, -1, -1, -1, -1, -1, -1, -1, -1, -1], [-1, -1, -1, 4, -1, -1, -1, -1, -1, -1, -1, -1, -1, -1], [-1, -1, -1, 6, -1, -1, -1, -1, -1, -1, -1, -1, -1, -1], [-1, -1, -1, -1, -1, 1, -1, -1, -1, -1, -1, -1, -1, -1], [-1, -1, -1, -1, -1, -1, -1, -1, 1, -1, -1, -1, -1, -1], [-1, -1, -1, -1, -1, -1, -1, -1, 2, -1, -1, -1, -1, -1], [-1, -1, -1, -1, -1, -1, -1, -1, -1, 1, -1, -1, -1, -1], [-1, -1, -1, -1, -1, -1, -1, -1, -1, 2, -1, -1, -1, -1], [-1, -1, -1, -1, -1, -1, -1, -1, -1, -1, -1, 1, -1, -1], [-1, -1, -1, -1, -1, -1, -1, -1, -1, -1, -1, -1, 1, -1]]
50 22 
 [[0, -1, 0, -1, -1, 0, -1, -1, -1, -1, -1, -1, -1, -1], [0, -1, 0, -1, -1, -1, -1, -1, -1, 0, -1, -1, 0, -1], [0, -1, 0, -1, -1, -1, -1, -1, -1, -1, -1, 0, -1, -1], [0, -1, -1, -1, -1, 0, -1, -1, -1, -1, -1, 0, -1, -1], [1, -1, -1, -1, -1, -1, -1, -1, -1, -1, -1, -1, -1, -1], [-1, 1, -1, -1, -1, -1, -1, -1, -1, -1, -1, -1, -1, -1], [-1, -1, 0, -1, -1, 0, -1, -1, -1, 0, -1, -1, -1, -1], [-1, -1, 0, -1, -1, 0, -1, -1, -1, -1, -1, 0, -1, -1], [-1, -1, 0, -1, -1, -1, -1, -1, -1, -1, -1, 0, 0, -1], [-1, -1, 1, -1, -1, -1, -1, -1, -1, -1, -1, -1, -1, -1], [-1, -1, 2, -1, -1, -1, -1, -1, -1, -1, -1, -1, -1, -1], [-1, -1, -1, 1, -1, -1, -1, -1, -1, -1, -1, -1, -1, -1], [-1, -1, -1, 2, -1, -1, -1, -1, -1, -1, -1, -1, -1, -1], [-1, -1, -1, 4, -1, -1, -1, -1, -1, -1, -1, -1, -1, -1], [-1, -1, -1, 6, -1, -1, -1, -1, -1, -1, -1, -1, -1, -1], [-1, -1, -1, -1, -1, 1, -1, -1, -1, -1, -1, -1, -1, -1], [-1, -1, -1, -1, -1, -1, -1, -1, 1, -1, -1, -1, -1, -1], [-1, -1, -1, -1, -1, -1, -1, -1, 2, -1, -1, -1, -1, -1], [-1, -1, -1, -1, -1, -1, -1, -1, -1, 1, -1, -1, -1, -1], [-1, -1, -1, -1, -1, -1, -1, -1, -1, 2, -1, -1, -1, -1], [-1, -1, -1, -1, -1, -1, -1, -1, -1, -1, -1, 1, -1, -1], [-1, -1, -1, -1, -1, -1, -1, -1, -1, -1, -1, -1, 1, -1]]
60 22 
 [[0, -1, 0, -1, -1, 0, -1, -1, -1, -1, -1, -1, -1, -1], [0, -1, 0, -1, -1, -1, -1, -1, -1, 0, -1, -1, 0, -1], [0, -1, 0, -1, -1, -1, -1, -1, -1, -1, -1, 0, -1, -1], [0, -1, -1, -1, -1, 0, -1, -1, -1, -1, -1, 0, -1, -1], [1, -1, -1, -1, -1, -1, -1, -1, -1, -1, -1, -1, -1, -1], [-1, 1, -1, -1, -1, -1, -1, -1, -1, -1, -1, -1, -1, -1], [-1, -1, 0, -1, -1, 0, -1, -1, -1, 0, -1, -1, -1, -1], [-1, -1, 0, -1, -1, 0, -1, -1, -1, -1, -1, 0, -1, -1], [-1, -1, 0, -1, -1, -1, -1, -1, -1, -1, -1, 0, 0, -1], [-1, -1, 1, -1, -1, -1, -1, -1, -1, -1, -1, -1, -1, -1], [-1, -1, 2, -1, -1, -1, -1, -1, -1, -1, -1, -1, -1, -1], [-1, -1, -1, 1, -1, -1, -1, -1, -1, -1, -1, -1, -1, -1], [-1, -1, -1, 2, -1, -1, -1, -1, -1, -1, -1, -1, -1, -1], [-1, -1, -1, 4, -1, -1, -1, -1, -1, -1, -1, -1, -1, -1], [-1, -1, -1, 6, -1, -1, -1, -1, -1, -1, -1, -1, -1, -1], [-1, -1, -1, -1, -1, 1, -1, -1, -1, -1, -1, -1, -1, -1], [-1, -1, -1, -1, -1, -1, -1, -1, 1, -1, -1, -1, -1, -1], [-1, -1, -1, -1, -1, -1, -1, -1, 2, -1, -1, -1, -1, -1], [-1, -1, -1, -1, -1, -1, -1, -1, -1, 1, -1, -1, -1, -1], [-1, -1, -1, -1, -1, -1, -1, -1, -1, 2, -1, -1, -1, -1], [-1, -1, -1, -1, -1, -1, -1, -1, -1, -1, -1, 1, -1, -1], [-1, -1, -1, -1, -1, -1, -1, -1, -1, -1, -1, -1, 1, -1]]
70 22 
 [[0, -1, 0, -1, -1, 0, -1, -1, -1, -1, -1, -1, -1, -1], [0, -1, 0, -1, -1, -1, -1, -1, -1, 0, -1, -1, 0, -1], [0, -1, 0, -1, -1, -1, -1, -1, -1, -1, -1, 0, -1, -1], [0, -1, -1, -1, -1, 0, -1, -1, -1, -1, -1, 0, -1, -1], [1, -1, -1, -1, -1, -1, -1, -1, -1, -1, -1, -1, -1, -1], [-1, 1, -1, -1, -1, -1, -1, -1, -1, -1, -1, -1, -1, -1], [-1, -1, 0, -1, -1, 0, -1, -1, -1, 0, -1, -1, -1, -1], [-1, -1, 0, -1, -1, 0, -1, -1, -1, -1, -1, 0, -1, -1], [-1, -1, 0, -1, -1, -1, -1, -1, -1, -1, -1, 0, 0, -1], [-1, -1, 1, -1, -1, -1, -1, -1, -1, -1, -1, -1, -1, -1], [-1, -1, 2, -1, -1, -1, -1, -1, -1, -1, -1, -1, -1, -1], [-1, -1, -1, 1, -1, -1, -1, -1, -1, -1, -1, -1, -1, -1], [-1, -1, -1, 2, -1, -1, -1, -1, -1, -1, -1, -1, -1, -1], [-1, -1, -1, 4, -1, -1, -1, -1, -1, -1, -1, -1, -1, -1], [-1, -1, -1, 6, -1, -1, -1, -1, -1, -1, -1, -1, -1, -1], [-1, -1, -1, -1, -1, 1, -1, -1, -1, -1, -1, -1, -1, -1], [-1, -1, -1, -1, -1, -1, -1, -1, 1, -1, -1, -1, -1, -1], [-1, -1, -1, -1, -1, -1, -1, -1, 2, -1, -1, -1, -1, -1], [-1, -1, -1, -1, -1, -1, -1, -1, -1, 1, -1, -1, -1, -1], [-1, -1, -1, -1, -1, -1, -1, -1, -1, 2, -1, -1, -1, -1], [-1, -1, -1, -1, -1, -1, -1, -1, -1, -1, -1, 1, -1, -1], [-1, -1, -1, -1, -1, -1, -1, -1, -1, -1, -1, -1, 1, -1]]
80 22 
 [[0, -1, 0, -1, -1, 0, -1, -1, -1, -1, -1, -1, -1, -1], [0, -1, 0, -1, -1, -1, -1, -1, -1, 0, -1, -1, 0, -1], [0, -1, 0, -1, -1, -1, -1, -1, -1, -1, -1, 0, -1, -1], [0, -1, -1, -1, -1, 0, -1, -1, -1, -1, -1, 0, -1, -1], [1, -1, -1, -1, -1, -1, -1, -1, -1, -1, -1, -1, -1, -1], [-1, 1, -1, -1, -1, -1, -1, -1, -1, -1, -1, -1, -1, -1], [-1, -1, 0, -1, -1, 0, -1, -1, -1, 0, -1, -1, -1, -1], [-1, -1, 0, -1, -1, 0, -1, -1, -1, -1, -1, 0, -1, -1], [-1, -1, 0, -1, -1, -1, -1, -1, -1, -1, -1, 0, 0, -1], [-1, -1, 1, -1, -1, -1, -1, -1, -1, -1, -1, -1, -1, -1], [-1, -1, 2, -1, -1, -1, -1, -1, -1, -1, -1, -1, -1, -1], [-1, -1, -1, 1, -1, -1, -1, -1, -1, -1, -1, -1, -1, -1], [-1, -1, -1, 2, -1, -1, -1, -1, -1, -1, -1, -1, -1, -1], [-1, -1, -1, 4, -1, -1, -1, -1, -1, -1, -1, -1, -1, -1], [-1, -1, -1, 6, -1, -1, -1, -1, -1, -1, -1, -1, -1, -1], [-1, -1, -1, -1, -1, 1, -1, -1, -1, -1, -1, -1, -1, -1], [-1, -1, -1, -1, -1, -1, -1, -1, 1, -1, -1, -1, -1, -1], [-1, -1, -1, -1, -1, -1, -1, -1, 2, -1, -1, -1, -1, -1], [-1, -1, -1, -1, -1, -1, -1, -1, -1, 1, -1, -1, -1, -1], [-1, -1, -1, -1, -1, -1, -1, -1, -1, 2, -1, -1, -1, -1], [-1, -1, -1, -1, -1, -1, -1, -1, -1, -1, -1, 1, -1, -1], [-1, -1, -1, -1, -1, -1, -1, -1, -1, -1, -1, -1, 1, -1]]
90 22 
 [[0, -1, 0, -1, -1, 0, -1, -1, -1, -1, -1, -1, -1, -1], [0, -1, 0, -1, -1, -1, -1, -1, -1, 0, -1, -1, 0, -1], [0, -1, 0, -1, -1, -1, -1, -1, -1, -1, -1, 0, -1, -1], [0, -1, -1, -1, -1, 0, -1, -1, -1, -1, -1, 0, -1, -1], [1, -1, -1, -1, -1, -1, -1, -1, -1, -1, -1, -1, -1, -1], [-1, 1, -1, -1, -1, -1, -1, -1, -1, -1, -1, -1, -1, -1], [-1, -1, 0, -1, -1, 0, -1, -1, -1, 0, -1, -1, -1, -1], [-1, -1, 0, -1, -1, 0, -1, -1, -1, -1, -1, 0, -1, -1], [-1, -1, 0, -1, -1, -1, -1, -1, -1, -1, -1, 0, 0, -1], [-1, -1, 1, -1, -1, -1, -1, -1, -1, -1, -1, -1, -1, -1], [-1, -1, 2, -1, -1, -1, -1, -1, -1, -1, -1, -1, -1, -1], [-1, -1, -1, 1, -1, -1, -1, -1, -1, -1, -1, -1, -1, -1], [-1, -1, -1, 2, -1, -1, -1, -1, -1, -1, -1, -1, -1, -1], [-1, -1, -1, 4, -1, -1, -1, -1, -1, -1, -1, -1, -1, -1], [-1, -1, -1, 6, -1, -1, -1, -1, -1, -1, -1, -1, -1, -1], [-1, -1, -1, -1, -1, 1, -1, -1, -1, -1, -1, -1, -1, -1], [-1, -1, -1, -1, -1, -1, -1, -1, 1, -1, -1, -1, -1, -1], [-1, -1, -1, -1, -1, -1, -1, -1, 2, -1, -1, -1, -1, -1], [-1, -1, -1, -1, -1, -1, -1, -1, -1, 1, -1, -1, -1, -1], [-1, -1, -1, -1, -1, -1, -1, -1, -1, 2, -1, -1, -1, -1], [-1, -1, -1, -1, -1, -1, -1, -1, -1, -1, -1, 1, -1, -1], [-1, -1, -1, -1, -1, -1, -1, -1, -1, -1, -1, -1, 1, -1]]
100 22 
 [[0, -1, 0, -1, -1, 0, -1, -1, -1, -1, -1, -1, -1, -1], [0, -1, 0, -1, -1, -1, -1, -1, -1, 0, -1, -1, 0, -1], [0, -1, 0, -1, -1, -1, -1, -1, -1, -1, -1, 0, -1, -1], [0, -1, -1, -1, -1, 0, -1, -1, -1, -1, -1, 0, -1, -1], [1, -1, -1, -1, -1, -1, -1, -1, -1, -1, -1, -1, -1, -1], [-1, 1, -1, -1, -1, -1, -1, -1, -1, -1, -1, -1, -1, -1], [-1, -1, 0, -1, -1, 0, -1, -1, -1, 0, -1, -1, -1, -1], [-1, -1, 0, -1, -1, 0, -1, -1, -1, -1, -1, 0, -1, -1], [-1, -1, 0, -1, -1, -1, -1, -1, -1, -1, -1, 0, 0, -1], [-1, -1, 1, -1, -1, -1, -1, -1, -1, -1, -1, -1, -1, -1], [-1, -1, 2, -1, -1, -1, -1, -1, -1, -1, -1, -1, -1, -1], [-1, -1, -1, 1, -1, -1, -1, -1, -1, -1, -1, -1, -1, -1], [-1, -1, -1, 2, -1, -1, -1, -1, -1, -1, -1, -1, -1, -1], [-1, -1, -1, 4, -1, -1, -1, -1, -1, -1, -1, -1, -1, -1], [-1, -1, -1, 6, -1, -1, -1, -1, -1, -1, -1, -1, -1, -1], [-1, -1, -1, -1, -1, 1, -1, -1, -1, -1, -1, -1, -1, -1], [-1, -1, -1, -1, -1, -1, -1, -1, 1, -1, -1, -1, -1, -1], [-1, -1, -1, -1, -1, -1, -1, -1, 2, -1, -1, -1, -1, -1], [-1, -1, -1, -1, -1, -1, -1, -1, -1, 1, -1, -1, -1, -1], [-1, -1, -1, -1, -1, -1, -1, -1, -1, 2, -1, -1, -1, -1], [-1, -1, -1, -1, -1, -1, -1, -1, -1, -1, -1, 1, -1, -1], [-1, -1, -1, -1, -1, -1, -1, -1, -1, -1, -1, -1, 1, -1]]


number of patterns found, upperbound
10 10 
 [[0, 0, -1, 0, 0, -1, 0, 0, 0, -1, 0, -1, -1, 0], [-1, -1, 0, -1, 0, -1, 0, 0, 0, -1, 0, -1, -1, 0], [-1, -1, -1, 0, 0, 0, 0, 0, 0, -1, 0, -1, -1, 0], [-1, 0, -1, 0, 0, -1, 0, 0, 0, 0, 0, -1, -1, 0], [-1, 0, -1, -1, 0, -1, 0, 0, 0, -1, 0, 0, -1, 0], [-1, 0, -1, -1, 0, 0, 0, 0, 0, -1, 0, -1, -1, 0], [-1, -1, -1, 0, 0, -1, 0, 0, 0, -1, 0, -1, 0, 0], [-1, -1, -1, -1, 0, 0, 0, 0, 0, -1, 0, -1, 0, 0], [0, -1, -1, 0, 0, -1, 0, 0, 0, 0, 0, -1, -1, 0], [-1, 0, -1, -1, 0, -1, 0, 0, 0, -1, 0, -1, 0, 0]]
20 10 
 [[0, 0, -1, 0, 0, -1, 0, 0, 0, -1, 0, -1, -1, 0], [-1, -1, 0, -1, 0, -1, 0, 0, 0, -1, 0, -1, -1, 0], [-1, -1, -1, 0, 0, 0, 0, 0, 0, -1, 0, -1, -1, 0], [-1, 0, -1, 0, 0, -1, 0, 0, 0, 0, 0, -1, -1, 0], [-1, 0, -1, -1, 0, -1, 0, 0, 0, -1, 0, 0, -1, 0], [-1, 0, -1, -1, 0, 0, 0, 0, 0, -1, 0, -1, -1, 0], [-1, -1, -1, 0, 0, -1, 0, 0, 0, -1, 0, -1, 0, 0], [-1, -1, -1, -1, 0, 0, 0, 0, 0, -1, 0, -1, 0, 0], [0, -1, -1, 0, 0, -1, 0, 0, 0, 0, 0, -1, -1, 0], [-1, 0, -1, -1, 0, -1, 0, 0, 0, -1, 0, -1, 0, 0]]
30 10 
 [[0, 0, -1, 0, 0, -1, 0, 0, 0, -1, 0, -1, -1, 0], [-1, -1, 0, -1, 0, -1, 0, 0, 0, -1, 0, -1, -1, 0], [-1, -1, -1, 0, 0, 0, 0, 0, 0, -1, 0, -1, -1, 0], [-1, 0, -1, 0, 0, -1, 0, 0, 0, 0, 0, -1, -1, 0], [-1, 0, -1, -1, 0, -1, 0, 0, 0, -1, 0, 0, -1, 0], [-1, 0, -1, -1, 0, 0, 0, 0, 0, -1, 0, -1, -1, 0], [-1, -1, -1, 0, 0, -1, 0, 0, 0, -1, 0, -1, 0, 0], [-1, -1, -1, -1, 0, 0, 0, 0, 0, -1, 0, -1, 0, 0], [0, -1, -1, 0, 0, -1, 0, 0, 0, 0, 0, -1, -1, 0], [-1, 0, -1, -1, 0, -1, 0, 0, 0, -1, 0, -1, 0, 0]]
40 10 
 [[0, 0, -1, 0, 0, -1, 0, 0, 0, -1, 0, -1, -1, 0], [-1, -1, 0, -1, 0, -1, 0, 0, 0, -1, 0, -1, -1, 0], [-1, -1, -1, 0, 0, 0, 0, 0, 0, -1, 0, -1, -1, 0], [-1, 0, -1, 0, 0, -1, 0, 0, 0, 0, 0, -1, -1, 0], [-1, 0, -1, -1, 0, -1, 0, 0, 0, -1, 0, 0, -1, 0], [-1, 0, -1, -1, 0, 0, 0, 0, 0, -1, 0, -1, -1, 0], [-1, -1, -1, 0, 0, -1, 0, 0, 0, -1, 0, -1, 0, 0], [-1, -1, -1, -1, 0, 0, 0, 0, 0, -1, 0, -1, 0, 0], [0, -1, -1, 0, 0, -1, 0, 0, 0, 0, 0, -1, -1, 0], [-1, 0, -1, -1, 0, -1, 0, 0, 0, -1, 0, -1, 0, 0]]
50 10 
 [[0, 0, -1, 0, 0, -1, 0, 0, 0, -1, 0, -1, -1, 0], [-1, -1, 0, -1, 0, -1, 0, 0, 0, -1, 0, -1, -1, 0], [-1, -1, -1, 0, 0, 0, 0, 0, 0, -1, 0, -1, -1, 0], [-1, 0, -1, 0, 0, -1, 0, 0, 0, 0, 0, -1, -1, 0], [-1, 0, -1, -1, 0, -1, 0, 0, 0, -1, 0, 0, -1, 0], [-1, 0, -1, -1, 0, 0, 0, 0, 0, -1, 0, -1, -1, 0], [-1, -1, -1, 0, 0, -1, 0, 0, 0, -1, 0, -1, 0, 0], [-1, -1, -1, -1, 0, 0, 0, 0, 0, -1, 0, -1, 0, 0], [0, -1, -1, 0, 0, -1, 0, 0, 0, 0, 0, -1, -1, 0], [-1, 0, -1, -1, 0, -1, 0, 0, 0, -1, 0, -1, 0, 0]]
60 10 
 [[0, 0, -1, 0, 0, -1, 0, 0, 0, -1, 0, -1, -1, 0], [-1, -1, 0, -1, 0, -1, 0, 0, 0, -1, 0, -1, -1, 0], [-1, -1, -1, 0, 0, 0, 0, 0, 0, -1, 0, -1, -1, 0], [-1, 0, -1, 0, 0, -1, 0, 0, 0, 0, 0, -1, -1, 0], [-1, 0, -1, -1, 0, -1, 0, 0, 0, -1, 0, 0, -1, 0], [-1, 0, -1, -1, 0, 0, 0, 0, 0, -1, 0, -1, -1, 0], [-1, -1, -1, 0, 0, -1, 0, 0, 0, -1, 0, -1, 0, 0], [-1, -1, -1, -1, 0, 0, 0, 0, 0, -1, 0, -1, 0, 0], [0, -1, -1, 0, 0, -1, 0, 0, 0, 0, 0, -1, -1, 0], [-1, 0, -1, -1, 0, -1, 0, 0, 0, -1, 0, -1, 0, 0]]
70 10 
 [[0, 0, -1, 0, 0, -1, 0, 0, 0, -1, 0, -1, -1, 0], [-1, -1, 0, -1, 0, -1, 0, 0, 0, -1, 0, -1, -1, 0], [-1, -1, -1, 0, 0, 0, 0, 0, 0, -1, 0, -1, -1, 0], [-1, 0, -1, 0, 0, -1, 0, 0, 0, 0, 0, -1, -1, 0], [-1, 0, -1, -1, 0, -1, 0, 0, 0, -1, 0, 0, -1, 0], [-1, 0, -1, -1, 0, 0, 0, 0, 0, -1, 0, -1, -1, 0], [-1, -1, -1, 0, 0, -1, 0, 0, 0, -1, 0, -1, 0, 0], [-1, -1, -1, -1, 0, 0, 0, 0, 0, -1, 0, -1, 0, 0], [0, -1, -1, 0, 0, -1, 0, 0, 0, 0, 0, -1, -1, 0], [-1, 0, -1, -1, 0, -1, 0, 0, 0, -1, 0, -1, 0, 0]]
80 10 
 [[0, 0, -1, 0, 0, -1, 0, 0, 0, -1, 0, -1, -1, 0], [-1, -1, 0, -1, 0, -1, 0, 0, 0, -1, 0, -1, -1, 0], [-1, -1, -1, 0, 0, 0, 0, 0, 0, -1, 0, -1, -1, 0], [-1, 0, -1, 0, 0, -1, 0, 0, 0, 0, 0, -1, -1, 0], [-1, 0, -1, -1, 0, -1, 0, 0, 0, -1, 0, 0, -1, 0], [-1, 0, -1, -1, 0, 0, 0, 0, 0, -1, 0, -1, -1, 0], [-1, -1, -1, 0, 0, -1, 0, 0, 0, -1, 0, -1, 0, 0], [-1, -1, -1, -1, 0, 0, 0, 0, 0, -1, 0, -1, 0, 0], [0, -1, -1, 0, 0, -1, 0, 0, 0, 0, 0, -1, -1, 0], [-1, 0, -1, -1, 0, -1, 0, 0, 0, -1, 0, -1, 0, 0]]
90 10 
 [[0, 0, -1, 0, 0, -1, 0, 0, 0, -1, 0, -1, -1, 0], [-1, -1, 0, -1, 0, -1, 0, 0, 0, -1, 0, -1, -1, 0], [-1, -1, -1, 0, 0, 0, 0, 0, 0, -1, 0, -1, -1, 0], [-1, 0, -1, 0, 0, -1, 0, 0, 0, 0, 0, -1, -1, 0], [-1, 0, -1, -1, 0, -1, 0, 0, 0, -1, 0, 0, -1, 0], [-1, 0, -1, -1, 0, 0, 0, 0, 0, -1, 0, -1, -1, 0], [-1, -1, -1, 0, 0, -1, 0, 0, 0, -1, 0, -1, 0, 0], [-1, -1, -1, -1, 0, 0, 0, 0, 0, -1, 0, -1, 0, 0], [0, -1, -1, 0, 0, -1, 0, 0, 0, 0, 0, -1, -1, 0], [-1, 0, -1, -1, 0, -1, 0, 0, 0, -1, 0, -1, 0, 0]]
100 10 
 [[0, 0, -1, 0, 0, -1, 0, 0, 0, -1, 0, -1, -1, 0], [-1, -1, 0, -1, 0, -1, 0, 0, 0, -1, 0, -1, -1, 0], [-1, -1, -1, 0, 0, 0, 0, 0, 0, -1, 0, -1, -1, 0], [-1, 0, -1, 0, 0, -1, 0, 0, 0, 0, 0, -1, -1, 0], [-1, 0, -1, -1, 0, -1, 0, 0, 0, -1, 0, 0, -1, 0], [-1, 0, -1, -1, 0, 0, 0, 0, 0, -1, 0, -1, -1, 0], [-1, -1, -1, 0, 0, -1, 0, 0, 0, -1, 0, -1, 0, 0], [-1, -1, -1, -1, 0, 0, 0, 0, 0, -1, 0, -1, 0, 0], [0, -1, -1, 0, 0, -1, 0, 0, 0, 0, 0, -1, -1, 0], [-1, 0, -1, -1, 0, -1, 0, 0, 0, -1, 0, -1, 0, 0]]
