execution time
10 1.845541000366211 21.899096727371216
20 1.3678112030029297 17.932987928390503
30 1.7865688800811768 18.160104751586914
40 1.723653793334961 18.366057872772217
50 1.4637908935546875 17.2693030834198
60 1.4726841449737549 17.944679021835327
70 1.4325709342956543 18.2839138507843
80 1.4987249374389648 17.583497047424316
90 1.4637360572814941 17.726780891418457
100 1.3624591827392578 16.973721981048584


number of patterns visited
10 54271 495369
20 54271 495369
30 54271 495369
40 54271 495369
50 54271 495369
60 54271 495369
70 54271 495369
80 54271 495369
90 54271 495369
100 54271 495369


number of patterns found, lowerbound
10 22 
 [[0, -1, 0, -1, -1, 0, -1, -1, -1, -1, -1], [1, -1, -1, -1, -1, -1, -1, -1, -1, -1, -1], [-1, 1, -1, -1, -1, -1, -1, -1, -1, -1, -1], [-1, -1, 0, -1, -1, 0, -1, -1, -1, 0, -1], [-1, -1, 1, -1, -1, -1, -1, -1, -1, -1, -1], [-1, -1, 2, -1, -1, -1, -1, -1, -1, -1, -1], [-1, -1, -1, 1, -1, -1, -1, -1, -1, -1, -1], [-1, -1, -1, 2, -1, -1, -1, -1, -1, -1, -1], [-1, -1, -1, 3, -1, -1, -1, -1, -1, -1, -1], [-1, -1, -1, 4, -1, -1, -1, -1, -1, -1, -1], [-1, -1, -1, 5, -1, -1, -1, -1, -1, -1, -1], [-1, -1, -1, 6, -1, -1, -1, -1, -1, -1, -1], [-1, -1, -1, -1, 1, -1, -1, -1, -1, -1, -1], [-1, -1, -1, -1, -1, 1, -1, -1, -1, -1, -1], [-1, -1, -1, -1, -1, -1, 1, -1, -1, -1, -1], [-1, -1, -1, -1, -1, -1, -1, -1, 1, -1, -1], [-1, -1, -1, -1, -1, -1, -1, -1, 2, -1, -1], [-1, -1, -1, -1, -1, -1, -1, -1, 3, -1, -1], [-1, -1, -1, -1, -1, -1, -1, -1, -1, 1, -1], [-1, -1, -1, -1, -1, -1, -1, -1, -1, 2, -1], [-1, -1, -1, -1, -1, -1, -1, -1, -1, -1, 1], [-1, -1, -1, -1, -1, -1, -1, -1, -1, -1, 2]]
20 18 
 [[0, -1, 0, -1, -1, 0, -1, -1, -1, -1, -1], [1, -1, -1, -1, -1, -1, -1, -1, -1, -1, -1], [-1, 1, -1, -1, -1, -1, -1, -1, -1, -1, -1], [-1, -1, 0, -1, -1, 0, -1, -1, -1, 0, -1], [-1, -1, 1, -1, -1, -1, -1, -1, -1, -1, -1], [-1, -1, 2, -1, -1, -1, -1, -1, -1, -1, -1], [-1, -1, -1, 1, -1, -1, -1, -1, -1, -1, -1], [-1, -1, -1, 2, -1, -1, -1, -1, -1, -1, -1], [-1, -1, -1, 3, -1, -1, -1, -1, -1, -1, -1], [-1, -1, -1, 4, -1, -1, -1, -1, -1, -1, -1], [-1, -1, -1, 5, -1, -1, -1, -1, -1, -1, -1], [-1, -1, -1, 6, -1, -1, -1, -1, -1, -1, -1], [-1, -1, -1, -1, -1, 1, -1, -1, -1, -1, -1], [-1, -1, -1, -1, -1, -1, -1, -1, 1, -1, -1], [-1, -1, -1, -1, -1, -1, -1, -1, 2, -1, -1], [-1, -1, -1, -1, -1, -1, -1, -1, -1, 1, -1], [-1, -1, -1, -1, -1, -1, -1, -1, -1, 2, -1], [-1, -1, -1, -1, -1, -1, -1, -1, -1, -1, 2]]
30 17 
 [[0, -1, 0, -1, -1, 0, -1, -1, -1, -1, -1], [1, -1, -1, -1, -1, -1, -1, -1, -1, -1, -1], [-1, 1, -1, -1, -1, -1, -1, -1, -1, -1, -1], [-1, -1, 0, -1, -1, 0, -1, -1, -1, 0, -1], [-1, -1, 1, -1, -1, -1, -1, -1, -1, -1, -1], [-1, -1, 2, -1, -1, -1, -1, -1, -1, -1, -1], [-1, -1, -1, 1, -1, -1, -1, -1, -1, -1, -1], [-1, -1, -1, 2, -1, -1, -1, -1, -1, -1, -1], [-1, -1, -1, 3, -1, -1, -1, -1, -1, -1, -1], [-1, -1, -1, 4, -1, -1, -1, -1, -1, -1, -1], [-1, -1, -1, 5, -1, -1, -1, -1, -1, -1, -1], [-1, -1, -1, 6, -1, -1, -1, -1, -1, -1, -1], [-1, -1, -1, -1, -1, 1, -1, -1, -1, -1, -1], [-1, -1, -1, -1, -1, -1, -1, -1, 1, -1, -1], [-1, -1, -1, -1, -1, -1, -1, -1, 2, -1, -1], [-1, -1, -1, -1, -1, -1, -1, -1, -1, 1, -1], [-1, -1, -1, -1, -1, -1, -1, -1, -1, 2, -1]]
40 15 
 [[0, -1, 0, -1, -1, 0, -1, -1, -1, -1, -1], [1, -1, -1, -1, -1, -1, -1, -1, -1, -1, -1], [-1, 1, -1, -1, -1, -1, -1, -1, -1, -1, -1], [-1, -1, 0, -1, -1, 0, -1, -1, -1, 0, -1], [-1, -1, 1, -1, -1, -1, -1, -1, -1, -1, -1], [-1, -1, 2, -1, -1, -1, -1, -1, -1, -1, -1], [-1, -1, -1, 1, -1, -1, -1, -1, -1, -1, -1], [-1, -1, -1, 2, -1, -1, -1, -1, -1, -1, -1], [-1, -1, -1, 4, -1, -1, -1, -1, -1, -1, -1], [-1, -1, -1, 6, -1, -1, -1, -1, -1, -1, -1], [-1, -1, -1, -1, -1, 1, -1, -1, -1, -1, -1], [-1, -1, -1, -1, -1, -1, -1, -1, 1, -1, -1], [-1, -1, -1, -1, -1, -1, -1, -1, 2, -1, -1], [-1, -1, -1, -1, -1, -1, -1, -1, -1, 1, -1], [-1, -1, -1, -1, -1, -1, -1, -1, -1, 2, -1]]
50 15 
 [[0, -1, 0, -1, -1, 0, -1, -1, -1, -1, -1], [1, -1, -1, -1, -1, -1, -1, -1, -1, -1, -1], [-1, 1, -1, -1, -1, -1, -1, -1, -1, -1, -1], [-1, -1, 0, -1, -1, 0, -1, -1, -1, 0, -1], [-1, -1, 1, -1, -1, -1, -1, -1, -1, -1, -1], [-1, -1, 2, -1, -1, -1, -1, -1, -1, -1, -1], [-1, -1, -1, 1, -1, -1, -1, -1, -1, -1, -1], [-1, -1, -1, 2, -1, -1, -1, -1, -1, -1, -1], [-1, -1, -1, 4, -1, -1, -1, -1, -1, -1, -1], [-1, -1, -1, 6, -1, -1, -1, -1, -1, -1, -1], [-1, -1, -1, -1, -1, 1, -1, -1, -1, -1, -1], [-1, -1, -1, -1, -1, -1, -1, -1, 1, -1, -1], [-1, -1, -1, -1, -1, -1, -1, -1, 2, -1, -1], [-1, -1, -1, -1, -1, -1, -1, -1, -1, 1, -1], [-1, -1, -1, -1, -1, -1, -1, -1, -1, 2, -1]]
60 15 
 [[0, -1, 0, -1, -1, 0, -1, -1, -1, -1, -1], [1, -1, -1, -1, -1, -1, -1, -1, -1, -1, -1], [-1, 1, -1, -1, -1, -1, -1, -1, -1, -1, -1], [-1, -1, 0, -1, -1, 0, -1, -1, -1, 0, -1], [-1, -1, 1, -1, -1, -1, -1, -1, -1, -1, -1], [-1, -1, 2, -1, -1, -1, -1, -1, -1, -1, -1], [-1, -1, -1, 1, -1, -1, -1, -1, -1, -1, -1], [-1, -1, -1, 2, -1, -1, -1, -1, -1, -1, -1], [-1, -1, -1, 4, -1, -1, -1, -1, -1, -1, -1], [-1, -1, -1, 6, -1, -1, -1, -1, -1, -1, -1], [-1, -1, -1, -1, -1, 1, -1, -1, -1, -1, -1], [-1, -1, -1, -1, -1, -1, -1, -1, 1, -1, -1], [-1, -1, -1, -1, -1, -1, -1, -1, 2, -1, -1], [-1, -1, -1, -1, -1, -1, -1, -1, -1, 1, -1], [-1, -1, -1, -1, -1, -1, -1, -1, -1, 2, -1]]
70 15 
 [[0, -1, 0, -1, -1, 0, -1, -1, -1, -1, -1], [1, -1, -1, -1, -1, -1, -1, -1, -1, -1, -1], [-1, 1, -1, -1, -1, -1, -1, -1, -1, -1, -1], [-1, -1, 0, -1, -1, 0, -1, -1, -1, 0, -1], [-1, -1, 1, -1, -1, -1, -1, -1, -1, -1, -1], [-1, -1, 2, -1, -1, -1, -1, -1, -1, -1, -1], [-1, -1, -1, 1, -1, -1, -1, -1, -1, -1, -1], [-1, -1, -1, 2, -1, -1, -1, -1, -1, -1, -1], [-1, -1, -1, 4, -1, -1, -1, -1, -1, -1, -1], [-1, -1, -1, 6, -1, -1, -1, -1, -1, -1, -1], [-1, -1, -1, -1, -1, 1, -1, -1, -1, -1, -1], [-1, -1, -1, -1, -1, -1, -1, -1, 1, -1, -1], [-1, -1, -1, -1, -1, -1, -1, -1, 2, -1, -1], [-1, -1, -1, -1, -1, -1, -1, -1, -1, 1, -1], [-1, -1, -1, -1, -1, -1, -1, -1, -1, 2, -1]]
80 15 
 [[0, -1, 0, -1, -1, 0, -1, -1, -1, -1, -1], [1, -1, -1, -1, -1, -1, -1, -1, -1, -1, -1], [-1, 1, -1, -1, -1, -1, -1, -1, -1, -1, -1], [-1, -1, 0, -1, -1, 0, -1, -1, -1, 0, -1], [-1, -1, 1, -1, -1, -1, -1, -1, -1, -1, -1], [-1, -1, 2, -1, -1, -1, -1, -1, -1, -1, -1], [-1, -1, -1, 1, -1, -1, -1, -1, -1, -1, -1], [-1, -1, -1, 2, -1, -1, -1, -1, -1, -1, -1], [-1, -1, -1, 4, -1, -1, -1, -1, -1, -1, -1], [-1, -1, -1, 6, -1, -1, -1, -1, -1, -1, -1], [-1, -1, -1, -1, -1, 1, -1, -1, -1, -1, -1], [-1, -1, -1, -1, -1, -1, -1, -1, 1, -1, -1], [-1, -1, -1, -1, -1, -1, -1, -1, 2, -1, -1], [-1, -1, -1, -1, -1, -1, -1, -1, -1, 1, -1], [-1, -1, -1, -1, -1, -1, -1, -1, -1, 2, -1]]
90 15 
 [[0, -1, 0, -1, -1, 0, -1, -1, -1, -1, -1], [1, -1, -1, -1, -1, -1, -1, -1, -1, -1, -1], [-1, 1, -1, -1, -1, -1, -1, -1, -1, -1, -1], [-1, -1, 0, -1, -1, 0, -1, -1, -1, 0, -1], [-1, -1, 1, -1, -1, -1, -1, -1, -1, -1, -1], [-1, -1, 2, -1, -1, -1, -1, -1, -1, -1, -1], [-1, -1, -1, 1, -1, -1, -1, -1, -1, -1, -1], [-1, -1, -1, 2, -1, -1, -1, -1, -1, -1, -1], [-1, -1, -1, 4, -1, -1, -1, -1, -1, -1, -1], [-1, -1, -1, 6, -1, -1, -1, -1, -1, -1, -1], [-1, -1, -1, -1, -1, 1, -1, -1, -1, -1, -1], [-1, -1, -1, -1, -1, -1, -1, -1, 1, -1, -1], [-1, -1, -1, -1, -1, -1, -1, -1, 2, -1, -1], [-1, -1, -1, -1, -1, -1, -1, -1, -1, 1, -1], [-1, -1, -1, -1, -1, -1, -1, -1, -1, 2, -1]]
100 15 
 [[0, -1, 0, -1, -1, 0, -1, -1, -1, -1, -1], [1, -1, -1, -1, -1, -1, -1, -1, -1, -1, -1], [-1, 1, -1, -1, -1, -1, -1, -1, -1, -1, -1], [-1, -1, 0, -1, -1, 0, -1, -1, -1, 0, -1], [-1, -1, 1, -1, -1, -1, -1, -1, -1, -1, -1], [-1, -1, 2, -1, -1, -1, -1, -1, -1, -1, -1], [-1, -1, -1, 1, -1, -1, -1, -1, -1, -1, -1], [-1, -1, -1, 2, -1, -1, -1, -1, -1, -1, -1], [-1, -1, -1, 4, -1, -1, -1, -1, -1, -1, -1], [-1, -1, -1, 6, -1, -1, -1, -1, -1, -1, -1], [-1, -1, -1, -1, -1, 1, -1, -1, -1, -1, -1], [-1, -1, -1, -1, -1, -1, -1, -1, 1, -1, -1], [-1, -1, -1, -1, -1, -1, -1, -1, 2, -1, -1], [-1, -1, -1, -1, -1, -1, -1, -1, -1, 1, -1], [-1, -1, -1, -1, -1, -1, -1, -1, -1, 2, -1]]


number of patterns found, upperbound
10 6 
 [[0, 0, -1, 0, 0, -1, 0, 0, 0, -1, 0], [-1, -1, 0, -1, 0, -1, 0, 0, 0, -1, 0], [-1, -1, -1, 0, 0, 0, 0, 0, 0, -1, 0], [-1, 0, -1, 0, 0, -1, 0, 0, 0, 0, 0], [-1, 0, -1, -1, 0, 0, 0, 0, 0, -1, 0], [0, -1, -1, 0, 0, -1, 0, 0, 0, 0, 0]]
20 6 
 [[0, 0, -1, 0, 0, -1, 0, 0, 0, -1, 0], [-1, -1, 0, -1, 0, -1, 0, 0, 0, -1, 0], [-1, -1, -1, 0, 0, 0, 0, 0, 0, -1, 0], [-1, 0, -1, 0, 0, -1, 0, 0, 0, 0, 0], [-1, 0, -1, -1, 0, 0, 0, 0, 0, -1, 0], [0, -1, -1, 0, 0, -1, 0, 0, 0, 0, 0]]
30 6 
 [[0, 0, -1, 0, 0, -1, 0, 0, 0, -1, 0], [-1, -1, 0, -1, 0, -1, 0, 0, 0, -1, 0], [-1, -1, -1, 0, 0, 0, 0, 0, 0, -1, 0], [-1, 0, -1, 0, 0, -1, 0, 0, 0, 0, 0], [-1, 0, -1, -1, 0, 0, 0, 0, 0, -1, 0], [0, -1, -1, 0, 0, -1, 0, 0, 0, 0, 0]]
40 6 
 [[0, 0, -1, 0, 0, -1, 0, 0, 0, -1, 0], [-1, -1, 0, -1, 0, -1, 0, 0, 0, -1, 0], [-1, -1, -1, 0, 0, 0, 0, 0, 0, -1, 0], [-1, 0, -1, 0, 0, -1, 0, 0, 0, 0, 0], [-1, 0, -1, -1, 0, 0, 0, 0, 0, -1, 0], [0, -1, -1, 0, 0, -1, 0, 0, 0, 0, 0]]
50 6 
 [[0, 0, -1, 0, 0, -1, 0, 0, 0, -1, 0], [-1, -1, 0, -1, 0, -1, 0, 0, 0, -1, 0], [-1, -1, -1, 0, 0, 0, 0, 0, 0, -1, 0], [-1, 0, -1, 0, 0, -1, 0, 0, 0, 0, 0], [-1, 0, -1, -1, 0, 0, 0, 0, 0, -1, 0], [0, -1, -1, 0, 0, -1, 0, 0, 0, 0, 0]]
60 6 
 [[0, 0, -1, 0, 0, -1, 0, 0, 0, -1, 0], [-1, -1, 0, -1, 0, -1, 0, 0, 0, -1, 0], [-1, -1, -1, 0, 0, 0, 0, 0, 0, -1, 0], [-1, 0, -1, 0, 0, -1, 0, 0, 0, 0, 0], [-1, 0, -1, -1, 0, 0, 0, 0, 0, -1, 0], [0, -1, -1, 0, 0, -1, 0, 0, 0, 0, 0]]
70 6 
 [[0, 0, -1, 0, 0, -1, 0, 0, 0, -1, 0], [-1, -1, 0, -1, 0, -1, 0, 0, 0, -1, 0], [-1, -1, -1, 0, 0, 0, 0, 0, 0, -1, 0], [-1, 0, -1, 0, 0, -1, 0, 0, 0, 0, 0], [-1, 0, -1, -1, 0, 0, 0, 0, 0, -1, 0], [0, -1, -1, 0, 0, -1, 0, 0, 0, 0, 0]]
80 6 
 [[0, 0, -1, 0, 0, -1, 0, 0, 0, -1, 0], [-1, -1, 0, -1, 0, -1, 0, 0, 0, -1, 0], [-1, -1, -1, 0, 0, 0, 0, 0, 0, -1, 0], [-1, 0, -1, 0, 0, -1, 0, 0, 0, 0, 0], [-1, 0, -1, -1, 0, 0, 0, 0, 0, -1, 0], [0, -1, -1, 0, 0, -1, 0, 0, 0, 0, 0]]
90 6 
 [[0, 0, -1, 0, 0, -1, 0, 0, 0, -1, 0], [-1, -1, 0, -1, 0, -1, 0, 0, 0, -1, 0], [-1, -1, -1, 0, 0, 0, 0, 0, 0, -1, 0], [-1, 0, -1, 0, 0, -1, 0, 0, 0, 0, 0], [-1, 0, -1, -1, 0, 0, 0, 0, 0, -1, 0], [0, -1, -1, 0, 0, -1, 0, 0, 0, 0, 0]]
100 6 
 [[0, 0, -1, 0, 0, -1, 0, 0, 0, -1, 0], [-1, -1, 0, -1, 0, -1, 0, 0, 0, -1, 0], [-1, -1, -1, 0, 0, 0, 0, 0, 0, -1, 0], [-1, 0, -1, 0, 0, -1, 0, 0, 0, 0, 0], [-1, 0, -1, -1, 0, 0, 0, 0, 0, -1, 0], [0, -1, -1, 0, 0, -1, 0, 0, 0, 0, 0]]
