execution time
0.05 1.3296499252319336
0.1 1.43873929977417
0.15 1.471161127090454
0.2 1.5286579132080078
0.25 1.5431921482086182
0.3 1.5528697967529297


number of calculations
0.05 16890.0
0.1 19513.0
0.15 20608.0
0.2 21290.0
0.25 21939.0
0.3 22071.0


number of patterns found
0.05 30 
 [[-1, -1, -1, -1, -1, -1, 6], [-1, -1, -1, -1, -1, -1, 5], [-1, -1, -1, -1, -1, -1, 4], [-1, -1, -1, -1, -1, 5, -1], [-1, -1, -1, -1, -1, 4, -1], [-1, -1, -1, -1, -1, 3, -1], [-1, -1, -1, -1, 2, -1, -1], [-1, -1, -1, 3, 0, -1, -1], [-1, -1, 3, 2, -1, -1, 0], [-1, -1, 3, 2, 1, -1, 1], [-1, -1, 2, 3, -1, -1, -1], [-1, 1, -1, 3, -1, -1, -1], [-1, 1, 3, 2, -1, -1, -1], [-1, 1, 2, -1, 1, -1, -1], [-1, 1, 1, 2, 1, -1, -1], [2, -1, -1, 2, 0, 0, -1], [2, 1, 1, -1, -1, -1, 0], [1, -1, 3, -1, -1, -1, 0], [1, -1, 2, 1, 1, -1, 0], [1, 2, 3, 1, 0, -1, -1], [1, 1, -1, -1, 1, -1, 1], [1, 1, 2, -1, -1, -1, 0], [1, 1, 1, -1, 1, 1, -1], [0, -1, -1, 1, -1, 1, -1], [0, -1, 3, 1, 0, -1, -1], [0, -1, 2, 1, 1, -1, -1], [0, -1, 1, 1, -1, -1, -1], [0, 2, 2, -1, -1, 1, -1], [0, 2, 2, -1, 1, -1, 0], [0, 1, -1, -1, -1, -1, -1]]
0.1 13 
 [[-1, -1, -1, -1, -1, -1, 6], [-1, -1, -1, -1, -1, -1, 5], [-1, -1, -1, -1, -1, -1, 4], [-1, -1, -1, -1, -1, 5, -1], [-1, -1, -1, -1, -1, 4, -1], [-1, -1, -1, -1, -1, 3, -1], [-1, -1, -1, -1, 2, -1, -1], [1, 2, 3, -1, -1, -1, 0], [1, 1, 2, 1, -1, -1, 0], [0, -1, 2, 3, -1, -1, -1], [0, 1, -1, 1, 0, 1, -1], [0, 1, 3, 2, -1, -1, -1], [0, 1, 2, 1, 1, -1, -1]]
0.15 6 
 [[-1, -1, -1, -1, -1, -1, 6], [-1, -1, -1, -1, -1, -1, 5], [-1, -1, -1, -1, -1, -1, 4], [-1, -1, -1, -1, -1, 5, -1], [-1, -1, -1, -1, -1, 4, -1], [-1, -1, -1, -1, -1, 3, -1]]
0.2 12 
 [[-1, -1, -1, -1, -1, -1, 6], [-1, -1, -1, -1, -1, -1, 5], [-1, -1, -1, -1, -1, -1, 4], [-1, -1, -1, -1, -1, 5, -1], [-1, -1, -1, -1, -1, 4, -1], [-1, -1, -1, 1, 1, 3, -1], [-1, -1, 3, -1, -1, 3, -1], [-1, -1, 2, -1, 1, 3, -1], [-1, 1, -1, -1, 1, 3, -1], [-1, 1, 2, -1, -1, 3, -1], [0, -1, -1, 1, -1, 3, -1], [0, 1, -1, -1, -1, 3, -1]]
0.25 10 
 [[-1, -1, -1, -1, -1, -1, 6], [-1, -1, -1, -1, -1, -1, 5], [-1, -1, -1, -1, -1, -1, 4], [-1, -1, -1, -1, -1, 5, -1], [-1, -1, -1, -1, -1, 4, -1], [-1, 1, -1, 1, 1, 3, -1], [-1, 1, 2, -1, 1, 3, -1], [1, -1, 2, -1, 1, 3, -1], [0, 2, 2, 1, 1, 3, -1], [0, 1, 2, 1, 0, 3, -1]]
0.3 12 
 [[-1, -1, -1, -1, -1, -1, 6], [-1, -1, -1, -1, -1, -1, 5], [-1, -1, -1, -1, -1, 5, -1], [-1, -1, -1, -1, -1, 4, -1], [-1, -1, -1, -1, 1, -1, 4], [-1, -1, 3, 1, -1, -1, 4], [-1, -1, 2, 2, -1, -1, 4], [-1, 1, 3, -1, 0, -1, 4], [-1, 1, 2, -1, -1, -1, 4], [-1, 1, 1, 1, -1, -1, 4], [-1, 1, 1, 1, 1, 3, -1], [0, -1, -1, -1, -1, -1, 4]]
