execution time
6000 0.07376408576965332 0.3478829860687256
8000 0.11472010612487793 0.5571980476379395
10000 0.19393467903137207 0.8317642211914062
12000 0.30222272872924805 1.0216400623321533
14000 0.397982120513916 1.226146936416626
16000 0.49842190742492676 1.3926000595092773
18000 0.5804150104522705 1.4167299270629883
20000 0.6324279308319092 1.4861478805541992


number of calculations
6000 1079.0 10799.0
8000 1414.0 10799.0
10000 1960.0 10799.0
12000 2492.0 10799.0
14000 2902.0 10799.0
16000 3258.0 10799.0
18000 3458.0 10799.0
20000 3677.0 10799.0


number of patterns found
6000 0 
 []
8000 0 
 []
10000 4 
 [[-1, -1, 3, 5, -1, -1], [-1, 0, -1, -1, 3, -1], [-1, 0, -1, 5, -1, -1], [0, -1, 2, -1, 1, -1]]
12000 8 
 [[-1, -1, -1, 5, 1, -1], [-1, -1, -1, 1, 3, -1], [-1, -1, 1, -1, 3, 1], [-1, -1, 1, 4, -1, 1], [-1, 0, -1, 1, -1, -1], [0, -1, 1, -1, 3, -1], [0, -1, 1, 4, -1, -1], [0, 3, -1, -1, 3, -1]]
14000 3 
 [[-1, -1, -1, 3, 2, 1], [-1, 0, -1, 5, -1, 1], [1, 0, -1, 5, -1, -1]]
16000 5 
 [[-1, 3, 2, 0, -1, -1], [1, -1, -1, 1, 2, -1], [1, 3, -1, 4, -1, 1], [0, -1, 2, -1, 3, 0], [0, 1, -1, 5, -1, 1]]
18000 4 
 [[-1, 1, -1, 1, 1, -1], [1, 3, -1, 4, -1, 1], [1, 0, -1, -1, 1, 1], [0, 2, -1, 6, -1, 1]]
20000 4 
 [[1, 2, -1, 4, -1, 1], [0, 2, 3, -1, 1, -1], [0, 1, 1, 4, -1, -1], [0, 0, -1, -1, 4, 0]]
