overall accuracy: 0.6359941944847605
execution time
0.05 0.22650599479675293
0.1 0.2495439052581787
0.15 0.26984286308288574
0.2 0.24197101593017578
0.25 0.23143887519836426
0.3 0.218764066696167


number of calculations
0.05 4878.0
0.1 5532.0
0.15 5693.0
0.2 5431.0
0.25 5242.0
0.3 4960.0


number of patterns found
0.05 42 
 [[-2, -2, -2, -2, -2, -2, 5], [-2, -2, -2, -2, -2, -2, 4], [-2, -2, -2, -2, -2, -2, 3], [-2, -2, -2, -2, -2, 1, 9], [-2, -2, -2, -2, -2, 1, 6], [-2, -2, -2, -2, 0, -2, 9], [-2, -2, -2, -2, 0, -2, 6], [-2, -2, -2, -2, 0, 1, 7], [-2, -2, -2, 4, -2, -2, -2], [-2, -2, -2, 0, -2, 1, 7], [-2, -2, 3, -2, -2, 0, -2], [-2, -2, 3, 0, -2, -2, -2], [-2, -2, 1, -2, -2, -2, 7], [-2, -2, 1, -2, -2, -2, 6], [-2, -2, 1, -2, -2, -2, 2], [-2, -2, 1, -2, 1, -2, -2], [-2, -2, 0, 0, 0, 1, -2], [-2, 2, -2, -2, -2, -2, 6], [-2, 2, -2, -2, -2, 0, 2], [-2, 2, -2, -2, 2, -2, -2], [-2, 2, -2, -2, 1, -2, -2], [-2, 2, 0, -2, -2, 1, -2], [-2, 2, 0, 0, -2, -2, -2], [-2, 1, -2, -2, -2, 1, 7], [-2, 1, -2, 0, 0, 1, -2], [-2, 1, 1, -2, -2, -2, -2], [-2, 1, 0, -2, 0, -2, 7], [-2, 1, 0, 1, -2, 0, -2], [1, -2, 1, -2, -2, 0, -2], [1, 1, -2, -2, 0, 0, -2], [0, -2, -2, -2, -2, -2, 6], [0, -2, -2, -2, -2, 1, 7], [0, -2, -2, 0, 0, 1, -2], [0, -2, 1, -2, -2, 1, -2], [0, -2, 0, -2, 0, -2, 7], [0, -2, 0, -2, 0, 1, -2], [0, -2, 0, 0, -2, 0, 2], [0, 2, -2, -2, -2, -2, 2], [0, 2, 0, -2, -2, -2, -2], [0, 1, -2, -2, -2, 1, -2], [0, 1, 3, -2, -2, -2, -2], [0, 1, 0, 1, -2, -2, -2]]
0.1 27 
 [[-2, -2, -2, -2, -2, -2, 5], [-2, -2, -2, -2, -2, 1, 9], [-2, -2, -2, -2, 0, 1, 7], [-2, -2, -2, 4, -2, -2, -2], [-2, -2, 1, -2, 0, 0, 6], [-2, -2, 0, 0, -2, -2, 3], [-2, 2, -2, -2, -2, -2, 6], [-2, 2, -2, -2, 1, -2, -2], [-2, 2, 0, -2, 0, 1, -2], [-2, 1, -2, -2, -2, -2, 4], [-2, 1, -2, -2, 0, 1, 6], [-2, 1, 3, 0, -2, 0, -2], [-2, 1, 1, -2, -2, -2, 6], [-2, 1, 1, -2, -2, 1, -2], [-2, 1, 0, -2, 0, -2, 3], [1, 1, 1, -2, -2, 0, -2], [1, 1, 1, -2, 0, -2, -2], [0, -2, -2, -2, -2, -2, 4], [0, -2, -2, -2, -2, 1, 6], [0, -2, -2, -2, -2, 1, 3], [0, -2, -2, -2, 0, -2, 6], [0, -2, 1, -2, 1, -2, -2], [0, -2, 0, -2, -2, -2, 3], [0, 2, 0, -2, -2, 1, -2], [0, 2, 0, 0, 0, -2, -2], [0, 1, 3, -2, -2, 0, -2], [0, 1, 3, 0, -2, -2, -2]]
0.15 11 
 [[-2, -2, -2, -2, -2, -2, 5], [-2, 2, -2, -2, -2, 0, 6], [1, 1, 1, -2, 0, 0, -2], [0, -2, -2, -2, -2, 1, 6], [0, -2, 0, 0, 0, -2, 3], [0, 2, 0, -2, 0, 1, -2], [0, 1, -2, -2, -2, 0, 4], [0, 1, -2, -2, 0, 1, 4], [0, 1, -2, 0, -2, 1, 4], [0, 1, 1, -2, -2, -2, 4], [0, 1, 0, -2, 0, 0, 3]]
0.2 2 
 [[-2, -2, -2, -2, -2, 1, 5], [-2, -2, 1, -2, -2, -2, 5]]
0.25 1 
 [[-2, -2, -2, -2, -2, 1, 5]]
0.3 1 
 [[0, -2, -2, -2, -2, 1, 5]]
