execution time
0.05 14.518982362747192
0.1 14.766337728500366
0.15 13.63037724494934
0.2 13.042875289916992
0.25 11.468986511230469
0.3 11.551144552230834
0.35 10.394278812408448
0.4 10.526191806793213
0.45 9.622352790832519
0.5 9.044532585144044


number of calculations
0.05 316400.0
0.1 322180.8
0.15 288137.2
0.2 288764.0
0.25 255883.0
0.3 256404.2
0.35 231513.4
0.4 231248.6
0.45 211095.4
0.5 211046.6


number of patterns found
0.05 54 
 [[-1, -1, -1, -1, 1, 1, 5, -1, -1, -1, -1], [-1, -1, -1, 6, 0, 0, -1, -1, -1, -1, -1], [-1, -1, -1, 1, -1, -1, 6, -1, -1, -1, -1], [-1, -1, -1, 1, -1, 1, 5, -1, -1, -1, -1], [-1, -1, -1, 1, -1, 0, 8, -1, -1, -1, -1], [-1, -1, 3, -1, -1, -1, 4, -1, -1, -1, -1], [-1, -1, 3, 0, 1, -1, -1, -1, -1, 0, -1], [-1, -1, 1, -1, 1, -1, 5, -1, -1, -1, -1], [-1, -1, 1, 4, -1, 0, 2, -1, -1, -1, -1], [-1, -1, 0, 2, -1, -1, 1, -1, -1, -1, -1], [-1, -1, 0, 1, -1, -1, 8, -1, -1, -1, -1], [-1, 3, 0, 0, 0, 1, -1, -1, -1, -1, -1], [-1, 2, -1, -1, 2, 0, 7, -1, -1, -1, -1], [-1, 2, -1, 0, 1, 0, 7, -1, -1, -1, -1], [-1, 2, 0, -1, 0, -1, 9, -1, -1, -1, -1], [-1, 2, 0, 2, -1, 1, -1, -1, -1, -1, -1], [-1, 2, 0, 0, -1, 1, 2, 0, -1, -1, -1], [-1, 2, 0, 0, 2, -1, 7, -1, -1, -1, -1], [-1, 1, -1, -1, -1, -1, -1, 9, -1, -1, -1], [-1, 1, -1, 1, 1, 0, -1, -1, -1, -1, -1], [-1, 1, 3, -1, -1, 0, 5, -1, -1, -1, -1], [-1, 1, 1, -1, 1, -1, 4, -1, -1, -1, -1], [-1, 1, 1, 4, -1, 1, -1, -1, -1, -1, -1], [1, -1, -1, 0, 0, 1, 8, 0, -1, -1, -1], [1, -1, 1, -1, -1, -1, 9, -1, -1, -1, -1], [1, -1, 1, -1, -1, 1, 7, -1, -1, -1, -1], [1, -1, 1, 2, -1, 0, -1, -1, -1, -1, -1], [1, 2, -1, 2, -1, 0, -1, 0, -1, -1, -1], [1, 2, -1, 2, 0, 0, -1, -1, -1, -1, -1], [1, 1, -1, 0, -1, 1, 8, 0, -1, -1, -1], [1, 1, -1, 0, 0, 1, 8, -1, -1, -1, -1], [1, 1, 1, -1, -1, -1, 8, -1, -1, -1, -1], [1, 1, 1, -1, -1, 0, 2, -1, -1, -1, -1], [1, 1, 1, 1, -1, 0, -1, -1, -1, -1, -1], [0, -1, -1, 6, -1, 0, -1, -1, -1, -1, -1], [0, -1, -1, 0, -1, -1, -1, 9, -1, -1, -1], [0, -1, 3, -1, -1, -1, 5, -1, -1, -1, -1], [0, -1, 1, 4, -1, -1, 2, -1, -1, -1, -1], [0, -1, 1, 0, 1, -1, 4, -1, -1, -1, -1], [0, -1, 1, 0, 1, 0, 7, -1, -1, -1, -1], [0, -1, 0, 5, -1, -1, 1, 0, -1, -1, -1], [0, -1, 0, 5, 0, -1, 1, -1, -1, -1, -1], [0, -1, 0, 5, 0, 1, -1, 0, -1, -1, -1], [0, -1, 0, 1, 0, 0, 4, -1, -1, -1, -1], [0, 3, 0, 5, -1, -1, -1, -1, -1, -1, -1], [0, 2, -1, 0, 1, -1, 7, -1, -1, -1, -1], [0, 2, -1, 0, 0, 0, 9, -1, -1, -1, -1], [0, 2, 0, -1, -1, 1, 2, 0, -1, -1, -1], [0, 2, 0, -1, 0, 0, 6, -1, -1, -1, -1], [0, 2, 0, 0, -1, 1, 2, -1, -1, -1, -1], [0, 2, 0, 0, 0, -1, 6, 0, -1, -1, -1], [0, 1, -1, 1, -1, -1, 8, -1, -1, -1, -1], [0, 1, -1, 1, -1, 0, 4, -1, -1, -1, -1], [0, 1, 1, 5, -1, -1, 2, -1, -1, -1, -1]]
0.1 30 
 [[-1, -1, -1, 1, 1, -1, 6, -1, -1, -1, -1], [-1, -1, 3, 0, -1, -1, 4, -1, -1, -1, -1], [-1, -1, 1, 4, -1, 0, 2, -1, -1, -1, -1], [-1, -1, 1, 1, -1, -1, 6, -1, -1, -1, -1], [-1, -1, 0, 1, -1, -1, 8, -1, -1, -1, -1], [-1, 2, -1, -1, 2, 0, 7, -1, -1, -1, -1], [-1, 2, 0, 2, -1, -1, 1, -1, -1, -1, -1], [-1, 2, 0, 2, 0, 1, -1, -1, -1, -1, -1], [-1, 2, 0, 0, 0, -1, 9, -1, -1, -1, -1], [-1, 1, -1, 1, -1, -1, 6, -1, -1, -1, -1], [-1, 1, 3, -1, -1, -1, 4, -1, -1, -1, -1], [-1, 1, 1, -1, 1, -1, 5, -1, -1, -1, -1], [1, -1, 1, -1, -1, -1, 9, -1, -1, -1, -1], [1, -1, 1, -1, -1, 1, 7, 0, -1, -1, -1], [1, -1, 1, 2, -1, 0, -1, -1, -1, -1, -1], [1, 2, -1, 2, 0, 0, -1, 0, -1, -1, -1], [1, 1, -1, 0, 0, 1, 8, 0, -1, -1, -1], [1, 1, 1, -1, -1, 1, 7, -1, -1, -1, -1], [1, 1, 1, 0, -1, -1, 8, -1, -1, -1, -1], [1, 1, 1, 0, -1, 0, 2, -1, -1, -1, -1], [0, -1, -1, -1, 1, 1, 5, -1, -1, -1, -1], [0, -1, -1, 6, 0, 0, -1, -1, -1, -1, -1], [0, -1, -1, 1, -1, 1, 5, -1, -1, -1, -1], [0, -1, -1, 1, -1, 0, 8, 0, -1, -1, -1], [0, -1, 1, -1, 1, -1, 5, -1, -1, -1, -1], [0, -1, 0, 5, 0, -1, 1, 0, -1, -1, -1], [0, 2, -1, 0, 1, 0, 7, -1, -1, -1, -1], [0, 2, 0, -1, 0, -1, 9, -1, -1, -1, -1], [0, 2, 0, -1, 0, 0, 6, -1, -1, -1, -1], [0, 1, 1, -1, 1, -1, 4, -1, -1, -1, -1]]
0.15 12 
 [[-1, -1, 3, 0, -1, 1, 4, -1, -1, -1, -1], [-1, -1, 1, 1, -1, -1, 6, -1, -1, -1, -1], [-1, -1, 0, 1, -1, -1, 8, 0, -1, -1, -1], [-1, 1, -1, 1, -1, -1, 6, -1, -1, -1, -1], [-1, 1, 3, -1, -1, 1, 4, -1, -1, -1, -1], [-1, 1, 1, -1, 1, -1, 5, -1, -1, -1, -1], [1, -1, 1, -1, 0, -1, 9, -1, -1, -1, -1], [1, 1, 1, -1, -1, -1, 9, -1, -1, -1, -1], [1, 1, 1, 0, -1, -1, 8, -1, -1, -1, -1], [0, -1, 0, 1, -1, -1, 8, -1, -1, -1, -1], [0, 2, 0, -1, 2, 0, 7, -1, -1, -1, -1], [0, 2, 0, 0, 0, 0, 6, -1, -1, -1, -1]]
0.2 6 
 [[-1, -1, 3, 0, -1, 1, 4, -1, -1, -1, -1], [-1, 1, -1, 1, -1, -1, 6, -1, -1, -1, -1], [-1, 1, 1, -1, 1, -1, 5, -1, -1, -1, -1], [1, -1, 1, -1, 0, -1, 9, -1, -1, -1, -1], [1, 1, 1, -1, -1, 0, 9, -1, -1, -1, -1], [0, -1, 0, 1, -1, -1, 8, 0, -1, -1, -1]]
0.25 1 
 [[1, -1, 1, -1, 0, -1, 9, -1, -1, -1, -1]]
0.3 1 
 [[1, -1, 1, -1, 0, 0, 9, -1, -1, -1, -1]]
0.35 0 
 []
0.4 0 
 []
0.45 0 
 []
0.5 0 
 []
