overall accuracy: 0.7788666666666667
execution time
3 0.0824131965637207 0.1713709831237793
4 0.10513496398925781 0.23384404182434082
5 0.14645886421203613 0.35702085494995117
6 0.34084415435791016 2.953296184539795
7 1.0565879344940186 50.907374143600464
8 3.5176451206207275
9 10.292115926742554
10 22.672086238861084
11 45.40121078491211
12 73.63583111763
13 112.9858820438385
14 220.13063097000122
15 475.00574016571045


number of patterns checked
3 98.0 143.0
4 274.0 719.0
5 673.0 2879.0
6 4633.0 34559.0
7 17943.0 414719.0
8 49403.0 4976639.0
9 98.0
10 274.0
11 673.0


number of patterns found
3 12 
 [[-1, -1, -1, 1, -1, 3], [-1, -1, 3, -1, -1, 3], [-1, -1, 3, 1, 0, 4], [-1, -1, 2, -1, -1, 3], [-1, 2, 3, -1, 0, 4], [-1, 1, -1, -1, 1, 3], [-1, 1, 3, -1, 1, 4], [1, -1, -1, -1, 1, 4], [1, -1, -1, -1, 1, 3], [1, -1, -1, 2, -1, 4], [1, 2, -1, -1, -1, 4], [0, 1, -1, -1, -1, 3]]
4 38 
 [[-1, -1, -1, -1, -1, -1, 6], [-1, -1, -1, -1, -1, -1, 5], [-1, -1, -1, -1, -1, 3, 4], [-1, -1, -1, -1, 1, 3, 1], [-1, -1, -1, 1, -1, 3, -1], [-1, -1, 3, -1, -1, 3, -1], [-1, -1, 3, -1, 0, -1, 4], [-1, -1, 3, 1, 0, 4, -1], [-1, -1, 2, -1, -1, 3, -1], [-1, -1, 2, -1, -1, 1, 4], [-1, -1, 2, 2, 0, -1, 4], [-1, -1, 1, -1, 0, 4, 2], [-1, 2, -1, -1, -1, 1, 4], [-1, 2, -1, 1, 0, -1, 4], [-1, 2, 3, -1, -1, 4, 2], [-1, 2, 3, -1, 0, 4, -1], [-1, 2, 3, 1, -1, -1, 4], [-1, 2, 2, -1, -1, -1, 4], [-1, 2, 1, -1, -1, 4, 2], [-1, 1, -1, -1, 1, 4, 2], [-1, 1, -1, -1, 1, 3, -1], [-1, 1, -1, 2, 1, -1, 4], [-1, 1, 3, -1, 1, 4, -1], [-1, 1, 3, 2, -1, -1, 4], [1, -1, -1, -1, -1, 4, 2], [1, -1, -1, -1, 1, -1, 4], [1, -1, -1, -1, 1, 4, -1], [1, -1, -1, -1, 1, 3, -1], [1, -1, -1, 2, -1, 4, -1], [1, 2, -1, -1, -1, 4, -1], [1, 1, -1, -1, -1, 3, 0], [0, -1, -1, -1, -1, 1, 4], [0, -1, -1, 1, 0, -1, 4], [0, -1, 2, -1, 0, -1, 4], [0, -1, 1, -1, 1, -1, 4], [0, 2, -1, -1, 0, -1, 4], [0, 1, -1, -1, -1, 3, -1], [0, 1, 3, -1, -1, -1, 4]]
5 79 
 [[-1, -1, -1, -1, -1, -1, -1, 5], [-1, -1, -1, -1, -1, -1, 6, -1], [-1, -1, -1, -1, -1, -1, 5, -1], [-1, -1, -1, -1, -1, 4, 4, 2], [-1, -1, -1, -1, -1, 3, -1, 4], [-1, -1, -1, -1, -1, 3, 4, -1], [-1, -1, -1, -1, -1, 1, 4, 4], [-1, -1, -1, -1, 1, -1, 1, 4], [-1, -1, -1, -1, 1, 3, -1, 2], [-1, -1, -1, -1, 1, 3, 1, -1], [-1, -1, -1, -1, 1, 1, -1, 4], [-1, -1, -1, 2, -1, -1, 4, 1], [-1, -1, -1, 1, -1, 3, -1, -1], [-1, -1, -1, 1, 0, -1, 4, 2], [-1, -1, -1, 1, 0, -1, 2, 4], [-1, -1, -1, 1, 0, 2, -1, 4], [-1, -1, 3, -1, -1, -1, -1, 4], [-1, -1, 3, -1, -1, -1, 4, 2], [-1, -1, 3, -1, -1, 3, -1, -1], [-1, -1, 3, -1, 0, -1, 4, -1], [-1, -1, 3, 1, 0, 4, -1, -1], [-1, -1, 2, -1, -1, -1, 4, 1], [-1, -1, 2, -1, -1, 3, -1, -1], [-1, -1, 2, -1, -1, 1, 4, -1], [-1, -1, 2, 2, -1, -1, 4, 2], [-1, -1, 2, 2, -1, 4, -1, 4], [-1, -1, 2, 2, 0, -1, 4, -1], [-1, -1, 1, -1, -1, -1, 4, 2], [-1, -1, 1, -1, -1, -1, 2, 4], [-1, -1, 1, -1, -1, 4, -1, 2], [-1, -1, 1, -1, 0, 4, 2, -1], [-1, -1, 1, -1, 0, 2, -1, 4], [-1, -1, 1, 2, -1, 1, -1, 4], [-1, 2, -1, -1, -1, -1, 4, 1], [-1, 2, -1, -1, -1, 1, 4, -1], [-1, 2, -1, 1, 0, -1, -1, 4], [-1, 2, -1, 1, 0, -1, 4, -1], [-1, 2, 3, -1, -1, 4, -1, 2], [-1, 2, 3, -1, -1, 4, 2, -1], [-1, 2, 3, -1, 0, 4, -1, -1], [-1, 2, 3, 1, -1, -1, 4, -1], [-1, 2, 2, -1, -1, -1, 4, -1], [-1, 2, 2, -1, 0, 4, -1, 4], [-1, 2, 1, -1, -1, 4, 2, -1], [-1, 2, 1, -1, -1, 2, -1, 4], [-1, 1, -1, -1, -1, -1, 4, 2], [-1, 1, -1, -1, -1, 4, -1, 2], [-1, 1, -1, -1, -1, 3, -1, 0], [-1, 1, -1, -1, -1, 1, -1, 4], [-1, 1, -1, -1, 1, 4, 2, -1], [-1, 1, -1, -1, 1, 3, -1, -1], [-1, 1, -1, 2, 1, -1, 4, -1], [-1, 1, 3, -1, 1, 4, -1, -1], [-1, 1, 3, 2, -1, -1, 4, -1], [1, -1, -1, -1, -1, -1, 4, 2], [1, -1, -1, -1, -1, 4, -1, 2], [1, -1, -1, -1, -1, 4, 2, -1], [1, -1, -1, -1, 1, -1, 4, -1], [1, -1, -1, -1, 1, 4, -1, -1], [1, -1, -1, -1, 1, 3, -1, -1], [1, -1, -1, 2, -1, 4, -1, -1], [1, 2, -1, -1, -1, 4, -1, -1], [1, 2, -1, -1, 1, -1, -1, 4], [1, 1, -1, -1, -1, 3, 0, -1], [0, -1, -1, -1, -1, -1, 4, 1], [0, -1, -1, -1, -1, 1, -1, 4], [0, -1, -1, -1, -1, 1, 4, -1], [0, -1, -1, -1, 0, 3, 0, 0], [0, -1, -1, 1, 0, -1, -1, 4], [0, -1, -1, 1, 0, -1, 4, -1], [0, -1, 2, -1, 0, -1, 4, -1], [0, -1, 1, -1, -1, 2, -1, 4], [0, -1, 1, -1, 1, -1, 4, -1], [0, -1, 1, 1, -1, -1, -1, 4], [0, 2, -1, -1, 0, -1, -1, 4], [0, 2, -1, -1, 0, -1, 4, -1], [0, 2, -1, -1, 0, 3, -1, 0], [0, 1, -1, -1, -1, 3, -1, -1], [0, 1, 3, -1, -1, -1, 4, -1]]
6 139 
 [[-1, -1, -1, -1, -1, -1, -1, 5, -1], [-1, -1, -1, -1, -1, -1, -1, 1, 4], [-1, -1, -1, -1, -1, -1, 6, -1, -1], [-1, -1, -1, -1, -1, -1, 5, -1, -1], [-1, -1, -1, -1, -1, -1, 4, -1, 0], [-1, -1, -1, -1, -1, -1, 2, 4, 4], [-1, -1, -1, -1, -1, -1, 1, -1, 4], [-1, -1, -1, -1, -1, 5, -1, -1, 2], [-1, -1, -1, -1, -1, 4, 4, 2, -1], [-1, -1, -1, -1, -1, 3, -1, -1, 4], [-1, -1, -1, -1, -1, 3, -1, 4, -1], [-1, -1, -1, -1, -1, 3, 4, -1, -1], [-1, -1, -1, -1, -1, 3, 0, -1, 0], [-1, -1, -1, -1, -1, 2, -1, 4, 4], [-1, -1, -1, -1, -1, 1, -1, -1, 4], [-1, -1, -1, -1, -1, 1, -1, 4, 2], [-1, -1, -1, -1, -1, 1, 4, 4, -1], [-1, -1, -1, -1, 1, -1, 1, 4, -1], [-1, -1, -1, -1, 1, 4, 2, 2, 2], [-1, -1, -1, -1, 1, 3, -1, -1, 0], [-1, -1, -1, -1, 1, 3, -1, 2, -1], [-1, -1, -1, -1, 1, 3, 1, -1, -1], [-1, -1, -1, -1, 1, 1, -1, 4, -1], [-1, -1, -1, -1, 0, -1, 4, -1, 2], [-1, -1, -1, -1, 0, 4, -1, -1, 2], [-1, -1, -1, 2, -1, -1, 4, -1, 2], [-1, -1, -1, 2, -1, -1, 4, 1, -1], [-1, -1, -1, 2, -1, 4, -1, -1, 2], [-1, -1, -1, 1, -1, -1, -1, -1, 5], [-1, -1, -1, 1, -1, -1, -1, 4, 1], [-1, -1, -1, 1, -1, 3, -1, -1, -1], [-1, -1, -1, 1, 0, -1, 4, 2, -1], [-1, -1, -1, 1, 0, -1, 2, 4, -1], [-1, -1, -1, 1, 0, 2, -1, 4, -1], [-1, -1, 3, -1, -1, -1, -1, -1, 4], [-1, -1, 3, -1, -1, -1, -1, 4, -1], [-1, -1, 3, -1, -1, -1, 4, 2, -1], [-1, -1, 3, -1, -1, 3, -1, -1, -1], [-1, -1, 3, -1, 0, -1, 4, -1, -1], [-1, -1, 3, 1, -1, -1, 4, -1, 2], [-1, -1, 3, 1, 0, 4, -1, -1, -1], [-1, -1, 2, -1, -1, -1, 4, -1, 2], [-1, -1, 2, -1, -1, -1, 4, -1, 1], [-1, -1, 2, -1, -1, -1, 4, 1, -1], [-1, -1, 2, -1, -1, 4, -1, -1, 2], [-1, -1, 2, -1, -1, 3, -1, -1, -1], [-1, -1, 2, -1, -1, 1, 4, -1, -1], [-1, -1, 2, 2, -1, -1, 4, 2, -1], [-1, -1, 2, 2, -1, 4, -1, 4, -1], [-1, -1, 2, 2, 0, -1, 4, -1, -1], [-1, -1, 1, -1, -1, -1, 4, 2, -1], [-1, -1, 1, -1, -1, -1, 2, 4, -1], [-1, -1, 1, -1, -1, 4, -1, 2, -1], [-1, -1, 1, -1, -1, 4, 2, -1, 2], [-1, -1, 1, -1, 0, 4, 2, -1, -1], [-1, -1, 1, -1, 0, 2, -1, 4, -1], [-1, -1, 1, 2, -1, 1, -1, 4, -1], [-1, 2, -1, -1, -1, -1, -1, 4, 4], [-1, 2, -1, -1, -1, -1, 4, -1, 1], [-1, 2, -1, -1, -1, -1, 4, 1, -1], [-1, 2, -1, -1, -1, 1, 4, -1, -1], [-1, 2, -1, 1, 0, -1, -1, -1, 4], [-1, 2, -1, 1, 0, -1, -1, 4, -1], [-1, 2, -1, 1, 0, -1, 4, -1, -1], [-1, 2, 3, -1, -1, 4, -1, 2, -1], [-1, 2, 3, -1, -1, 4, 2, -1, -1], [-1, 2, 3, -1, 0, 4, -1, -1, -1], [-1, 2, 3, 1, -1, -1, 4, -1, -1], [-1, 2, 2, -1, -1, -1, 4, -1, -1], [-1, 2, 2, -1, 0, 4, -1, 4, -1], [-1, 2, 2, 2, 0, -1, -1, -1, 4], [-1, 2, 1, -1, -1, -1, 2, -1, 4], [-1, 2, 1, -1, -1, 4, 2, -1, -1], [-1, 2, 1, -1, -1, 2, -1, -1, 4], [-1, 2, 1, -1, -1, 2, -1, 4, -1], [-1, 2, 1, 1, -1, -1, -1, -1, 4], [-1, 1, -1, -1, -1, -1, 4, -1, 2], [-1, 1, -1, -1, -1, -1, 4, 2, -1], [-1, 1, -1, -1, -1, 4, -1, -1, 2], [-1, 1, -1, -1, -1, 4, -1, 2, -1], [-1, 1, -1, -1, -1, 3, -1, -1, 0], [-1, 1, -1, -1, -1, 3, -1, 0, -1], [-1, 1, -1, -1, -1, 1, -1, 4, -1], [-1, 1, -1, -1, 1, 4, 2, -1, -1], [-1, 1, -1, -1, 1, 3, -1, -1, -1], [-1, 1, -1, -1, 1, 2, -1, -1, 4], [-1, 1, -1, -1, 0, 3, -1, -1, 2], [-1, 1, -1, 2, -1, 3, -1, -1, 2], [-1, 1, -1, 2, 1, -1, 4, -1, -1], [-1, 1, -1, 2, 0, -1, -1, 4, 2], [-1, 1, 3, -1, 1, 4, -1, -1, -1], [-1, 1, 3, 2, -1, -1, 4, -1, -1], [-1, 1, 2, 2, -1, -1, -1, 4, 2], [1, -1, -1, -1, -1, -1, 4, 2, -1], [1, -1, -1, -1, -1, 4, -1, -1, 2], [1, -1, -1, -1, -1, 4, -1, 2, -1], [1, -1, -1, -1, -1, 4, 2, -1, -1], [1, -1, -1, -1, 1, -1, -1, -1, 4], [1, -1, -1, -1, 1, -1, 4, -1, -1], [1, -1, -1, -1, 1, 4, -1, -1, -1], [1, -1, -1, -1, 1, 3, -1, -1, -1], [1, -1, -1, 2, -1, 4, -1, -1, -1], [1, 2, -1, -1, -1, 4, -1, -1, -1], [1, 2, -1, -1, 1, -1, -1, 4, -1], [1, 2, -1, 2, -1, -1, -1, -1, 4], [1, 1, -1, -1, -1, 3, 0, -1, -1], [0, -1, -1, -1, -1, -1, -1, 4, 1], [0, -1, -1, -1, -1, -1, 4, -1, 1], [0, -1, -1, -1, -1, -1, 4, 4, 2], [0, -1, -1, -1, -1, -1, 4, 1, -1], [0, -1, -1, -1, -1, 4, -1, 4, 2], [0, -1, -1, -1, -1, 1, -1, 4, -1], [0, -1, -1, -1, -1, 1, 4, -1, -1], [0, -1, -1, -1, 1, 2, -1, -1, 4], [0, -1, -1, -1, 0, -1, -1, 4, 4], [0, -1, -1, -1, 0, 3, -1, -1, 0], [0, -1, -1, -1, 0, 3, 0, 0, -1], [0, -1, -1, 1, -1, -1, 2, -1, 4], [0, -1, -1, 1, -1, 2, -1, -1, 4], [0, -1, -1, 1, 0, -1, -1, -1, 4], [0, -1, -1, 1, 0, -1, -1, 4, -1], [0, -1, -1, 1, 0, -1, 4, -1, -1], [0, -1, 3, -1, -1, -1, 4, -1, 2], [0, -1, 2, -1, 0, -1, 4, -1, -1], [0, -1, 1, -1, -1, 2, -1, 4, -1], [0, -1, 1, -1, 1, -1, 4, -1, -1], [0, -1, 1, 1, -1, -1, -1, -1, 4], [0, -1, 1, 1, -1, -1, -1, 4, -1], [0, 2, -1, -1, -1, 3, -1, -1, 0], [0, 2, -1, -1, -1, 2, 2, -1, 4], [0, 2, -1, -1, 0, -1, -1, -1, 4], [0, 2, -1, -1, 0, -1, -1, 4, -1], [0, 2, -1, -1, 0, -1, 4, -1, -1], [0, 2, -1, -1, 0, 3, -1, 0, -1], [0, 1, -1, -1, -1, 3, -1, -1, -1], [0, 1, -1, -1, 1, -1, 2, -1, 4], [0, 1, -1, 2, -1, -1, -1, 4, 4], [0, 1, 3, -1, -1, -1, 4, -1, -1], [0, 1, 2, -1, -1, 2, -1, -1, 4]]
7 236 
 [[-1, -1, -1, -1, -1, -1, -1, -1, -1, 5], [-1, -1, -1, -1, -1, -1, -1, -1, 5, 4], [-1, -1, -1, -1, -1, -1, -1, -1, 4, 1], [-1, -1, -1, -1, -1, -1, -1, -1, 1, 4], [-1, -1, -1, -1, -1, -1, -1, 5, -1, -1], [-1, -1, -1, -1, -1, -1, -1, 4, -1, 1], [-1, -1, -1, -1, -1, -1, -1, 4, 4, 2], [-1, -1, -1, -1, -1, -1, -1, 1, -1, 4], [-1, -1, -1, -1, -1, -1, -1, 1, 4, -1], [-1, -1, -1, -1, -1, -1, 6, -1, -1, -1], [-1, -1, -1, -1, -1, -1, 5, -1, -1, -1], [-1, -1, -1, -1, -1, -1, 4, -1, -1, 0], [-1, -1, -1, -1, -1, -1, 4, -1, 4, 2], [-1, -1, -1, -1, -1, -1, 4, -1, 2, 4], [-1, -1, -1, -1, -1, -1, 4, -1, 0, -1], [-1, -1, -1, -1, -1, -1, 4, 4, -1, 2], [-1, -1, -1, -1, -1, -1, 4, 2, -1, 4], [-1, -1, -1, -1, -1, -1, 2, -1, 4, 4], [-1, -1, -1, -1, -1, -1, 2, 4, -1, 4], [-1, -1, -1, -1, -1, -1, 2, 4, 4, -1], [-1, -1, -1, -1, -1, -1, 1, -1, -1, 4], [-1, -1, -1, -1, -1, -1, 1, -1, 4, -1], [-1, -1, -1, -1, -1, 5, -1, -1, 2, -1], [-1, -1, -1, -1, -1, 4, -1, -1, 2, 4], [-1, -1, -1, -1, -1, 4, 4, 2, -1, -1], [-1, -1, -1, -1, -1, 3, -1, -1, -1, 4], [-1, -1, -1, -1, -1, 3, -1, -1, -1, 0], [-1, -1, -1, -1, -1, 3, -1, -1, 4, -1], [-1, -1, -1, -1, -1, 3, -1, 4, -1, -1], [-1, -1, -1, -1, -1, 3, 4, -1, -1, -1], [-1, -1, -1, -1, -1, 3, 0, -1, 0, -1], [-1, -1, -1, -1, -1, 2, -1, -1, 4, 4], [-1, -1, -1, -1, -1, 2, -1, 4, -1, 4], [-1, -1, -1, -1, -1, 2, -1, 4, 4, -1], [-1, -1, -1, -1, -1, 1, -1, -1, -1, 4], [-1, -1, -1, -1, -1, 1, -1, -1, 4, -1], [-1, -1, -1, -1, -1, 1, -1, 4, 2, -1], [-1, -1, -1, -1, -1, 1, 4, 4, -1, -1], [-1, -1, -1, -1, 1, -1, 1, 4, -1, -1], [-1, -1, -1, -1, 1, -1, 1, 1, 2, 2], [-1, -1, -1, -1, 1, 4, -1, 2, 2, 2], [-1, -1, -1, -1, 1, 4, 2, -1, -1, 2], [-1, -1, -1, -1, 1, 4, 2, 2, 2, -1], [-1, -1, -1, -1, 1, 3, -1, -1, 0, -1], [-1, -1, -1, -1, 1, 3, -1, 2, -1, -1], [-1, -1, -1, -1, 1, 3, 1, -1, -1, -1], [-1, -1, -1, -1, 1, 1, -1, 4, -1, -1], [-1, -1, -1, -1, 0, -1, 4, -1, -1, 2], [-1, -1, -1, -1, 0, -1, 4, -1, 2, -1], [-1, -1, -1, -1, 0, 4, -1, -1, 2, -1], [-1, -1, -1, -1, 0, 4, -1, 4, -1, 2], [-1, -1, -1, -1, 0, 4, -1, 2, -1, 4], [-1, -1, -1, 2, -1, -1, 4, -1, -1, 2], [-1, -1, -1, 2, -1, -1, 4, -1, 2, -1], [-1, -1, -1, 2, -1, -1, 4, 1, -1, -1], [-1, -1, -1, 2, -1, 4, -1, -1, 2, -1], [-1, -1, -1, 2, -1, 4, -1, 4, -1, 2], [-1, -1, -1, 2, 0, 4, -1, -1, 4, 2], [-1, -1, -1, 1, -1, -1, -1, -1, 5, -1], [-1, -1, -1, 1, -1, -1, -1, -1, 2, 0], [-1, -1, -1, 1, -1, -1, -1, 4, 1, -1], [-1, -1, -1, 1, -1, 3, -1, -1, -1, -1], [-1, -1, -1, 1, 0, -1, 4, 2, -1, -1], [-1, -1, -1, 1, 0, -1, 2, 4, -1, -1], [-1, -1, -1, 1, 0, 4, 2, -1, -1, 2], [-1, -1, -1, 1, 0, 2, -1, 4, -1, -1], [-1, -1, 3, -1, -1, -1, -1, -1, 4, -1], [-1, -1, 3, -1, -1, -1, -1, 4, -1, -1], [-1, -1, 3, -1, -1, -1, 4, -1, -1, 2], [-1, -1, 3, -1, -1, -1, 4, 2, -1, -1], [-1, -1, 3, -1, -1, 3, -1, -1, -1, -1], [-1, -1, 3, -1, 0, -1, -1, -1, -1, 4], [-1, -1, 3, -1, 0, -1, 4, -1, -1, -1], [-1, -1, 3, 1, -1, -1, 4, -1, 2, -1], [-1, -1, 3, 1, 0, 4, -1, -1, -1, -1], [-1, -1, 2, -1, -1, -1, 4, -1, -1, 2], [-1, -1, 2, -1, -1, -1, 4, -1, -1, 1], [-1, -1, 2, -1, -1, -1, 4, -1, 2, -1], [-1, -1, 2, -1, -1, -1, 4, -1, 1, -1], [-1, -1, 2, -1, -1, -1, 4, 1, -1, -1], [-1, -1, 2, -1, -1, 4, -1, -1, 2, -1], [-1, -1, 2, -1, -1, 4, -1, 4, -1, 2], [-1, -1, 2, -1, -1, 3, -1, -1, -1, -1], [-1, -1, 2, -1, -1, 1, 4, -1, -1, -1], [-1, -1, 2, -1, 0, -1, 1, -1, 0, 0], [-1, -1, 2, -1, 0, 4, -1, -1, -1, 2], [-1, -1, 2, 2, -1, -1, 4, 2, -1, -1], [-1, -1, 2, 2, -1, 4, -1, -1, -1, 2], [-1, -1, 2, 2, -1, 4, -1, 4, -1, -1], [-1, -1, 2, 2, 0, -1, -1, -1, 4, 4], [-1, -1, 2, 2, 0, -1, 4, -1, -1, -1], [-1, -1, 2, 1, -1, 4, 2, -1, -1, 2], [-1, -1, 2, 1, 1, -1, -1, 4, -1, 4], [-1, -1, 1, -1, -1, -1, 4, 2, -1, -1], [-1, -1, 1, -1, -1, -1, 2, 4, -1, -1], [-1, -1, 1, -1, -1, 4, -1, 2, -1, -1], [-1, -1, 1, -1, -1, 4, 2, -1, -1, 2], [-1, -1, 1, -1, -1, 4, 2, -1, 2, -1], [-1, -1, 1, -1, 1, -1, -1, -1, -1, 4], [-1, -1, 1, -1, 0, 4, 2, -1, -1, -1], [-1, -1, 1, -1, 0, 2, -1, 4, -1, -1], [-1, -1, 1, 2, -1, 1, -1, 4, -1, -1], [-1, -1, 1, 2, 0, 3, -1, -1, -1, 2], [-1, -1, 1, 1, -1, -1, -1, -1, 4, 4], [-1, -1, 1, 1, -1, -1, 4, -1, -1, 4], [-1, 2, -1, -1, -1, -1, -1, 4, 4, -1], [-1, 2, -1, -1, -1, -1, 4, -1, 1, -1], [-1, 2, -1, -1, -1, -1, 4, 1, -1, -1], [-1, 2, -1, -1, -1, 4, -1, -1, 4, 2], [-1, 2, -1, -1, -1, 1, 4, -1, -1, -1], [-1, 2, -1, 1, -1, -1, -1, 4, -1, 4], [-1, 2, -1, 1, -1, -1, 4, -1, -1, 4], [-1, 2, -1, 1, 0, -1, -1, -1, 4, -1], [-1, 2, -1, 1, 0, -1, -1, 4, -1, -1], [-1, 2, -1, 1, 0, -1, 4, -1, -1, -1], [-1, 2, -1, 1, 0, 4, -1, -1, -1, 2], [-1, 2, 3, -1, -1, 4, -1, 2, -1, -1], [-1, 2, 3, -1, -1, 4, 2, -1, -1, -1], [-1, 2, 3, -1, 0, 4, -1, -1, -1, -1], [-1, 2, 3, 1, -1, -1, 4, -1, -1, -1], [-1, 2, 2, -1, -1, -1, 4, -1, -1, -1], [-1, 2, 2, -1, 0, 4, -1, 4, -1, -1], [-1, 2, 2, 2, 0, -1, -1, -1, 4, -1], [-1, 2, 2, 2, 0, -1, -1, 4, -1, 4], [-1, 2, 2, 1, 1, -1, -1, -1, 4, 4], [-1, 2, 1, -1, -1, -1, -1, -1, 4, 2], [-1, 2, 1, -1, -1, -1, 2, -1, -1, 4], [-1, 2, 1, -1, -1, -1, 2, -1, 4, -1], [-1, 2, 1, -1, -1, 4, 2, -1, -1, -1], [-1, 2, 1, -1, -1, 2, -1, -1, 4, -1], [-1, 2, 1, -1, -1, 2, -1, 4, -1, -1], [-1, 2, 1, 1, -1, -1, -1, -1, 4, -1], [-1, 1, -1, -1, -1, -1, 4, -1, -1, 2], [-1, 1, -1, -1, -1, -1, 4, -1, 2, -1], [-1, 1, -1, -1, -1, -1, 4, 2, -1, -1], [-1, 1, -1, -1, -1, 4, -1, -1, 2, -1], [-1, 1, -1, -1, -1, 4, -1, 2, -1, -1], [-1, 1, -1, -1, -1, 3, -1, -1, 2, 2], [-1, 1, -1, -1, -1, 3, -1, -1, 0, -1], [-1, 1, -1, -1, -1, 3, -1, 0, -1, -1], [-1, 1, -1, -1, -1, 1, -1, 4, -1, -1], [-1, 1, -1, -1, 1, -1, 2, -1, -1, 4], [-1, 1, -1, -1, 1, 4, -1, -1, -1, 2], [-1, 1, -1, -1, 1, 4, 2, -1, -1, -1], [-1, 1, -1, -1, 1, 3, -1, -1, -1, -1], [-1, 1, -1, -1, 1, 2, -1, -1, -1, 4], [-1, 1, -1, -1, 1, 2, -1, -1, 4, -1], [-1, 1, -1, -1, 0, 3, -1, -1, -1, 2], [-1, 1, -1, -1, 0, 3, -1, -1, 2, -1], [-1, 1, -1, 2, -1, 4, -1, -1, -1, 2], [-1, 1, -1, 2, -1, 3, -1, -1, 2, -1], [-1, 1, -1, 2, 1, -1, 4, -1, -1, -1], [-1, 1, -1, 2, 0, -1, -1, 4, 2, -1], [-1, 1, -1, 1, -1, 1, 1, 1, -1, 2], [-1, 1, 3, -1, -1, -1, -1, -1, -1, 4], [-1, 1, 3, -1, -1, 4, -1, -1, -1, 2], [-1, 1, 3, -1, 1, 4, -1, -1, -1, -1], [-1, 1, 3, 2, -1, -1, 4, -1, -1, -1], [-1, 1, 2, -1, 0, -1, -1, 4, -1, 2], [-1, 1, 2, 2, -1, -1, -1, 4, -1, 2], [-1, 1, 2, 2, -1, -1, -1, 4, 2, -1], [1, -1, -1, -1, -1, -1, 4, 2, -1, -1], [1, -1, -1, -1, -1, 4, -1, -1, -1, 2], [1, -1, -1, -1, -1, 4, -1, -1, 2, -1], [1, -1, -1, -1, -1, 4, -1, 2, -1, -1], [1, -1, -1, -1, -1, 4, 2, -1, -1, -1], [1, -1, -1, -1, 1, -1, -1, -1, -1, 4], [1, -1, -1, -1, 1, -1, -1, -1, 4, -1], [1, -1, -1, -1, 1, -1, 4, -1, -1, -1], [1, -1, -1, -1, 1, 4, -1, -1, -1, -1], [1, -1, -1, -1, 1, 3, -1, -1, -1, -1], [1, -1, -1, 2, -1, 4, -1, -1, -1, -1], [1, 2, -1, -1, -1, -1, -1, -1, 4, 4], [1, 2, -1, -1, -1, -1, 4, -1, -1, 2], [1, 2, -1, -1, -1, 4, -1, -1, -1, -1], [1, 2, -1, -1, 1, -1, -1, 4, -1, -1], [1, 2, -1, 2, -1, -1, -1, -1, 4, -1], [1, 2, -1, 1, -1, -1, -1, -1, -1, 4], [1, 1, -1, -1, -1, 3, 0, -1, -1, -1], [1, 1, -1, 1, -1, 1, -1, -1, -1, 2], [0, -1, -1, -1, -1, -1, -1, 4, 1, -1], [0, -1, -1, -1, -1, -1, 4, -1, 1, -1], [0, -1, -1, -1, -1, -1, 4, 4, 2, -1], [0, -1, -1, -1, -1, -1, 4, 1, -1, -1], [0, -1, -1, -1, -1, 4, -1, 4, 2, -1], [0, -1, -1, -1, -1, 4, 4, -1, 2, 2], [0, -1, -1, -1, -1, 1, -1, 4, -1, -1], [0, -1, -1, -1, -1, 1, 4, -1, -1, -1], [0, -1, -1, -1, 1, 2, -1, -1, -1, 4], [0, -1, -1, -1, 1, 2, -1, -1, 4, -1], [0, -1, -1, -1, 0, -1, -1, -1, 2, 0], [0, -1, -1, -1, 0, -1, -1, 4, 4, -1], [0, -1, -1, -1, 0, 3, -1, -1, 0, -1], [0, -1, -1, -1, 0, 3, 0, 0, -1, -1], [0, -1, -1, 1, -1, -1, 2, -1, 4, -1], [0, -1, -1, 1, -1, 2, -1, -1, 4, -1], [0, -1, -1, 1, 0, -1, -1, -1, 4, -1], [0, -1, -1, 1, 0, -1, -1, 4, -1, -1], [0, -1, -1, 1, 0, -1, 4, -1, -1, -1], [0, -1, -1, 1, 0, 2, -1, -1, -1, 0], [0, -1, 3, -1, -1, -1, 4, -1, 2, -1], [0, -1, 3, 2, -1, -1, -1, -1, -1, 4], [0, -1, 2, -1, -1, -1, -1, -1, 2, 0], [0, -1, 2, -1, 0, -1, -1, -1, 4, 4], [0, -1, 2, -1, 0, -1, 4, -1, -1, -1], [0, -1, 2, 1, -1, 2, -1, -1, -1, 0], [0, -1, 1, -1, -1, -1, -1, -1, 2, 4], [0, -1, 1, -1, -1, 2, -1, 4, -1, -1], [0, -1, 1, -1, 1, -1, 4, -1, -1, -1], [0, -1, 1, -1, 0, 3, -1, -1, -1, 2], [0, -1, 1, 1, -1, -1, -1, -1, -1, 4], [0, -1, 1, 1, -1, -1, -1, -1, 4, -1], [0, -1, 1, 1, -1, -1, -1, 4, -1, -1], [0, 2, -1, -1, -1, -1, 4, -1, -1, 1], [0, 2, -1, -1, -1, 4, -1, 4, -1, 2], [0, 2, -1, -1, -1, 3, -1, -1, 0, -1], [0, 2, -1, -1, -1, 2, 2, -1, 4, -1], [0, 2, -1, -1, 0, -1, -1, -1, 4, -1], [0, 2, -1, -1, 0, -1, -1, 4, -1, -1], [0, 2, -1, -1, 0, -1, 4, -1, -1, -1], [0, 2, -1, -1, 0, 3, -1, 0, -1, -1], [0, 2, 2, 1, 0, -1, -1, -1, -1, 0], [0, 2, 1, -1, -1, -1, -1, 4, -1, 2], [0, 2, 1, 2, -1, 3, -1, -1, -1, 2], [0, 1, -1, -1, -1, 4, -1, -1, -1, 2], [0, 1, -1, -1, -1, 3, -1, -1, -1, -1], [0, 1, -1, -1, 1, -1, 2, -1, 4, -1], [0, 1, -1, 2, -1, -1, -1, 4, -1, 2], [0, 1, -1, 2, -1, -1, -1, 4, 4, -1], [0, 1, -1, 2, -1, 2, -1, -1, -1, 4], [0, 1, 3, -1, -1, -1, 4, -1, -1, -1], [0, 1, 2, -1, -1, -1, 2, -1, -1, 4], [0, 1, 2, -1, -1, 2, -1, -1, -1, 4], [0, 1, 2, -1, -1, 2, -1, -1, 4, -1], [0, 1, 1, -1, -1, -1, -1, 4, -1, 4], [0, 1, 1, -1, -1, -1, 4, -1, -1, 4]]
8 365 
 [[-1, -1, -1, -1, -1, -1, -1, -1, -1, 5, -1], [-1, -1, -1, -1, -1, -1, -1, -1, 5, 4, -1], [-1, -1, -1, -1, -1, -1, -1, -1, 4, -1, 1], [-1, -1, -1, -1, -1, -1, -1, -1, 4, 4, 2], [-1, -1, -1, -1, -1, -1, -1, -1, 4, 1, -1], [-1, -1, -1, -1, -1, -1, -1, -1, 1, 4, -1], [-1, -1, -1, -1, -1, -1, -1, 5, -1, -1, -1], [-1, -1, -1, -1, -1, -1, -1, 4, -1, -1, 0], [-1, -1, -1, -1, -1, -1, -1, 4, -1, 4, 2], [-1, -1, -1, -1, -1, -1, -1, 4, -1, 1, -1], [-1, -1, -1, -1, -1, -1, -1, 4, 4, -1, 2], [-1, -1, -1, -1, -1, -1, -1, 4, 4, 2, -1], [-1, -1, -1, -1, -1, -1, -1, 1, -1, 4, -1], [-1, -1, -1, -1, -1, -1, -1, 1, 4, -1, -1], [-1, -1, -1, -1, -1, -1, 6, -1, -1, -1, -1], [-1, -1, -1, -1, -1, -1, 5, -1, -1, -1, -1], [-1, -1, -1, -1, -1, -1, 4, -1, -1, -1, 0], [-1, -1, -1, -1, -1, -1, 4, -1, -1, 4, 2], [-1, -1, -1, -1, -1, -1, 4, -1, -1, 2, 4], [-1, -1, -1, -1, -1, -1, 4, -1, -1, 0, -1], [-1, -1, -1, -1, -1, -1, 4, -1, 4, -1, 2], [-1, -1, -1, -1, -1, -1, 4, -1, 4, 2, -1], [-1, -1, -1, -1, -1, -1, 4, -1, 2, -1, 4], [-1, -1, -1, -1, -1, -1, 4, -1, 2, 4, -1], [-1, -1, -1, -1, -1, -1, 4, -1, 1, -1, 1], [-1, -1, -1, -1, -1, -1, 4, -1, 0, -1, -1], [-1, -1, -1, -1, -1, -1, 4, 4, -1, -1, 2], [-1, -1, -1, -1, -1, -1, 4, 4, -1, 2, -1], [-1, -1, -1, -1, -1, -1, 4, 2, -1, -1, 4], [-1, -1, -1, -1, -1, -1, 4, 2, -1, 4, -1], [-1, -1, -1, -1, -1, -1, 2, -1, 4, 4, -1], [-1, -1, -1, -1, -1, -1, 2, 4, -1, -1, 4], [-1, -1, -1, -1, -1, -1, 2, 4, -1, 4, -1], [-1, -1, -1, -1, -1, -1, 2, 4, 4, -1, -1], [-1, -1, -1, -1, -1, -1, 1, -1, -1, 4, -1], [-1, -1, -1, -1, -1, -1, 1, -1, 4, -1, -1], [-1, -1, -1, -1, -1, 5, -1, -1, 2, -1, -1], [-1, -1, -1, -1, -1, 4, -1, -1, -1, -1, 1], [-1, -1, -1, -1, -1, 4, -1, -1, -1, 4, 2], [-1, -1, -1, -1, -1, 4, -1, -1, -1, 2, 4], [-1, -1, -1, -1, -1, 4, -1, -1, 2, -1, 4], [-1, -1, -1, -1, -1, 4, -1, -1, 2, 4, -1], [-1, -1, -1, -1, -1, 4, 4, -1, 2, -1, 2], [-1, -1, -1, -1, -1, 4, 4, 2, -1, -1, -1], [-1, -1, -1, -1, -1, 4, 2, -1, -1, -1, 4], [-1, -1, -1, -1, -1, 3, -1, -1, -1, -1, 4], [-1, -1, -1, -1, -1, 3, -1, -1, -1, -1, 0], [-1, -1, -1, -1, -1, 3, -1, -1, -1, 4, -1], [-1, -1, -1, -1, -1, 3, -1, -1, -1, 0, -1], [-1, -1, -1, -1, -1, 3, -1, -1, 4, -1, -1], [-1, -1, -1, -1, -1, 3, -1, 4, -1, -1, -1], [-1, -1, -1, -1, -1, 3, 4, -1, -1, -1, -1], [-1, -1, -1, -1, -1, 3, 0, -1, 0, -1, -1], [-1, -1, -1, -1, -1, 2, -1, -1, 4, -1, 4], [-1, -1, -1, -1, -1, 2, -1, -1, 4, 4, -1], [-1, -1, -1, -1, -1, 2, -1, 4, -1, -1, 4], [-1, -1, -1, -1, -1, 2, -1, 4, -1, 4, -1], [-1, -1, -1, -1, -1, 2, -1, 4, 4, -1, -1], [-1, -1, -1, -1, -1, 1, -1, -1, -1, 4, -1], [-1, -1, -1, -1, -1, 1, -1, -1, 4, -1, -1], [-1, -1, -1, -1, -1, 1, -1, 4, 2, -1, -1], [-1, -1, -1, -1, -1, 1, 4, -1, -1, -1, 2], [-1, -1, -1, -1, -1, 1, 4, 4, -1, -1, -1], [-1, -1, -1, -1, 1, -1, -1, -1, -1, 4, 2], [-1, -1, -1, -1, 1, -1, -1, 4, -1, -1, 1], [-1, -1, -1, -1, 1, -1, 1, 4, -1, -1, -1], [-1, -1, -1, -1, 1, -1, 1, 1, 2, 2, -1], [-1, -1, -1, -1, 1, 4, -1, 2, 2, 2, -1], [-1, -1, -1, -1, 1, 4, 2, -1, -1, -1, 2], [-1, -1, -1, -1, 1, 4, 2, -1, -1, 2, -1], [-1, -1, -1, -1, 1, 4, 2, 2, 2, -1, -1], [-1, -1, -1, -1, 1, 3, -1, -1, 0, -1, -1], [-1, -1, -1, -1, 1, 3, -1, 2, -1, -1, -1], [-1, -1, -1, -1, 1, 3, 1, -1, -1, -1, -1], [-1, -1, -1, -1, 1, 1, -1, 4, -1, -1, -1], [-1, -1, -1, -1, 0, -1, -1, 4, -1, 2, 4], [-1, -1, -1, -1, 0, -1, -1, 4, 2, -1, 4], [-1, -1, -1, -1, 0, -1, 4, -1, -1, 2, -1], [-1, -1, -1, -1, 0, -1, 4, -1, 2, -1, -1], [-1, -1, -1, -1, 0, 4, -1, -1, 2, -1, -1], [-1, -1, -1, -1, 0, 4, -1, 4, -1, 2, -1], [-1, -1, -1, -1, 0, 4, -1, 2, -1, -1, 4], [-1, -1, -1, -1, 0, 4, -1, 2, -1, 4, -1], [-1, -1, -1, -1, 0, 4, 4, -1, -1, -1, 2], [-1, -1, -1, -1, 0, 1, -1, -1, -1, -1, 4], [-1, -1, -1, 2, -1, -1, 4, -1, -1, -1, 2], [-1, -1, -1, 2, -1, -1, 4, -1, -1, 2, -1], [-1, -1, -1, 2, -1, -1, 4, -1, 2, -1, -1], [-1, -1, -1, 2, -1, -1, 4, 1, -1, -1, -1], [-1, -1, -1, 2, -1, 4, -1, -1, 2, -1, -1], [-1, -1, -1, 2, -1, 4, -1, 4, -1, -1, 2], [-1, -1, -1, 2, -1, 4, -1, 4, -1, 2, -1], [-1, -1, -1, 2, -1, 4, -1, 2, -1, -1, 4], [-1, -1, -1, 2, -1, 1, -1, -1, -1, -1, 4], [-1, -1, -1, 2, 1, -1, -1, -1, 4, -1, 2], [-1, -1, -1, 2, 0, 4, -1, -1, 4, 2, -1], [-1, -1, -1, 1, -1, -1, -1, -1, 5, -1, -1], [-1, -1, -1, 1, -1, -1, -1, -1, 2, 0, -1], [-1, -1, -1, 1, -1, -1, -1, 4, -1, -1, 1], [-1, -1, -1, 1, -1, -1, -1, 4, 1, -1, -1], [-1, -1, -1, 1, -1, -1, 2, -1, 4, -1, 4], [-1, -1, -1, 1, -1, 3, -1, -1, -1, -1, -1], [-1, -1, -1, 1, -1, 2, -1, -1, -1, 4, 4], [-1, -1, -1, 1, 0, -1, 4, 2, -1, -1, -1], [-1, -1, -1, 1, 0, -1, 2, 4, -1, -1, -1], [-1, -1, -1, 1, 0, 4, 2, -1, -1, 2, -1], [-1, -1, -1, 1, 0, 2, -1, 4, -1, -1, -1], [-1, -1, 3, -1, -1, -1, -1, -1, 4, -1, -1], [-1, -1, 3, -1, -1, -1, -1, 4, -1, -1, -1], [-1, -1, 3, -1, -1, -1, 4, -1, -1, 2, -1], [-1, -1, 3, -1, -1, -1, 4, -1, 2, -1, 2], [-1, -1, 3, -1, -1, -1, 4, 2, -1, -1, -1], [-1, -1, 3, -1, -1, 4, 2, 2, 2, -1, 2], [-1, -1, 3, -1, -1, 3, -1, -1, -1, -1, -1], [-1, -1, 3, -1, 0, -1, -1, -1, -1, -1, 4], [-1, -1, 3, -1, 0, -1, -1, -1, -1, 4, -1], [-1, -1, 3, -1, 0, -1, 4, -1, -1, -1, -1], [-1, -1, 3, 1, -1, -1, 4, -1, -1, -1, 4], [-1, -1, 3, 1, -1, -1, 4, -1, 2, -1, -1], [-1, -1, 3, 1, -1, -1, 2, -1, -1, -1, 4], [-1, -1, 3, 1, 0, 4, -1, -1, -1, -1, -1], [-1, -1, 2, -1, -1, -1, -1, -1, -1, -1, 5], [-1, -1, 2, -1, -1, -1, -1, -1, 2, 0, 0], [-1, -1, 2, -1, -1, -1, 4, -1, -1, -1, 2], [-1, -1, 2, -1, -1, -1, 4, -1, -1, -1, 1], [-1, -1, 2, -1, -1, -1, 4, -1, -1, 2, -1], [-1, -1, 2, -1, -1, -1, 4, -1, -1, 1, -1], [-1, -1, 2, -1, -1, -1, 4, -1, 2, -1, -1], [-1, -1, 2, -1, -1, -1, 4, -1, 1, -1, -1], [-1, -1, 2, -1, -1, -1, 4, 1, -1, -1, -1], [-1, -1, 2, -1, -1, 4, -1, -1, 2, -1, -1], [-1, -1, 2, -1, -1, 4, -1, 4, -1, -1, 2], [-1, -1, 2, -1, -1, 4, -1, 4, -1, 2, -1], [-1, -1, 2, -1, -1, 3, -1, -1, -1, -1, -1], [-1, -1, 2, -1, -1, 1, 4, -1, -1, -1, -1], [-1, -1, 2, -1, 0, -1, 1, -1, 0, 0, -1], [-1, -1, 2, -1, 0, 4, -1, -1, -1, 2, -1], [-1, -1, 2, 2, -1, -1, 4, 2, -1, -1, -1], [-1, -1, 2, 2, -1, 4, -1, -1, -1, -1, 2], [-1, -1, 2, 2, -1, 4, -1, -1, -1, 2, -1], [-1, -1, 2, 2, -1, 4, -1, 4, -1, -1, -1], [-1, -1, 2, 2, 0, -1, -1, -1, 4, 4, -1], [-1, -1, 2, 2, 0, -1, 4, -1, -1, -1, -1], [-1, -1, 2, 1, -1, -1, -1, -1, 2, -1, 0], [-1, -1, 2, 1, -1, 4, 2, -1, -1, 2, -1], [-1, -1, 2, 1, 1, -1, -1, -1, 4, 4, 4], [-1, -1, 2, 1, 1, -1, -1, 4, -1, 4, -1], [-1, -1, 2, 1, 0, -1, -1, -1, 4, -1, 2], [-1, -1, 1, -1, -1, -1, 4, 2, -1, -1, -1], [-1, -1, 1, -1, -1, -1, 2, -1, 4, -1, 4], [-1, -1, 1, -1, -1, -1, 2, 4, -1, -1, -1], [-1, -1, 1, -1, -1, 4, -1, 2, -1, -1, -1], [-1, -1, 1, -1, -1, 4, 2, -1, -1, 2, -1], [-1, -1, 1, -1, -1, 4, 2, -1, 2, -1, -1], [-1, -1, 1, -1, 1, -1, -1, -1, -1, 4, -1], [-1, -1, 1, -1, 0, 4, 2, -1, -1, -1, -1], [-1, -1, 1, -1, 0, 2, -1, 4, -1, -1, -1], [-1, -1, 1, 2, -1, -1, -1, -1, -1, 4, 2], [-1, -1, 1, 2, -1, 1, -1, 4, -1, -1, -1], [-1, -1, 1, 2, 0, 3, -1, -1, -1, 2, -1], [-1, -1, 1, 1, -1, -1, -1, -1, -1, 4, 4], [-1, -1, 1, 1, -1, -1, -1, -1, 4, 4, -1], [-1, -1, 1, 1, -1, -1, 4, -1, -1, 4, -1], [-1, 2, -1, -1, -1, -1, -1, -1, 2, 0, 0], [-1, 2, -1, -1, -1, -1, -1, 4, 4, -1, -1], [-1, 2, -1, -1, -1, -1, 4, -1, 1, -1, -1], [-1, 2, -1, -1, -1, -1, 4, 1, -1, -1, -1], [-1, 2, -1, -1, -1, 4, -1, -1, 4, -1, 2], [-1, 2, -1, -1, -1, 4, -1, -1, 4, 2, -1], [-1, 2, -1, -1, -1, 4, -1, 4, -1, -1, 2], [-1, 2, -1, -1, -1, 1, -1, -1, -1, -1, 4], [-1, 2, -1, -1, -1, 1, 4, -1, -1, -1, -1], [-1, 2, -1, 1, -1, -1, -1, 4, -1, 4, -1], [-1, 2, -1, 1, -1, -1, -1, 2, 2, -1, 0], [-1, 2, -1, 1, -1, -1, 4, -1, -1, 4, -1], [-1, 2, -1, 1, 0, -1, -1, -1, 4, -1, -1], [-1, 2, -1, 1, 0, -1, -1, 4, -1, -1, -1], [-1, 2, -1, 1, 0, -1, 4, -1, -1, -1, -1], [-1, 2, -1, 1, 0, 4, -1, -1, -1, 2, -1], [-1, 2, 3, -1, -1, 4, -1, 2, -1, -1, -1], [-1, 2, 3, -1, -1, 4, 2, -1, -1, -1, -1], [-1, 2, 3, -1, 0, 4, -1, -1, -1, -1, -1], [-1, 2, 3, 1, -1, -1, -1, -1, -1, -1, 4], [-1, 2, 3, 1, -1, -1, 4, -1, -1, -1, -1], [-1, 2, 2, -1, -1, -1, -1, 2, 2, -1, 0], [-1, 2, 2, -1, -1, -1, 4, -1, -1, -1, -1], [-1, 2, 2, -1, 0, 4, -1, 4, -1, -1, -1], [-1, 2, 2, 2, 0, -1, -1, -1, 4, -1, -1], [-1, 2, 2, 2, 0, -1, -1, 4, -1, -1, 4], [-1, 2, 2, 2, 0, -1, -1, 4, -1, 4, -1], [-1, 2, 2, 1, -1, -1, -1, -1, -1, 4, 2], [-1, 2, 2, 1, 1, -1, -1, -1, 4, 4, -1], [-1, 2, 1, -1, -1, -1, -1, -1, 4, -1, 2], [-1, 2, 1, -1, -1, -1, -1, -1, 4, 2, -1], [-1, 2, 1, -1, -1, -1, 2, -1, -1, 4, -1], [-1, 2, 1, -1, -1, -1, 2, -1, 4, -1, -1], [-1, 2, 1, -1, -1, 4, 2, -1, -1, -1, -1], [-1, 2, 1, -1, -1, 2, -1, -1, 4, -1, -1], [-1, 2, 1, -1, -1, 2, -1, 4, -1, -1, -1], [-1, 2, 1, 2, -1, -1, -1, 4, -1, 2, 2], [-1, 2, 1, 1, -1, -1, -1, -1, 4, -1, -1], [-1, 1, -1, -1, -1, -1, -1, 4, -1, -1, 1], [-1, 1, -1, -1, -1, -1, 4, -1, -1, -1, 2], [-1, 1, -1, -1, -1, -1, 4, -1, -1, -1, 1], [-1, 1, -1, -1, -1, -1, 4, -1, -1, 2, -1], [-1, 1, -1, -1, -1, -1, 4, -1, 2, -1, -1], [-1, 1, -1, -1, -1, -1, 4, 2, -1, -1, -1], [-1, 1, -1, -1, -1, -1, 2, -1, 4, -1, 4], [-1, 1, -1, -1, -1, 4, -1, -1, 2, -1, -1], [-1, 1, -1, -1, -1, 4, -1, 2, -1, -1, -1], [-1, 1, -1, -1, -1, 3, -1, -1, 2, 2, -1], [-1, 1, -1, -1, -1, 3, -1, -1, 0, -1, -1], [-1, 1, -1, -1, -1, 3, -1, 0, -1, -1, -1], [-1, 1, -1, -1, -1, 1, -1, 4, -1, -1, -1], [-1, 1, -1, -1, 1, -1, -1, -1, -1, 2, 1], [-1, 1, -1, -1, 1, -1, 2, -1, -1, 4, -1], [-1, 1, -1, -1, 1, 4, -1, -1, -1, -1, 2], [-1, 1, -1, -1, 1, 4, -1, -1, -1, 2, -1], [-1, 1, -1, -1, 1, 4, 2, -1, -1, -1, -1], [-1, 1, -1, -1, 1, 3, -1, -1, -1, -1, -1], [-1, 1, -1, -1, 1, 2, -1, -1, -1, 4, -1], [-1, 1, -1, -1, 1, 2, -1, -1, 4, -1, -1], [-1, 1, -1, -1, 0, 3, -1, -1, -1, 2, -1], [-1, 1, -1, -1, 0, 3, -1, -1, 2, -1, -1], [-1, 1, -1, 2, -1, -1, -1, -1, -1, 4, 2], [-1, 1, -1, 2, -1, 4, -1, -1, -1, -1, 2], [-1, 1, -1, 2, -1, 4, -1, -1, -1, 2, -1], [-1, 1, -1, 2, -1, 3, -1, -1, 2, -1, -1], [-1, 1, -1, 2, 1, -1, 4, -1, -1, -1, -1], [-1, 1, -1, 2, 0, -1, -1, 4, 2, -1, -1], [-1, 1, -1, 1, -1, -1, 2, -1, -1, -1, 4], [-1, 1, -1, 1, -1, 1, 1, 1, -1, 2, -1], [-1, 1, 3, -1, -1, -1, -1, -1, -1, 4, -1], [-1, 1, 3, -1, -1, 4, -1, -1, -1, 2, -1], [-1, 1, 3, -1, 1, 4, -1, -1, -1, -1, -1], [-1, 1, 3, 2, -1, -1, -1, -1, -1, -1, 0], [-1, 1, 3, 2, -1, -1, 4, -1, -1, -1, -1], [-1, 1, 2, -1, 0, -1, -1, -1, -1, 2, 4], [-1, 1, 2, -1, 0, -1, -1, -1, 2, -1, 4], [-1, 1, 2, -1, 0, -1, -1, 4, -1, 2, -1], [-1, 1, 2, -1, 0, 4, -1, -1, -1, -1, 2], [-1, 1, 2, 2, -1, -1, -1, 4, -1, -1, 2], [-1, 1, 2, 2, -1, -1, -1, 4, -1, 2, -1], [-1, 1, 2, 2, -1, -1, -1, 4, 2, -1, -1], [-1, 1, 2, 1, -1, -1, -1, -1, 4, -1, 2], [1, -1, -1, -1, -1, -1, 4, 2, -1, -1, -1], [1, -1, -1, -1, -1, 4, -1, -1, -1, -1, 2], [1, -1, -1, -1, -1, 4, -1, -1, -1, 2, -1], [1, -1, -1, -1, -1, 4, -1, -1, 2, -1, -1], [1, -1, -1, -1, -1, 4, -1, 2, -1, -1, -1], [1, -1, -1, -1, -1, 4, 2, -1, -1, -1, -1], [1, -1, -1, -1, -1, 3, 1, -1, -1, -1, 1], [1, -1, -1, -1, 1, -1, -1, -1, -1, 4, -1], [1, -1, -1, -1, 1, -1, -1, -1, 4, -1, -1], [1, -1, -1, -1, 1, -1, 4, -1, -1, -1, -1], [1, -1, -1, -1, 1, 4, -1, -1, -1, -1, -1], [1, -1, -1, -1, 1, 3, -1, -1, -1, -1, -1], [1, -1, -1, 2, -1, 4, -1, -1, -1, -1, -1], [1, 2, -1, -1, -1, -1, -1, -1, 4, -1, 2], [1, 2, -1, -1, -1, -1, -1, -1, 4, 4, -1], [1, 2, -1, -1, -1, -1, 4, -1, -1, 2, -1], [1, 2, -1, -1, -1, 4, -1, -1, -1, -1, -1], [1, 2, -1, -1, 1, -1, -1, 4, -1, -1, -1], [1, 2, -1, 2, -1, -1, -1, -1, 4, -1, -1], [1, 2, -1, 1, -1, -1, -1, -1, -1, 4, -1], [1, 1, -1, -1, -1, 3, 0, -1, -1, -1, -1], [1, 1, -1, 1, -1, 1, -1, -1, -1, 2, -1], [0, -1, -1, -1, -1, -1, -1, -1, 2, 0, 0], [0, -1, -1, -1, -1, -1, -1, 4, -1, -1, 1], [0, -1, -1, -1, -1, -1, -1, 4, -1, 2, 4], [0, -1, -1, -1, -1, -1, -1, 4, 2, -1, 4], [0, -1, -1, -1, -1, -1, -1, 4, 1, -1, -1], [0, -1, -1, -1, -1, -1, 4, -1, -1, -1, 1], [0, -1, -1, -1, -1, -1, 4, -1, 1, -1, -1], [0, -1, -1, -1, -1, -1, 4, 4, 2, -1, -1], [0, -1, -1, -1, -1, -1, 4, 1, -1, -1, -1], [0, -1, -1, -1, -1, 4, -1, 4, 2, -1, -1], [0, -1, -1, -1, -1, 4, 4, -1, -1, 2, 2], [0, -1, -1, -1, -1, 4, 4, -1, 2, 2, -1], [0, -1, -1, -1, -1, 1, -1, -1, -1, -1, 4], [0, -1, -1, -1, -1, 1, -1, 4, -1, -1, -1], [0, -1, -1, -1, -1, 1, 4, -1, -1, -1, -1], [0, -1, -1, -1, 1, 2, -1, -1, -1, 4, -1], [0, -1, -1, -1, 1, 2, -1, -1, 4, -1, -1], [0, -1, -1, -1, 0, -1, -1, -1, 2, 0, -1], [0, -1, -1, -1, 0, -1, -1, 4, 4, -1, -1], [0, -1, -1, -1, 0, -1, 4, -1, -1, -1, 2], [0, -1, -1, -1, 0, 4, -1, 4, -1, -1, 2], [0, -1, -1, -1, 0, 3, -1, -1, 0, -1, -1], [0, -1, -1, -1, 0, 3, 0, 0, -1, -1, -1], [0, -1, -1, 2, -1, -1, -1, -1, -1, 4, 2], [0, -1, -1, 2, -1, -1, 1, -1, -1, 2, 1], [0, -1, -1, 2, -1, 1, -1, -1, -1, 2, 1], [0, -1, -1, 2, 0, 1, -1, -1, 2, -1, 1], [0, -1, -1, 1, -1, -1, -1, -1, 2, -1, 0], [0, -1, -1, 1, -1, -1, 2, -1, -1, 4, 4], [0, -1, -1, 1, -1, -1, 2, -1, 4, -1, -1], [0, -1, -1, 1, -1, 2, -1, -1, 4, -1, -1], [0, -1, -1, 1, 1, -1, 2, -1, -1, -1, 4], [0, -1, -1, 1, 0, -1, -1, -1, 4, -1, -1], [0, -1, -1, 1, 0, -1, -1, 4, -1, -1, -1], [0, -1, -1, 1, 0, -1, 4, -1, -1, -1, -1], [0, -1, -1, 1, 0, -1, 2, -1, -1, 0, 0], [0, -1, -1, 1, 0, 2, -1, -1, -1, 0, -1], [0, -1, 3, -1, -1, -1, -1, 2, -1, -1, 0], [0, -1, 3, -1, -1, -1, 4, -1, -1, -1, 2], [0, -1, 3, -1, -1, -1, 4, -1, 2, -1, -1], [0, -1, 3, 2, -1, -1, -1, -1, -1, -1, 0], [0, -1, 3, 2, -1, -1, -1, -1, -1, 4, -1], [0, -1, 3, 1, -1, -1, -1, -1, -1, -1, 4], [0, -1, 2, -1, -1, -1, -1, -1, 2, 0, -1], [0, -1, 2, -1, 0, -1, -1, -1, 4, 4, -1], [0, -1, 2, -1, 0, -1, 4, -1, -1, -1, -1], [0, -1, 2, 1, -1, -1, -1, -1, -1, 4, 2], [0, -1, 2, 1, -1, 2, -1, -1, -1, 0, -1], [0, -1, 2, 1, 0, -1, -1, -1, -1, 0, 0], [0, -1, 1, -1, -1, -1, -1, -1, -1, 4, 2], [0, -1, 1, -1, -1, -1, -1, -1, 2, 4, -1], [0, -1, 1, -1, -1, 2, -1, 4, -1, -1, -1], [0, -1, 1, -1, 1, -1, -1, -1, -1, -1, 4], [0, -1, 1, -1, 1, -1, 4, -1, -1, -1, -1], [0, -1, 1, -1, 0, 3, -1, -1, -1, 2, -1], [0, -1, 1, 1, -1, -1, -1, -1, -1, 4, -1], [0, -1, 1, 1, -1, -1, -1, -1, 4, -1, -1], [0, -1, 1, 1, -1, -1, -1, 4, -1, -1, -1], [0, 2, -1, -1, -1, -1, 4, -1, -1, 1, -1], [0, 2, -1, -1, -1, 4, -1, 4, -1, 2, -1], [0, 2, -1, -1, -1, 3, -1, -1, 0, -1, -1], [0, 2, -1, -1, -1, 2, 2, -1, 4, -1, -1], [0, 2, -1, -1, 0, -1, -1, -1, 4, -1, -1], [0, 2, -1, -1, 0, -1, -1, 4, -1, -1, -1], [0, 2, -1, -1, 0, -1, 4, -1, -1, -1, -1], [0, 2, -1, -1, 0, 3, -1, 0, -1, -1, -1], [0, 2, 2, -1, -1, -1, -1, -1, 2, -1, 0], [0, 2, 2, 1, 0, -1, -1, -1, -1, 0, -1], [0, 2, 1, -1, -1, -1, -1, 4, -1, -1, 2], [0, 2, 1, -1, -1, -1, -1, 4, -1, 2, -1], [0, 2, 1, -1, -1, 3, -1, -1, -1, -1, 2], [0, 2, 1, 2, -1, 3, -1, -1, -1, 2, -1], [0, 1, -1, -1, -1, -1, -1, -1, -1, 4, 2], [0, 1, -1, -1, -1, -1, -1, 1, -1, -1, 0], [0, 1, -1, -1, -1, 4, -1, -1, -1, 2, -1], [0, 1, -1, -1, -1, 3, -1, -1, -1, -1, -1], [0, 1, -1, -1, 1, -1, -1, -1, 4, 2, 2], [0, 1, -1, -1, 1, -1, 2, -1, 4, -1, -1], [0, 1, -1, -1, 0, -1, -1, -1, 2, 1, 1], [0, 1, -1, -1, 0, -1, -1, 2, -1, 1, 1], [0, 1, -1, 2, -1, -1, -1, 4, -1, 2, -1], [0, 1, -1, 2, -1, -1, -1, 4, 4, -1, -1], [0, 1, -1, 2, -1, -1, -1, 2, -1, 1, 1], [0, 1, -1, 2, -1, 2, -1, -1, -1, 4, -1], [0, 1, -1, 1, -1, -1, -1, -1, -1, 4, 4], [0, 1, -1, 1, -1, -1, -1, -1, -1, 2, 1], [0, 1, -1, 1, -1, 2, -1, -1, -1, -1, 4], [0, 1, -1, 1, 0, -1, -1, -1, -1, -1, 4], [0, 1, 3, -1, -1, -1, -1, -1, -1, -1, 4], [0, 1, 3, -1, -1, -1, 4, -1, -1, -1, -1], [0, 1, 3, -1, -1, 4, -1, -1, -1, -1, 2], [0, 1, 2, -1, -1, -1, -1, -1, -1, 2, 4], [0, 1, 2, -1, -1, -1, 2, -1, -1, 4, -1], [0, 1, 2, -1, -1, 2, -1, -1, -1, 4, -1], [0, 1, 2, -1, -1, 2, -1, -1, 4, -1, -1], [0, 1, 1, -1, -1, -1, -1, 4, -1, 4, -1], [0, 1, 1, -1, -1, -1, -1, 4, 4, -1, 4], [0, 1, 1, -1, -1, -1, 4, -1, -1, 4, -1]]
