overall accuracy: 0.7788666666666667
execution time
3 0.08421015739440918 0.0783379077911377
4 0.1059870719909668 0.10267782211303711
5 0.12513422966003418 0.16410398483276367
6 0.28462886810302734 1.3179471492767334
7 0.8587572574615479 21.031695127487183
8 2.751410961151123 420.08390283584595
9 0.08421015739440918
10 0.1059870719909668
11 0.12513422966003418
12 0.28462886810302734
13 0.8587572574615479
14 2.751410961151123
15 8.019036293029785


number of patterns checked
3 98.0 143.0
4 274.0 719.0
5 673.0 2879.0
6 4633.0 34559.0
7 17943.0 414719.0
8 49403.0 4976639.0
9 98.0
10 274.0
11 673.0
12 4633.0
13 17943.0
14 49403.0
15 111283.0


number of patterns found
3 12 
 [[-1, -1, -1, 1, -1, 3], [-1, -1, 3, -1, -1, 3], [-1, -1, 3, 1, 0, 4], [-1, -1, 2, -1, -1, 3], [-1, 2, 3, -1, 0, 4], [-1, 1, -1, -1, 1, 3], [-1, 1, 3, -1, 1, 4], [1, -1, -1, -1, 1, 4], [1, -1, -1, -1, 1, 3], [1, -1, -1, 2, -1, 4], [1, 2, -1, -1, -1, 4], [0, 1, -1, -1, -1, 3]]
4 38 
 [[-1, -1, -1, -1, -1, -1, 6], [-1, -1, -1, -1, -1, -1, 5], [-1, -1, -1, -1, -1, 3, 4], [-1, -1, -1, -1, 1, 3, 1], [-1, -1, -1, 1, -1, 3, -1], [-1, -1, 3, -1, -1, 3, -1], [-1, -1, 3, -1, 0, -1, 4], [-1, -1, 3, 1, 0, 4, -1], [-1, -1, 2, -1, -1, 3, -1], [-1, -1, 2, -1, -1, 1, 4], [-1, -1, 2, 2, 0, -1, 4], [-1, -1, 1, -1, 0, 4, 2], [-1, 2, -1, -1, -1, 1, 4], [-1, 2, -1, 1, 0, -1, 4], [-1, 2, 3, -1, -1, 4, 2], [-1, 2, 3, -1, 0, 4, -1], [-1, 2, 3, 1, -1, -1, 4], [-1, 2, 2, -1, -1, -1, 4], [-1, 2, 1, -1, -1, 4, 2], [-1, 1, -1, -1, 1, 4, 2], [-1, 1, -1, -1, 1, 3, -1], [-1, 1, -1, 2, 1, -1, 4], [-1, 1, 3, -1, 1, 4, -1], [-1, 1, 3, 2, -1, -1, 4], [1, -1, -1, -1, -1, 4, 2], [1, -1, -1, -1, 1, -1, 4], [1, -1, -1, -1, 1, 4, -1], [1, -1, -1, -1, 1, 3, -1], [1, -1, -1, 2, -1, 4, -1], [1, 2, -1, -1, -1, 4, -1], [1, 1, -1, -1, -1, 3, 0], [0, -1, -1, -1, -1, 1, 4], [0, -1, -1, 1, 0, -1, 4], [0, -1, 2, -1, 0, -1, 4], [0, -1, 1, -1, 1, -1, 4], [0, 2, -1, -1, 0, -1, 4], [0, 1, -1, -1, -1, 3, -1], [0, 1, 3, -1, -1, -1, 4]]
5 79 
 [[-1, -1, -1, -1, -1, -1, -1, 5], [-1, -1, -1, -1, -1, -1, 6, -1], [-1, -1, -1, -1, -1, -1, 5, -1], [-1, -1, -1, -1, -1, 4, 4, 2], [-1, -1, -1, -1, -1, 3, -1, 4], [-1, -1, -1, -1, -1, 3, 4, -1], [-1, -1, -1, -1, -1, 1, 4, 4], [-1, -1, -1, -1, 1, -1, 1, 4], [-1, -1, -1, -1, 1, 3, -1, 2], [-1, -1, -1, -1, 1, 3, 1, -1], [-1, -1, -1, -1, 1, 1, -1, 4], [-1, -1, -1, 2, -1, -1, 4, 1], [-1, -1, -1, 1, -1, 3, -1, -1], [-1, -1, -1, 1, 0, -1, 4, 2], [-1, -1, -1, 1, 0, -1, 2, 4], [-1, -1, -1, 1, 0, 2, -1, 4], [-1, -1, 3, -1, -1, -1, -1, 4], [-1, -1, 3, -1, -1, -1, 4, 2], [-1, -1, 3, -1, -1, 3, -1, -1], [-1, -1, 3, -1, 0, -1, 4, -1], [-1, -1, 3, 1, 0, 4, -1, -1], [-1, -1, 2, -1, -1, -1, 4, 1], [-1, -1, 2, -1, -1, 3, -1, -1], [-1, -1, 2, -1, -1, 1, 4, -1], [-1, -1, 2, 2, -1, -1, 4, 2], [-1, -1, 2, 2, -1, 4, -1, 4], [-1, -1, 2, 2, 0, -1, 4, -1], [-1, -1, 1, -1, -1, -1, 4, 2], [-1, -1, 1, -1, -1, -1, 2, 4], [-1, -1, 1, -1, -1, 4, -1, 2], [-1, -1, 1, -1, 0, 4, 2, -1], [-1, -1, 1, -1, 0, 2, -1, 4], [-1, -1, 1, 2, -1, 1, -1, 4], [-1, 2, -1, -1, -1, -1, 4, 1], [-1, 2, -1, -1, -1, 1, 4, -1], [-1, 2, -1, 1, 0, -1, -1, 4], [-1, 2, -1, 1, 0, -1, 4, -1], [-1, 2, 3, -1, -1, 4, -1, 2], [-1, 2, 3, -1, -1, 4, 2, -1], [-1, 2, 3, -1, 0, 4, -1, -1], [-1, 2, 3, 1, -1, -1, 4, -1], [-1, 2, 2, -1, -1, -1, 4, -1], [-1, 2, 2, -1, 0, 4, -1, 4], [-1, 2, 1, -1, -1, 4, 2, -1], [-1, 2, 1, -1, -1, 2, -1, 4], [-1, 1, -1, -1, -1, -1, 4, 2], [-1, 1, -1, -1, -1, 4, -1, 2], [-1, 1, -1, -1, -1, 3, -1, 0], [-1, 1, -1, -1, -1, 1, -1, 4], [-1, 1, -1, -1, 1, 4, 2, -1], [-1, 1, -1, -1, 1, 3, -1, -1], [-1, 1, -1, 2, 1, -1, 4, -1], [-1, 1, 3, -1, 1, 4, -1, -1], [-1, 1, 3, 2, -1, -1, 4, -1], [1, -1, -1, -1, -1, -1, 4, 2], [1, -1, -1, -1, -1, 4, -1, 2], [1, -1, -1, -1, -1, 4, 2, -1], [1, -1, -1, -1, 1, -1, 4, -1], [1, -1, -1, -1, 1, 4, -1, -1], [1, -1, -1, -1, 1, 3, -1, -1], [1, -1, -1, 2, -1, 4, -1, -1], [1, 2, -1, -1, -1, 4, -1, -1], [1, 2, -1, -1, 1, -1, -1, 4], [1, 1, -1, -1, -1, 3, 0, -1], [0, -1, -1, -1, -1, -1, 4, 1], [0, -1, -1, -1, -1, 1, -1, 4], [0, -1, -1, -1, -1, 1, 4, -1], [0, -1, -1, -1, 0, 3, 0, 0], [0, -1, -1, 1, 0, -1, -1, 4], [0, -1, -1, 1, 0, -1, 4, -1], [0, -1, 2, -1, 0, -1, 4, -1], [0, -1, 1, -1, -1, 2, -1, 4], [0, -1, 1, -1, 1, -1, 4, -1], [0, -1, 1, 1, -1, -1, -1, 4], [0, 2, -1, -1, 0, -1, -1, 4], [0, 2, -1, -1, 0, -1, 4, -1], [0, 2, -1, -1, 0, 3, -1, 0], [0, 1, -1, -1, -1, 3, -1, -1], [0, 1, 3, -1, -1, -1, 4, -1]]
6 139 
 [[-1, -1, -1, -1, -1, -1, -1, 5, -1], [-1, -1, -1, -1, -1, -1, -1, 1, 4], [-1, -1, -1, -1, -1, -1, 6, -1, -1], [-1, -1, -1, -1, -1, -1, 5, -1, -1], [-1, -1, -1, -1, -1, -1, 4, -1, 0], [-1, -1, -1, -1, -1, -1, 2, 4, 4], [-1, -1, -1, -1, -1, -1, 1, -1, 4], [-1, -1, -1, -1, -1, 5, -1, -1, 2], [-1, -1, -1, -1, -1, 4, 4, 2, -1], [-1, -1, -1, -1, -1, 3, -1, -1, 4], [-1, -1, -1, -1, -1, 3, -1, 4, -1], [-1, -1, -1, -1, -1, 3, 4, -1, -1], [-1, -1, -1, -1, -1, 3, 0, -1, 0], [-1, -1, -1, -1, -1, 2, -1, 4, 4], [-1, -1, -1, -1, -1, 1, -1, -1, 4], [-1, -1, -1, -1, -1, 1, -1, 4, 2], [-1, -1, -1, -1, -1, 1, 4, 4, -1], [-1, -1, -1, -1, 1, -1, 1, 4, -1], [-1, -1, -1, -1, 1, 4, 2, 2, 2], [-1, -1, -1, -1, 1, 3, -1, -1, 0], [-1, -1, -1, -1, 1, 3, -1, 2, -1], [-1, -1, -1, -1, 1, 3, 1, -1, -1], [-1, -1, -1, -1, 1, 1, -1, 4, -1], [-1, -1, -1, -1, 0, -1, 4, -1, 2], [-1, -1, -1, -1, 0, 4, -1, -1, 2], [-1, -1, -1, 2, -1, -1, 4, -1, 2], [-1, -1, -1, 2, -1, -1, 4, 1, -1], [-1, -1, -1, 2, -1, 4, -1, -1, 2], [-1, -1, -1, 1, -1, -1, -1, -1, 5], [-1, -1, -1, 1, -1, -1, -1, 4, 1], [-1, -1, -1, 1, -1, 3, -1, -1, -1], [-1, -1, -1, 1, 0, -1, 4, 2, -1], [-1, -1, -1, 1, 0, -1, 2, 4, -1], [-1, -1, -1, 1, 0, 2, -1, 4, -1], [-1, -1, 3, -1, -1, -1, -1, -1, 4], [-1, -1, 3, -1, -1, -1, -1, 4, -1], [-1, -1, 3, -1, -1, -1, 4, 2, -1], [-1, -1, 3, -1, -1, 3, -1, -1, -1], [-1, -1, 3, -1, 0, -1, 4, -1, -1], [-1, -1, 3, 1, -1, -1, 4, -1, 2], [-1, -1, 3, 1, 0, 4, -1, -1, -1], [-1, -1, 2, -1, -1, -1, 4, -1, 2], [-1, -1, 2, -1, -1, -1, 4, -1, 1], [-1, -1, 2, -1, -1, -1, 4, 1, -1], [-1, -1, 2, -1, -1, 4, -1, -1, 2], [-1, -1, 2, -1, -1, 3, -1, -1, -1], [-1, -1, 2, -1, -1, 1, 4, -1, -1], [-1, -1, 2, 2, -1, -1, 4, 2, -1], [-1, -1, 2, 2, -1, 4, -1, 4, -1], [-1, -1, 2, 2, 0, -1, 4, -1, -1], [-1, -1, 1, -1, -1, -1, 4, 2, -1], [-1, -1, 1, -1, -1, -1, 2, 4, -1], [-1, -1, 1, -1, -1, 4, -1, 2, -1], [-1, -1, 1, -1, -1, 4, 2, -1, 2], [-1, -1, 1, -1, 0, 4, 2, -1, -1], [-1, -1, 1, -1, 0, 2, -1, 4, -1], [-1, -1, 1, 2, -1, 1, -1, 4, -1], [-1, 2, -1, -1, -1, -1, -1, 4, 4], [-1, 2, -1, -1, -1, -1, 4, -1, 1], [-1, 2, -1, -1, -1, -1, 4, 1, -1], [-1, 2, -1, -1, -1, 1, 4, -1, -1], [-1, 2, -1, 1, 0, -1, -1, -1, 4], [-1, 2, -1, 1, 0, -1, -1, 4, -1], [-1, 2, -1, 1, 0, -1, 4, -1, -1], [-1, 2, 3, -1, -1, 4, -1, 2, -1], [-1, 2, 3, -1, -1, 4, 2, -1, -1], [-1, 2, 3, -1, 0, 4, -1, -1, -1], [-1, 2, 3, 1, -1, -1, 4, -1, -1], [-1, 2, 2, -1, -1, -1, 4, -1, -1], [-1, 2, 2, -1, 0, 4, -1, 4, -1], [-1, 2, 2, 2, 0, -1, -1, -1, 4], [-1, 2, 1, -1, -1, -1, 2, -1, 4], [-1, 2, 1, -1, -1, 4, 2, -1, -1], [-1, 2, 1, -1, -1, 2, -1, -1, 4], [-1, 2, 1, -1, -1, 2, -1, 4, -1], [-1, 2, 1, 1, -1, -1, -1, -1, 4], [-1, 1, -1, -1, -1, -1, 4, -1, 2], [-1, 1, -1, -1, -1, -1, 4, 2, -1], [-1, 1, -1, -1, -1, 4, -1, -1, 2], [-1, 1, -1, -1, -1, 4, -1, 2, -1], [-1, 1, -1, -1, -1, 3, -1, -1, 0], [-1, 1, -1, -1, -1, 3, -1, 0, -1], [-1, 1, -1, -1, -1, 1, -1, 4, -1], [-1, 1, -1, -1, 1, 4, 2, -1, -1], [-1, 1, -1, -1, 1, 3, -1, -1, -1], [-1, 1, -1, -1, 1, 2, -1, -1, 4], [-1, 1, -1, -1, 0, 3, -1, -1, 2], [-1, 1, -1, 2, -1, 3, -1, -1, 2], [-1, 1, -1, 2, 1, -1, 4, -1, -1], [-1, 1, -1, 2, 0, -1, -1, 4, 2], [-1, 1, 3, -1, 1, 4, -1, -1, -1], [-1, 1, 3, 2, -1, -1, 4, -1, -1], [-1, 1, 2, 2, -1, -1, -1, 4, 2], [1, -1, -1, -1, -1, -1, 4, 2, -1], [1, -1, -1, -1, -1, 4, -1, -1, 2], [1, -1, -1, -1, -1, 4, -1, 2, -1], [1, -1, -1, -1, -1, 4, 2, -1, -1], [1, -1, -1, -1, 1, -1, -1, -1, 4], [1, -1, -1, -1, 1, -1, 4, -1, -1], [1, -1, -1, -1, 1, 4, -1, -1, -1], [1, -1, -1, -1, 1, 3, -1, -1, -1], [1, -1, -1, 2, -1, 4, -1, -1, -1], [1, 2, -1, -1, -1, 4, -1, -1, -1], [1, 2, -1, -1, 1, -1, -1, 4, -1], [1, 2, -1, 2, -1, -1, -1, -1, 4], [1, 1, -1, -1, -1, 3, 0, -1, -1], [0, -1, -1, -1, -1, -1, -1, 4, 1], [0, -1, -1, -1, -1, -1, 4, -1, 1], [0, -1, -1, -1, -1, -1, 4, 4, 2], [0, -1, -1, -1, -1, -1, 4, 1, -1], [0, -1, -1, -1, -1, 4, -1, 4, 2], [0, -1, -1, -1, -1, 1, -1, 4, -1], [0, -1, -1, -1, -1, 1, 4, -1, -1], [0, -1, -1, -1, 1, 2, -1, -1, 4], [0, -1, -1, -1, 0, -1, -1, 4, 4], [0, -1, -1, -1, 0, 3, -1, -1, 0], [0, -1, -1, -1, 0, 3, 0, 0, -1], [0, -1, -1, 1, -1, -1, 2, -1, 4], [0, -1, -1, 1, -1, 2, -1, -1, 4], [0, -1, -1, 1, 0, -1, -1, -1, 4], [0, -1, -1, 1, 0, -1, -1, 4, -1], [0, -1, -1, 1, 0, -1, 4, -1, -1], [0, -1, 3, -1, -1, -1, 4, -1, 2], [0, -1, 2, -1, 0, -1, 4, -1, -1], [0, -1, 1, -1, -1, 2, -1, 4, -1], [0, -1, 1, -1, 1, -1, 4, -1, -1], [0, -1, 1, 1, -1, -1, -1, -1, 4], [0, -1, 1, 1, -1, -1, -1, 4, -1], [0, 2, -1, -1, -1, 3, -1, -1, 0], [0, 2, -1, -1, -1, 2, 2, -1, 4], [0, 2, -1, -1, 0, -1, -1, -1, 4], [0, 2, -1, -1, 0, -1, -1, 4, -1], [0, 2, -1, -1, 0, -1, 4, -1, -1], [0, 2, -1, -1, 0, 3, -1, 0, -1], [0, 1, -1, -1, -1, 3, -1, -1, -1], [0, 1, -1, -1, 1, -1, 2, -1, 4], [0, 1, -1, 2, -1, -1, -1, 4, 4], [0, 1, 3, -1, -1, -1, 4, -1, -1], [0, 1, 2, -1, -1, 2, -1, -1, 4]]
7 236 
 [[-1, -1, -1, -1, -1, -1, -1, -1, -1, 5], [-1, -1, -1, -1, -1, -1, -1, -1, 5, 4], [-1, -1, -1, -1, -1, -1, -1, -1, 4, 1], [-1, -1, -1, -1, -1, -1, -1, -1, 1, 4], [-1, -1, -1, -1, -1, -1, -1, 5, -1, -1], [-1, -1, -1, -1, -1, -1, -1, 4, -1, 1], [-1, -1, -1, -1, -1, -1, -1, 4, 4, 2], [-1, -1, -1, -1, -1, -1, -1, 1, -1, 4], [-1, -1, -1, -1, -1, -1, -1, 1, 4, -1], [-1, -1, -1, -1, -1, -1, 6, -1, -1, -1], [-1, -1, -1, -1, -1, -1, 5, -1, -1, -1], [-1, -1, -1, -1, -1, -1, 4, -1, -1, 0], [-1, -1, -1, -1, -1, -1, 4, -1, 4, 2], [-1, -1, -1, -1, -1, -1, 4, -1, 2, 4], [-1, -1, -1, -1, -1, -1, 4, -1, 0, -1], [-1, -1, -1, -1, -1, -1, 4, 4, -1, 2], [-1, -1, -1, -1, -1, -1, 4, 2, -1, 4], [-1, -1, -1, -1, -1, -1, 2, -1, 4, 4], [-1, -1, -1, -1, -1, -1, 2, 4, -1, 4], [-1, -1, -1, -1, -1, -1, 2, 4, 4, -1], [-1, -1, -1, -1, -1, -1, 1, -1, -1, 4], [-1, -1, -1, -1, -1, -1, 1, -1, 4, -1], [-1, -1, -1, -1, -1, 5, -1, -1, 2, -1], [-1, -1, -1, -1, -1, 4, -1, -1, 2, 4], [-1, -1, -1, -1, -1, 4, 4, 2, -1, -1], [-1, -1, -1, -1, -1, 3, -1, -1, -1, 4], [-1, -1, -1, -1, -1, 3, -1, -1, -1, 0], [-1, -1, -1, -1, -1, 3, -1, -1, 4, -1], [-1, -1, -1, -1, -1, 3, -1, 4, -1, -1], [-1, -1, -1, -1, -1, 3, 4, -1, -1, -1], [-1, -1, -1, -1, -1, 3, 0, -1, 0, -1], [-1, -1, -1, -1, -1, 2, -1, -1, 4, 4], [-1, -1, -1, -1, -1, 2, -1, 4, -1, 4], [-1, -1, -1, -1, -1, 2, -1, 4, 4, -1], [-1, -1, -1, -1, -1, 1, -1, -1, -1, 4], [-1, -1, -1, -1, -1, 1, -1, -1, 4, -1], [-1, -1, -1, -1, -1, 1, -1, 4, 2, -1], [-1, -1, -1, -1, -1, 1, 4, 4, -1, -1], [-1, -1, -1, -1, 1, -1, 1, 4, -1, -1], [-1, -1, -1, -1, 1, -1, 1, 1, 2, 2], [-1, -1, -1, -1, 1, 4, -1, 2, 2, 2], [-1, -1, -1, -1, 1, 4, 2, -1, -1, 2], [-1, -1, -1, -1, 1, 4, 2, 2, 2, -1], [-1, -1, -1, -1, 1, 3, -1, -1, 0, -1], [-1, -1, -1, -1, 1, 3, -1, 2, -1, -1], [-1, -1, -1, -1, 1, 3, 1, -1, -1, -1], [-1, -1, -1, -1, 1, 1, -1, 4, -1, -1], [-1, -1, -1, -1, 0, -1, 4, -1, -1, 2], [-1, -1, -1, -1, 0, -1, 4, -1, 2, -1], [-1, -1, -1, -1, 0, 4, -1, -1, 2, -1], [-1, -1, -1, -1, 0, 4, -1, 4, -1, 2], [-1, -1, -1, -1, 0, 4, -1, 2, -1, 4], [-1, -1, -1, 2, -1, -1, 4, -1, -1, 2], [-1, -1, -1, 2, -1, -1, 4, -1, 2, -1], [-1, -1, -1, 2, -1, -1, 4, 1, -1, -1], [-1, -1, -1, 2, -1, 4, -1, -1, 2, -1], [-1, -1, -1, 2, -1, 4, -1, 4, -1, 2], [-1, -1, -1, 2, 0, 4, -1, -1, 4, 2], [-1, -1, -1, 1, -1, -1, -1, -1, 5, -1], [-1, -1, -1, 1, -1, -1, -1, -1, 2, 0], [-1, -1, -1, 1, -1, -1, -1, 4, 1, -1], [-1, -1, -1, 1, -1, 3, -1, -1, -1, -1], [-1, -1, -1, 1, 0, -1, 4, 2, -1, -1], [-1, -1, -1, 1, 0, -1, 2, 4, -1, -1], [-1, -1, -1, 1, 0, 4, 2, -1, -1, 2], [-1, -1, -1, 1, 0, 2, -1, 4, -1, -1], [-1, -1, 3, -1, -1, -1, -1, -1, 4, -1], [-1, -1, 3, -1, -1, -1, -1, 4, -1, -1], [-1, -1, 3, -1, -1, -1, 4, -1, -1, 2], [-1, -1, 3, -1, -1, -1, 4, 2, -1, -1], [-1, -1, 3, -1, -1, 3, -1, -1, -1, -1], [-1, -1, 3, -1, 0, -1, -1, -1, -1, 4], [-1, -1, 3, -1, 0, -1, 4, -1, -1, -1], [-1, -1, 3, 1, -1, -1, 4, -1, 2, -1], [-1, -1, 3, 1, 0, 4, -1, -1, -1, -1], [-1, -1, 2, -1, -1, -1, 4, -1, -1, 2], [-1, -1, 2, -1, -1, -1, 4, -1, -1, 1], [-1, -1, 2, -1, -1, -1, 4, -1, 2, -1], [-1, -1, 2, -1, -1, -1, 4, -1, 1, -1], [-1, -1, 2, -1, -1, -1, 4, 1, -1, -1], [-1, -1, 2, -1, -1, 4, -1, -1, 2, -1], [-1, -1, 2, -1, -1, 4, -1, 4, -1, 2], [-1, -1, 2, -1, -1, 3, -1, -1, -1, -1], [-1, -1, 2, -1, -1, 1, 4, -1, -1, -1], [-1, -1, 2, -1, 0, -1, 1, -1, 0, 0], [-1, -1, 2, -1, 0, 4, -1, -1, -1, 2], [-1, -1, 2, 2, -1, -1, 4, 2, -1, -1], [-1, -1, 2, 2, -1, 4, -1, -1, -1, 2], [-1, -1, 2, 2, -1, 4, -1, 4, -1, -1], [-1, -1, 2, 2, 0, -1, -1, -1, 4, 4], [-1, -1, 2, 2, 0, -1, 4, -1, -1, -1], [-1, -1, 2, 1, -1, 4, 2, -1, -1, 2], [-1, -1, 2, 1, 1, -1, -1, 4, -1, 4], [-1, -1, 1, -1, -1, -1, 4, 2, -1, -1], [-1, -1, 1, -1, -1, -1, 2, 4, -1, -1], [-1, -1, 1, -1, -1, 4, -1, 2, -1, -1], [-1, -1, 1, -1, -1, 4, 2, -1, -1, 2], [-1, -1, 1, -1, -1, 4, 2, -1, 2, -1], [-1, -1, 1, -1, 1, -1, -1, -1, -1, 4], [-1, -1, 1, -1, 0, 4, 2, -1, -1, -1], [-1, -1, 1, -1, 0, 2, -1, 4, -1, -1], [-1, -1, 1, 2, -1, 1, -1, 4, -1, -1], [-1, -1, 1, 2, 0, 3, -1, -1, -1, 2], [-1, -1, 1, 1, -1, -1, -1, -1, 4, 4], [-1, -1, 1, 1, -1, -1, 4, -1, -1, 4], [-1, 2, -1, -1, -1, -1, -1, 4, 4, -1], [-1, 2, -1, -1, -1, -1, 4, -1, 1, -1], [-1, 2, -1, -1, -1, -1, 4, 1, -1, -1], [-1, 2, -1, -1, -1, 4, -1, -1, 4, 2], [-1, 2, -1, -1, -1, 1, 4, -1, -1, -1], [-1, 2, -1, 1, -1, -1, -1, 4, -1, 4], [-1, 2, -1, 1, -1, -1, 4, -1, -1, 4], [-1, 2, -1, 1, 0, -1, -1, -1, 4, -1], [-1, 2, -1, 1, 0, -1, -1, 4, -1, -1], [-1, 2, -1, 1, 0, -1, 4, -1, -1, -1], [-1, 2, -1, 1, 0, 4, -1, -1, -1, 2], [-1, 2, 3, -1, -1, 4, -1, 2, -1, -1], [-1, 2, 3, -1, -1, 4, 2, -1, -1, -1], [-1, 2, 3, -1, 0, 4, -1, -1, -1, -1], [-1, 2, 3, 1, -1, -1, 4, -1, -1, -1], [-1, 2, 2, -1, -1, -1, 4, -1, -1, -1], [-1, 2, 2, -1, 0, 4, -1, 4, -1, -1], [-1, 2, 2, 2, 0, -1, -1, -1, 4, -1], [-1, 2, 2, 2, 0, -1, -1, 4, -1, 4], [-1, 2, 2, 1, 1, -1, -1, -1, 4, 4], [-1, 2, 1, -1, -1, -1, -1, -1, 4, 2], [-1, 2, 1, -1, -1, -1, 2, -1, -1, 4], [-1, 2, 1, -1, -1, -1, 2, -1, 4, -1], [-1, 2, 1, -1, -1, 4, 2, -1, -1, -1], [-1, 2, 1, -1, -1, 2, -1, -1, 4, -1], [-1, 2, 1, -1, -1, 2, -1, 4, -1, -1], [-1, 2, 1, 1, -1, -1, -1, -1, 4, -1], [-1, 1, -1, -1, -1, -1, 4, -1, -1, 2], [-1, 1, -1, -1, -1, -1, 4, -1, 2, -1], [-1, 1, -1, -1, -1, -1, 4, 2, -1, -1], [-1, 1, -1, -1, -1, 4, -1, -1, 2, -1], [-1, 1, -1, -1, -1, 4, -1, 2, -1, -1], [-1, 1, -1, -1, -1, 3, -1, -1, 2, 2], [-1, 1, -1, -1, -1, 3, -1, -1, 0, -1], [-1, 1, -1, -1, -1, 3, -1, 0, -1, -1], [-1, 1, -1, -1, -1, 1, -1, 4, -1, -1], [-1, 1, -1, -1, 1, -1, 2, -1, -1, 4], [-1, 1, -1, -1, 1, 4, -1, -1, -1, 2], [-1, 1, -1, -1, 1, 4, 2, -1, -1, -1], [-1, 1, -1, -1, 1, 3, -1, -1, -1, -1], [-1, 1, -1, -1, 1, 2, -1, -1, -1, 4], [-1, 1, -1, -1, 1, 2, -1, -1, 4, -1], [-1, 1, -1, -1, 0, 3, -1, -1, -1, 2], [-1, 1, -1, -1, 0, 3, -1, -1, 2, -1], [-1, 1, -1, 2, -1, 4, -1, -1, -1, 2], [-1, 1, -1, 2, -1, 3, -1, -1, 2, -1], [-1, 1, -1, 2, 1, -1, 4, -1, -1, -1], [-1, 1, -1, 2, 0, -1, -1, 4, 2, -1], [-1, 1, -1, 1, -1, 1, 1, 1, -1, 2], [-1, 1, 3, -1, -1, -1, -1, -1, -1, 4], [-1, 1, 3, -1, -1, 4, -1, -1, -1, 2], [-1, 1, 3, -1, 1, 4, -1, -1, -1, -1], [-1, 1, 3, 2, -1, -1, 4, -1, -1, -1], [-1, 1, 2, -1, 0, -1, -1, 4, -1, 2], [-1, 1, 2, 2, -1, -1, -1, 4, -1, 2], [-1, 1, 2, 2, -1, -1, -1, 4, 2, -1], [1, -1, -1, -1, -1, -1, 4, 2, -1, -1], [1, -1, -1, -1, -1, 4, -1, -1, -1, 2], [1, -1, -1, -1, -1, 4, -1, -1, 2, -1], [1, -1, -1, -1, -1, 4, -1, 2, -1, -1], [1, -1, -1, -1, -1, 4, 2, -1, -1, -1], [1, -1, -1, -1, 1, -1, -1, -1, -1, 4], [1, -1, -1, -1, 1, -1, -1, -1, 4, -1], [1, -1, -1, -1, 1, -1, 4, -1, -1, -1], [1, -1, -1, -1, 1, 4, -1, -1, -1, -1], [1, -1, -1, -1, 1, 3, -1, -1, -1, -1], [1, -1, -1, 2, -1, 4, -1, -1, -1, -1], [1, 2, -1, -1, -1, -1, -1, -1, 4, 4], [1, 2, -1, -1, -1, -1, 4, -1, -1, 2], [1, 2, -1, -1, -1, 4, -1, -1, -1, -1], [1, 2, -1, -1, 1, -1, -1, 4, -1, -1], [1, 2, -1, 2, -1, -1, -1, -1, 4, -1], [1, 2, -1, 1, -1, -1, -1, -1, -1, 4], [1, 1, -1, -1, -1, 3, 0, -1, -1, -1], [1, 1, -1, 1, -1, 1, -1, -1, -1, 2], [0, -1, -1, -1, -1, -1, -1, 4, 1, -1], [0, -1, -1, -1, -1, -1, 4, -1, 1, -1], [0, -1, -1, -1, -1, -1, 4, 4, 2, -1], [0, -1, -1, -1, -1, -1, 4, 1, -1, -1], [0, -1, -1, -1, -1, 4, -1, 4, 2, -1], [0, -1, -1, -1, -1, 4, 4, -1, 2, 2], [0, -1, -1, -1, -1, 1, -1, 4, -1, -1], [0, -1, -1, -1, -1, 1, 4, -1, -1, -1], [0, -1, -1, -1, 1, 2, -1, -1, -1, 4], [0, -1, -1, -1, 1, 2, -1, -1, 4, -1], [0, -1, -1, -1, 0, -1, -1, -1, 2, 0], [0, -1, -1, -1, 0, -1, -1, 4, 4, -1], [0, -1, -1, -1, 0, 3, -1, -1, 0, -1], [0, -1, -1, -1, 0, 3, 0, 0, -1, -1], [0, -1, -1, 1, -1, -1, 2, -1, 4, -1], [0, -1, -1, 1, -1, 2, -1, -1, 4, -1], [0, -1, -1, 1, 0, -1, -1, -1, 4, -1], [0, -1, -1, 1, 0, -1, -1, 4, -1, -1], [0, -1, -1, 1, 0, -1, 4, -1, -1, -1], [0, -1, -1, 1, 0, 2, -1, -1, -1, 0], [0, -1, 3, -1, -1, -1, 4, -1, 2, -1], [0, -1, 3, 2, -1, -1, -1, -1, -1, 4], [0, -1, 2, -1, -1, -1, -1, -1, 2, 0], [0, -1, 2, -1, 0, -1, -1, -1, 4, 4], [0, -1, 2, -1, 0, -1, 4, -1, -1, -1], [0, -1, 2, 1, -1, 2, -1, -1, -1, 0], [0, -1, 1, -1, -1, -1, -1, -1, 2, 4], [0, -1, 1, -1, -1, 2, -1, 4, -1, -1], [0, -1, 1, -1, 1, -1, 4, -1, -1, -1], [0, -1, 1, -1, 0, 3, -1, -1, -1, 2], [0, -1, 1, 1, -1, -1, -1, -1, -1, 4], [0, -1, 1, 1, -1, -1, -1, -1, 4, -1], [0, -1, 1, 1, -1, -1, -1, 4, -1, -1], [0, 2, -1, -1, -1, -1, 4, -1, -1, 1], [0, 2, -1, -1, -1, 4, -1, 4, -1, 2], [0, 2, -1, -1, -1, 3, -1, -1, 0, -1], [0, 2, -1, -1, -1, 2, 2, -1, 4, -1], [0, 2, -1, -1, 0, -1, -1, -1, 4, -1], [0, 2, -1, -1, 0, -1, -1, 4, -1, -1], [0, 2, -1, -1, 0, -1, 4, -1, -1, -1], [0, 2, -1, -1, 0, 3, -1, 0, -1, -1], [0, 2, 2, 1, 0, -1, -1, -1, -1, 0], [0, 2, 1, -1, -1, -1, -1, 4, -1, 2], [0, 2, 1, 2, -1, 3, -1, -1, -1, 2], [0, 1, -1, -1, -1, 4, -1, -1, -1, 2], [0, 1, -1, -1, -1, 3, -1, -1, -1, -1], [0, 1, -1, -1, 1, -1, 2, -1, 4, -1], [0, 1, -1, 2, -1, -1, -1, 4, -1, 2], [0, 1, -1, 2, -1, -1, -1, 4, 4, -1], [0, 1, -1, 2, -1, 2, -1, -1, -1, 4], [0, 1, 3, -1, -1, -1, 4, -1, -1, -1], [0, 1, 2, -1, -1, -1, 2, -1, -1, 4], [0, 1, 2, -1, -1, 2, -1, -1, -1, 4], [0, 1, 2, -1, -1, 2, -1, -1, 4, -1], [0, 1, 1, -1, -1, -1, -1, 4, -1, 4], [0, 1, 1, -1, -1, -1, 4, -1, -1, 4]]
8 365 
 [[-1, -1, -1, -1, -1, -1, -1, -1, -1, 5, -1], [-1, -1, -1, -1, -1, -1, -1, -1, 5, 4, -1], [-1, -1, -1, -1, -1, -1, -1, -1, 4, -1, 1], [-1, -1, -1, -1, -1, -1, -1, -1, 4, 4, 2], [-1, -1, -1, -1, -1, -1, -1, -1, 4, 1, -1], [-1, -1, -1, -1, -1, -1, -1, -1, 1, 4, -1], [-1, -1, -1, -1, -1, -1, -1, 5, -1, -1, -1], [-1, -1, -1, -1, -1, -1, -1, 4, -1, -1, 0], [-1, -1, -1, -1, -1, -1, -1, 4, -1, 4, 2], [-1, -1, -1, -1, -1, -1, -1, 4, -1, 1, -1], [-1, -1, -1, -1, -1, -1, -1, 4, 4, -1, 2], [-1, -1, -1, -1, -1, -1, -1, 4, 4, 2, -1], [-1, -1, -1, -1, -1, -1, -1, 1, -1, 4, -1], [-1, -1, -1, -1, -1, -1, -1, 1, 4, -1, -1], [-1, -1, -1, -1, -1, -1, 6, -1, -1, -1, -1], [-1, -1, -1, -1, -1, -1, 5, -1, -1, -1, -1], [-1, -1, -1, -1, -1, -1, 4, -1, -1, -1, 0], [-1, -1, -1, -1, -1, -1, 4, -1, -1, 4, 2], [-1, -1, -1, -1, -1, -1, 4, -1, -1, 2, 4], [-1, -1, -1, -1, -1, -1, 4, -1, -1, 0, -1], [-1, -1, -1, -1, -1, -1, 4, -1, 4, -1, 2], [-1, -1, -1, -1, -1, -1, 4, -1, 4, 2, -1], [-1, -1, -1, -1, -1, -1, 4, -1, 2, -1, 4], [-1, -1, -1, -1, -1, -1, 4, -1, 2, 4, -1], [-1, -1, -1, -1, -1, -1, 4, -1, 1, -1, 1], [-1, -1, -1, -1, -1, -1, 4, -1, 0, -1, -1], [-1, -1, -1, -1, -1, -1, 4, 4, -1, -1, 2], [-1, -1, -1, -1, -1, -1, 4, 4, -1, 2, -1], [-1, -1, -1, -1, -1, -1, 4, 2, -1, -1, 4], [-1, -1, -1, -1, -1, -1, 4, 2, -1, 4, -1], [-1, -1, -1, -1, -1, -1, 2, -1, 4, 4, -1], [-1, -1, -1, -1, -1, -1, 2, 4, -1, -1, 4], [-1, -1, -1, -1, -1, -1, 2, 4, -1, 4, -1], [-1, -1, -1, -1, -1, -1, 2, 4, 4, -1, -1], [-1, -1, -1, -1, -1, -1, 1, -1, -1, 4, -1], [-1, -1, -1, -1, -1, -1, 1, -1, 4, -1, -1], [-1, -1, -1, -1, -1, 5, -1, -1, 2, -1, -1], [-1, -1, -1, -1, -1, 4, -1, -1, -1, -1, 1], [-1, -1, -1, -1, -1, 4, -1, -1, -1, 4, 2], [-1, -1, -1, -1, -1, 4, -1, -1, -1, 2, 4], [-1, -1, -1, -1, -1, 4, -1, -1, 2, -1, 4], [-1, -1, -1, -1, -1, 4, -1, -1, 2, 4, -1], [-1, -1, -1, -1, -1, 4, 4, -1, 2, -1, 2], [-1, -1, -1, -1, -1, 4, 4, 2, -1, -1, -1], [-1, -1, -1, -1, -1, 4, 2, -1, -1, -1, 4], [-1, -1, -1, -1, -1, 3, -1, -1, -1, -1, 4], [-1, -1, -1, -1, -1, 3, -1, -1, -1, -1, 0], [-1, -1, -1, -1, -1, 3, -1, -1, -1, 4, -1], [-1, -1, -1, -1, -1, 3, -1, -1, -1, 0, -1], [-1, -1, -1, -1, -1, 3, -1, -1, 4, -1, -1], [-1, -1, -1, -1, -1, 3, -1, 4, -1, -1, -1], [-1, -1, -1, -1, -1, 3, 4, -1, -1, -1, -1], [-1, -1, -1, -1, -1, 3, 0, -1, 0, -1, -1], [-1, -1, -1, -1, -1, 2, -1, -1, 4, -1, 4], [-1, -1, -1, -1, -1, 2, -1, -1, 4, 4, -1], [-1, -1, -1, -1, -1, 2, -1, 4, -1, -1, 4], [-1, -1, -1, -1, -1, 2, -1, 4, -1, 4, -1], [-1, -1, -1, -1, -1, 2, -1, 4, 4, -1, -1], [-1, -1, -1, -1, -1, 1, -1, -1, -1, 4, -1], [-1, -1, -1, -1, -1, 1, -1, -1, 4, -1, -1], [-1, -1, -1, -1, -1, 1, -1, 4, 2, -1, -1], [-1, -1, -1, -1, -1, 1, 4, -1, -1, -1, 2], [-1, -1, -1, -1, -1, 1, 4, 4, -1, -1, -1], [-1, -1, -1, -1, 1, -1, -1, -1, -1, 4, 2], [-1, -1, -1, -1, 1, -1, -1, 4, -1, -1, 1], [-1, -1, -1, -1, 1, -1, 1, 4, -1, -1, -1], [-1, -1, -1, -1, 1, -1, 1, 1, 2, 2, -1], [-1, -1, -1, -1, 1, 4, -1, 2, 2, 2, -1], [-1, -1, -1, -1, 1, 4, 2, -1, -1, -1, 2], [-1, -1, -1, -1, 1, 4, 2, -1, -1, 2, -1], [-1, -1, -1, -1, 1, 4, 2, 2, 2, -1, -1], [-1, -1, -1, -1, 1, 3, -1, -1, 0, -1, -1], [-1, -1, -1, -1, 1, 3, -1, 2, -1, -1, -1], [-1, -1, -1, -1, 1, 3, 1, -1, -1, -1, -1], [-1, -1, -1, -1, 1, 1, -1, 4, -1, -1, -1], [-1, -1, -1, -1, 0, -1, -1, 4, -1, 2, 4], [-1, -1, -1, -1, 0, -1, -1, 4, 2, -1, 4], [-1, -1, -1, -1, 0, -1, 4, -1, -1, 2, -1], [-1, -1, -1, -1, 0, -1, 4, -1, 2, -1, -1], [-1, -1, -1, -1, 0, 4, -1, -1, 2, -1, -1], [-1, -1, -1, -1, 0, 4, -1, 4, -1, 2, -1], [-1, -1, -1, -1, 0, 4, -1, 2, -1, -1, 4], [-1, -1, -1, -1, 0, 4, -1, 2, -1, 4, -1], [-1, -1, -1, -1, 0, 4, 4, -1, -1, -1, 2], [-1, -1, -1, -1, 0, 1, -1, -1, -1, -1, 4], [-1, -1, -1, 2, -1, -1, 4, -1, -1, -1, 2], [-1, -1, -1, 2, -1, -1, 4, -1, -1, 2, -1], [-1, -1, -1, 2, -1, -1, 4, -1, 2, -1, -1], [-1, -1, -1, 2, -1, -1, 4, 1, -1, -1, -1], [-1, -1, -1, 2, -1, 4, -1, -1, 2, -1, -1], [-1, -1, -1, 2, -1, 4, -1, 4, -1, -1, 2], [-1, -1, -1, 2, -1, 4, -1, 4, -1, 2, -1], [-1, -1, -1, 2, -1, 4, -1, 2, -1, -1, 4], [-1, -1, -1, 2, -1, 1, -1, -1, -1, -1, 4], [-1, -1, -1, 2, 1, -1, -1, -1, 4, -1, 2], [-1, -1, -1, 2, 0, 4, -1, -1, 4, 2, -1], [-1, -1, -1, 1, -1, -1, -1, -1, 5, -1, -1], [-1, -1, -1, 1, -1, -1, -1, -1, 2, 0, -1], [-1, -1, -1, 1, -1, -1, -1, 4, -1, -1, 1], [-1, -1, -1, 1, -1, -1, -1, 4, 1, -1, -1], [-1, -1, -1, 1, -1, -1, 2, -1, 4, -1, 4], [-1, -1, -1, 1, -1, 3, -1, -1, -1, -1, -1], [-1, -1, -1, 1, -1, 2, -1, -1, -1, 4, 4], [-1, -1, -1, 1, 0, -1, 4, 2, -1, -1, -1], [-1, -1, -1, 1, 0, -1, 2, 4, -1, -1, -1], [-1, -1, -1, 1, 0, 4, 2, -1, -1, 2, -1], [-1, -1, -1, 1, 0, 2, -1, 4, -1, -1, -1], [-1, -1, 3, -1, -1, -1, -1, -1, 4, -1, -1], [-1, -1, 3, -1, -1, -1, -1, 4, -1, -1, -1], [-1, -1, 3, -1, -1, -1, 4, -1, -1, 2, -1], [-1, -1, 3, -1, -1, -1, 4, -1, 2, -1, 2], [-1, -1, 3, -1, -1, -1, 4, 2, -1, -1, -1], [-1, -1, 3, -1, -1, 4, 2, 2, 2, -1, 2], [-1, -1, 3, -1, -1, 3, -1, -1, -1, -1, -1], [-1, -1, 3, -1, 0, -1, -1, -1, -1, -1, 4], [-1, -1, 3, -1, 0, -1, -1, -1, -1, 4, -1], [-1, -1, 3, -1, 0, -1, 4, -1, -1, -1, -1], [-1, -1, 3, 1, -1, -1, 4, -1, -1, -1, 4], [-1, -1, 3, 1, -1, -1, 4, -1, 2, -1, -1], [-1, -1, 3, 1, -1, -1, 2, -1, -1, -1, 4], [-1, -1, 3, 1, 0, 4, -1, -1, -1, -1, -1], [-1, -1, 2, -1, -1, -1, -1, -1, -1, -1, 5], [-1, -1, 2, -1, -1, -1, -1, -1, 2, 0, 0], [-1, -1, 2, -1, -1, -1, 4, -1, -1, -1, 2], [-1, -1, 2, -1, -1, -1, 4, -1, -1, -1, 1], [-1, -1, 2, -1, -1, -1, 4, -1, -1, 2, -1], [-1, -1, 2, -1, -1, -1, 4, -1, -1, 1, -1], [-1, -1, 2, -1, -1, -1, 4, -1, 2, -1, -1], [-1, -1, 2, -1, -1, -1, 4, -1, 1, -1, -1], [-1, -1, 2, -1, -1, -1, 4, 1, -1, -1, -1], [-1, -1, 2, -1, -1, 4, -1, -1, 2, -1, -1], [-1, -1, 2, -1, -1, 4, -1, 4, -1, -1, 2], [-1, -1, 2, -1, -1, 4, -1, 4, -1, 2, -1], [-1, -1, 2, -1, -1, 3, -1, -1, -1, -1, -1], [-1, -1, 2, -1, -1, 1, 4, -1, -1, -1, -1], [-1, -1, 2, -1, 0, -1, 1, -1, 0, 0, -1], [-1, -1, 2, -1, 0, 4, -1, -1, -1, 2, -1], [-1, -1, 2, 2, -1, -1, 4, 2, -1, -1, -1], [-1, -1, 2, 2, -1, 4, -1, -1, -1, -1, 2], [-1, -1, 2, 2, -1, 4, -1, -1, -1, 2, -1], [-1, -1, 2, 2, -1, 4, -1, 4, -1, -1, -1], [-1, -1, 2, 2, 0, -1, -1, -1, 4, 4, -1], [-1, -1, 2, 2, 0, -1, 4, -1, -1, -1, -1], [-1, -1, 2, 1, -1, -1, -1, -1, 2, -1, 0], [-1, -1, 2, 1, -1, 4, 2, -1, -1, 2, -1], [-1, -1, 2, 1, 1, -1, -1, -1, 4, 4, 4], [-1, -1, 2, 1, 1, -1, -1, 4, -1, 4, -1], [-1, -1, 2, 1, 0, -1, -1, -1, 4, -1, 2], [-1, -1, 1, -1, -1, -1, 4, 2, -1, -1, -1], [-1, -1, 1, -1, -1, -1, 2, -1, 4, -1, 4], [-1, -1, 1, -1, -1, -1, 2, 4, -1, -1, -1], [-1, -1, 1, -1, -1, 4, -1, 2, -1, -1, -1], [-1, -1, 1, -1, -1, 4, 2, -1, -1, 2, -1], [-1, -1, 1, -1, -1, 4, 2, -1, 2, -1, -1], [-1, -1, 1, -1, 1, -1, -1, -1, -1, 4, -1], [-1, -1, 1, -1, 0, 4, 2, -1, -1, -1, -1], [-1, -1, 1, -1, 0, 2, -1, 4, -1, -1, -1], [-1, -1, 1, 2, -1, -1, -1, -1, -1, 4, 2], [-1, -1, 1, 2, -1, 1, -1, 4, -1, -1, -1], [-1, -1, 1, 2, 0, 3, -1, -1, -1, 2, -1], [-1, -1, 1, 1, -1, -1, -1, -1, -1, 4, 4], [-1, -1, 1, 1, -1, -1, -1, -1, 4, 4, -1], [-1, -1, 1, 1, -1, -1, 4, -1, -1, 4, -1], [-1, 2, -1, -1, -1, -1, -1, -1, 2, 0, 0], [-1, 2, -1, -1, -1, -1, -1, 4, 4, -1, -1], [-1, 2, -1, -1, -1, -1, 4, -1, 1, -1, -1], [-1, 2, -1, -1, -1, -1, 4, 1, -1, -1, -1], [-1, 2, -1, -1, -1, 4, -1, -1, 4, -1, 2], [-1, 2, -1, -1, -1, 4, -1, -1, 4, 2, -1], [-1, 2, -1, -1, -1, 4, -1, 4, -1, -1, 2], [-1, 2, -1, -1, -1, 1, -1, -1, -1, -1, 4], [-1, 2, -1, -1, -1, 1, 4, -1, -1, -1, -1], [-1, 2, -1, 1, -1, -1, -1, 4, -1, 4, -1], [-1, 2, -1, 1, -1, -1, -1, 2, 2, -1, 0], [-1, 2, -1, 1, -1, -1, 4, -1, -1, 4, -1], [-1, 2, -1, 1, 0, -1, -1, -1, 4, -1, -1], [-1, 2, -1, 1, 0, -1, -1, 4, -1, -1, -1], [-1, 2, -1, 1, 0, -1, 4, -1, -1, -1, -1], [-1, 2, -1, 1, 0, 4, -1, -1, -1, 2, -1], [-1, 2, 3, -1, -1, 4, -1, 2, -1, -1, -1], [-1, 2, 3, -1, -1, 4, 2, -1, -1, -1, -1], [-1, 2, 3, -1, 0, 4, -1, -1, -1, -1, -1], [-1, 2, 3, 1, -1, -1, -1, -1, -1, -1, 4], [-1, 2, 3, 1, -1, -1, 4, -1, -1, -1, -1], [-1, 2, 2, -1, -1, -1, -1, 2, 2, -1, 0], [-1, 2, 2, -1, -1, -1, 4, -1, -1, -1, -1], [-1, 2, 2, -1, 0, 4, -1, 4, -1, -1, -1], [-1, 2, 2, 2, 0, -1, -1, -1, 4, -1, -1], [-1, 2, 2, 2, 0, -1, -1, 4, -1, -1, 4], [-1, 2, 2, 2, 0, -1, -1, 4, -1, 4, -1], [-1, 2, 2, 1, -1, -1, -1, -1, -1, 4, 2], [-1, 2, 2, 1, 1, -1, -1, -1, 4, 4, -1], [-1, 2, 1, -1, -1, -1, -1, -1, 4, -1, 2], [-1, 2, 1, -1, -1, -1, -1, -1, 4, 2, -1], [-1, 2, 1, -1, -1, -1, 2, -1, -1, 4, -1], [-1, 2, 1, -1, -1, -1, 2, -1, 4, -1, -1], [-1, 2, 1, -1, -1, 4, 2, -1, -1, -1, -1], [-1, 2, 1, -1, -1, 2, -1, -1, 4, -1, -1], [-1, 2, 1, -1, -1, 2, -1, 4, -1, -1, -1], [-1, 2, 1, 2, -1, -1, -1, 4, -1, 2, 2], [-1, 2, 1, 1, -1, -1, -1, -1, 4, -1, -1], [-1, 1, -1, -1, -1, -1, -1, 4, -1, -1, 1], [-1, 1, -1, -1, -1, -1, 4, -1, -1, -1, 2], [-1, 1, -1, -1, -1, -1, 4, -1, -1, -1, 1], [-1, 1, -1, -1, -1, -1, 4, -1, -1, 2, -1], [-1, 1, -1, -1, -1, -1, 4, -1, 2, -1, -1], [-1, 1, -1, -1, -1, -1, 4, 2, -1, -1, -1], [-1, 1, -1, -1, -1, -1, 2, -1, 4, -1, 4], [-1, 1, -1, -1, -1, 4, -1, -1, 2, -1, -1], [-1, 1, -1, -1, -1, 4, -1, 2, -1, -1, -1], [-1, 1, -1, -1, -1, 3, -1, -1, 2, 2, -1], [-1, 1, -1, -1, -1, 3, -1, -1, 0, -1, -1], [-1, 1, -1, -1, -1, 3, -1, 0, -1, -1, -1], [-1, 1, -1, -1, -1, 1, -1, 4, -1, -1, -1], [-1, 1, -1, -1, 1, -1, -1, -1, -1, 2, 1], [-1, 1, -1, -1, 1, -1, 2, -1, -1, 4, -1], [-1, 1, -1, -1, 1, 4, -1, -1, -1, -1, 2], [-1, 1, -1, -1, 1, 4, -1, -1, -1, 2, -1], [-1, 1, -1, -1, 1, 4, 2, -1, -1, -1, -1], [-1, 1, -1, -1, 1, 3, -1, -1, -1, -1, -1], [-1, 1, -1, -1, 1, 2, -1, -1, -1, 4, -1], [-1, 1, -1, -1, 1, 2, -1, -1, 4, -1, -1], [-1, 1, -1, -1, 0, 3, -1, -1, -1, 2, -1], [-1, 1, -1, -1, 0, 3, -1, -1, 2, -1, -1], [-1, 1, -1, 2, -1, -1, -1, -1, -1, 4, 2], [-1, 1, -1, 2, -1, 4, -1, -1, -1, -1, 2], [-1, 1, -1, 2, -1, 4, -1, -1, -1, 2, -1], [-1, 1, -1, 2, -1, 3, -1, -1, 2, -1, -1], [-1, 1, -1, 2, 1, -1, 4, -1, -1, -1, -1], [-1, 1, -1, 2, 0, -1, -1, 4, 2, -1, -1], [-1, 1, -1, 1, -1, -1, 2, -1, -1, -1, 4], [-1, 1, -1, 1, -1, 1, 1, 1, -1, 2, -1], [-1, 1, 3, -1, -1, -1, -1, -1, -1, 4, -1], [-1, 1, 3, -1, -1, 4, -1, -1, -1, 2, -1], [-1, 1, 3, -1, 1, 4, -1, -1, -1, -1, -1], [-1, 1, 3, 2, -1, -1, -1, -1, -1, -1, 0], [-1, 1, 3, 2, -1, -1, 4, -1, -1, -1, -1], [-1, 1, 2, -1, 0, -1, -1, -1, -1, 2, 4], [-1, 1, 2, -1, 0, -1, -1, -1, 2, -1, 4], [-1, 1, 2, -1, 0, -1, -1, 4, -1, 2, -1], [-1, 1, 2, -1, 0, 4, -1, -1, -1, -1, 2], [-1, 1, 2, 2, -1, -1, -1, 4, -1, -1, 2], [-1, 1, 2, 2, -1, -1, -1, 4, -1, 2, -1], [-1, 1, 2, 2, -1, -1, -1, 4, 2, -1, -1], [-1, 1, 2, 1, -1, -1, -1, -1, 4, -1, 2], [1, -1, -1, -1, -1, -1, 4, 2, -1, -1, -1], [1, -1, -1, -1, -1, 4, -1, -1, -1, -1, 2], [1, -1, -1, -1, -1, 4, -1, -1, -1, 2, -1], [1, -1, -1, -1, -1, 4, -1, -1, 2, -1, -1], [1, -1, -1, -1, -1, 4, -1, 2, -1, -1, -1], [1, -1, -1, -1, -1, 4, 2, -1, -1, -1, -1], [1, -1, -1, -1, -1, 3, 1, -1, -1, -1, 1], [1, -1, -1, -1, 1, -1, -1, -1, -1, 4, -1], [1, -1, -1, -1, 1, -1, -1, -1, 4, -1, -1], [1, -1, -1, -1, 1, -1, 4, -1, -1, -1, -1], [1, -1, -1, -1, 1, 4, -1, -1, -1, -1, -1], [1, -1, -1, -1, 1, 3, -1, -1, -1, -1, -1], [1, -1, -1, 2, -1, 4, -1, -1, -1, -1, -1], [1, 2, -1, -1, -1, -1, -1, -1, 4, -1, 2], [1, 2, -1, -1, -1, -1, -1, -1, 4, 4, -1], [1, 2, -1, -1, -1, -1, 4, -1, -1, 2, -1], [1, 2, -1, -1, -1, 4, -1, -1, -1, -1, -1], [1, 2, -1, -1, 1, -1, -1, 4, -1, -1, -1], [1, 2, -1, 2, -1, -1, -1, -1, 4, -1, -1], [1, 2, -1, 1, -1, -1, -1, -1, -1, 4, -1], [1, 1, -1, -1, -1, 3, 0, -1, -1, -1, -1], [1, 1, -1, 1, -1, 1, -1, -1, -1, 2, -1], [0, -1, -1, -1, -1, -1, -1, -1, 2, 0, 0], [0, -1, -1, -1, -1, -1, -1, 4, -1, -1, 1], [0, -1, -1, -1, -1, -1, -1, 4, -1, 2, 4], [0, -1, -1, -1, -1, -1, -1, 4, 2, -1, 4], [0, -1, -1, -1, -1, -1, -1, 4, 1, -1, -1], [0, -1, -1, -1, -1, -1, 4, -1, -1, -1, 1], [0, -1, -1, -1, -1, -1, 4, -1, 1, -1, -1], [0, -1, -1, -1, -1, -1, 4, 4, 2, -1, -1], [0, -1, -1, -1, -1, -1, 4, 1, -1, -1, -1], [0, -1, -1, -1, -1, 4, -1, 4, 2, -1, -1], [0, -1, -1, -1, -1, 4, 4, -1, -1, 2, 2], [0, -1, -1, -1, -1, 4, 4, -1, 2, 2, -1], [0, -1, -1, -1, -1, 1, -1, -1, -1, -1, 4], [0, -1, -1, -1, -1, 1, -1, 4, -1, -1, -1], [0, -1, -1, -1, -1, 1, 4, -1, -1, -1, -1], [0, -1, -1, -1, 1, 2, -1, -1, -1, 4, -1], [0, -1, -1, -1, 1, 2, -1, -1, 4, -1, -1], [0, -1, -1, -1, 0, -1, -1, -1, 2, 0, -1], [0, -1, -1, -1, 0, -1, -1, 4, 4, -1, -1], [0, -1, -1, -1, 0, -1, 4, -1, -1, -1, 2], [0, -1, -1, -1, 0, 4, -1, 4, -1, -1, 2], [0, -1, -1, -1, 0, 3, -1, -1, 0, -1, -1], [0, -1, -1, -1, 0, 3, 0, 0, -1, -1, -1], [0, -1, -1, 2, -1, -1, -1, -1, -1, 4, 2], [0, -1, -1, 2, -1, -1, 1, -1, -1, 2, 1], [0, -1, -1, 2, -1, 1, -1, -1, -1, 2, 1], [0, -1, -1, 2, 0, 1, -1, -1, 2, -1, 1], [0, -1, -1, 1, -1, -1, -1, -1, 2, -1, 0], [0, -1, -1, 1, -1, -1, 2, -1, -1, 4, 4], [0, -1, -1, 1, -1, -1, 2, -1, 4, -1, -1], [0, -1, -1, 1, -1, 2, -1, -1, 4, -1, -1], [0, -1, -1, 1, 1, -1, 2, -1, -1, -1, 4], [0, -1, -1, 1, 0, -1, -1, -1, 4, -1, -1], [0, -1, -1, 1, 0, -1, -1, 4, -1, -1, -1], [0, -1, -1, 1, 0, -1, 4, -1, -1, -1, -1], [0, -1, -1, 1, 0, -1, 2, -1, -1, 0, 0], [0, -1, -1, 1, 0, 2, -1, -1, -1, 0, -1], [0, -1, 3, -1, -1, -1, -1, 2, -1, -1, 0], [0, -1, 3, -1, -1, -1, 4, -1, -1, -1, 2], [0, -1, 3, -1, -1, -1, 4, -1, 2, -1, -1], [0, -1, 3, 2, -1, -1, -1, -1, -1, -1, 0], [0, -1, 3, 2, -1, -1, -1, -1, -1, 4, -1], [0, -1, 3, 1, -1, -1, -1, -1, -1, -1, 4], [0, -1, 2, -1, -1, -1, -1, -1, 2, 0, -1], [0, -1, 2, -1, 0, -1, -1, -1, 4, 4, -1], [0, -1, 2, -1, 0, -1, 4, -1, -1, -1, -1], [0, -1, 2, 1, -1, -1, -1, -1, -1, 4, 2], [0, -1, 2, 1, -1, 2, -1, -1, -1, 0, -1], [0, -1, 2, 1, 0, -1, -1, -1, -1, 0, 0], [0, -1, 1, -1, -1, -1, -1, -1, -1, 4, 2], [0, -1, 1, -1, -1, -1, -1, -1, 2, 4, -1], [0, -1, 1, -1, -1, 2, -1, 4, -1, -1, -1], [0, -1, 1, -1, 1, -1, -1, -1, -1, -1, 4], [0, -1, 1, -1, 1, -1, 4, -1, -1, -1, -1], [0, -1, 1, -1, 0, 3, -1, -1, -1, 2, -1], [0, -1, 1, 1, -1, -1, -1, -1, -1, 4, -1], [0, -1, 1, 1, -1, -1, -1, -1, 4, -1, -1], [0, -1, 1, 1, -1, -1, -1, 4, -1, -1, -1], [0, 2, -1, -1, -1, -1, 4, -1, -1, 1, -1], [0, 2, -1, -1, -1, 4, -1, 4, -1, 2, -1], [0, 2, -1, -1, -1, 3, -1, -1, 0, -1, -1], [0, 2, -1, -1, -1, 2, 2, -1, 4, -1, -1], [0, 2, -1, -1, 0, -1, -1, -1, 4, -1, -1], [0, 2, -1, -1, 0, -1, -1, 4, -1, -1, -1], [0, 2, -1, -1, 0, -1, 4, -1, -1, -1, -1], [0, 2, -1, -1, 0, 3, -1, 0, -1, -1, -1], [0, 2, 2, -1, -1, -1, -1, -1, 2, -1, 0], [0, 2, 2, 1, 0, -1, -1, -1, -1, 0, -1], [0, 2, 1, -1, -1, -1, -1, 4, -1, -1, 2], [0, 2, 1, -1, -1, -1, -1, 4, -1, 2, -1], [0, 2, 1, -1, -1, 3, -1, -1, -1, -1, 2], [0, 2, 1, 2, -1, 3, -1, -1, -1, 2, -1], [0, 1, -1, -1, -1, -1, -1, -1, -1, 4, 2], [0, 1, -1, -1, -1, -1, -1, 1, -1, -1, 0], [0, 1, -1, -1, -1, 4, -1, -1, -1, 2, -1], [0, 1, -1, -1, -1, 3, -1, -1, -1, -1, -1], [0, 1, -1, -1, 1, -1, -1, -1, 4, 2, 2], [0, 1, -1, -1, 1, -1, 2, -1, 4, -1, -1], [0, 1, -1, -1, 0, -1, -1, -1, 2, 1, 1], [0, 1, -1, -1, 0, -1, -1, 2, -1, 1, 1], [0, 1, -1, 2, -1, -1, -1, 4, -1, 2, -1], [0, 1, -1, 2, -1, -1, -1, 4, 4, -1, -1], [0, 1, -1, 2, -1, -1, -1, 2, -1, 1, 1], [0, 1, -1, 2, -1, 2, -1, -1, -1, 4, -1], [0, 1, -1, 1, -1, -1, -1, -1, -1, 4, 4], [0, 1, -1, 1, -1, -1, -1, -1, -1, 2, 1], [0, 1, -1, 1, -1, 2, -1, -1, -1, -1, 4], [0, 1, -1, 1, 0, -1, -1, -1, -1, -1, 4], [0, 1, 3, -1, -1, -1, -1, -1, -1, -1, 4], [0, 1, 3, -1, -1, -1, 4, -1, -1, -1, -1], [0, 1, 3, -1, -1, 4, -1, -1, -1, -1, 2], [0, 1, 2, -1, -1, -1, -1, -1, -1, 2, 4], [0, 1, 2, -1, -1, -1, 2, -1, -1, 4, -1], [0, 1, 2, -1, -1, 2, -1, -1, -1, 4, -1], [0, 1, 2, -1, -1, 2, -1, -1, 4, -1, -1], [0, 1, 1, -1, -1, -1, -1, 4, -1, 4, -1], [0, 1, 1, -1, -1, -1, -1, 4, 4, -1, 4], [0, 1, 1, -1, -1, -1, 4, -1, -1, 4, -1]]
