overall accuracy: 0.7788666666666667
execution time
0.05 14.777137041091919
0.1 15.063248872756958
0.15 15.72341799736023
0.2 18.623173236846924
0.25 21.12027072906494
0.3 19.340495109558105


number of calculations
0.05 185461.0
0.1 201747.0
0.15 214211.0
0.2 237163.0
0.25 248004.0
0.3 235140.0


number of patterns found
0.05 303 
 [[-2, -2, -2, -2, -2, -2, -2, -2, -2, 5], [-2, -2, -2, -2, -2, -2, -2, -2, -2, 4], [-2, -2, -2, -2, -2, -2, -2, -2, 5, -2], [-2, -2, -2, -2, -2, -2, -2, -2, 4, -2], [-2, -2, -2, -2, -2, -2, -2, -2, 2, 0], [-2, -2, -2, -2, -2, -2, -2, 5, -2, -2], [-2, -2, -2, -2, -2, -2, -2, 4, -2, -2], [-2, -2, -2, -2, -2, -2, -2, 2, -2, 0], [-2, -2, -2, -2, -2, -2, -2, 1, -2, 0], [-2, -2, -2, -2, -2, -2, -2, 1, 0, -2], [-2, -2, -2, -2, -2, -2, 6, -2, -2, -2], [-2, -2, -2, -2, -2, -2, 5, -2, -2, -2], [-2, -2, -2, -2, -2, -2, 4, -2, -2, -2], [-2, -2, -2, -2, -2, -2, 1, -2, 0, 0], [-2, -2, -2, -2, -2, -2, 1, 2, -2, 1], [-2, -2, -2, -2, -2, -2, 0, 0, 1, -2], [-2, -2, -2, -2, -2, 5, -2, -2, -2, -2], [-2, -2, -2, -2, -2, 4, -2, -2, -2, -2], [-2, -2, -2, -2, -2, 3, -2, -2, -2, -2], [-2, -2, -2, -2, -2, 1, -2, 2, 1, -2], [-2, -2, -2, -2, -2, 1, -2, 1, 2, 2], [-2, -2, -2, -2, -2, 1, 1, -2, 2, 1], [-2, -2, -2, -2, 2, -2, -2, -2, -2, -2], [-2, -2, -2, -2, 1, -2, -2, -2, 1, 2], [-2, -2, -2, -2, 1, -2, -2, -2, 1, 0], [-2, -2, -2, -2, 1, -2, -2, -2, 0, 1], [-2, -2, -2, -2, 1, -2, -2, 2, 1, -2], [-2, -2, -2, -2, 1, -2, -2, 1, -2, 2], [-2, -2, -2, -2, 1, -2, -2, 1, 2, -2], [-2, -2, -2, -2, 1, -2, 1, -2, -2, 2], [-2, -2, -2, -2, 1, -2, 1, -2, 2, -2], [-2, -2, -2, -2, 1, -2, 0, 1, -2, -2], [-2, -2, -2, -2, 1, 1, -2, -2, -2, 2], [-2, -2, -2, -2, 1, 1, -2, -2, 2, -2], [-2, -2, -2, -2, 0, -2, -2, 1, 2, 1], [-2, -2, -2, -2, 0, -2, 2, 0, -2, 0], [-2, -2, -2, -2, 0, -2, 2, 0, 0, -2], [-2, -2, -2, -2, 0, -2, 1, -2, -2, 0], [-2, -2, -2, -2, 0, 2, -2, -2, -2, 0], [-2, -2, -2, -2, 0, 2, -2, 0, 0, -2], [-2, -2, -2, -2, 0, 1, -2, -2, 2, 1], [-2, -2, -2, -2, 0, 1, -2, 0, -2, 0], [-2, -2, -2, 3, -2, -2, -2, -2, -2, -2], [-2, -2, -2, 2, -2, -2, 1, -2, -2, 0], [-2, -2, -2, 2, -2, 1, -2, -2, -2, 0], [-2, -2, -2, 2, 1, -2, -2, -2, -2, 0], [-2, -2, -2, 2, 1, -2, -2, -2, 0, -2], [-2, -2, -2, 2, 1, -2, 1, -2, -2, -2], [-2, -2, -2, 2, 1, -2, 0, 0, -2, -2], [-2, -2, -2, 2, 1, 1, -2, -2, -2, -2], [-2, -2, -2, 1, -2, -2, -2, 1, 2, -2], [-2, -2, -2, 1, -2, -2, -2, 0, 1, -2], [-2, -2, -2, 1, -2, -2, 2, -2, -2, 0], [-2, -2, -2, 1, -2, -2, 1, -2, 2, -2], [-2, -2, -2, 1, -2, -2, 1, 1, -2, 2], [-2, -2, -2, 1, -2, -2, 0, -2, 1, -2], [-2, -2, -2, 1, -2, -2, 0, 1, -2, -2], [-2, -2, -2, 1, -2, 2, -2, -2, -2, 0], [-2, -2, -2, 1, -2, 2, -2, 1, -2, 1], [-2, -2, -2, 1, -2, 1, -2, -2, -2, 2], [-2, -2, -2, 1, -2, 1, -2, -2, 2, -2], [-2, -2, -2, 1, 0, -2, -2, -2, 2, 1], [-2, -2, -2, 1, 0, -2, -2, 0, -2, 1], [-2, -2, -2, 1, 0, -2, 0, -2, -2, 1], [-2, -2, -2, 1, 0, 2, -2, -2, 1, 1], [-2, -2, -2, 1, 0, 2, -2, 1, -2, -2], [-2, -2, 3, -2, -2, -2, -2, -2, -2, 0], [-2, -2, 3, -2, -2, -2, -2, 1, -2, 2], [-2, -2, 3, -2, -2, -2, -2, 1, 2, -2], [-2, -2, 3, -2, -2, -2, 1, -2, -2, 2], [-2, -2, 3, -2, -2, -2, 1, -2, 2, -2], [-2, -2, 3, -2, -2, 1, -2, -2, -2, 2], [-2, -2, 3, -2, -2, 1, -2, -2, 2, -2], [-2, -2, 3, -2, 1, -2, -2, 1, -2, -2], [-2, -2, 3, -2, 1, -2, 1, -2, -2, -2], [-2, -2, 3, 2, -2, -2, -2, -2, 0, -2], [-2, -2, 3, 2, -2, -2, -2, 0, -2, -2], [-2, -2, 3, 2, -2, -2, 0, -2, -2, -2], [-2, -2, 3, 2, 1, -2, -2, -2, -2, 1], [-2, -2, 3, 2, 1, -2, -2, -2, 1, -2], [-2, -2, 3, 1, 0, -2, -2, -2, -2, -2], [-2, -2, 2, -2, -2, -2, -2, -2, -2, 0], [-2, -2, 2, -2, -2, -2, 2, 0, -2, -2], [-2, -2, 2, -2, -2, -2, 1, -2, 0, -2], [-2, -2, 2, -2, -2, -2, 0, -2, 1, -2], [-2, -2, 2, -2, -2, 2, -2, -2, 0, -2], [-2, -2, 2, -2, -2, 2, -2, 0, -2, -2], [-2, -2, 2, -2, -2, 2, 1, -2, -2, 1], [-2, -2, 2, -2, 1, 2, -2, -2, 1, -2], [-2, -2, 2, -2, 0, -2, -2, -2, 0, -2], [-2, -2, 2, 2, -2, -2, 1, 2, -2, -2], [-2, -2, 2, 1, -2, -2, -2, 2, 1, -2], [-2, -2, 1, -2, -2, -2, -2, 1, 2, 1], [-2, -2, 1, -2, 1, -2, 1, -2, -2, 0], [-2, -2, 1, -2, 0, -2, -2, 0, 1, -2], [-2, -2, 1, 1, -2, -2, -2, -2, 1, 2], [-2, -2, 1, 1, -2, -2, 1, -2, -2, 2], [-2, -2, 1, 1, -2, 1, -2, 2, -2, -2], [-2, -2, 1, 1, 0, -2, -2, 0, -2, -2], [-2, -2, 1, 1, 0, -2, 0, -2, -2, -2], [-2, 2, -2, -2, -2, -2, 1, -2, -2, 0], [-2, 2, -2, -2, -2, 1, -2, -2, 1, 0], [-2, 2, -2, -2, 0, -2, 1, 0, 0, -2], [-2, 2, -2, -2, 0, 1, -2, -2, -2, 0], [-2, 2, -2, -2, 0, 1, -2, 0, 0, -2], [-2, 2, -2, 2, 0, -2, -2, -2, 1, 0], [-2, 2, -2, 2, 0, 1, -2, 2, -2, -2], [-2, 2, -2, 1, -2, -2, -2, 2, 1, -2], [-2, 2, -2, 1, -2, 2, 1, -2, -2, -2], [-2, 2, -2, 1, 0, -2, -2, -2, -2, 0], [-2, 2, 3, -2, -2, -2, 0, -2, -2, -2], [-2, 2, 3, 2, -2, -2, -2, -2, 1, 1], [-2, 2, 3, 2, -2, -2, -2, 1, -2, -2], [-2, 2, 3, 2, -2, 1, -2, -2, 1, -2], [-2, 2, 3, 1, -2, -2, -2, 1, -2, -2], [-2, 2, 3, 1, -2, -2, 1, -2, -2, -2], [-2, 2, 3, 1, 1, -2, -2, -2, 1, -2], [-2, 2, 2, 1, -2, -2, -2, 0, -2, -2], [-2, 2, 2, 1, 0, -2, 0, -2, -2, -2], [-2, 2, 1, -2, 0, -2, -2, -2, 0, 1], [-2, 1, -2, -2, -2, -2, -2, 2, 1, 1], [-2, 1, -2, -2, -2, -2, -2, 1, 2, -2], [-2, 1, -2, -2, -2, -2, 2, -2, -2, 0], [-2, 1, -2, -2, -2, -2, 2, -2, 0, -2], [-2, 1, -2, -2, -2, -2, 2, 0, -2, -2], [-2, 1, -2, -2, -2, -2, 1, -2, 2, 1], [-2, 1, -2, -2, -2, -2, 1, -2, 0, -2], [-2, 1, -2, -2, -2, -2, 0, 1, -2, -2], [-2, 1, -2, -2, -2, 2, -2, -2, -2, 0], [-2, 1, -2, -2, -2, 2, -2, -2, 0, -2], [-2, 1, -2, -2, -2, 2, -2, 0, -2, -2], [-2, 1, -2, -2, -2, 1, -2, 1, -2, 2], [-2, 1, -2, -2, -2, 1, 1, -2, -2, 2], [-2, 1, -2, -2, -2, 1, 1, -2, 2, -2], [-2, 1, -2, -2, 1, -2, -2, -2, -2, 0], [-2, 1, -2, -2, 1, -2, -2, -2, 0, -2], [-2, 1, -2, -2, 0, -2, -2, -2, 2, 1], [-2, 1, -2, -2, 0, -2, -2, 0, 1, -2], [-2, 1, -2, -2, 0, -2, 0, -2, 1, -2], [-2, 1, -2, 2, -2, -2, -2, -2, -2, 0], [-2, 1, -2, 2, -2, -2, -2, -2, 2, 1], [-2, 1, -2, 2, -2, -2, -2, 2, -2, 1], [-2, 1, -2, 1, -2, -2, -2, -2, 1, 2], [-2, 1, -2, 1, -2, -2, -2, 1, -2, 2], [-2, 1, -2, 1, -2, -2, 1, -2, -2, 2], [-2, 1, -2, 1, 0, -2, 2, -2, -2, 1], [-2, 1, -2, 1, 0, -2, 0, -2, -2, -2], [-2, 1, 3, -2, -2, -2, -2, -2, 0, -2], [-2, 1, 3, -2, 0, -2, -2, -2, -2, 1], [-2, 1, 3, -2, 0, -2, 1, -2, -2, -2], [-2, 1, 3, 2, -2, -2, -2, -2, -2, -2], [-2, 1, 2, -2, -2, -2, -2, -2, 0, -2], [-2, 1, 2, -2, -2, -2, -2, 2, -2, 1], [-2, 1, 2, -2, -2, -2, -2, 2, 1, -2], [-2, 1, 2, -2, -2, -2, 1, 1, -2, 2], [-2, 1, 2, -2, -2, 1, -2, -2, -2, 2], [-2, 1, 2, -2, 1, -2, -2, 1, -2, -2], [-2, 1, 2, -2, 1, -2, 1, -2, -2, -2], [-2, 1, 2, -2, 0, -2, 2, -2, -2, 1], [-2, 1, 2, 2, -2, -2, -2, 0, -2, -2], [-2, 1, 2, 2, -2, -2, 2, -2, -2, 1], [-2, 1, 2, 2, -2, -2, 0, -2, -2, -2], [-2, 1, 2, 1, -2, -2, -2, 1, -2, -2], [-2, 1, 2, 1, 1, -2, -2, -2, -2, -2], [-2, 1, 1, -2, -2, -2, -2, -2, 0, 0], [-2, 1, 1, -2, -2, -2, -2, 0, -2, -2], [-2, 1, 1, -2, -2, -2, 0, -2, -2, -2], [-2, 1, 1, 2, -2, -2, 1, -2, 2, -2], [-2, 1, 1, 2, 1, -2, -2, -2, -2, -2], [2, -2, -2, -2, -2, -2, -2, 1, 2, -2], [2, -2, -2, -2, -2, -2, 1, -2, -2, 2], [2, -2, -2, -2, -2, -2, 1, -2, 2, -2], [2, -2, -2, -2, -2, 1, -2, -2, 2, 2], [2, -2, -2, -2, -2, 1, -2, 1, -2, 2], [2, -2, -2, 2, 0, -2, -2, 0, 0, -2], [2, -2, -2, 2, 0, -2, 0, -2, 0, -2], [2, -2, -2, 2, 0, -2, 0, 0, -2, -2], [2, -2, -2, 2, 0, 0, -2, -2, -2, -2], [2, -2, 1, -2, -2, -2, -2, 0, -2, -2], [2, -2, 1, -2, -2, -2, 0, -2, -2, -2], [2, -2, 1, -2, 1, 1, -2, 1, -2, -2], [2, 2, -2, -2, -2, -2, -2, 1, -2, 2], [2, 2, -2, -2, -2, 1, -2, -2, -2, 2], [2, 2, -2, -2, 1, -2, -2, 1, -2, -2], [2, 2, -2, -2, 1, -2, 1, -2, -2, -2], [2, 2, -2, -2, 1, 1, -2, -2, -2, -2], [2, 2, -2, 1, -2, -2, -2, 1, -2, -2], [2, 2, -2, 1, -2, -2, 1, -2, -2, -2], [2, 2, -2, 1, 1, -2, -2, -2, -2, 2], [2, 1, -2, -2, -2, -2, 0, -2, -2, 0], [2, 1, 1, -2, -2, -2, -2, -2, -2, 0], [2, 1, 1, -2, -2, -2, -2, -2, 0, -2], [1, -2, -2, -2, -2, -2, -2, 1, 2, 1], [1, -2, -2, -2, -2, -2, 1, -2, 2, 1], [1, -2, -2, -2, -2, 2, -2, -2, 0, -2], [1, -2, -2, -2, -2, 1, -2, -2, 2, 1], [1, -2, -2, -2, 0, -2, -2, 0, 1, -2], [1, -2, -2, -2, 0, 1, -2, -2, -2, 0], [1, -2, -2, 2, 1, -2, -2, 1, -2, -2], [1, -2, -2, 2, 1, -2, -2, 0, -2, -2], [1, -2, -2, 2, 1, -2, 0, -2, -2, -2], [1, -2, -2, 2, 0, -2, 1, -2, 0, -2], [1, -2, -2, 1, -2, -2, -2, -2, 1, 2], [1, -2, -2, 1, -2, -2, 1, -2, -2, 2], [1, -2, 3, -2, -2, -2, -2, -2, 0, -2], [1, -2, 3, -2, -2, -2, -2, 0, -2, -2], [1, -2, 3, -2, -2, -2, 0, -2, -2, -2], [1, -2, 3, 2, 1, -2, -2, -2, -2, -2], [1, -2, 2, -2, -2, -2, 1, 1, -2, 2], [1, -2, 2, -2, -2, 1, -2, 1, -2, 2], [1, -2, 2, -2, 1, -2, -2, -2, 0, -2], [1, -2, 2, -2, 0, -2, 1, -2, 2, -2], [1, -2, 2, 2, -2, 1, -2, -2, 1, -2], [1, -2, 2, 1, 1, -2, -2, 0, -2, -2], [1, -2, 2, 1, 1, -2, 0, -2, -2, -2], [1, -2, 1, -2, -2, -2, -2, -2, 2, 1], [1, -2, 1, -2, -2, -2, -2, 0, 1, -2], [1, -2, 1, -2, 1, -2, 1, 1, -2, -2], [1, 2, -2, -2, -2, -2, -2, -2, 2, 1], [1, 2, -2, -2, 0, -2, 1, -2, 0, -2], [1, 2, 3, -2, -2, -2, -2, -2, -2, -2], [1, 2, 2, -2, -2, -2, 1, -2, 2, -2], [1, 2, 2, 2, -2, -2, -2, 1, 1, -2], [1, 2, 2, 2, -2, -2, 1, -2, -2, -2], [1, 2, 2, 2, -2, 1, -2, -2, -2, -2], [1, 1, -2, -2, -2, -2, -2, -2, 1, 2], [1, 1, -2, -2, -2, -2, -2, 1, -2, 2], [1, 1, -2, -2, -2, -2, 1, -2, -2, 2], [1, 1, -2, -2, -2, 1, -2, -2, -2, 2], [1, 1, -2, -2, 1, -2, -2, 1, -2, -2], [1, 1, -2, -2, 1, -2, 1, -2, -2, -2], [1, 1, 2, 1, -2, -2, -2, 0, -2, -2], [1, 1, 2, 1, -2, -2, 0, -2, -2, -2], [1, 1, 2, 1, -2, 1, -2, -2, -2, -2], [1, 1, 1, -2, 1, -2, -2, -2, 1, -2], [1, 1, 1, -2, 1, 1, -2, -2, -2, -2], [0, -2, -2, -2, -2, -2, -2, -2, -2, 0], [0, -2, -2, -2, -2, -2, -2, 2, 1, 1], [0, -2, -2, -2, -2, -2, 1, -2, 0, -2], [0, -2, -2, -2, -2, 1, -2, -2, 2, -2], [0, -2, -2, -2, -2, 1, -2, -2, 0, -2], [0, -2, -2, -2, -2, 1, -2, 2, -2, -2], [0, -2, -2, -2, 1, -2, 2, -2, 1, -2], [0, -2, -2, 2, -2, -2, 1, 2, -2, -2], [0, -2, -2, 2, -2, 1, -2, -2, -2, 2], [0, -2, -2, 2, 1, -2, -2, 1, 1, -2], [0, -2, -2, 2, 1, -2, -2, 0, -2, -2], [0, -2, -2, 1, -2, -2, -2, -2, 0, -2], [0, -2, -2, 1, -2, -2, -2, 2, 1, -2], [0, -2, -2, 1, -2, -2, -2, 0, -2, -2], [0, -2, -2, 1, -2, -2, 2, -2, 1, -2], [0, -2, -2, 1, -2, -2, 0, -2, -2, -2], [0, -2, -2, 1, 0, -2, -2, -2, -2, -2], [0, -2, 3, -2, -2, -2, -2, -2, 2, 1], [0, -2, 3, -2, -2, -2, -2, 1, -2, -2], [0, -2, 3, -2, -2, -2, 1, -2, -2, -2], [0, -2, 3, -2, 1, 1, -2, -2, -2, -2], [0, -2, 3, -2, 0, -2, -2, -2, -2, -2], [0, -2, 3, 2, -2, -2, -2, -2, -2, 1], [0, -2, 3, 2, -2, 1, -2, -2, -2, -2], [0, -2, 2, -2, -2, -2, -2, -2, 0, -2], [0, -2, 2, -2, -2, -2, -2, 2, 1, -2], [0, -2, 2, -2, -2, -2, -2, 0, -2, -2], [0, -2, 2, -2, -2, -2, 0, -2, -2, -2], [0, -2, 2, -2, 1, -2, -2, -2, 1, -2], [0, -2, 2, -2, 0, -2, 2, -2, 1, 1], [0, -2, 2, -2, 0, 1, -2, -2, -2, 1], [0, -2, 2, 1, -2, -2, -2, -2, -2, 1], [0, -2, 2, 1, -2, -2, -2, -2, 1, -2], [0, -2, 1, -2, -2, 1, -2, -2, -2, -2], [0, -2, 1, -2, 1, -2, -2, -2, 0, -2], [0, -2, 1, -2, 0, -2, -2, 1, -2, 2], [0, -2, 1, 2, -2, -2, -2, 1, -2, 2], [0, -2, 1, 2, -2, -2, 1, -2, 2, -2], [0, -2, 1, 1, -2, -2, -2, -2, -2, -2], [0, 2, -2, -2, -2, 1, 2, -2, -2, -2], [0, 2, -2, -2, 0, 1, -2, -2, -2, 2], [0, 2, -2, 2, -2, 1, -2, -2, -2, -2], [0, 2, 3, -2, 1, -2, -2, -2, -2, 1], [0, 2, 3, -2, 1, -2, -2, -2, 1, -2], [0, 2, 2, -2, -2, -2, -2, -2, 1, 1], [0, 2, 2, -2, -2, -2, -2, 1, -2, 1], [0, 2, 2, -2, -2, 1, -2, -2, -2, 1], [0, 2, 2, -2, 0, -2, 1, -2, -2, 1], [0, 2, 2, -2, 0, 1, -2, -2, -2, -2], [0, 2, 2, 2, -2, -2, 1, -2, -2, 1], [0, 2, 1, -2, -2, -2, 1, -2, -2, 2], [0, 1, -2, -2, -2, -2, -2, -2, -2, 1], [0, 1, -2, -2, -2, -2, -2, -2, 0, -2], [0, 1, -2, -2, -2, -2, -2, 2, 1, -2], [0, 1, -2, -2, -2, -2, -2, 0, -2, -2], [0, 1, -2, -2, -2, -2, 2, -2, 1, -2], [0, 1, -2, -2, -2, -2, 1, -2, 2, -2], [0, 1, -2, -2, -2, -2, 0, -2, -2, -2], [0, 1, -2, -2, -2, 2, -2, -2, 1, -2], [0, 1, -2, -2, 1, -2, -2, -2, -2, -2], [0, 1, -2, -2, 0, 2, -2, 1, -2, -2], [0, 1, -2, 1, -2, -2, -2, -2, -2, -2], [0, 1, 3, -2, -2, -2, -2, -2, -2, -2], [0, 1, 2, -2, -2, -2, -2, -2, -2, -2], [0, 1, 1, -2, -2, -2, -2, -2, 1, -2], [0, 1, 1, -2, -2, -2, -2, 1, -2, -2], [0, 1, 1, -2, -2, -2, 1, -2, -2, -2]]
0.1 171 
 [[-2, -2, -2, -2, -2, -2, -2, -2, -2, 5], [-2, -2, -2, -2, -2, -2, -2, -2, -2, 4], [-2, -2, -2, -2, -2, -2, -2, -2, 5, -2], [-2, -2, -2, -2, -2, -2, -2, -2, 4, -2], [-2, -2, -2, -2, -2, -2, -2, -2, 2, 0], [-2, -2, -2, -2, -2, -2, -2, 5, -2, -2], [-2, -2, -2, -2, -2, -2, -2, 4, -2, -2], [-2, -2, -2, -2, -2, -2, 6, -2, -2, -2], [-2, -2, -2, -2, -2, -2, 5, -2, -2, -2], [-2, -2, -2, -2, -2, -2, 4, -2, -2, -2], [-2, -2, -2, -2, -2, 5, -2, -2, -2, -2], [-2, -2, -2, -2, -2, 4, -2, -2, -2, -2], [-2, -2, -2, -2, -2, 3, -2, -2, -2, -2], [-2, -2, -2, -2, 1, -2, -2, 1, 2, 2], [-2, -2, -2, -2, 1, -2, 1, -2, 2, 2], [-2, -2, -2, -2, 1, -2, 1, 1, -2, 2], [-2, -2, -2, -2, 1, -2, 1, 1, 2, -2], [-2, -2, -2, -2, 1, 1, -2, -2, -2, 2], [-2, -2, -2, -2, 1, 1, -2, 1, 2, -2], [-2, -2, -2, -2, 1, 1, 1, -2, 2, -2], [-2, -2, -2, 3, 0, -2, -2, -2, -2, -2], [-2, -2, -2, 2, 1, -2, 1, -2, -2, 2], [-2, -2, -2, 2, 0, -2, -2, 1, 0, 0], [-2, -2, -2, 1, -2, -2, -2, 2, -2, 0], [-2, -2, -2, 1, -2, -2, -2, 1, 2, 1], [-2, -2, -2, 1, -2, -2, 1, 1, 2, -2], [-2, -2, -2, 1, -2, -2, 0, 0, 1, -2], [-2, -2, -2, 1, -2, 2, -2, -2, -2, 0], [-2, -2, -2, 1, -2, 1, -2, 1, 2, -2], [-2, -2, -2, 1, 1, -2, -2, 1, -2, 0], [-2, -2, -2, 1, 1, -2, -2, 1, 0, -2], [-2, -2, -2, 1, 0, -2, -2, 0, 1, -2], [-2, -2, -2, 1, 0, -2, 0, -2, 1, -2], [-2, -2, 3, -2, -2, -2, 1, -2, 2, -2], [-2, -2, 3, -2, 1, -2, -2, 1, -2, 2], [-2, -2, 3, 2, -2, -2, -2, -2, -2, 0], [-2, -2, 3, 2, -2, -2, -2, -2, 0, -2], [-2, -2, 3, 2, 1, -2, 1, -2, -2, -2], [-2, -2, 3, 1, -2, -2, 1, -2, -2, 2], [-2, -2, 2, -2, 1, -2, -2, -2, 1, 2], [-2, -2, 2, -2, 0, -2, -2, 1, -2, 0], [-2, -2, 2, -2, 0, -2, 1, -2, -2, 0], [-2, -2, 2, -2, 0, -2, 1, -2, 0, -2], [-2, -2, 2, -2, 0, 1, -2, -2, -2, 0], [-2, -2, 2, 3, -2, -2, -2, -2, -2, -2], [-2, -2, 2, 2, -2, -2, 1, -2, -2, 0], [-2, -2, 2, 1, -2, -2, 2, -2, -2, 0], [-2, -2, 2, 1, -2, 1, -2, 1, -2, 2], [-2, -2, 1, -2, 1, -2, 1, -2, -2, 2], [-2, -2, 1, -2, 1, -2, 1, -2, 2, -2], [-2, -2, 1, 1, -2, -2, -2, 1, 2, -2], [-2, -2, 1, 1, -2, 1, 1, -2, 2, -2], [-2, 2, -2, -2, 2, -2, -2, -2, -2, -2], [-2, 2, -2, -2, 1, -2, -2, 1, -2, 2], [-2, 2, -2, -2, 1, -2, 1, -2, -2, 2], [-2, 2, -2, 2, 1, 1, 1, 1, -2, -2], [-2, 2, -2, 1, 1, -2, -2, 1, 2, -2], [-2, 2, 3, -2, -2, -2, -2, 1, -2, 2], [-2, 2, 3, -2, -2, -2, 1, -2, -2, 2], [-2, 2, 3, 2, -2, -2, -2, 0, -2, -2], [-2, 2, 3, 2, -2, -2, 0, -2, -2, -2], [-2, 2, 2, -2, -2, -2, -2, 2, -2, 0], [-2, 2, 2, 1, 0, -2, -2, -2, -2, 0], [-2, 2, 1, 1, -2, -2, 1, -2, 2, -2], [-2, 1, -2, -2, -2, -2, -2, 1, 0, -2], [-2, 1, -2, -2, -2, -2, 2, 0, -2, -2], [-2, 1, -2, -2, -2, -2, 0, 1, -2, -2], [-2, 1, -2, -2, -2, 2, -2, -2, 0, 0], [-2, 1, -2, -2, -2, 2, -2, 0, -2, -2], [-2, 1, -2, -2, 0, -2, -2, 0, 1, -2], [-2, 1, -2, -2, 0, 2, -2, -2, 0, -2], [-2, 1, -2, 3, -2, -2, -2, -2, -2, -2], [-2, 1, -2, 1, -2, -2, -2, 1, -2, 2], [-2, 1, -2, 1, -2, -2, -2, 1, 2, -2], [-2, 1, -2, 1, -2, -2, 1, -2, 1, 2], [-2, 1, -2, 1, -2, 1, -2, -2, -2, 2], [-2, 1, -2, 1, -2, 1, 1, -2, 2, -2], [-2, 1, 2, -2, -2, 1, -2, 1, -2, 2], [-2, 1, 2, -2, -2, 1, 1, -2, -2, 2], [-2, 1, 1, -2, -2, 1, 1, -2, 2, -2], [-2, 1, 1, 1, 0, -2, -2, 0, -2, -2], [-2, 1, 1, 1, 0, -2, 0, -2, -2, -2], [2, -2, -2, -2, -2, -2, 1, -2, 2, -2], [2, 2, -2, -2, 1, -2, 1, -2, -2, -2], [2, 2, -2, -2, 1, 1, -2, -2, -2, -2], [2, 2, -2, 1, -2, -2, 1, -2, -2, -2], [2, 1, 1, -2, -2, -2, -2, 0, -2, -2], [2, 1, 1, -2, -2, -2, 0, -2, -2, -2], [1, -2, -2, -2, -2, -2, 1, -2, 2, 1], [1, -2, -2, -2, 2, -2, -2, -2, -2, -2], [1, -2, -2, 2, -2, -2, 1, -2, -2, 0], [1, -2, -2, 2, 1, -2, 1, 1, -2, -2], [1, -2, -2, 1, -2, -2, 1, -2, 2, -2], [1, -2, 3, -2, -2, -2, -2, 0, -2, 0], [1, -2, 3, -2, -2, -2, 0, -2, -2, -2], [1, -2, 3, -2, 1, -2, -2, -2, -2, 0], [1, -2, 3, 2, 1, -2, -2, -2, -2, -2], [1, 2, -2, -2, 0, -2, 1, -2, -2, 0], [1, 2, -2, -2, 0, 1, -2, -2, -2, 0], [1, 2, 3, -2, -2, -2, -2, -2, -2, 0], [1, 2, 3, -2, -2, -2, -2, -2, 0, -2], [1, 2, 3, -2, -2, -2, -2, 0, -2, -2], [1, 2, 3, 1, 0, -2, -2, -2, -2, -2], [1, 1, -2, -2, -2, -2, 1, 1, -2, 2], [1, 1, -2, -2, -2, 1, -2, 1, -2, 2], [1, 1, -2, -2, -2, 1, 1, -2, -2, 2], [1, 1, -2, 1, -2, -2, 1, -2, -2, 2], [1, 1, 2, 1, -2, -2, -2, -2, 0, -2], [1, 1, 1, -2, -2, -2, -2, 1, -2, 2], [1, 1, 1, -2, -2, 1, -2, -2, -2, 2], [0, -2, -2, -2, -2, -2, -2, 2, -2, 0], [0, -2, -2, -2, -2, -2, -2, 1, -2, 0], [0, -2, -2, -2, -2, -2, -2, 1, 0, -2], [0, -2, -2, 2, 0, -2, -2, 2, 1, 1], [0, -2, -2, 1, -2, -2, 2, -2, -2, 0], [0, -2, -2, 1, -2, -2, 1, -2, -2, 0], [0, -2, -2, 1, -2, -2, 1, -2, 0, -2], [0, -2, -2, 1, 0, -2, -2, -2, -2, 0], [0, -2, -2, 1, 0, -2, -2, 0, -2, -2], [0, -2, -2, 1, 0, -2, 0, -2, -2, -2], [0, -2, 3, -2, -2, 1, -2, -2, 2, -2], [0, -2, 2, -2, -2, -2, 2, -2, -2, 0], [0, -2, 2, -2, -2, 2, -2, -2, -2, 0], [0, -2, 2, -2, 0, -2, -2, -2, -2, 0], [0, -2, 2, 1, -2, -2, -2, -2, -2, 0], [0, -2, 2, 1, -2, -2, -2, 0, -2, -2], [0, -2, 2, 1, -2, -2, 0, -2, -2, -2], [0, -2, 2, 1, 0, -2, -2, -2, 0, -2], [0, -2, 1, -2, -2, -2, 1, -2, -2, 0], [0, -2, 1, -2, -2, 1, -2, -2, 2, 2], [0, -2, 1, -2, -2, 1, 2, -2, -2, -2], [0, -2, 1, -2, 0, 1, -2, -2, 2, -2], [0, -2, 1, 1, -2, -2, -2, -2, -2, 0], [0, -2, 1, 1, -2, -2, -2, -2, 0, -2], [0, 2, -2, -2, 0, 1, -2, 2, -2, -2], [0, 2, -2, 2, -2, 1, -2, 2, -2, -2], [0, 2, -2, 1, -2, -2, -2, -2, -2, 0], [0, 2, -2, 1, 0, -2, -2, -2, 0, -2], [0, 2, 3, -2, 1, -2, -2, 1, -2, -2], [0, 2, 2, 1, 0, -2, -2, -2, 1, 1], [0, 2, 2, 1, 0, 1, -2, -2, -2, 1], [0, 2, 1, -2, -2, 1, -2, -2, -2, 2], [0, 1, -2, -2, -2, -2, -2, -2, 2, 1], [0, 1, -2, -2, -2, -2, -2, 2, -2, 1], [0, 1, -2, -2, -2, -2, 2, -2, -2, 0], [0, 1, -2, -2, -2, 2, -2, -2, -2, 0], [0, 1, -2, -2, -2, 2, -2, -2, 1, 1], [0, 1, -2, -2, -2, 2, -2, -2, 0, -2], [0, 1, -2, -2, -2, 1, 1, -2, 2, -2], [0, 1, -2, -2, 0, -2, 2, -2, -2, 1], [0, 1, -2, -2, 0, -2, 2, -2, 0, -2], [0, 1, -2, -2, 0, 2, -2, -2, -2, 1], [0, 1, -2, 2, -2, -2, 2, -2, -2, 1], [0, 1, -2, 1, 0, -2, -2, -2, -2, 1], [0, 1, -2, 1, 0, -2, -2, 1, -2, -2], [0, 1, 3, -2, -2, -2, -2, -2, -2, 0], [0, 1, 3, 2, -2, -2, -2, -2, -2, -2], [0, 1, 2, -2, -2, -2, -2, -2, 0, 0], [0, 1, 2, -2, -2, -2, -2, 0, -2, 0], [0, 1, 2, -2, -2, -2, 2, -2, -2, 1], [0, 1, 2, -2, -2, -2, 0, -2, -2, 0], [0, 1, 2, -2, 0, -2, -2, -2, 0, -2], [0, 1, 2, -2, 0, -2, -2, 0, -2, -2], [0, 1, 2, -2, 0, -2, 0, -2, -2, -2], [0, 1, 2, 2, -2, -2, -2, -2, 0, -2], [0, 1, 2, 2, -2, -2, -2, 0, -2, -2], [0, 1, 2, 1, -2, -2, -2, 1, -2, -2], [0, 1, 1, -2, -2, -2, -2, -2, -2, 0], [0, 1, 1, -2, -2, -2, 0, -2, -2, -2], [0, 1, 1, 1, -2, -2, -2, -2, -2, 1], [0, 1, 1, 1, -2, -2, -2, -2, 1, -2]]
0.15 79 
 [[-2, -2, -2, -2, -2, -2, -2, -2, -2, 5], [-2, -2, -2, -2, -2, -2, -2, -2, -2, 4], [-2, -2, -2, -2, -2, -2, -2, -2, 5, -2], [-2, -2, -2, -2, -2, -2, -2, -2, 4, -2], [-2, -2, -2, -2, -2, -2, -2, 5, -2, -2], [-2, -2, -2, -2, -2, -2, -2, 4, -2, -2], [-2, -2, -2, -2, -2, -2, 6, -2, -2, -2], [-2, -2, -2, -2, -2, -2, 5, -2, -2, -2], [-2, -2, -2, -2, -2, -2, 4, -2, -2, -2], [-2, -2, -2, -2, -2, 5, -2, -2, 2, -2], [-2, -2, -2, -2, -2, 4, -2, -2, -2, 2], [-2, -2, -2, -2, -2, 4, -2, -2, 2, -2], [-2, -2, -2, -2, -2, 4, -2, -2, 1, -2], [-2, -2, -2, -2, -2, 4, -2, 2, -2, -2], [-2, -2, -2, -2, -2, 4, -2, 1, -2, -2], [-2, -2, -2, -2, -2, 4, 2, -2, -2, -2], [-2, -2, -2, -2, -2, 3, -2, -2, -2, -2], [-2, -2, -2, -2, 1, -2, 1, 1, 2, 2], [-2, -2, -2, -2, 1, 1, 1, -2, 2, 2], [-2, -2, -2, -2, 1, 1, 1, 1, -2, 2], [-2, -2, -2, -2, 1, 1, 1, 1, 2, -2], [-2, -2, -2, -2, 0, 4, -2, -2, -2, -2], [-2, -2, -2, 3, 0, -2, -2, -2, -2, -2], [-2, -2, -2, 2, -2, 4, -2, -2, -2, -2], [-2, -2, -2, 2, 1, -2, 1, -2, -2, 2], [-2, -2, -2, 1, -2, -2, -2, -2, 2, 0], [-2, -2, -2, 1, -2, 5, -2, -2, -2, -2], [-2, -2, -2, 1, -2, 1, 1, 1, 2, 2], [-2, -2, -2, 1, 1, -2, -2, 1, 2, 2], [-2, -2, -2, 1, 1, 1, -2, 1, 2, -2], [-2, -2, 3, -2, -2, 4, -2, -2, -2, -2], [-2, -2, 2, -2, -2, -2, -2, -2, 2, 0], [-2, -2, 2, -2, -2, 4, -2, -2, -2, -2], [-2, -2, 2, -2, 1, 1, -2, 1, -2, 2], [-2, -2, 2, -2, 1, 1, 1, -2, -2, 2], [-2, -2, 2, -2, 0, -2, -2, 1, -2, 0], [-2, -2, 2, -2, 0, -2, 1, -2, 0, 0], [-2, -2, 2, 1, -2, 2, -2, -2, -2, 0], [-2, -2, 1, -2, 1, -2, 1, 1, -2, 2], [-2, 2, -2, -2, -2, -2, -2, -2, 2, 0], [-2, 2, -2, -2, -2, 4, -2, -2, -2, -2], [-2, 2, -2, -2, 1, -2, 1, 1, -2, 2], [-2, 2, -2, -2, 1, -2, 1, 1, 2, -2], [-2, 2, 3, 2, -2, -2, 0, -2, -2, -2], [-2, 2, 2, 2, -2, -2, 1, -2, -2, 0], [-2, 1, -2, -2, 1, 4, -2, -2, -2, -2], [-2, 1, -2, 3, -2, -2, -2, -2, -2, -2], [-2, 1, -2, 1, -2, 1, -2, 1, -2, 2], [-2, 1, -2, 1, -2, 1, 1, -2, -2, 2], [1, -2, -2, -2, -2, 4, -2, -2, -2, -2], [1, -2, -2, 1, 0, -2, 1, -2, 2, -2], [1, 2, -2, -2, 0, 1, 1, -2, -2, 0], [1, 2, -2, 1, -2, -2, 1, -2, 2, -2], [1, 2, 3, -2, -2, -2, 0, -2, -2, -2], [1, 1, -2, -2, -2, 1, 1, 1, -2, 2], [1, 1, -2, 1, -2, -2, -2, 1, -2, 2], [1, 1, -2, 1, -2, -2, 1, -2, -2, 2], [1, 1, -2, 1, -2, 1, -2, -2, -2, 2], [0, -2, -2, -2, -2, -2, -2, -2, 2, 0], [0, -2, -2, 1, -2, -2, -2, 2, -2, 0], [0, -2, -2, 1, -2, 2, -2, -2, -2, 0], [0, -2, -2, 1, 0, -2, -2, -2, -2, 0], [0, -2, 2, 1, -2, -2, 2, -2, -2, 0], [0, -2, 2, 1, 0, -2, 0, -2, -2, -2], [0, -2, 1, 1, 0, -2, -2, -2, 0, -2], [0, -2, 1, 1, 0, -2, -2, 0, -2, -2], [0, 2, -2, -2, -2, 5, -2, -2, -2, -2], [0, 2, -2, -2, 0, -2, -2, 2, -2, 0], [0, 2, -2, 2, 0, 1, -2, 2, -2, -2], [0, 2, 2, -2, -2, -2, -2, 2, -2, 0], [0, 2, 2, 1, -2, -2, -2, -2, -2, 0], [0, 2, 2, 1, 0, -2, -2, 0, -2, -2], [0, 2, 1, -2, 0, 1, -2, -2, -2, 2], [0, 1, -2, -2, -2, 4, -2, -2, -2, -2], [0, 1, -2, -2, 0, -2, -2, -2, 2, 1], [0, 1, -2, -2, 0, 2, -2, -2, 0, 0], [0, 1, -2, 2, 0, -2, -2, 2, -2, 1], [0, 1, 2, -2, 0, -2, 2, -2, -2, 1], [0, 1, 2, 2, -2, -2, -2, -2, 0, 0]]
0.2 236 
 [[-2, -2, -2, -2, -2, -2, -2, -2, -2, 5], [-2, -2, -2, -2, -2, -2, -2, -2, 5, 4], [-2, -2, -2, -2, -2, -2, -2, -2, 4, 1], [-2, -2, -2, -2, -2, -2, -2, -2, 1, 4], [-2, -2, -2, -2, -2, -2, -2, 5, -2, -2], [-2, -2, -2, -2, -2, -2, -2, 4, -2, 1], [-2, -2, -2, -2, -2, -2, -2, 4, 4, 2], [-2, -2, -2, -2, -2, -2, -2, 1, -2, 4], [-2, -2, -2, -2, -2, -2, -2, 1, 4, -2], [-2, -2, -2, -2, -2, -2, 6, -2, -2, -2], [-2, -2, -2, -2, -2, -2, 5, -2, -2, -2], [-2, -2, -2, -2, -2, -2, 4, -2, -2, 0], [-2, -2, -2, -2, -2, -2, 4, -2, 4, 2], [-2, -2, -2, -2, -2, -2, 4, -2, 2, 4], [-2, -2, -2, -2, -2, -2, 4, -2, 0, -2], [-2, -2, -2, -2, -2, -2, 4, 4, -2, 2], [-2, -2, -2, -2, -2, -2, 4, 2, -2, 4], [-2, -2, -2, -2, -2, -2, 2, -2, 4, 4], [-2, -2, -2, -2, -2, -2, 2, 4, -2, 4], [-2, -2, -2, -2, -2, -2, 2, 4, 4, -2], [-2, -2, -2, -2, -2, -2, 1, -2, -2, 4], [-2, -2, -2, -2, -2, -2, 1, -2, 4, -2], [-2, -2, -2, -2, -2, 5, -2, -2, 2, -2], [-2, -2, -2, -2, -2, 4, -2, -2, 2, 4], [-2, -2, -2, -2, -2, 4, 4, 2, -2, -2], [-2, -2, -2, -2, -2, 3, -2, -2, -2, 4], [-2, -2, -2, -2, -2, 3, -2, -2, -2, 0], [-2, -2, -2, -2, -2, 3, -2, -2, 4, -2], [-2, -2, -2, -2, -2, 3, -2, 4, -2, -2], [-2, -2, -2, -2, -2, 3, 4, -2, -2, -2], [-2, -2, -2, -2, -2, 3, 0, -2, 0, -2], [-2, -2, -2, -2, -2, 2, -2, -2, 4, 4], [-2, -2, -2, -2, -2, 2, -2, 4, -2, 4], [-2, -2, -2, -2, -2, 2, -2, 4, 4, -2], [-2, -2, -2, -2, -2, 1, -2, -2, -2, 4], [-2, -2, -2, -2, -2, 1, -2, -2, 4, -2], [-2, -2, -2, -2, -2, 1, -2, 4, 2, -2], [-2, -2, -2, -2, -2, 1, 4, 4, -2, -2], [-2, -2, -2, -2, 1, -2, 1, 4, -2, -2], [-2, -2, -2, -2, 1, -2, 1, 1, 2, 2], [-2, -2, -2, -2, 1, 4, -2, 2, 2, 2], [-2, -2, -2, -2, 1, 4, 2, -2, -2, 2], [-2, -2, -2, -2, 1, 4, 2, 2, 2, -2], [-2, -2, -2, -2, 1, 3, -2, -2, 0, -2], [-2, -2, -2, -2, 1, 3, -2, 2, -2, -2], [-2, -2, -2, -2, 1, 3, 1, -2, -2, -2], [-2, -2, -2, -2, 1, 1, -2, 4, -2, -2], [-2, -2, -2, -2, 0, -2, 4, -2, -2, 2], [-2, -2, -2, -2, 0, -2, 4, -2, 2, -2], [-2, -2, -2, -2, 0, 4, -2, -2, 2, -2], [-2, -2, -2, -2, 0, 4, -2, 4, -2, 2], [-2, -2, -2, -2, 0, 4, -2, 2, -2, 4], [-2, -2, -2, 2, -2, -2, 4, -2, -2, 2], [-2, -2, -2, 2, -2, -2, 4, -2, 2, -2], [-2, -2, -2, 2, -2, -2, 4, 1, -2, -2], [-2, -2, -2, 2, -2, 4, -2, -2, 2, -2], [-2, -2, -2, 2, -2, 4, -2, 4, -2, 2], [-2, -2, -2, 2, 0, 4, -2, -2, 4, 2], [-2, -2, -2, 1, -2, -2, -2, -2, 5, -2], [-2, -2, -2, 1, -2, -2, -2, -2, 2, 0], [-2, -2, -2, 1, -2, -2, -2, 4, 1, -2], [-2, -2, -2, 1, -2, 3, -2, -2, -2, -2], [-2, -2, -2, 1, 0, -2, 4, 2, -2, -2], [-2, -2, -2, 1, 0, -2, 2, 4, -2, -2], [-2, -2, -2, 1, 0, 4, 2, -2, -2, 2], [-2, -2, -2, 1, 0, 2, -2, 4, -2, -2], [-2, -2, 3, -2, -2, -2, -2, -2, 4, -2], [-2, -2, 3, -2, -2, -2, -2, 4, -2, -2], [-2, -2, 3, -2, -2, -2, 4, -2, -2, 2], [-2, -2, 3, -2, -2, -2, 4, 2, -2, -2], [-2, -2, 3, -2, -2, 3, -2, -2, -2, -2], [-2, -2, 3, -2, 0, -2, -2, -2, -2, 4], [-2, -2, 3, -2, 0, -2, 4, -2, -2, -2], [-2, -2, 3, 1, -2, -2, 4, -2, 2, -2], [-2, -2, 3, 1, 0, 4, -2, -2, -2, -2], [-2, -2, 2, -2, -2, -2, 4, -2, -2, 2], [-2, -2, 2, -2, -2, -2, 4, -2, -2, 1], [-2, -2, 2, -2, -2, -2, 4, -2, 2, -2], [-2, -2, 2, -2, -2, -2, 4, -2, 1, -2], [-2, -2, 2, -2, -2, -2, 4, 1, -2, -2], [-2, -2, 2, -2, -2, 4, -2, -2, 2, -2], [-2, -2, 2, -2, -2, 4, -2, 4, -2, 2], [-2, -2, 2, -2, -2, 3, -2, -2, -2, -2], [-2, -2, 2, -2, -2, 1, 4, -2, -2, -2], [-2, -2, 2, -2, 0, -2, 1, -2, 0, 0], [-2, -2, 2, -2, 0, 4, -2, -2, -2, 2], [-2, -2, 2, 2, -2, -2, 4, 2, -2, -2], [-2, -2, 2, 2, -2, 4, -2, -2, -2, 2], [-2, -2, 2, 2, -2, 4, -2, 4, -2, -2], [-2, -2, 2, 2, 0, -2, -2, -2, 4, 4], [-2, -2, 2, 2, 0, -2, 4, -2, -2, -2], [-2, -2, 2, 1, -2, 4, 2, -2, -2, 2], [-2, -2, 2, 1, 1, -2, -2, 4, -2, 4], [-2, -2, 1, -2, -2, -2, 4, 2, -2, -2], [-2, -2, 1, -2, -2, -2, 2, 4, -2, -2], [-2, -2, 1, -2, -2, 4, -2, 2, -2, -2], [-2, -2, 1, -2, -2, 4, 2, -2, -2, 2], [-2, -2, 1, -2, -2, 4, 2, -2, 2, -2], [-2, -2, 1, -2, 1, -2, -2, -2, -2, 4], [-2, -2, 1, -2, 0, 4, 2, -2, -2, -2], [-2, -2, 1, -2, 0, 2, -2, 4, -2, -2], [-2, -2, 1, 2, -2, 1, -2, 4, -2, -2], [-2, -2, 1, 2, 0, 3, -2, -2, -2, 2], [-2, -2, 1, 1, -2, -2, -2, -2, 4, 4], [-2, -2, 1, 1, -2, -2, 4, -2, -2, 4], [-2, 2, -2, -2, -2, -2, -2, 4, 4, -2], [-2, 2, -2, -2, -2, -2, 4, -2, 1, -2], [-2, 2, -2, -2, -2, -2, 4, 1, -2, -2], [-2, 2, -2, -2, -2, 4, -2, -2, 4, 2], [-2, 2, -2, -2, -2, 1, 4, -2, -2, -2], [-2, 2, -2, 1, -2, -2, -2, 4, -2, 4], [-2, 2, -2, 1, -2, -2, 4, -2, -2, 4], [-2, 2, -2, 1, 0, -2, -2, -2, 4, -2], [-2, 2, -2, 1, 0, -2, -2, 4, -2, -2], [-2, 2, -2, 1, 0, -2, 4, -2, -2, -2], [-2, 2, -2, 1, 0, 4, -2, -2, -2, 2], [-2, 2, 3, -2, -2, 4, -2, 2, -2, -2], [-2, 2, 3, -2, -2, 4, 2, -2, -2, -2], [-2, 2, 3, -2, 0, 4, -2, -2, -2, -2], [-2, 2, 3, 1, -2, -2, 4, -2, -2, -2], [-2, 2, 2, -2, -2, -2, 4, -2, -2, -2], [-2, 2, 2, -2, 0, 4, -2, 4, -2, -2], [-2, 2, 2, 2, 0, -2, -2, -2, 4, -2], [-2, 2, 2, 2, 0, -2, -2, 4, -2, 4], [-2, 2, 2, 1, 1, -2, -2, -2, 4, 4], [-2, 2, 1, -2, -2, -2, -2, -2, 4, 2], [-2, 2, 1, -2, -2, -2, 2, -2, -2, 4], [-2, 2, 1, -2, -2, -2, 2, -2, 4, -2], [-2, 2, 1, -2, -2, 4, 2, -2, -2, -2], [-2, 2, 1, -2, -2, 2, -2, -2, 4, -2], [-2, 2, 1, -2, -2, 2, -2, 4, -2, -2], [-2, 2, 1, 1, -2, -2, -2, -2, 4, -2], [-2, 1, -2, -2, -2, -2, 4, -2, -2, 2], [-2, 1, -2, -2, -2, -2, 4, -2, 2, -2], [-2, 1, -2, -2, -2, -2, 4, 2, -2, -2], [-2, 1, -2, -2, -2, 4, -2, -2, 2, -2], [-2, 1, -2, -2, -2, 4, -2, 2, -2, -2], [-2, 1, -2, -2, -2, 3, -2, -2, 2, 2], [-2, 1, -2, -2, -2, 3, -2, -2, 0, -2], [-2, 1, -2, -2, -2, 3, -2, 0, -2, -2], [-2, 1, -2, -2, -2, 1, -2, 4, -2, -2], [-2, 1, -2, -2, 1, -2, 2, -2, -2, 4], [-2, 1, -2, -2, 1, 4, -2, -2, -2, 2], [-2, 1, -2, -2, 1, 4, 2, -2, -2, -2], [-2, 1, -2, -2, 1, 3, -2, -2, -2, -2], [-2, 1, -2, -2, 1, 2, -2, -2, -2, 4], [-2, 1, -2, -2, 1, 2, -2, -2, 4, -2], [-2, 1, -2, -2, 0, 3, -2, -2, -2, 2], [-2, 1, -2, -2, 0, 3, -2, -2, 2, -2], [-2, 1, -2, 2, -2, 4, -2, -2, -2, 2], [-2, 1, -2, 2, -2, 3, -2, -2, 2, -2], [-2, 1, -2, 2, 1, -2, 4, -2, -2, -2], [-2, 1, -2, 2, 0, -2, -2, 4, 2, -2], [-2, 1, -2, 1, -2, 1, 1, 1, -2, 2], [-2, 1, 3, -2, -2, -2, -2, -2, -2, 4], [-2, 1, 3, -2, -2, 4, -2, -2, -2, 2], [-2, 1, 3, -2, 1, 4, -2, -2, -2, -2], [-2, 1, 3, 2, -2, -2, 4, -2, -2, -2], [-2, 1, 2, -2, 0, -2, -2, 4, -2, 2], [-2, 1, 2, 2, -2, -2, -2, 4, -2, 2], [-2, 1, 2, 2, -2, -2, -2, 4, 2, -2], [1, -2, -2, -2, -2, -2, 4, 2, -2, -2], [1, -2, -2, -2, -2, 4, -2, -2, -2, 2], [1, -2, -2, -2, -2, 4, -2, -2, 2, -2], [1, -2, -2, -2, -2, 4, -2, 2, -2, -2], [1, -2, -2, -2, -2, 4, 2, -2, -2, -2], [1, -2, -2, -2, 1, -2, -2, -2, -2, 4], [1, -2, -2, -2, 1, -2, -2, -2, 4, -2], [1, -2, -2, -2, 1, -2, 4, -2, -2, -2], [1, -2, -2, -2, 1, 4, -2, -2, -2, -2], [1, -2, -2, -2, 1, 3, -2, -2, -2, -2], [1, -2, -2, 2, -2, 4, -2, -2, -2, -2], [1, 2, -2, -2, -2, -2, -2, -2, 4, 4], [1, 2, -2, -2, -2, -2, 4, -2, -2, 2], [1, 2, -2, -2, -2, 4, -2, -2, -2, -2], [1, 2, -2, -2, 1, -2, -2, 4, -2, -2], [1, 2, -2, 2, -2, -2, -2, -2, 4, -2], [1, 2, -2, 1, -2, -2, -2, -2, -2, 4], [1, 1, -2, -2, -2, 3, 0, -2, -2, -2], [1, 1, -2, 1, -2, 1, -2, -2, -2, 2], [0, -2, -2, -2, -2, -2, -2, 4, 1, -2], [0, -2, -2, -2, -2, -2, 4, -2, 1, -2], [0, -2, -2, -2, -2, -2, 4, 4, 2, -2], [0, -2, -2, -2, -2, -2, 4, 1, -2, -2], [0, -2, -2, -2, -2, 4, -2, 4, 2, -2], [0, -2, -2, -2, -2, 4, 4, -2, 2, 2], [0, -2, -2, -2, -2, 1, -2, 4, -2, -2], [0, -2, -2, -2, -2, 1, 4, -2, -2, -2], [0, -2, -2, -2, 1, 2, -2, -2, -2, 4], [0, -2, -2, -2, 1, 2, -2, -2, 4, -2], [0, -2, -2, -2, 0, -2, -2, -2, 2, 0], [0, -2, -2, -2, 0, -2, -2, 4, 4, -2], [0, -2, -2, -2, 0, 3, -2, -2, 0, -2], [0, -2, -2, -2, 0, 3, 0, 0, -2, -2], [0, -2, -2, 1, -2, -2, 2, -2, 4, -2], [0, -2, -2, 1, -2, 2, -2, -2, 4, -2], [0, -2, -2, 1, 0, -2, -2, -2, 4, -2], [0, -2, -2, 1, 0, -2, -2, 4, -2, -2], [0, -2, -2, 1, 0, -2, 4, -2, -2, -2], [0, -2, -2, 1, 0, 2, -2, -2, -2, 0], [0, -2, 3, -2, -2, -2, 4, -2, 2, -2], [0, -2, 3, 2, -2, -2, -2, -2, -2, 4], [0, -2, 2, -2, -2, -2, -2, -2, 2, 0], [0, -2, 2, -2, 0, -2, -2, -2, 4, 4], [0, -2, 2, -2, 0, -2, 4, -2, -2, -2], [0, -2, 2, 1, -2, 2, -2, -2, -2, 0], [0, -2, 1, -2, -2, -2, -2, -2, 2, 4], [0, -2, 1, -2, -2, 2, -2, 4, -2, -2], [0, -2, 1, -2, 1, -2, 4, -2, -2, -2], [0, -2, 1, -2, 0, 3, -2, -2, -2, 2], [0, -2, 1, 1, -2, -2, -2, -2, -2, 4], [0, -2, 1, 1, -2, -2, -2, -2, 4, -2], [0, -2, 1, 1, -2, -2, -2, 4, -2, -2], [0, 2, -2, -2, -2, -2, 4, -2, -2, 1], [0, 2, -2, -2, -2, 4, -2, 4, -2, 2], [0, 2, -2, -2, -2, 3, -2, -2, 0, -2], [0, 2, -2, -2, -2, 2, 2, -2, 4, -2], [0, 2, -2, -2, 0, -2, -2, -2, 4, -2], [0, 2, -2, -2, 0, -2, -2, 4, -2, -2], [0, 2, -2, -2, 0, -2, 4, -2, -2, -2], [0, 2, -2, -2, 0, 3, -2, 0, -2, -2], [0, 2, 2, 1, 0, -2, -2, -2, -2, 0], [0, 2, 1, -2, -2, -2, -2, 4, -2, 2], [0, 2, 1, 2, -2, 3, -2, -2, -2, 2], [0, 1, -2, -2, -2, 4, -2, -2, -2, 2], [0, 1, -2, -2, -2, 3, -2, -2, -2, -2], [0, 1, -2, -2, 1, -2, 2, -2, 4, -2], [0, 1, -2, 2, -2, -2, -2, 4, -2, 2], [0, 1, -2, 2, -2, -2, -2, 4, 4, -2], [0, 1, -2, 2, -2, 2, -2, -2, -2, 4], [0, 1, 3, -2, -2, -2, 4, -2, -2, -2], [0, 1, 2, -2, -2, -2, 2, -2, -2, 4], [0, 1, 2, -2, -2, 2, -2, -2, -2, 4], [0, 1, 2, -2, -2, 2, -2, -2, 4, -2], [0, 1, 1, -2, -2, -2, -2, 4, -2, 4], [0, 1, 1, -2, -2, -2, 4, -2, -2, 4]]
0.25 188 
 [[-2, -2, -2, -2, -2, -2, -2, 5, -2, -2], [-2, -2, -2, -2, -2, -2, 5, -2, -2, -2], [-2, -2, -2, -2, -2, -2, 4, -2, -2, 0], [-2, -2, -2, -2, -2, -2, 4, -2, 2, 4], [-2, -2, -2, -2, -2, -2, 4, -2, 0, -2], [-2, -2, -2, -2, -2, -2, 4, 2, -2, 4], [-2, -2, -2, -2, -2, -2, 2, 4, -2, 4], [-2, -2, -2, -2, -2, -2, 2, 4, 4, -2], [-2, -2, -2, -2, -2, -2, 1, -2, 4, -2], [-2, -2, -2, -2, -2, 3, -2, -2, -2, 4], [-2, -2, -2, -2, -2, 3, -2, -2, 4, -2], [-2, -2, -2, -2, -2, 3, -2, 4, -2, -2], [-2, -2, -2, -2, -2, 2, -2, 4, -2, 4], [-2, -2, -2, -2, -2, 2, -2, 4, 4, -2], [-2, -2, -2, -2, -2, 1, -2, -2, 4, -2], [-2, -2, -2, -2, 1, 3, 1, -2, -2, -2], [-2, -2, -2, -2, 1, 1, -2, 4, -2, -2], [-2, -2, -2, -2, 0, -2, -2, -2, -2, 5], [-2, -2, -2, -2, 0, -2, -2, 4, 4, 2], [-2, -2, -2, -2, 0, -2, 4, -2, 4, 2], [-2, -2, -2, 2, -2, -2, -2, 4, 4, 2], [-2, -2, -2, 2, -2, -2, 4, -2, 4, 2], [-2, -2, -2, 2, -2, 4, 4, 2, -2, -2], [-2, -2, -2, 1, -2, -2, -2, -2, 5, -2], [-2, -2, -2, 1, -2, 3, -2, -2, -2, 0], [-2, -2, -2, 1, -2, 1, -2, 4, -2, 1], [-2, -2, -2, 1, 0, 3, -2, -2, 0, -2], [-2, -2, -2, 1, 0, 3, -2, 0, -2, -2], [-2, -2, 3, -2, -2, 3, -2, 1, -2, -2], [-2, -2, 3, -2, 0, -2, -2, -2, 4, -2], [-2, -2, 3, -2, 0, -2, 4, 2, -2, -2], [-2, -2, 3, -2, 0, 3, 4, -2, -2, -2], [-2, -2, 3, 2, -2, -2, -2, -2, 4, -2], [-2, -2, 3, 1, -2, -2, 4, 2, -2, -2], [-2, -2, 2, -2, -2, -2, 4, 4, 2, -2], [-2, -2, 2, -2, -2, 4, -2, 4, 2, -2], [-2, -2, 2, -2, -2, 4, 4, 4, -2, 2], [-2, -2, 2, -2, -2, 3, -2, -2, -2, 0], [-2, -2, 2, -2, -2, 3, -2, -2, 0, -2], [-2, -2, 2, -2, -2, 3, 0, 0, -2, -2], [-2, -2, 2, -2, 1, 3, 4, -2, -2, 2], [-2, -2, 2, -2, 0, -2, 4, 4, -2, 2], [-2, -2, 2, -2, 0, 4, -2, 4, -2, 2], [-2, -2, 2, -2, 0, 4, 4, -2, -2, 2], [-2, -2, 2, -2, 0, 4, 4, -2, 2, -2], [-2, -2, 2, 2, -2, -2, 4, -2, 2, -2], [-2, -2, 2, 2, -2, -2, 4, 4, -2, 2], [-2, -2, 2, 2, -2, 4, -2, 4, -2, 2], [-2, -2, 2, 2, -2, 4, 4, -2, -2, 2], [-2, -2, 2, 2, -2, 2, -2, -2, 4, 4], [-2, -2, 2, 2, 0, 4, -2, -2, 2, -2], [-2, -2, 2, 1, -2, 4, 2, -2, 2, 2], [-2, -2, 2, 1, -2, 3, -2, 0, -2, -2], [-2, -2, 2, 1, -2, 3, 0, -2, -2, -2], [-2, -2, 2, 1, 1, 3, -2, -2, -2, 2], [-2, 2, -2, -2, -2, -2, -2, -2, 4, 1], [-2, 2, -2, -2, -2, -2, -2, 4, 4, 2], [-2, 2, -2, -2, -2, -2, -2, 1, 4, -2], [-2, 2, -2, -2, -2, -2, 4, -2, 4, 2], [-2, 2, -2, -2, 0, 4, -2, -2, 4, 2], [-2, 2, -2, 1, 0, -2, 2, 4, -2, -2], [-2, 2, -2, 1, 0, 2, -2, 4, -2, -2], [-2, 2, 3, -2, -2, 3, 4, -2, -2, -2], [-2, 2, 3, -2, 1, 3, -2, -2, -2, -2], [-2, 2, 3, 1, -2, 3, -2, -2, -2, -2], [-2, 2, 3, 1, 0, -2, -2, 4, -2, -2], [-2, 2, 3, 1, 0, -2, 4, -2, -2, -2], [-2, 2, 2, -2, -2, 4, -2, 4, -2, 2], [-2, 2, 1, -2, -2, -2, 2, 4, -2, -2], [-2, 2, 1, -2, -2, 2, -2, 4, -2, -2], [-2, 1, -2, -2, -2, 4, 4, -2, 2, -2], [-2, 1, -2, -2, -2, 3, 0, -2, -2, 0], [-2, 1, -2, -2, 1, -2, 4, 2, -2, 2], [-2, 1, -2, -2, 1, -2, 4, 2, 2, -2], [-2, 1, -2, -2, 1, 4, -2, 2, -2, 2], [-2, 1, -2, -2, 1, 4, -2, 2, 2, -2], [-2, 1, -2, -2, 1, 4, 2, -2, -2, 2], [-2, 1, -2, -2, 1, 3, -2, -2, -2, 0], [-2, 1, -2, -2, 1, 3, -2, -2, 0, -2], [-2, 1, -2, -2, 1, 3, 0, 0, -2, -2], [-2, 1, -2, -2, 0, -2, 4, 4, 2, -2], [-2, 1, -2, 2, -2, -2, 4, -2, 2, 2], [-2, 1, -2, 2, -2, -2, 4, 4, 2, -2], [-2, 1, -2, 2, -2, -2, 4, 2, -2, 2], [-2, 1, -2, 2, -2, 4, -2, -2, 2, -2], [-2, 1, -2, 2, -2, 4, 4, -2, -2, 2], [-2, 1, -2, 2, -2, 1, -2, 4, -2, -2], [-2, 1, -2, 1, -2, 3, 0, -2, -2, -2], [-2, 1, 3, -2, -2, -2, -2, 4, -2, -2], [-2, 1, 2, -2, -2, 4, -2, 2, 2, -2], [-2, 1, 2, -2, -2, 3, -2, 0, -2, -2], [-2, 1, 2, -2, -2, 3, 4, -2, -2, 2], [-2, 1, 2, -2, 1, 3, 4, -2, -2, -2], [-2, 1, 2, -2, 0, 4, -2, -2, 2, -2], [-2, 1, 2, 2, -2, -2, 4, -2, -2, 2], [-2, 1, 2, 1, -2, 3, -2, -2, -2, 2], [-2, 1, 1, -2, -2, 4, -2, 2, 2, -2], [-2, 1, 1, -2, -2, 3, -2, -2, 0, 0], [-2, 1, 1, -2, -2, 3, -2, 0, -2, 0], [-2, 1, 1, -2, 1, 3, -2, -2, -2, -2], [1, -2, -2, -2, -2, 4, -2, -2, 2, -2], [1, -2, -2, -2, -2, 4, -2, 2, -2, -2], [1, -2, -2, -2, -2, 4, 2, -2, -2, -2], [1, -2, -2, -2, 1, -2, 4, -2, -2, -2], [1, -2, -2, -2, 1, 4, -2, -2, -2, -2], [1, -2, -2, 1, -2, 3, 1, -2, -2, -2], [1, -2, -2, 1, 1, 3, -2, -2, -2, -2], [1, -2, 3, -2, -2, 3, -2, -2, -2, -2], [1, -2, 2, -2, 1, 3, -2, -2, -2, -2], [1, 2, -2, -2, -2, 4, -2, -2, -2, 2], [1, 1, -2, -2, -2, 3, -2, -2, -2, 0], [1, 1, -2, -2, -2, 3, -2, -2, 0, -2], [1, 1, -2, -2, 1, 3, -2, -2, -2, -2], [1, 1, -2, 1, -2, 3, -2, 0, -2, -2], [0, -2, -2, -2, -2, -2, -2, -2, -2, 5], [0, -2, -2, -2, -2, -2, -2, 4, -2, 1], [0, -2, -2, -2, -2, -2, -2, 1, 4, -2], [0, -2, -2, -2, -2, 1, 4, 1, -2, -2], [0, -2, -2, -2, 0, 4, 4, 4, 2, -2], [0, -2, -2, -2, 0, 3, 0, -2, 0, 0], [0, -2, -2, -2, 0, 3, 0, 0, -2, 0], [0, -2, -2, -2, 0, 1, 4, -2, -2, -2], [0, -2, -2, 2, -2, 4, 4, -2, 2, 2], [0, -2, -2, 2, -2, 2, 2, -2, 4, 4], [0, -2, -2, 2, -2, 1, 4, -2, -2, -2], [0, -2, -2, 2, 0, -2, 4, 4, -2, 2], [0, -2, -2, 2, 0, 4, 4, -2, -2, 2], [0, -2, -2, 1, -2, 3, -2, -2, 0, -2], [0, -2, -2, 1, -2, 3, -2, 0, -2, -2], [0, -2, -2, 1, -2, 3, 0, -2, -2, -2], [0, -2, -2, 1, 1, 2, 2, -2, 4, -2], [0, -2, 3, -2, -2, -2, 4, 2, 2, -2], [0, -2, 3, -2, -2, 3, 4, 2, -2, -2], [0, -2, 3, -2, 0, -2, -2, 4, -2, -2], [0, -2, 3, -2, 0, -2, 4, -2, -2, 2], [0, -2, 3, -2, 0, -2, 4, -2, 2, -2], [0, -2, 3, -2, 0, 4, -2, -2, -2, 4], [0, -2, 3, -2, 0, 3, -2, -2, 2, -2], [0, -2, 3, 2, -2, -2, -2, 4, -2, -2], [0, -2, 3, 2, -2, -2, 4, -2, -2, 2], [0, -2, 3, 2, 0, -2, -2, -2, -2, 4], [0, -2, 3, 1, 0, -2, 4, -2, -2, -2], [0, -2, 2, -2, -2, 4, -2, 4, -2, 2], [0, -2, 2, -2, -2, 3, -2, 0, -2, -2], [0, -2, 2, -2, -2, 2, -2, -2, 4, 4], [0, -2, 2, -2, -2, 1, 4, -2, -2, -2], [0, -2, 1, -2, 0, -2, 2, 4, -2, -2], [0, -2, 1, 2, 0, 3, 4, -2, -2, 2], [0, -2, 1, 1, -2, -2, -2, -2, -2, 4], [0, -2, 1, 1, 0, 3, -2, -2, -2, -2], [0, 2, -2, -2, -2, -2, 4, -2, 1, -2], [0, 2, -2, -2, -2, -2, 4, 1, -2, -2], [0, 2, -2, -2, -2, 1, 4, -2, -2, -2], [0, 2, -2, -2, 0, 4, -2, 4, -2, 2], [0, 2, -2, -2, 0, 3, -2, -2, -2, 0], [0, 2, -2, 2, -2, 2, -2, -2, 4, 4], [0, 2, -2, 2, 0, -2, 2, -2, 4, 4], [0, 2, -2, 1, 1, 3, 4, -2, -2, -2], [0, 2, -2, 1, 0, -2, -2, 4, 4, -2], [0, 2, 3, -2, 0, 3, -2, -2, -2, -2], [0, 2, 2, -2, -2, -2, 4, 4, -2, 2], [0, 2, 2, 2, 0, 4, -2, 4, -2, -2], [0, 2, 1, -2, -2, -2, 2, -2, -2, 4], [0, 2, 1, -2, -2, -2, 2, -2, 4, -2], [0, 2, 1, -2, 0, 3, 4, -2, -2, -2], [0, 1, -2, -2, -2, -2, 4, 2, 2, 2], [0, 1, -2, -2, 1, 4, -2, -2, -2, 2], [0, 1, -2, -2, 1, 2, -2, -2, 4, -2], [0, 1, -2, -2, 0, -2, 4, -2, 2, 2], [0, 1, -2, -2, 0, 4, 4, -2, -2, 2], [0, 1, -2, -2, 0, 3, -2, 0, -2, 0], [0, 1, -2, -2, 0, 3, 4, -2, -2, 2], [0, 1, -2, 2, -2, -2, 4, -2, -2, 2], [0, 1, -2, 1, -2, 3, -2, -2, -2, 2], [0, 1, -2, 1, -2, 3, -2, -2, 2, -2], [0, 1, -2, 1, -2, 3, -2, 2, -2, -2], [0, 1, -2, 1, 0, 3, -2, -2, -2, -2], [0, 1, 3, -2, -2, -2, 4, -2, -2, 2], [0, 1, 3, -2, -2, -2, 4, -2, 2, -2], [0, 1, 3, -2, -2, 4, -2, -2, -2, 2], [0, 1, 3, -2, -2, 4, -2, -2, 2, -2], [0, 1, 3, 2, -2, -2, 4, -2, -2, -2], [0, 1, 2, -2, -2, 3, -2, -2, -2, 2], [0, 1, 2, -2, -2, 3, 4, -2, 2, -2], [0, 1, 2, -2, 0, -2, 4, -2, -2, 2], [0, 1, 2, -2, 0, -2, 4, -2, 2, -2], [0, 1, 2, -2, 0, 3, -2, -2, -2, -2], [0, 1, 2, 1, -2, 3, 4, -2, -2, -2]]
0.3 98 
 [[-2, -2, -2, -2, -2, -2, -2, 5, -2, -2], [-2, -2, -2, -2, -2, -2, 5, -2, -2, -2], [-2, -2, -2, -2, -2, 3, -2, -2, 4, 4], [-2, -2, -2, -2, -2, 1, 1, -2, 4, -2], [-2, -2, -2, -2, 0, -2, -2, -2, -2, 5], [-2, -2, -2, -2, 0, 3, -2, -2, 4, 2], [-2, -2, -2, 2, -2, 3, -2, -2, 4, 2], [-2, -2, -2, 2, -2, 1, -2, -2, 4, -2], [-2, -2, -2, 2, 0, 3, 4, 4, -2, 2], [-2, -2, -2, 1, -2, -2, 2, 4, 4, -2], [-2, -2, -2, 1, -2, 3, -2, 4, -2, 4], [-2, -2, -2, 1, -2, 3, 4, -2, -2, 4], [-2, -2, -2, 1, -2, 2, -2, 4, 4, -2], [-2, -2, -2, 1, 0, 3, -2, 0, -2, 0], [-2, -2, -2, 1, 0, 3, 4, -2, 4, -2], [-2, -2, -2, 1, 0, 3, 0, -2, -2, 0], [-2, -2, 2, -2, -2, 3, -2, -2, 4, 2], [-2, -2, 2, -2, -2, 3, 0, -2, 0, 0], [-2, -2, 2, -2, -2, 3, 0, 0, -2, 0], [-2, -2, 2, -2, 0, 4, -2, 4, -2, 2], [-2, -2, 2, -2, 0, 4, -2, 4, 2, -2], [-2, -2, 2, -2, 0, 3, -2, -2, 0, 0], [-2, -2, 2, 2, -2, -2, 4, 4, 2, -2], [-2, -2, 2, 2, -2, 4, -2, 4, -2, 2], [-2, -2, 2, 2, -2, 4, 4, -2, -2, 2], [-2, -2, 2, 2, -2, 4, 4, -2, 2, -2], [-2, -2, 2, 2, 0, 3, -2, -2, -2, 4], [-2, -2, 2, 1, -2, 3, -2, -2, 4, -2], [-2, -2, 2, 1, -2, 3, -2, -2, 0, 0], [-2, -2, 2, 1, -2, 3, -2, 0, -2, -2], [-2, -2, 2, 1, -2, 3, 0, -2, -2, 0], [-2, -2, 2, 1, 0, 3, -2, -2, -2, 0], [-2, -2, 1, -2, -2, 3, -2, -2, -2, 4], [-2, -2, 1, -2, -2, 3, -2, -2, 4, -2], [-2, -2, 1, -2, -2, 2, -2, 4, 4, -2], [-2, -2, 1, -2, 0, 3, -2, 4, -2, -2], [-2, 2, -2, -2, -2, -2, 4, -2, 2, 4], [-2, 2, -2, -2, -2, -2, 4, 2, -2, 4], [-2, 2, -2, -2, -2, 3, -2, -2, 4, -2], [-2, 2, -2, -2, -2, 3, -2, 4, -2, 4], [-2, 2, -2, -2, -2, 3, 4, -2, -2, 4], [-2, 2, -2, -2, -2, 1, -2, -2, 4, -2], [-2, 2, -2, -2, 0, -2, 4, -2, 4, 2], [-2, 2, -2, -2, 0, -2, 2, 4, 4, -2], [-2, 2, -2, 2, -2, -2, 4, -2, 4, 2], [-2, 2, -2, 1, 0, 3, -2, -2, -2, 0], [-2, 2, -2, 1, 0, 3, -2, 0, -2, -2], [-2, 2, -2, 1, 0, 3, 0, -2, 0, -2], [-2, 2, 3, 1, -2, 3, 4, -2, -2, -2], [-2, 2, 2, -2, 0, 3, -2, -2, -2, 0], [-2, 2, 2, 1, -2, 3, -2, -2, -2, 0], [-2, 2, 2, 1, -2, 3, 0, -2, 0, -2], [-2, 2, 1, -2, -2, 3, -2, 4, -2, -2], [-2, 1, -2, 2, -2, 4, 4, -2, 2, -2], [-2, 1, 3, 2, -2, -2, -2, 4, -2, -2], [-2, 1, 2, -2, -2, 3, -2, 4, -2, 2], [-2, 1, 2, -2, -2, 3, -2, 0, -2, 0], [-2, 1, 2, -2, -2, 3, 0, -2, -2, 0], [-2, 1, 2, -2, 0, -2, 4, 4, 2, -2], [-2, 1, 2, 2, -2, -2, 4, 4, -2, 2], [-2, 1, 2, 2, 0, 4, -2, -2, 2, -2], [-2, 1, 1, 1, 1, 3, -2, -2, -2, -2], [1, -2, -2, -2, -2, 4, -2, 2, -2, -2], [1, -2, -2, -2, -2, 4, 2, -2, -2, 2], [1, -2, -2, -2, -2, 4, 2, -2, 2, -2], [1, 1, -2, 1, 1, 3, -2, -2, -2, -2], [0, -2, -2, -2, -2, -2, -2, 1, 4, -2], [0, -2, -2, -2, -2, -2, 1, -2, 4, -2], [0, -2, -2, -2, -2, 3, -2, -2, 4, 2], [0, -2, -2, -2, -2, 1, -2, -2, 4, -2], [0, -2, -2, -2, 0, 3, -2, -2, 4, -2], [0, -2, -2, 1, 0, 3, -2, -2, -2, 0], [0, -2, -2, 1, 0, 3, -2, -2, 0, -2], [0, -2, -2, 1, 0, 3, -2, 0, -2, -2], [0, -2, -2, 1, 0, 3, 0, -2, -2, -2], [0, -2, 3, -2, 0, 3, 4, -2, -2, -2], [0, -2, 3, 2, 0, -2, -2, -2, 4, -2], [0, -2, 2, -2, -2, 4, -2, 4, 2, -2], [0, -2, 2, -2, -2, 3, -2, -2, -2, 0], [0, -2, 2, -2, -2, 3, 0, -2, 0, -2], [0, -2, 2, -2, 0, -2, 4, 4, 2, -2], [0, -2, 2, -2, 0, 3, -2, -2, 0, -2], [0, -2, 1, -2, -2, 3, -2, 4, -2, -2], [0, 2, -2, -2, 0, 2, -2, 4, 4, -2], [0, 2, -2, 2, 0, 3, -2, -2, -2, 4], [0, 2, -2, 1, -2, 3, -2, -2, -2, 0], [0, 2, -2, 1, -2, 3, -2, -2, 0, -2], [0, 2, 2, -2, -2, 4, -2, 4, -2, 2], [0, 2, 2, -2, -2, 3, -2, -2, 0, -2], [0, 2, 2, -2, 0, 4, 4, -2, 2, -2], [0, 2, 1, -2, -2, -2, 2, 4, -2, -2], [0, 2, 1, -2, -2, 2, -2, 4, -2, -2], [0, 1, -2, -2, -2, 4, 4, -2, 2, 2], [0, 1, -2, -2, 0, 4, 4, -2, 2, -2], [0, 1, -2, -2, 0, 3, -2, 4, -2, 2], [0, 1, -2, 2, -2, 4, 4, -2, -2, 2], [0, 1, 3, -2, 0, -2, -2, 4, -2, -2], [0, 1, 2, 1, 0, 3, -2, -2, -2, -2]]
