execution time
3 0.02560901641845703 0.024604082107543945
4 0.03479886054992676 0.03921818733215332
5 0.04801201820373535 0.09776520729064941
6 0.07181000709533691 0.3040030002593994
7 0.23829984664916992 4.7960052490234375
8 0.5049178600311279 46.91619324684143
9 0.02560901641845703
10 0.03479886054992676
11 0.04801201820373535


number of patterns checked
3 55.0 74.0
4 293.0 599.0
5 733.0 3599.0
6 1121.0 10799.0
7 5431.0 118799.0
8 16591.0 1306799.0
9 55.0
10 293.0
11 733.0


number of patterns found
0 0 
 []
1 0 
 []
2 0 
 []
3 0 
 []
4 2 
 [[-1, -1, -1, -1, -1, 1, 5], [-1, -1, 1, -1, -1, -1, 5]]
5 3 
 [[-1, -1, -1, -1, -1, 1, 5, -1], [-1, -1, 1, -1, -1, -1, 5, -1], [0, 2, 0, -1, 0, 1, -1, 0]]
6 3 
 [[-1, -1, -1, -1, -1, 1, 5, -1, -1], [-1, -1, 1, -1, -1, -1, 5, -1, -1], [0, 2, 0, -1, 0, 1, -1, 0, -1]]
7 3 
 [[-1, -1, -1, -1, -1, 1, 5, -1, -1, -1], [-1, -1, 1, -1, -1, -1, 5, -1, -1, -1], [0, 2, 0, -1, 0, 1, -1, 0, -1, -1]]
8 3 
 [[-1, -1, -1, -1, -1, 1, 5, -1, -1, -1, -1], [-1, -1, 1, -1, -1, -1, 5, -1, -1, -1, -1], [0, 2, 0, -1, 0, 1, -1, 0, -1, -1, -1]]
