overall accuracy: 0.6359941944847605
execution time
10 1.1843712329864502 10.811332941055298
20 0.8343849182128906 10.464225053787231
30 0.6975600719451904 10.912095785140991
40 0.5601968765258789 13.1389799118042
50 0.6865329742431641 11.775963068008423
60 0.6122589111328125 12.465849161148071
70 0.48694801330566406 11.101436138153076
80 0.3899688720703125 10.334887027740479
90 0.4075191020965576 10.900382995605469
100 0.42821669578552246 13.086572170257568


number of calculations
10 12883.0 118799.0
20 9134.0 118799.0
30 7410.0 118799.0
40 6131.0 118799.0
50 5431.0 118799.0
60 4960.0 118799.0
70 4513.0 118799.0
80 4095.0 118799.0
90 3743.0 118799.0
100 3413.0 118799.0


number of patterns found
10 80 
 [[-1, -1, -1, -1, -1, 1, 5], [-1, -1, -1, -1, 1, -1, 2], [-1, -1, -1, -1, 0, 1, 9], [-1, -1, -1, 6, -1, 0, -1], [-1, -1, -1, 5, -1, -1, 4], [-1, -1, -1, 1, -1, -1, 9], [-1, -1, -1, 1, -1, -1, 8], [-1, -1, -1, 1, -1, -1, 6], [-1, -1, -1, 1, -1, 0, 4], [-1, -1, -1, 1, 1, 0, -1], [-1, -1, -1, 1, 0, -1, 4], [-1, -1, -1, 0, 1, 0, 4], [-1, -1, 3, -1, -1, -1, 5], [-1, -1, 3, -1, -1, -1, 4], [-1, -1, 3, -1, -1, 0, 3], [-1, -1, 3, -1, 1, -1, -1], [-1, -1, 2, -1, -1, -1, 5], [-1, -1, 1, -1, -1, -1, 5], [-1, -1, 1, -1, -1, 1, 7], [-1, -1, 1, -1, 1, -1, 4], [-1, -1, 1, -1, 0, -1, 9], [-1, -1, 1, 4, -1, -1, -1], [-1, -1, 1, 0, 1, 0, 7], [-1, -1, 0, 2, -1, -1, 1], [-1, 2, -1, -1, -1, -1, 9], [-1, 2, -1, -1, 2, -1, 7], [-1, 2, -1, -1, 1, -1, 7], [-1, 2, -1, -1, 1, 0, 6], [-1, 2, -1, -1, 1, 0, 4], [-1, 2, -1, 4, -1, -1, -1], [-1, 2, 0, -1, 0, -1, 5], [-1, 2, 0, 2, -1, -1, -1], [-1, 2, 0, 0, -1, -1, 2], [-1, 2, 0, 0, 0, 0, 6], [-1, 1, -1, -1, 1, 0, 4], [-1, 1, -1, 5, 0, 0, -1], [-1, 1, -1, 1, -1, -1, 4], [-1, 1, -1, 1, 1, -1, -1], [-1, 1, -1, 0, 1, -1, 4], [-1, 1, 1, -1, -1, 1, 4], [-1, 1, 0, 0, 0, 1, 6], [1, -1, -1, -1, -1, -1, 9], [1, -1, -1, -1, 0, -1, 8], [1, -1, -1, 2, -1, 0, -1], [1, -1, -1, 0, -1, 1, 8], [1, -1, 1, -1, -1, -1, 7], [1, -1, 1, -1, -1, 0, 2], [1, -1, 1, 0, -1, -1, 8], [1, -1, 0, 0, -1, -1, 8], [1, -1, 0, 0, -1, 0, 5], [1, 2, -1, 2, 0, -1, -1], [1, 1, -1, -1, -1, -1, 8], [1, 1, -1, -1, -1, 0, 5], [1, 1, 1, 1, -1, -1, -1], [0, -1, -1, -1, 2, 0, 7], [0, -1, -1, -1, 1, 0, 4], [0, -1, -1, -1, 0, 1, 6], [0, -1, -1, 5, 1, -1, -1], [0, -1, -1, 1, -1, -1, 4], [0, -1, 2, -1, 1, 0, -1], [0, -1, 1, -1, -1, 1, 4], [0, -1, 1, -1, 1, 0, 7], [0, -1, 1, 5, -1, -1, 2], [0, -1, 1, 0, 1, -1, 7], [0, -1, 0, 0, -1, 1, 6], [0, -1, 0, 0, -1, 1, 3], [0, 2, -1, -1, -1, -1, 5], [0, 2, -1, -1, -1, 1, 3], [0, 2, -1, -1, 1, -1, 6], [0, 2, 1, -1, 1, 0, -1], [0, 2, 0, -1, -1, -1, 6], [0, 2, 0, -1, -1, -1, 2], [0, 2, 0, -1, 0, -1, 3], [0, 2, 0, 0, -1, -1, 3], [0, 1, -1, -1, -1, 1, 6], [0, 1, -1, -1, 1, -1, 4], [0, 1, 3, -1, -1, 0, 2], [0, 1, 3, 0, -1, -1, 2], [0, 1, 1, -1, 0, -1, 6], [0, 1, 1, 5, -1, -1, -1]]
20 31 
 [[-1, -1, -1, -1, -1, 1, 5], [-1, -1, -1, -1, 0, 1, 9], [-1, -1, -1, 1, -1, -1, 6], [-1, -1, -1, 1, 1, 0, -1], [-1, -1, -1, 1, 0, -1, 4], [-1, -1, 3, -1, -1, -1, 4], [-1, -1, 2, -1, -1, -1, 5], [-1, -1, 1, -1, -1, -1, 5], [-1, -1, 1, -1, 0, -1, 9], [-1, -1, 1, 4, -1, -1, -1], [-1, 2, -1, -1, -1, -1, 9], [-1, 2, 0, 0, -1, -1, 2], [-1, 1, -1, 1, 1, -1, -1], [-1, 1, 1, -1, -1, 1, 4], [-1, 1, 0, 0, 0, 1, 6], [1, -1, -1, -1, -1, -1, 9], [1, -1, -1, -1, 0, -1, 8], [1, -1, 0, 0, -1, 0, 5], [1, 1, -1, -1, -1, -1, 8], [1, 1, -1, -1, -1, 0, 5], [0, -1, -1, -1, 1, 0, 4], [0, -1, -1, -1, 0, 1, 6], [0, -1, -1, 1, -1, -1, 4], [0, -1, 1, -1, -1, 1, 4], [0, -1, 0, 0, -1, 1, 6], [0, -1, 0, 0, -1, 1, 3], [0, 2, -1, -1, -1, -1, 5], [0, 2, 0, -1, -1, -1, 6], [0, 2, 0, -1, -1, -1, 2], [0, 1, -1, -1, -1, 1, 6], [0, 1, 1, -1, 0, -1, 6]]
30 13 
 [[-1, -1, -1, -1, -1, 1, 5], [-1, -1, -1, -1, 0, 1, 9], [-1, -1, 1, -1, -1, -1, 5], [-1, -1, 1, 4, -1, -1, -1], [-1, 1, 1, -1, -1, 1, 4], [1, 1, -1, -1, -1, 0, 5], [0, -1, -1, -1, 0, 1, 6], [0, -1, 1, -1, -1, 1, 4], [0, -1, 0, 0, -1, 1, 6], [0, 2, -1, -1, -1, -1, 5], [0, 2, 0, -1, -1, -1, 6], [0, 1, -1, -1, -1, 1, 6], [0, 1, 1, -1, 0, -1, 6]]
40 6 
 [[-1, -1, -1, -1, -1, 1, 5], [-1, -1, 1, -1, -1, -1, 5], [0, -1, -1, -1, 0, 1, 6], [0, -1, 1, -1, -1, 1, 4], [0, 2, -1, -1, -1, -1, 5], [0, 1, -1, -1, -1, 1, 6]]
50 2 
 [[-1, -1, -1, -1, -1, 1, 5], [-1, -1, 1, -1, -1, -1, 5]]
60 2 
 [[-1, -1, -1, -1, -1, 1, 5], [-1, -1, 1, -1, -1, -1, 5]]
70 2 
 [[-1, -1, -1, -1, -1, 1, 5], [-1, -1, 1, -1, -1, -1, 5]]
80 2 
 [[-1, -1, -1, -1, -1, 1, 5], [-1, -1, 1, -1, -1, -1, 5]]
90 2 
 [[-1, -1, -1, -1, -1, 1, 5], [-1, -1, 1, -1, -1, -1, 5]]
100 2 
 [[-1, -1, -1, -1, -1, 1, 5], [-1, -1, 1, -1, -1, -1, 5]]
