overall accuracy: 0.6359941944847605
execution time
10 0.5175209045410156
20 0.36173486709594727
30 0.29277896881103516
40 0.24649596214294434
50 0.22715401649475098
60 0.20573711395263672
70 0.17858409881591797
80 0.1769237518310547
90 0.15331387519836426
100 0.15415596961975098


number of calculations
10 12883.0
20 9134.0
30 7410.0
40 6131.0
50 5431.0
60 4960.0
70 4513.0
80 4095.0
90 3743.0
100 3413.0


number of patterns found
10 80 
 [[-1, -1, -1, -1, -1, 1, 5], [-1, -1, -1, -1, 1, -1, 2], [-1, -1, -1, -1, 0, 1, 9], [-1, -1, -1, 6, -1, 0, -1], [-1, -1, -1, 5, -1, -1, 4], [-1, -1, -1, 1, -1, -1, 9], [-1, -1, -1, 1, -1, -1, 8], [-1, -1, -1, 1, -1, -1, 6], [-1, -1, -1, 1, -1, 0, 4], [-1, -1, -1, 1, 1, 0, -1], [-1, -1, -1, 1, 0, -1, 4], [-1, -1, -1, 0, 1, 0, 4], [-1, -1, 3, -1, -1, -1, 5], [-1, -1, 3, -1, -1, -1, 4], [-1, -1, 3, -1, -1, 0, 3], [-1, -1, 3, -1, 1, -1, -1], [-1, -1, 2, -1, -1, -1, 5], [-1, -1, 1, -1, -1, -1, 5], [-1, -1, 1, -1, -1, 1, 7], [-1, -1, 1, -1, 1, -1, 4], [-1, -1, 1, -1, 0, -1, 9], [-1, -1, 1, 4, -1, -1, -1], [-1, -1, 1, 0, 1, 0, 7], [-1, -1, 0, 2, -1, -1, 1], [-1, 2, -1, -1, -1, -1, 9], [-1, 2, -1, -1, 2, -1, 7], [-1, 2, -1, -1, 1, -1, 7], [-1, 2, -1, -1, 1, 0, 6], [-1, 2, -1, -1, 1, 0, 4], [-1, 2, -1, 4, -1, -1, -1], [-1, 2, 0, -1, 0, -1, 5], [-1, 2, 0, 2, -1, -1, -1], [-1, 2, 0, 0, -1, -1, 2], [-1, 2, 0, 0, 0, 0, 6], [-1, 1, -1, -1, 1, 0, 4], [-1, 1, -1, 5, 0, 0, -1], [-1, 1, -1, 1, -1, -1, 4], [-1, 1, -1, 1, 1, -1, -1], [-1, 1, -1, 0, 1, -1, 4], [-1, 1, 1, -1, -1, 1, 4], [-1, 1, 0, 0, 0, 1, 6], [1, -1, -1, -1, -1, -1, 9], [1, -1, -1, -1, 0, -1, 8], [1, -1, -1, 2, -1, 0, -1], [1, -1, -1, 0, -1, 1, 8], [1, -1, 1, -1, -1, -1, 7], [1, -1, 1, -1, -1, 0, 2], [1, -1, 1, 0, -1, -1, 8], [1, -1, 0, 0, -1, -1, 8], [1, -1, 0, 0, -1, 0, 5], [1, 2, -1, 2, 0, -1, -1], [1, 1, -1, -1, -1, -1, 8], [1, 1, -1, -1, -1, 0, 5], [1, 1, 1, 1, -1, -1, -1], [0, -1, -1, -1, 2, 0, 7], [0, -1, -1, -1, 1, 0, 4], [0, -1, -1, -1, 0, 1, 6], [0, -1, -1, 5, 1, -1, -1], [0, -1, -1, 1, -1, -1, 4], [0, -1, 2, -1, 1, 0, -1], [0, -1, 1, -1, -1, 1, 4], [0, -1, 1, -1, 1, 0, 7], [0, -1, 1, 5, -1, -1, 2], [0, -1, 1, 0, 1, -1, 7], [0, -1, 0, 0, -1, 1, 6], [0, -1, 0, 0, -1, 1, 3], [0, 2, -1, -1, -1, -1, 5], [0, 2, -1, -1, -1, 1, 3], [0, 2, -1, -1, 1, -1, 6], [0, 2, 1, -1, 1, 0, -1], [0, 2, 0, -1, -1, -1, 6], [0, 2, 0, -1, -1, -1, 2], [0, 2, 0, -1, 0, -1, 3], [0, 2, 0, 0, -1, -1, 3], [0, 1, -1, -1, -1, 1, 6], [0, 1, -1, -1, 1, -1, 4], [0, 1, 3, -1, -1, 0, 2], [0, 1, 3, 0, -1, -1, 2], [0, 1, 1, -1, 0, -1, 6], [0, 1, 1, 5, -1, -1, -1]]
20 31 
 [[-1, -1, -1, -1, -1, 1, 5], [-1, -1, -1, -1, 0, 1, 9], [-1, -1, -1, 1, -1, -1, 6], [-1, -1, -1, 1, 1, 0, -1], [-1, -1, -1, 1, 0, -1, 4], [-1, -1, 3, -1, -1, -1, 4], [-1, -1, 2, -1, -1, -1, 5], [-1, -1, 1, -1, -1, -1, 5], [-1, -1, 1, -1, 0, -1, 9], [-1, -1, 1, 4, -1, -1, -1], [-1, 2, -1, -1, -1, -1, 9], [-1, 2, 0, 0, -1, -1, 2], [-1, 1, -1, 1, 1, -1, -1], [-1, 1, 1, -1, -1, 1, 4], [-1, 1, 0, 0, 0, 1, 6], [1, -1, -1, -1, -1, -1, 9], [1, -1, -1, -1, 0, -1, 8], [1, -1, 0, 0, -1, 0, 5], [1, 1, -1, -1, -1, -1, 8], [1, 1, -1, -1, -1, 0, 5], [0, -1, -1, -1, 1, 0, 4], [0, -1, -1, -1, 0, 1, 6], [0, -1, -1, 1, -1, -1, 4], [0, -1, 1, -1, -1, 1, 4], [0, -1, 0, 0, -1, 1, 6], [0, -1, 0, 0, -1, 1, 3], [0, 2, -1, -1, -1, -1, 5], [0, 2, 0, -1, -1, -1, 6], [0, 2, 0, -1, -1, -1, 2], [0, 1, -1, -1, -1, 1, 6], [0, 1, 1, -1, 0, -1, 6]]
30 13 
 [[-1, -1, -1, -1, -1, 1, 5], [-1, -1, -1, -1, 0, 1, 9], [-1, -1, 1, -1, -1, -1, 5], [-1, -1, 1, 4, -1, -1, -1], [-1, 1, 1, -1, -1, 1, 4], [1, 1, -1, -1, -1, 0, 5], [0, -1, -1, -1, 0, 1, 6], [0, -1, 1, -1, -1, 1, 4], [0, -1, 0, 0, -1, 1, 6], [0, 2, -1, -1, -1, -1, 5], [0, 2, 0, -1, -1, -1, 6], [0, 1, -1, -1, -1, 1, 6], [0, 1, 1, -1, 0, -1, 6]]
40 6 
 [[-1, -1, -1, -1, -1, 1, 5], [-1, -1, 1, -1, -1, -1, 5], [0, -1, -1, -1, 0, 1, 6], [0, -1, 1, -1, -1, 1, 4], [0, 2, -1, -1, -1, -1, 5], [0, 1, -1, -1, -1, 1, 6]]
50 2 
 [[-1, -1, -1, -1, -1, 1, 5], [-1, -1, 1, -1, -1, -1, 5]]
60 2 
 [[-1, -1, -1, -1, -1, 1, 5], [-1, -1, 1, -1, -1, -1, 5]]
70 2 
 [[-1, -1, -1, -1, -1, 1, 5], [-1, -1, 1, -1, -1, -1, 5]]
80 2 
 [[-1, -1, -1, -1, -1, 1, 5], [-1, -1, 1, -1, -1, -1, 5]]
90 2 
 [[-1, -1, -1, -1, -1, 1, 5], [-1, -1, 1, -1, -1, -1, 5]]
100 2 
 [[-1, -1, -1, -1, -1, 1, 5], [-1, -1, 1, -1, -1, -1, 5]]
