execution time
3 0.07281684875488281 0.07648992538452148
4 0.10244369506835938 0.14024591445922852
5 0.12764883041381836 0.24190282821655273
6 0.14295196533203125 0.3487989902496338
7 0.17520403861999512 0.2171261310577393
8 0.29242968559265137 2.1607139110565186
9 0.4583091735839844 3.95808482170105
10 0.5762789249420166 6.988625764846802
11 0.8277230262756348 11.305953025817871
12 1.2191338539123535 12.103507995605469
13 1.202775001525879 21.368680000305176
14 2.575284004211426 37.6487979888916
15 3.4782907962799072 50.48456311225891
16 5.623967885971069 55.49017286300659
17 9.551122188568115 112.75127291679382
18 30.557694911956787 284.2226312160492
19 49.129605770111084 575.5737972259521
20 132.59532713890076
21 178.56202793121338
22 535.2708170413971

