overall FPR: 0.1735446414561431
execution time
3 0.11942195892333984 0.1110231876373291
4 0.14171409606933594 0.14526009559631348
5 0.19969582557678223 0.23290777206420898
6 0.4858527183532715 1.5846138000488281
7 1.7444159984588623 25.09076476097107
8 6.293514251708984 433.9443359375
9 0.11942195892333984
10 0.14171409606933594
11 0.19969582557678223
12 0.4858527183532715
13 1.7444159984588623
14 6.293514251708984


number of patterns checked
3 97.0 143.0
4 305.0 719.0
5 764.0 2879.0
6 5483.0 34559.0
7 21290.0 414719.0
8 59317.0 4976639.0
9 97.0
10 305.0
11 764.0
12 5483.0
13 21290.0
14 59317.0


number of patterns found
3 9 
 [[-1, -1, -1, -1, -1, 5], [-1, -1, -1, -1, -1, 4], [-1, -1, -1, 1, 1, 3], [-1, -1, 3, -1, -1, 3], [-1, -1, 2, -1, 1, 3], [-1, 1, -1, -1, 1, 3], [-1, 1, 2, -1, -1, 3], [0, -1, -1, 1, -1, 3], [0, 1, -1, -1, -1, 3]]
4 12 
 [[-1, -1, -1, -1, -1, -1, 6], [-1, -1, -1, -1, -1, -1, 5], [-1, -1, -1, -1, -1, -1, 4], [-1, -1, -1, -1, -1, 5, -1], [-1, -1, -1, -1, -1, 4, -1], [-1, -1, -1, 1, 1, 3, -1], [-1, -1, 3, -1, -1, 3, -1], [-1, -1, 2, -1, 1, 3, -1], [-1, 1, -1, -1, 1, 3, -1], [-1, 1, 2, -1, -1, 3, -1], [0, -1, -1, 1, -1, 3, -1], [0, 1, -1, -1, -1, 3, -1]]
5 18 
 [[-1, -1, -1, -1, -1, -1, -1, 5], [-1, -1, -1, -1, -1, -1, -1, 4], [-1, -1, -1, -1, -1, -1, 6, -1], [-1, -1, -1, -1, -1, -1, 5, -1], [-1, -1, -1, -1, -1, -1, 4, -1], [-1, -1, -1, -1, -1, 5, -1, -1], [-1, -1, -1, -1, -1, 4, -1, -1], [-1, -1, -1, -1, 1, 3, -1, 2], [-1, -1, -1, 1, 1, 3, -1, -1], [-1, -1, 3, -1, -1, 3, -1, -1], [-1, -1, 2, -1, 1, 3, -1, -1], [-1, -1, 2, 1, -1, 3, -1, 0], [-1, 1, -1, -1, -1, 3, -1, 2], [-1, 1, -1, -1, 1, 3, -1, -1], [-1, 1, 2, -1, -1, 3, -1, -1], [1, 1, -1, 1, -1, 3, -1, 0], [0, -1, -1, 1, -1, 3, -1, -1], [0, 1, -1, -1, -1, 3, -1, -1]]
6 24 
 [[-1, -1, -1, -1, -1, -1, -1, -1, 5], [-1, -1, -1, -1, -1, -1, -1, -1, 4], [-1, -1, -1, -1, -1, -1, -1, 5, -1], [-1, -1, -1, -1, -1, -1, -1, 4, -1], [-1, -1, -1, -1, -1, -1, 6, -1, -1], [-1, -1, -1, -1, -1, -1, 5, -1, -1], [-1, -1, -1, -1, -1, -1, 4, -1, -1], [-1, -1, -1, -1, -1, 5, -1, -1, -1], [-1, -1, -1, -1, -1, 4, -1, -1, -1], [-1, -1, -1, -1, 1, 3, -1, 2, -1], [-1, -1, -1, 1, 1, 3, -1, -1, -1], [-1, -1, 3, -1, -1, 3, -1, -1, -1], [-1, -1, 2, -1, 1, 3, -1, -1, -1], [-1, -1, 2, 1, -1, 3, -1, -1, 0], [-1, -1, 2, 1, -1, 3, -1, 0, -1], [-1, 1, -1, -1, -1, 3, -1, -1, 2], [-1, 1, -1, -1, -1, 3, -1, 2, -1], [-1, 1, -1, -1, 1, 3, -1, -1, -1], [-1, 1, 2, -1, -1, 3, -1, -1, -1], [1, 1, -1, -1, -1, 3, -1, -1, 0], [1, 1, -1, 1, -1, 3, -1, 0, -1], [0, -1, -1, 1, -1, 3, -1, -1, -1], [0, 2, 2, -1, -1, 3, -1, -1, 0], [0, 1, -1, -1, -1, 3, -1, -1, -1]]
7 37 
 [[-1, -1, -1, -1, -1, -1, -1, -1, -1, 5], [-1, -1, -1, -1, -1, -1, -1, -1, -1, 4], [-1, -1, -1, -1, -1, -1, -1, -1, 5, -1], [-1, -1, -1, -1, -1, -1, -1, -1, 4, -1], [-1, -1, -1, -1, -1, -1, -1, 5, -1, -1], [-1, -1, -1, -1, -1, -1, -1, 4, -1, -1], [-1, -1, -1, -1, -1, -1, 6, -1, -1, -1], [-1, -1, -1, -1, -1, -1, 5, -1, -1, -1], [-1, -1, -1, -1, -1, -1, 4, -1, -1, -1], [-1, -1, -1, -1, -1, 5, -1, -1, -1, -1], [-1, -1, -1, -1, -1, 4, -1, -1, -1, -1], [-1, -1, -1, -1, 1, 3, -1, 2, -1, -1], [-1, -1, -1, 1, 1, 3, -1, -1, -1, -1], [-1, -1, 3, -1, -1, 3, -1, -1, -1, -1], [-1, -1, 2, -1, -1, 3, -1, -1, 0, 0], [-1, -1, 2, -1, -1, 3, 0, 0, -1, 0], [-1, -1, 2, -1, 1, 3, -1, -1, -1, -1], [-1, -1, 2, 1, -1, 3, -1, -1, -1, 0], [-1, -1, 2, 1, -1, 3, -1, -1, 0, -1], [-1, -1, 2, 1, -1, 3, -1, 0, -1, -1], [-1, 1, -1, -1, -1, 3, -1, -1, -1, 2], [-1, 1, -1, -1, -1, 3, -1, -1, 2, -1], [-1, 1, -1, -1, -1, 3, -1, 2, -1, -1], [-1, 1, -1, -1, 1, 3, -1, -1, -1, -1], [-1, 1, -1, 1, -1, 3, -1, 0, -1, 0], [-1, 1, -1, 1, -1, 3, 0, -1, -1, 0], [-1, 1, 2, -1, -1, 3, -1, -1, -1, -1], [1, -1, -1, -1, 1, 3, -1, -1, -1, 0], [1, -1, 2, -1, -1, 3, -1, -1, -1, 0], [1, 1, -1, -1, -1, 3, -1, -1, -1, 0], [1, 1, -1, -1, -1, 3, -1, -1, 0, -1], [1, 1, -1, 1, -1, 3, -1, 0, -1, -1], [0, -1, -1, 1, -1, 3, -1, -1, -1, -1], [0, -1, 1, 2, 0, 3, -1, -1, -1, 2], [0, 2, 2, -1, -1, 3, -1, -1, -1, 0], [0, 2, 2, -1, -1, 3, -1, -1, 0, -1], [0, 1, -1, -1, -1, 3, -1, -1, -1, -1]]
8 59 
 [[-1, -1, -1, -1, -1, -1, -1, -1, -1, -1, 5], [-1, -1, -1, -1, -1, -1, -1, -1, -1, -1, 4], [-1, -1, -1, -1, -1, -1, -1, -1, -1, 5, -1], [-1, -1, -1, -1, -1, -1, -1, -1, -1, 4, -1], [-1, -1, -1, -1, -1, -1, -1, -1, 5, -1, -1], [-1, -1, -1, -1, -1, -1, -1, -1, 4, -1, -1], [-1, -1, -1, -1, -1, -1, -1, 5, -1, -1, -1], [-1, -1, -1, -1, -1, -1, -1, 4, -1, -1, -1], [-1, -1, -1, -1, -1, -1, 6, -1, -1, -1, -1], [-1, -1, -1, -1, -1, -1, 5, -1, -1, -1, -1], [-1, -1, -1, -1, -1, -1, 4, -1, -1, -1, -1], [-1, -1, -1, -1, -1, 5, -1, -1, -1, -1, -1], [-1, -1, -1, -1, -1, 4, -1, -1, -1, -1, -1], [-1, -1, -1, -1, 1, 3, -1, 2, -1, -1, -1], [-1, -1, -1, -1, 1, 3, 1, -1, -1, -1, 1], [-1, -1, -1, 1, 1, 3, -1, -1, -1, -1, -1], [-1, -1, 3, -1, -1, 3, -1, -1, -1, -1, -1], [-1, -1, 2, -1, -1, 3, -1, -1, -1, -1, 0], [-1, -1, 2, -1, -1, 3, -1, -1, 0, 0, -1], [-1, -1, 2, -1, -1, 3, 0, 0, -1, 0, -1], [-1, -1, 2, -1, 1, 3, -1, -1, -1, -1, -1], [-1, -1, 2, 1, -1, 3, -1, -1, -1, 0, -1], [-1, -1, 2, 1, -1, 3, -1, -1, 0, -1, -1], [-1, -1, 2, 1, -1, 3, -1, 0, -1, -1, -1], [-1, 1, -1, -1, -1, 3, -1, -1, -1, 2, -1], [-1, 1, -1, -1, -1, 3, -1, -1, 2, -1, -1], [-1, 1, -1, -1, -1, 3, -1, 2, -1, -1, -1], [-1, 1, -1, -1, 1, 3, -1, -1, -1, -1, -1], [-1, 1, -1, 1, -1, 3, -1, -1, -1, -1, 2], [-1, 1, -1, 1, -1, 3, -1, -1, 0, -1, 0], [-1, 1, -1, 1, -1, 3, -1, 0, -1, -1, 0], [-1, 1, -1, 1, -1, 3, -1, 0, -1, 0, -1], [-1, 1, -1, 1, -1, 3, 0, -1, -1, -1, 0], [-1, 1, -1, 1, -1, 3, 0, -1, -1, 0, -1], [-1, 1, -1, 1, 1, -1, -1, -1, -1, 2, 1], [-1, 1, 2, -1, -1, 3, -1, -1, -1, -1, -1], [1, -1, -1, -1, -1, 3, -1, 0, -1, -1, 0], [1, -1, -1, -1, -1, 3, 0, -1, -1, -1, 0], [1, -1, -1, -1, 1, 3, -1, -1, -1, -1, 0], [1, -1, -1, -1, 1, 3, -1, -1, -1, 0, -1], [1, -1, -1, 2, -1, 3, -1, -1, -1, 0, 0], [1, -1, -1, 2, -1, 3, -1, -1, 0, -1, 0], [1, -1, 2, -1, -1, 3, -1, -1, -1, 0, -1], [1, 1, -1, -1, -1, 3, -1, -1, -1, -1, 0], [1, 1, -1, -1, -1, 3, -1, -1, -1, 0, -1], [1, 1, -1, -1, -1, 3, -1, -1, 0, -1, -1], [1, 1, -1, 1, -1, 3, -1, 0, -1, -1, -1], [0, -1, -1, 1, -1, 3, -1, -1, -1, -1, -1], [0, -1, -1, 1, 1, -1, -1, -1, -1, 2, 1], [0, -1, 2, 1, -1, -1, -1, -1, 2, -1, 0], [0, -1, 1, 2, 0, 3, -1, -1, -1, 2, -1], [0, 2, 2, -1, -1, 3, -1, -1, -1, 0, -1], [0, 2, 2, -1, -1, 3, -1, -1, 0, -1, -1], [0, 1, -1, -1, -1, 3, -1, -1, -1, -1, -1], [0, 1, -1, -1, 0, -1, -1, -1, 2, 1, 1], [0, 1, -1, -1, 0, -1, -1, 2, -1, 1, 1], [0, 1, -1, 1, -1, -1, -1, -1, -1, 2, 1], [0, 1, -1, 1, -1, -1, -1, -1, 2, -1, 1], [0, 1, -1, 1, -1, -1, -1, 2, -1, -1, 1]]
