execution time
10 2.3116421699523926
20 1.942633867263794
30 1.718069076538086
40 1.564824104309082
50 1.4739179611206055
60 1.3875317573547363
70 1.318920373916626
80 1.2516381740570068
90 1.2191128730773926
100 1.1429708003997803


number of calculations
10 32649.0
20 27727.0
30 25049.0
40 22943.0
50 21290.0
60 20054.0
70 19124.0
80 18104.0
90 17541.0
100 16878.0


number of patterns found
10 45 
 [[-1, -1, -1, -1, -1, -1, 9], [-1, -1, -1, -1, -1, -1, 7], [-1, -1, -1, -1, -1, -1, 6], [-1, -1, -1, -1, -1, -1, 5], [-1, -1, -1, -1, -1, -1, 4], [-1, -1, -1, -1, -1, 10, -1], [-1, -1, -1, -1, -1, 7, -1], [-1, -1, -1, -1, -1, 6, -1], [-1, -1, -1, -1, -1, 5, -1], [-1, -1, -1, -1, -1, 4, -1], [-1, -1, -1, -1, 2, -1, 1], [-1, -1, -1, -1, 2, -1, 0], [-1, -1, -1, -1, 2, 3, -1], [-1, -1, -1, 3, -1, 3, -1], [-1, -1, -1, 1, 2, 1, -1], [-1, -1, -1, 1, 1, 3, -1], [-1, -1, 6, 1, 1, -1, -1], [-1, -1, 3, -1, -1, 3, -1], [-1, -1, 2, -1, 2, -1, -1], [-1, -1, 2, -1, 1, 3, -1], [-1, -1, 1, -1, 1, 3, 1], [-1, 2, -1, 2, 2, -1, -1], [-1, 2, 1, 1, 2, -1, -1], [-1, 1, -1, -1, 1, 3, -1], [-1, 1, 2, -1, -1, 3, -1], [-1, 1, 1, 3, 1, -1, -1], [2, -1, -1, 1, -1, 3, 0], [2, -1, 3, 1, 1, -1, 1], [2, 2, -1, 1, -1, 3, -1], [1, -1, -1, -1, 2, 1, -1], [1, -1, -1, -1, 1, 3, 1], [1, -1, -1, 2, 1, 3, -1], [1, 2, -1, 1, 0, 2, 1], [1, 2, 3, 2, -1, -1, 0], [1, 1, -1, -1, -1, 3, 1], [1, 1, 1, 2, 1, -1, 1], [1, 1, 1, 2, 1, 1, -1], [0, -1, -1, 2, 2, -1, -1], [0, -1, -1, 1, -1, 3, -1], [0, -1, 6, 1, -1, -1, -1], [0, 2, 2, 2, 0, 3, 1], [0, 1, -1, -1, -1, 3, -1], [0, 1, -1, -1, -1, 0, 1], [0, 1, 3, -1, -1, 2, 1], [0, 1, 1, 1, -1, -1, 0]]
20 26 
 [[-1, -1, -1, -1, -1, -1, 6], [-1, -1, -1, -1, -1, -1, 5], [-1, -1, -1, -1, -1, -1, 4], [-1, -1, -1, -1, -1, 6, -1], [-1, -1, -1, -1, -1, 5, -1], [-1, -1, -1, -1, -1, 4, -1], [-1, -1, -1, -1, 2, -1, 1], [-1, -1, -1, -1, 2, -1, 0], [-1, -1, -1, -1, 2, 3, -1], [-1, -1, -1, 3, -1, 3, -1], [-1, -1, -1, 1, 2, 1, -1], [-1, -1, -1, 1, 1, 3, -1], [-1, -1, 3, -1, -1, 3, -1], [-1, -1, 2, -1, 2, -1, -1], [-1, -1, 2, -1, 1, 3, -1], [-1, -1, 1, -1, 1, 3, 1], [-1, 1, -1, -1, 1, 3, -1], [-1, 1, 2, -1, -1, 3, -1], [1, -1, -1, -1, 1, 3, 1], [1, -1, -1, 2, 1, 3, -1], [1, 2, 3, 2, -1, -1, 0], [1, 1, -1, -1, -1, 3, 1], [0, -1, -1, 1, -1, 3, -1], [0, 2, 2, 2, 0, 3, 1], [0, 1, -1, -1, -1, 3, -1], [0, 1, 1, 1, -1, -1, 0]]
30 20 
 [[-1, -1, -1, -1, -1, -1, 6], [-1, -1, -1, -1, -1, -1, 5], [-1, -1, -1, -1, -1, -1, 4], [-1, -1, -1, -1, -1, 6, -1], [-1, -1, -1, -1, -1, 5, -1], [-1, -1, -1, -1, -1, 4, -1], [-1, -1, -1, -1, 2, -1, 1], [-1, -1, -1, 1, 1, 3, -1], [-1, -1, 3, -1, -1, 3, -1], [-1, -1, 2, -1, 2, -1, -1], [-1, -1, 2, -1, 1, 3, -1], [-1, -1, 1, -1, 1, 3, 1], [-1, 1, -1, -1, 1, 3, -1], [-1, 1, 2, -1, -1, 3, -1], [1, -1, -1, -1, 1, 3, 1], [1, -1, -1, 2, 1, 3, -1], [1, 1, -1, -1, -1, 3, 1], [0, -1, -1, 1, -1, 3, -1], [0, 1, -1, -1, -1, 3, -1], [0, 1, 1, 1, -1, -1, 0]]
40 14 
 [[-1, -1, -1, -1, -1, -1, 6], [-1, -1, -1, -1, -1, -1, 5], [-1, -1, -1, -1, -1, -1, 4], [-1, -1, -1, -1, -1, 5, -1], [-1, -1, -1, -1, -1, 4, -1], [-1, -1, -1, 1, 1, 3, -1], [-1, -1, 3, -1, -1, 3, -1], [-1, -1, 2, -1, 2, -1, -1], [-1, -1, 2, -1, 1, 3, -1], [-1, 1, -1, -1, 1, 3, -1], [-1, 1, 2, -1, -1, 3, -1], [1, -1, -1, -1, 1, 3, 1], [0, -1, -1, 1, -1, 3, -1], [0, 1, -1, -1, -1, 3, -1]]
50 12 
 [[-1, -1, -1, -1, -1, -1, 6], [-1, -1, -1, -1, -1, -1, 5], [-1, -1, -1, -1, -1, -1, 4], [-1, -1, -1, -1, -1, 5, -1], [-1, -1, -1, -1, -1, 4, -1], [-1, -1, -1, 1, 1, 3, -1], [-1, -1, 3, -1, -1, 3, -1], [-1, -1, 2, -1, 1, 3, -1], [-1, 1, -1, -1, 1, 3, -1], [-1, 1, 2, -1, -1, 3, -1], [0, -1, -1, 1, -1, 3, -1], [0, 1, -1, -1, -1, 3, -1]]
60 11 
 [[-1, -1, -1, -1, -1, -1, 5], [-1, -1, -1, -1, -1, -1, 4], [-1, -1, -1, -1, -1, 5, -1], [-1, -1, -1, -1, -1, 4, -1], [-1, -1, -1, 1, 1, 3, -1], [-1, -1, 3, -1, -1, 3, -1], [-1, -1, 2, -1, 1, 3, -1], [-1, 1, -1, -1, 1, 3, -1], [-1, 1, 2, -1, -1, 3, -1], [0, -1, -1, 1, -1, 3, -1], [0, 1, -1, -1, -1, 3, -1]]
70 11 
 [[-1, -1, -1, -1, -1, -1, 5], [-1, -1, -1, -1, -1, -1, 4], [-1, -1, -1, -1, -1, 5, -1], [-1, -1, -1, -1, -1, 4, -1], [-1, -1, -1, 1, 1, 3, -1], [-1, -1, 3, -1, -1, 3, -1], [-1, -1, 2, -1, 1, 3, -1], [-1, 1, -1, -1, 1, 3, -1], [-1, 1, 2, -1, -1, 3, -1], [0, -1, -1, 1, -1, 3, -1], [0, 1, -1, -1, -1, 3, -1]]
80 11 
 [[-1, -1, -1, -1, -1, -1, 5], [-1, -1, -1, -1, -1, -1, 4], [-1, -1, -1, -1, -1, 5, -1], [-1, -1, -1, -1, -1, 4, -1], [-1, -1, -1, 1, 1, 3, -1], [-1, -1, 3, -1, -1, 3, -1], [-1, -1, 2, -1, 1, 3, -1], [-1, 1, -1, -1, 1, 3, -1], [-1, 1, 2, -1, -1, 3, -1], [0, -1, -1, 1, -1, 3, -1], [0, 1, -1, -1, -1, 3, -1]]
90 11 
 [[-1, -1, -1, -1, -1, -1, 5], [-1, -1, -1, -1, -1, -1, 4], [-1, -1, -1, -1, -1, 5, -1], [-1, -1, -1, -1, -1, 4, -1], [-1, -1, -1, 1, 1, 3, -1], [-1, -1, 3, -1, -1, 3, -1], [-1, -1, 2, -1, 1, 3, -1], [-1, 1, -1, -1, 1, 3, -1], [-1, 1, 2, -1, -1, 3, -1], [0, -1, -1, 1, -1, 3, -1], [0, 1, -1, -1, -1, 3, -1]]
100 11 
 [[-1, -1, -1, -1, -1, -1, 5], [-1, -1, -1, -1, -1, -1, 4], [-1, -1, -1, -1, -1, 5, -1], [-1, -1, -1, -1, -1, 4, -1], [-1, -1, -1, 1, 1, 3, -1], [-1, -1, 3, -1, -1, 3, -1], [-1, -1, 2, -1, 1, 3, -1], [-1, 1, -1, -1, 1, 3, -1], [-1, 1, 2, -1, -1, 3, -1], [0, -1, -1, 1, -1, 3, -1], [0, 1, -1, -1, -1, 3, -1]]
