execution time
3 2.437528133392334 2.854196071624756
4 3.710275173187256 6.388772010803223
5 6.26901912689209 74.87962603569031
6 24.0505473613739 3387.711398124695
7 50.012430906295776 4088.108831167221
8 2.437528133392334
9 3.710275173187256
10 6.26901912689209
11 24.0505473613739
12 50.012430906295776
13 85.79279589653015


number of patterns checked
3 384.0 679.0
4 1104.0 11559.0
5 2226.0 92479.0
6 7056.0 1387199.0
7 11552.0 1199295.0
8 384.0
9 1104.0
10 2226.0
11 7056.0
12 11552.0
13 19029.0


number of patterns found
3 3 
 [[-1, -1, -1, 14, 2, 3], [-1, -1, 12, -1, 2, 3], [0, -1, -1, -1, 4, 11]]
4 11 
 [[-1, -1, -1, -1, 4, 11, 3], [-1, -1, -1, 15, -1, 9, -1], [-1, -1, -1, 14, 2, 3, -1], [-1, -1, 14, -1, -1, 9, -1], [-1, -1, 12, -1, 2, 3, -1], [1, 2, -1, 9, 2, 2, -1], [1, 2, 11, -1, 2, 2, -1], [0, -1, -1, -1, -1, 11, 3], [0, -1, -1, 9, -1, 2, -1], [0, -1, 11, -1, -1, 2, -1], [0, 2, -1, -1, 4, 3, -1]]
5 27 
 [[-1, -1, -1, -1, 4, 11, 3, -1], [-1, -1, -1, -1, 4, 11, 1, 4], [-1, -1, -1, 15, -1, -1, 0, -1], [-1, -1, -1, 15, -1, 9, -1, -1], [-1, -1, -1, 15, 2, -1, -1, -1], [-1, -1, -1, 14, 2, 3, -1, -1], [-1, -1, -1, 9, -1, 2, 0, 4], [-1, -1, 14, -1, -1, -1, 0, -1], [-1, -1, 14, -1, -1, 9, -1, -1], [-1, -1, 14, -1, 2, -1, -1, -1], [-1, -1, 12, -1, 2, 3, -1, -1], [-1, -1, 11, -1, -1, 2, 0, 4], [-1, 2, -1, 9, 2, 2, -1, 4], [-1, 2, 11, -1, 2, 2, -1, 4], [1, -1, -1, 13, -1, 3, 0, 4], [1, -1, -1, 9, 2, 2, -1, 4], [1, -1, 11, -1, 2, 2, -1, 4], [1, -1, 9, -1, -1, 3, 0, 4], [1, 2, -1, 9, 2, 2, -1, -1], [1, 2, 11, -1, 2, 2, -1, -1], [0, -1, -1, -1, -1, 11, 3, -1], [0, -1, -1, -1, -1, 11, 1, 4], [0, -1, -1, 9, -1, 2, -1, 4], [0, -1, -1, 9, 2, 2, -1, -1], [0, -1, 11, -1, -1, 2, -1, 4], [0, -1, 11, -1, 2, 2, -1, -1], [0, 2, -1, -1, 4, 3, -1, -1]]
6 38 
 [[-1, -1, -1, -1, -1, 6, 1, -1, -1], [-1, -1, -1, 15, -1, -1, -1, -1, 1], [-1, -1, -1, 15, -1, -1, 0, -1, -1], [-1, -1, -1, 15, -1, 9, -1, -1, -1], [-1, -1, -1, 15, 2, -1, -1, -1, -1], [-1, -1, -1, 14, -1, 3, -1, -1, -1], [-1, -1, -1, 10, -1, 0, 1, -1, -1], [-1, -1, -1, 9, -1, 2, 0, 4, -1], [-1, -1, -1, 9, 2, 2, -1, 4, 1], [-1, -1, 15, -1, -1, 0, 1, -1, -1], [-1, -1, 14, -1, -1, -1, -1, -1, 1], [-1, -1, 14, -1, -1, -1, 0, -1, -1], [-1, -1, 14, -1, -1, 9, -1, -1, -1], [-1, -1, 14, -1, 2, -1, -1, -1, -1], [-1, -1, 12, -1, -1, 3, -1, -1, -1], [-1, -1, 11, -1, -1, 2, 0, 4, -1], [-1, -1, 11, -1, 2, 2, -1, 4, 1], [-1, 2, -1, -1, 4, -1, -1, 2, 0], [-1, 2, -1, 13, 4, -1, 1, 4, -1], [-1, 2, -1, 9, 2, 2, -1, 4, -1], [-1, 2, 11, -1, 2, 2, -1, 4, -1], [-1, 2, 9, -1, 4, -1, 1, 4, -1], [1, -1, -1, 13, -1, 3, 0, 4, -1], [1, -1, -1, 13, 2, 3, -1, 4, 1], [1, -1, -1, 9, 2, 2, -1, 4, -1], [1, -1, 11, -1, 2, 2, -1, 4, -1], [1, -1, 9, -1, -1, 3, 0, 4, -1], [1, -1, 9, -1, 2, 3, -1, 4, 1], [1, 2, -1, 9, 2, 2, -1, -1, -1], [1, 2, 11, -1, 2, 2, -1, -1, -1], [0, -1, -1, -1, -1, 11, 3, -1, -1], [0, -1, -1, 10, 0, -1, -1, 4, -1], [0, -1, -1, 9, -1, 2, -1, 4, -1], [0, -1, -1, 9, 2, 2, -1, -1, -1], [0, -1, 15, -1, 0, -1, -1, 4, -1], [0, -1, 11, -1, -1, 2, -1, 4, -1], [0, -1, 11, -1, 2, 2, -1, -1, -1], [0, 2, -1, -1, 4, 3, -1, -1, -1]]
7 69 
 [[-1, -1, -1, -1, -1, 9, -1, -1, -1, 4], [-1, -1, -1, -1, -1, 5, 0, -1, -1, 0], [-1, -1, -1, -1, -1, 3, -1, -1, -1, 4], [-1, -1, -1, -1, 2, 5, -1, -1, -1, 0], [-1, -1, -1, 15, -1, -1, -1, -1, 1, -1], [-1, -1, -1, 15, -1, -1, 0, -1, -1, -1], [-1, -1, -1, 15, -1, 9, -1, -1, -1, -1], [-1, -1, -1, 15, 2, -1, -1, -1, -1, -1], [-1, -1, -1, 14, -1, 3, -1, -1, 1, -1], [-1, -1, -1, 14, 2, 3, -1, -1, -1, -1], [-1, -1, -1, 13, -1, -1, -1, 4, 1, 4], [-1, -1, -1, 13, -1, -1, 0, -1, -1, 4], [-1, -1, -1, 13, 2, -1, -1, -1, -1, 4], [-1, -1, -1, 10, 4, 11, -1, -1, -1, -1], [-1, -1, -1, 9, -1, 2, 0, 4, -1, 0], [-1, -1, -1, 9, 4, 2, -1, 4, -1, -1], [-1, -1, -1, 9, 2, 2, -1, 4, 1, 0], [-1, -1, 15, -1, 4, 11, -1, -1, -1, -1], [-1, -1, 14, -1, -1, -1, -1, -1, 1, -1], [-1, -1, 14, -1, -1, -1, 0, -1, -1, -1], [-1, -1, 14, -1, -1, 9, -1, -1, -1, -1], [-1, -1, 14, -1, 2, -1, -1, -1, -1, -1], [-1, -1, 12, -1, -1, 3, -1, -1, 1, -1], [-1, -1, 12, -1, 2, 3, -1, -1, -1, -1], [-1, -1, 11, -1, -1, 2, 0, 4, -1, 0], [-1, -1, 11, -1, 4, 2, -1, 4, -1, -1], [-1, -1, 11, -1, 2, 2, -1, 4, 1, 0], [-1, -1, 9, -1, -1, -1, -1, 4, 1, 4], [-1, -1, 9, -1, -1, -1, 0, -1, -1, 4], [-1, -1, 9, -1, 2, -1, -1, -1, -1, 4], [-1, 2, -1, -1, -1, 7, -1, 4, 0, 0], [-1, 2, -1, -1, 2, 7, -1, 4, -1, 0], [-1, 2, -1, 13, -1, -1, -1, 4, -1, 4], [-1, 2, -1, 13, -1, -1, 3, -1, -1, -1], [-1, 2, -1, 10, -1, 0, -1, 4, 0, 0], [-1, 2, -1, 9, 0, -1, 1, 4, -1, 0], [-1, 2, 15, -1, -1, 0, -1, 4, 0, 0], [-1, 2, 11, -1, 0, -1, 1, 4, -1, 0], [-1, 2, 9, -1, -1, -1, -1, 4, -1, 4], [-1, 2, 9, -1, -1, -1, 3, -1, -1, -1], [1, -1, -1, -1, -1, -1, 0, -1, -1, 4], [1, -1, -1, -1, 2, -1, -1, -1, -1, 4], [1, -1, -1, 9, 2, 2, -1, 4, -1, 0], [1, -1, -1, 9, 0, -1, 1, -1, -1, 0], [1, -1, 11, -1, 2, 2, -1, 4, -1, 0], [1, -1, 11, -1, 0, -1, 1, -1, -1, 0], [1, 2, -1, -1, -1, 7, -1, 4, -1, 0], [1, 2, -1, 9, 0, -1, -1, 4, -1, 0], [1, 2, 11, -1, 0, -1, -1, 4, -1, 0], [0, -1, -1, -1, -1, 6, -1, 4, 1, -1], [0, -1, -1, -1, -1, 6, 0, 4, -1, -1], [0, -1, -1, -1, 4, -1, 2, -1, -1, -1], [0, -1, -1, -1, 4, 11, -1, 4, 0, -1], [0, -1, -1, -1, 4, 6, -1, -1, -1, -1], [0, -1, -1, -1, 0, -1, 4, 4, 0, 0], [0, -1, -1, 9, -1, 2, -1, 4, -1, 0], [0, -1, -1, 9, 2, 2, -1, -1, -1, 0], [0, -1, 11, -1, -1, 2, -1, 4, -1, 0], [0, -1, 11, -1, 2, 2, -1, -1, -1, 0], [0, 2, -1, -1, -1, 5, -1, -1, 1, -1], [0, 2, -1, -1, 4, -1, 3, -1, 0, 0], [0, 2, -1, -1, 4, 11, -1, -1, 0, -1], [0, 2, -1, -1, 4, 9, 1, 4, -1, -1], [0, 2, -1, -1, 4, 0, -1, -1, 0, -1], [0, 2, -1, -1, 0, -1, 4, 4, 0, -1], [0, 2, -1, 10, -1, -1, 0, -1, -1, 0], [0, 2, -1, 10, 4, -1, -1, -1, -1, -1], [0, 2, 15, -1, -1, -1, 0, -1, -1, 0], [0, 2, 15, -1, 4, -1, -1, -1, -1, -1]]
