execution time
0.05 239.04024982452393
0.1 353.77768421173096
0.15 335.1589639186859
0.2 318.77579498291016
0.25 316.8378140926361
0.3 303.9955508708954


number of calculations
0.05 77456.0
0.1 99298.0
0.15 105729.0
0.2 109874.0
0.25 110570.0
0.3 110570.0


number of patterns found
0.05 63 
 [[-1, -1, -1, -1, -1, -1, -1, -1, -1, 4], [-1, -1, -1, -1, -1, -1, -1, -1, 16, -1], [-1, -1, -1, -1, -1, -1, -1, -1, 15, -1], [-1, -1, -1, -1, -1, -1, -1, -1, 14, -1], [-1, -1, -1, -1, -1, -1, -1, -1, 13, -1], [-1, -1, -1, -1, -1, -1, -1, 9, -1, -1], [-1, -1, -1, -1, -1, -1, -1, 3, -1, -1], [-1, -1, -1, -1, -1, -1, 0, -1, -1, -1], [-1, -1, -1, -1, 1, 3, -1, -1, -1, -1], [-1, -1, -1, -1, 1, 2, -1, -1, 12, -1], [-1, -1, -1, -1, 1, 0, -1, -1, -1, -1], [-1, -1, -1, 4, -1, -1, 1, 0, 9, -1], [-1, -1, -1, 4, -1, 0, -1, -1, -1, -1], [-1, -1, -1, 4, 0, -1, -1, 7, 9, -1], [-1, -1, -1, 4, 0, 2, -1, 0, 10, -1], [-1, -1, 4, -1, -1, -1, -1, 11, 10, -1], [-1, -1, 4, -1, 0, 2, 3, -1, -1, 0], [-1, -1, 2, -1, -1, -1, -1, 12, -1, -1], [-1, -1, 2, -1, -1, -1, -1, 5, -1, 0], [-1, -1, 2, -1, -1, -1, -1, 2, 9, 0], [-1, -1, 2, -1, -1, 3, -1, -1, -1, -1], [-1, -1, 2, -1, -1, 2, -1, -1, -1, -1], [-1, -1, 2, -1, -1, 0, -1, -1, -1, -1], [-1, -1, 2, 4, -1, -1, -1, -1, -1, -1], [-1, -1, 2, 1, -1, -1, -1, -1, -1, -1], [-1, -1, 0, 4, -1, 2, 1, -1, 9, 0], [-1, -1, 0, 4, 0, -1, 1, -1, 9, -1], [-1, 15, -1, 4, 0, 2, -1, 0, -1, -1], [-1, 15, 4, -1, -1, -1, -1, 11, -1, -1], [-1, 14, -1, -1, -1, -1, -1, -1, -1, -1], [-1, 12, -1, -1, -1, -1, -1, -1, -1, -1], [-1, 11, -1, 4, -1, -1, 1, 0, -1, -1], [-1, 11, -1, 4, 0, -1, -1, 7, -1, -1], [-1, 11, 2, -1, -1, -1, -1, 2, -1, 0], [-1, 11, 0, 4, -1, 2, 1, -1, -1, 0], [-1, 11, 0, 4, 0, -1, 1, -1, -1, -1], [-1, 10, -1, -1, -1, -1, -1, -1, -1, -1], [-1, 9, -1, -1, -1, -1, -1, -1, -1, -1], [-1, 7, -1, -1, 1, 2, -1, -1, -1, -1], [1, -1, -1, -1, -1, 3, -1, -1, -1, -1], [1, -1, -1, -1, -1, 0, -1, -1, -1, -1], [1, -1, -1, -1, 1, 1, -1, -1, -1, -1], [1, -1, -1, 4, -1, -1, -1, -1, -1, -1], [1, -1, 2, -1, -1, -1, -1, -1, -1, -1], [1, -1, 0, -1, -1, -1, 1, -1, 9, -1], [1, -1, 0, -1, 0, -1, -1, -1, 9, -1], [1, 11, 0, -1, -1, -1, 1, -1, -1, -1], [1, 11, 0, -1, 0, -1, -1, -1, -1, -1], [0, -1, -1, -1, -1, -1, -1, 6, -1, -1], [0, -1, -1, -1, 1, -1, -1, 11, 10, -1], [0, -1, -1, -1, 1, 2, -1, 5, -1, -1], [0, -1, -1, 4, -1, -1, -1, 2, 9, 0], [0, -1, -1, 4, -1, 2, 5, -1, -1, -1], [0, -1, -1, 4, 0, 2, -1, 0, -1, 0], [0, -1, 4, -1, -1, 2, -1, -1, 10, -1], [0, -1, 4, -1, 0, 2, -1, 11, -1, -1], [0, -1, 4, -1, 0, 2, -1, 0, -1, -1], [0, -1, 4, 4, 0, -1, -1, 11, -1, -1], [0, -1, 4, 4, 0, 2, 1, -1, -1, -1], [0, -1, 0, -1, 0, -1, 4, -1, -1, -1], [0, 15, -1, -1, 1, -1, -1, 11, -1, -1], [0, 15, 4, -1, -1, 2, -1, -1, -1, -1], [0, 11, -1, 4, -1, -1, -1, 2, -1, 0]]
0.1 103 
 [[-1, -1, -1, -1, -1, -1, -1, -1, -1, 4], [-1, -1, -1, -1, -1, -1, -1, -1, 16, -1], [-1, -1, -1, -1, -1, -1, -1, -1, 15, -1], [-1, -1, -1, -1, -1, -1, -1, 3, 14, -1], [-1, -1, -1, -1, -1, -1, 0, -1, 14, -1], [-1, -1, -1, -1, -1, -1, 0, 9, -1, -1], [-1, -1, -1, -1, -1, -1, 0, 5, -1, 0], [-1, -1, -1, -1, -1, -1, 0, 3, 13, -1], [-1, -1, -1, -1, -1, -1, 0, 2, 9, 0], [-1, -1, -1, -1, -1, 2, -1, 3, -1, -1], [-1, -1, -1, -1, -1, 2, 3, -1, 13, -1], [-1, -1, -1, -1, -1, 2, 0, -1, 13, -1], [-1, -1, -1, -1, -1, 1, -1, -1, 14, -1], [-1, -1, -1, -1, 1, -1, -1, -1, 14, -1], [-1, -1, -1, -1, 1, -1, -1, 3, 13, -1], [-1, -1, -1, 4, -1, -1, -1, -1, 14, -1], [-1, -1, -1, 4, -1, -1, -1, 3, 13, -1], [-1, -1, -1, 4, -1, -1, 1, 0, 9, -1], [-1, -1, -1, 4, -1, 5, -1, 9, -1, -1], [-1, -1, -1, 4, -1, 0, 0, -1, -1, -1], [-1, -1, -1, 4, 1, 0, -1, -1, -1, -1], [-1, -1, -1, 4, 0, -1, -1, 7, 9, -1], [-1, -1, -1, 4, 0, 2, -1, 0, 10, -1], [-1, -1, 4, -1, -1, -1, -1, 11, 10, -1], [-1, -1, 4, -1, 0, 2, 3, -1, -1, 0], [-1, -1, 2, -1, -1, -1, -1, -1, 14, -1], [-1, -1, 2, -1, -1, -1, -1, 9, -1, -1], [-1, -1, 2, -1, -1, -1, -1, 5, -1, 0], [-1, -1, 2, -1, -1, -1, -1, 3, 13, -1], [-1, -1, 2, -1, -1, -1, -1, 2, 9, 0], [-1, -1, 2, -1, -1, 2, -1, -1, 13, -1], [-1, -1, 2, 4, -1, 2, -1, 7, -1, 0], [-1, -1, 0, 4, -1, 2, 1, -1, 9, 0], [-1, -1, 0, 4, 0, -1, 1, -1, 9, -1], [-1, 15, -1, 4, 0, 2, -1, 0, -1, -1], [-1, 15, 4, -1, -1, -1, -1, 11, -1, -1], [-1, 14, -1, -1, -1, -1, -1, -1, -1, -1], [-1, 12, -1, -1, -1, -1, -1, 3, -1, -1], [-1, 12, -1, -1, -1, -1, 0, -1, -1, -1], [-1, 12, -1, -1, -1, 1, -1, -1, -1, -1], [-1, 12, -1, -1, 1, -1, -1, -1, -1, -1], [-1, 12, -1, 4, -1, -1, -1, -1, -1, -1], [-1, 12, 2, -1, -1, -1, -1, -1, -1, -1], [-1, 11, -1, -1, -1, -1, 0, 2, -1, 0], [-1, 11, -1, 4, -1, -1, 1, 0, -1, -1], [-1, 11, -1, 4, 0, -1, -1, 7, -1, -1], [-1, 11, 2, -1, -1, -1, -1, 2, -1, 0], [-1, 11, 0, 4, -1, 2, 1, -1, -1, 0], [-1, 11, 0, 4, 0, -1, 1, -1, -1, -1], [-1, 10, -1, -1, -1, -1, -1, -1, -1, -1], [-1, 9, -1, -1, -1, -1, 0, 3, -1, -1], [-1, 9, -1, -1, -1, 2, 3, -1, -1, -1], [-1, 9, -1, -1, -1, 2, 0, -1, -1, -1], [-1, 9, -1, -1, 1, -1, -1, 3, -1, -1], [-1, 9, -1, 4, -1, -1, -1, 3, -1, -1], [-1, 9, 2, -1, -1, -1, -1, 3, -1, -1], [-1, 9, 2, -1, -1, 2, -1, -1, -1, -1], [1, -1, -1, -1, -1, -1, -1, -1, 14, -1], [1, -1, -1, -1, -1, -1, -1, 9, -1, -1], [1, -1, -1, -1, -1, -1, -1, 3, 13, -1], [1, -1, -1, -1, -1, -1, 0, -1, 13, -1], [1, -1, -1, -1, -1, -1, 0, 3, -1, -1], [1, -1, -1, -1, -1, 3, 0, -1, -1, -1], [1, -1, -1, -1, -1, 2, -1, -1, 13, -1], [1, -1, -1, -1, -1, 2, 0, 13, -1, -1], [1, -1, -1, -1, 1, -1, -1, -1, 13, -1], [1, -1, -1, -1, 1, -1, -1, 3, -1, -1], [1, -1, -1, -1, 1, 0, -1, -1, -1, -1], [1, -1, -1, 4, -1, -1, -1, -1, 13, -1], [1, -1, -1, 4, -1, -1, -1, 3, -1, -1], [1, -1, -1, 4, -1, 2, -1, 7, -1, 0], [1, -1, -1, 4, -1, 0, -1, -1, -1, -1], [1, -1, 2, -1, -1, -1, -1, -1, 13, -1], [1, -1, 2, -1, -1, -1, -1, 3, -1, -1], [1, -1, 2, -1, -1, 3, -1, -1, -1, -1], [1, -1, 2, -1, 1, 2, -1, 13, -1, -1], [1, -1, 0, -1, -1, -1, 1, -1, 9, -1], [1, -1, 0, 4, -1, 2, -1, -1, 9, 0], [1, 12, -1, -1, -1, -1, -1, -1, -1, -1], [1, 11, 0, -1, -1, -1, 1, -1, -1, -1], [1, 11, 0, 4, -1, 2, -1, -1, -1, 0], [1, 9, -1, -1, -1, -1, -1, 3, -1, -1], [1, 9, -1, -1, -1, -1, 0, -1, -1, -1], [1, 9, -1, -1, -1, 2, -1, -1, -1, -1], [1, 9, -1, -1, 1, -1, -1, -1, -1, -1], [1, 9, -1, 4, -1, -1, -1, -1, -1, -1], [1, 9, 2, -1, -1, -1, -1, -1, -1, -1], [0, -1, -1, -1, -1, -1, -1, 6, -1, -1], [0, -1, -1, -1, -1, 2, 0, -1, 10, 0], [0, -1, -1, -1, 1, 2, -1, 5, -1, -1], [0, -1, -1, 4, -1, -1, -1, 2, 9, 0], [0, -1, -1, 4, 0, 2, -1, 0, -1, 0], [0, -1, 4, -1, -1, 2, -1, -1, 10, -1], [0, -1, 4, -1, 0, 2, -1, 11, -1, -1], [0, -1, 4, -1, 0, 2, -1, 0, -1, -1], [0, -1, 4, 4, -1, 2, -1, 9, -1, -1], [0, -1, 4, 4, 1, -1, -1, 9, -1, 0], [0, -1, 4, 4, 0, -1, -1, 11, -1, -1], [0, -1, 4, 4, 0, 2, 1, -1, -1, -1], [0, -1, 0, -1, 0, -1, 4, -1, -1, -1], [0, 15, -1, -1, -1, 2, 0, -1, -1, 0], [0, 15, 4, -1, -1, 2, -1, -1, -1, -1], [0, 11, -1, 4, -1, -1, -1, 2, -1, 0]]
0.15 94 
 [[-1, -1, -1, -1, -1, -1, -1, -1, 16, -1], [-1, -1, -1, -1, -1, -1, -1, -1, 15, -1], [-1, -1, -1, -1, -1, -1, -1, -1, 13, 4], [-1, -1, -1, -1, -1, -1, -1, 9, -1, 4], [-1, -1, -1, -1, -1, -1, -1, 3, -1, 4], [-1, -1, -1, -1, -1, -1, -1, 3, 14, -1], [-1, -1, -1, -1, -1, -1, 0, -1, -1, 4], [-1, -1, -1, -1, -1, -1, 0, 5, -1, 0], [-1, -1, -1, -1, -1, -1, 0, 2, 9, 0], [-1, -1, -1, -1, -1, 2, 3, -1, 13, -1], [-1, -1, -1, -1, -1, 2, 0, -1, 14, -1], [-1, -1, -1, -1, -1, 2, 0, 3, 13, -1], [-1, -1, -1, 4, -1, -1, 1, 0, 9, -1], [-1, -1, -1, 4, 0, -1, -1, 7, 9, -1], [-1, -1, -1, 4, 0, 2, -1, 0, 10, 0], [-1, -1, 4, -1, -1, -1, -1, 11, 10, -1], [-1, -1, 4, -1, 0, 2, 3, -1, -1, 0], [-1, -1, 2, -1, -1, -1, -1, -1, -1, 4], [-1, -1, 2, -1, -1, -1, -1, -1, 14, -1], [-1, -1, 2, -1, -1, -1, -1, 5, -1, 0], [-1, -1, 2, -1, -1, 2, -1, 3, 13, -1], [-1, -1, 2, -1, 1, -1, -1, 2, 9, 0], [-1, -1, 2, 4, -1, -1, -1, 2, 9, 0], [-1, -1, 2, 4, -1, 2, -1, 7, -1, 0], [-1, -1, 0, 4, -1, 2, 1, -1, 9, 0], [-1, -1, 0, 4, 0, -1, 1, -1, 9, -1], [-1, 15, -1, 4, 0, 2, -1, 0, -1, 0], [-1, 15, 4, -1, -1, -1, -1, 11, -1, -1], [-1, 14, -1, -1, -1, -1, -1, -1, -1, -1], [-1, 12, -1, -1, -1, -1, -1, 3, -1, -1], [-1, 12, -1, -1, -1, 2, 0, -1, -1, -1], [-1, 12, 2, -1, -1, -1, -1, -1, -1, -1], [-1, 11, -1, -1, -1, -1, 0, 2, -1, 0], [-1, 11, -1, 4, -1, -1, 1, 0, -1, -1], [-1, 11, -1, 4, 0, -1, -1, 7, -1, -1], [-1, 11, 2, -1, 1, -1, -1, 2, -1, 0], [-1, 11, 2, 4, -1, -1, -1, 2, -1, 0], [-1, 11, 0, 4, -1, 2, 1, -1, -1, 0], [-1, 11, 0, 4, 0, -1, 1, -1, -1, -1], [-1, 10, -1, -1, -1, -1, -1, -1, -1, -1], [-1, 9, -1, -1, -1, -1, -1, -1, -1, 4], [-1, 9, -1, -1, -1, 2, 3, -1, -1, -1], [-1, 9, -1, -1, -1, 2, 0, 3, -1, -1], [-1, 9, 2, -1, -1, 2, -1, 3, -1, -1], [1, -1, -1, -1, -1, -1, -1, -1, -1, 4], [1, -1, -1, -1, -1, -1, 0, -1, 14, -1], [1, -1, -1, -1, -1, -1, 0, 3, 13, -1], [1, -1, -1, -1, -1, 2, -1, 3, 13, -1], [1, -1, -1, -1, -1, 2, 0, -1, 13, -1], [1, -1, -1, -1, -1, 2, 0, 3, -1, -1], [1, -1, -1, -1, 1, -1, -1, -1, 14, -1], [1, -1, -1, -1, 1, -1, -1, 3, 13, -1], [1, -1, -1, 4, -1, -1, -1, 3, 13, -1], [1, -1, -1, 4, -1, -1, 0, 9, -1, -1], [1, -1, -1, 4, -1, 2, -1, 7, -1, 0], [1, -1, -1, 4, 1, 2, -1, -1, 13, -1], [1, -1, 2, -1, -1, -1, -1, 3, 13, -1], [1, -1, 2, -1, -1, -1, -1, 2, 9, 0], [1, -1, 2, -1, -1, 2, -1, -1, 13, -1], [1, -1, 2, -1, -1, 2, -1, 3, -1, -1], [1, -1, 2, 4, 1, -1, -1, 9, -1, -1], [1, -1, 0, -1, -1, -1, 1, -1, 9, -1], [1, -1, 0, 4, -1, 2, -1, -1, 9, 0], [1, 12, -1, -1, -1, -1, 0, -1, -1, -1], [1, 12, -1, -1, 1, -1, -1, -1, -1, -1], [1, 11, 2, -1, -1, -1, -1, 2, -1, 0], [1, 11, 0, -1, -1, -1, 1, -1, -1, -1], [1, 11, 0, 4, -1, 2, -1, -1, -1, 0], [1, 9, -1, -1, -1, -1, 0, 3, -1, -1], [1, 9, -1, -1, -1, 2, -1, 3, -1, -1], [1, 9, -1, -1, -1, 2, 0, -1, -1, -1], [1, 9, -1, -1, 1, -1, -1, 3, -1, -1], [1, 9, -1, 4, -1, -1, -1, 3, -1, -1], [1, 9, -1, 4, 1, 2, -1, -1, -1, -1], [1, 9, 2, -1, -1, -1, -1, 3, -1, -1], [1, 9, 2, -1, -1, 2, -1, -1, -1, -1], [0, -1, -1, -1, -1, 2, 0, -1, 10, 0], [0, -1, -1, -1, 1, 2, -1, 5, -1, -1], [0, -1, -1, 4, -1, -1, -1, 6, -1, -1], [0, -1, -1, 4, -1, -1, -1, 2, 9, 0], [0, -1, -1, 4, 0, 2, -1, 0, -1, 0], [0, -1, 4, -1, -1, -1, -1, 6, -1, -1], [0, -1, 4, -1, -1, 2, -1, -1, 10, -1], [0, -1, 4, -1, 0, 2, -1, 11, -1, -1], [0, -1, 4, -1, 0, 2, -1, 0, -1, -1], [0, -1, 4, 4, -1, 2, -1, 9, -1, -1], [0, -1, 4, 4, 0, -1, -1, 11, -1, -1], [0, -1, 4, 4, 0, 2, 1, -1, -1, -1], [0, -1, 2, -1, -1, -1, -1, 2, 9, 0], [0, -1, 0, 4, 0, -1, 4, -1, -1, -1], [0, 15, -1, -1, -1, 2, 0, -1, -1, 0], [0, 15, 4, -1, -1, 2, -1, -1, -1, -1], [0, 11, -1, 4, -1, -1, -1, 2, -1, 0], [0, 11, 2, -1, -1, -1, -1, 2, -1, 0]]
0.2 68 
 [[-1, -1, -1, -1, -1, -1, -1, 9, -1, 4], [-1, -1, -1, -1, -1, -1, -1, 9, 15, -1], [-1, -1, -1, -1, -1, -1, -1, 3, -1, 4], [-1, -1, -1, -1, -1, -1, 0, -1, 15, -1], [-1, -1, -1, -1, -1, -1, 0, -1, 13, 4], [-1, -1, -1, -1, -1, -1, 0, 5, -1, 0], [-1, -1, -1, -1, -1, 2, 3, -1, 13, -1], [-1, -1, -1, -1, 1, -1, -1, -1, 15, -1], [-1, -1, -1, -1, 1, -1, -1, 3, 14, -1], [-1, -1, -1, 4, -1, -1, 1, 0, 9, -1], [-1, -1, -1, 4, -1, -1, 0, 2, 9, 0], [-1, -1, -1, 4, -1, 2, -1, -1, 13, 4], [-1, -1, -1, 4, 1, -1, -1, -1, 13, 4], [-1, -1, -1, 4, 0, -1, -1, 7, 9, -1], [-1, -1, -1, 4, 0, 2, -1, 0, 10, 0], [-1, -1, 4, -1, -1, -1, -1, 11, 10, -1], [-1, -1, 4, -1, 0, 2, 3, -1, -1, 0], [-1, -1, 2, -1, -1, -1, -1, -1, 15, -1], [-1, -1, 2, -1, -1, -1, -1, -1, 13, 4], [-1, -1, 2, -1, -1, -1, -1, 5, -1, 0], [-1, -1, 2, -1, -1, -1, -1, 3, 14, -1], [-1, -1, 2, 4, -1, 2, -1, 7, -1, 0], [-1, -1, 2, 4, 1, -1, -1, 2, 9, 0], [-1, -1, 0, 4, -1, 2, 1, -1, 9, 0], [-1, 15, -1, 4, 0, 2, -1, 0, -1, 0], [-1, 15, 4, -1, -1, -1, -1, 11, -1, -1], [-1, 14, -1, -1, -1, -1, -1, 9, -1, -1], [-1, 14, -1, -1, -1, -1, 0, -1, -1, -1], [-1, 14, -1, -1, 1, -1, -1, -1, -1, -1], [-1, 14, 2, -1, -1, -1, -1, -1, -1, -1], [-1, 12, -1, -1, 1, -1, -1, 3, -1, -1], [-1, 12, 2, -1, -1, -1, -1, 3, -1, -1], [-1, 11, -1, 4, -1, -1, 1, 0, -1, -1], [-1, 11, -1, 4, -1, -1, 0, 2, -1, 0], [-1, 11, -1, 4, 0, -1, -1, 7, -1, -1], [-1, 11, 2, 4, 1, -1, -1, 2, -1, 0], [-1, 11, 0, 4, -1, 2, 1, -1, -1, 0], [-1, 9, -1, -1, -1, -1, 0, -1, -1, 4], [-1, 9, -1, -1, -1, 2, 3, -1, -1, -1], [-1, 9, -1, 4, -1, 2, -1, -1, -1, 4], [-1, 9, -1, 4, 1, -1, -1, -1, -1, 4], [-1, 9, 2, -1, -1, -1, -1, -1, -1, 4], [1, -1, -1, -1, -1, -1, 0, -1, -1, 4], [1, -1, -1, 4, -1, 2, -1, 7, -1, 0], [1, -1, 2, -1, -1, -1, -1, -1, -1, 4], [1, -1, 2, 4, -1, -1, -1, 2, 9, 0], [1, -1, 0, -1, -1, -1, 1, -1, 9, 0], [1, -1, 0, 4, -1, 2, -1, -1, 9, 0], [1, 11, 2, 4, -1, -1, -1, 2, -1, 0], [1, 11, 0, -1, -1, -1, 1, -1, -1, 0], [1, 11, 0, 4, -1, 2, -1, -1, -1, 0], [0, -1, -1, -1, -1, 2, 0, -1, 10, 0], [0, -1, -1, -1, 1, 2, -1, 5, -1, -1], [0, -1, -1, 4, -1, -1, -1, 6, -1, -1], [0, -1, -1, 4, -1, -1, -1, 2, 9, 0], [0, -1, -1, 4, 0, 2, -1, 0, -1, 0], [0, -1, 4, -1, -1, -1, -1, 6, -1, -1], [0, -1, 4, -1, -1, 2, -1, -1, 10, -1], [0, -1, 4, -1, 0, 2, -1, 11, -1, -1], [0, -1, 4, -1, 0, 2, -1, 0, -1, -1], [0, -1, 4, 4, -1, 2, 1, 9, -1, -1], [0, -1, 4, 4, 0, -1, -1, 11, -1, -1], [0, -1, 2, -1, -1, -1, -1, 2, 9, 0], [0, -1, 0, 4, 0, -1, 4, -1, -1, -1], [0, 15, -1, -1, -1, 2, 0, -1, -1, 0], [0, 15, 4, -1, -1, 2, -1, -1, -1, -1], [0, 11, -1, 4, -1, -1, -1, 2, -1, 0], [0, 11, 2, -1, -1, -1, -1, 2, -1, 0]]
0.25 44 
 [[-1, -1, -1, -1, -1, -1, 0, -1, 13, 4], [-1, -1, -1, -1, -1, -1, 0, 5, -1, 0], [-1, -1, -1, -1, -1, 2, 3, -1, 13, -1], [-1, -1, -1, -1, 1, -1, -1, 9, -1, 4], [-1, -1, -1, 4, -1, -1, 1, 0, 9, -1], [-1, -1, -1, 4, 0, -1, -1, 7, 9, -1], [-1, -1, -1, 4, 0, 2, -1, 0, 10, 0], [-1, -1, 4, -1, -1, -1, -1, 11, 10, -1], [-1, -1, 4, -1, 0, 2, 3, -1, -1, 0], [-1, -1, 2, -1, -1, -1, -1, 9, -1, 4], [-1, -1, 2, -1, -1, -1, -1, 5, -1, 0], [-1, -1, 2, -1, 1, -1, -1, -1, 13, 4], [-1, -1, 2, 4, -1, 2, -1, 7, -1, 0], [-1, -1, 0, 4, -1, 2, 1, -1, 9, 0], [-1, 15, -1, 4, 0, 2, -1, 0, -1, 0], [-1, 15, 4, -1, -1, -1, -1, 11, -1, -1], [-1, 11, -1, 4, -1, -1, 1, 0, -1, -1], [-1, 11, -1, 4, 0, -1, -1, 7, -1, -1], [-1, 11, 0, 4, -1, 2, 1, -1, -1, 0], [-1, 9, -1, -1, -1, -1, 0, -1, -1, 4], [-1, 9, -1, -1, -1, 2, 3, -1, -1, -1], [-1, 9, 2, -1, 1, -1, -1, -1, -1, 4], [1, -1, -1, 4, -1, 2, -1, 7, -1, 0], [1, -1, 0, -1, -1, -1, 1, -1, 9, 0], [1, -1, 0, 4, -1, 2, -1, -1, 9, 0], [1, 11, 0, -1, -1, -1, 1, -1, -1, 0], [1, 11, 0, 4, -1, 2, -1, -1, -1, 0], [0, -1, -1, -1, -1, 2, 0, -1, 10, 0], [0, -1, -1, -1, 1, 2, -1, 5, -1, -1], [0, -1, -1, 4, -1, -1, -1, 6, -1, -1], [0, -1, -1, 4, -1, -1, -1, 2, 9, 0], [0, -1, -1, 4, 0, 2, -1, 0, -1, 0], [0, -1, 4, -1, -1, -1, -1, 6, -1, -1], [0, -1, 4, -1, -1, 2, -1, -1, 10, -1], [0, -1, 4, -1, 0, 2, -1, 11, -1, -1], [0, -1, 4, -1, 0, 2, -1, 0, -1, -1], [0, -1, 4, 4, -1, 2, 1, 9, -1, -1], [0, -1, 4, 4, 0, -1, -1, 11, -1, -1], [0, -1, 2, -1, -1, -1, -1, 2, 9, 0], [0, -1, 0, 4, 0, -1, 4, -1, -1, -1], [0, 15, -1, -1, -1, 2, 0, -1, -1, 0], [0, 15, 4, -1, -1, 2, -1, -1, -1, -1], [0, 11, -1, 4, -1, -1, -1, 2, -1, 0], [0, 11, 2, -1, -1, -1, -1, 2, -1, 0]]
0.3 38 
 [[-1, -1, -1, -1, -1, -1, 0, 5, -1, 0], [-1, -1, -1, -1, -1, 2, 3, -1, 13, -1], [-1, -1, -1, 4, -1, -1, 1, 0, 9, -1], [-1, -1, -1, 4, 0, -1, -1, 7, 9, -1], [-1, -1, -1, 4, 0, 2, -1, 0, 10, 0], [-1, -1, 4, -1, -1, -1, -1, 11, 10, -1], [-1, -1, 4, -1, 0, 2, 3, -1, -1, 0], [-1, -1, 2, -1, -1, -1, -1, 5, -1, 0], [-1, -1, 2, 4, -1, 2, -1, 7, -1, 0], [-1, -1, 0, 4, -1, 2, 1, -1, 9, 0], [-1, 15, -1, 4, 0, 2, -1, 0, -1, 0], [-1, 15, 4, -1, -1, -1, -1, 11, -1, -1], [-1, 11, -1, 4, -1, -1, 1, 0, -1, -1], [-1, 11, -1, 4, 0, -1, -1, 7, -1, -1], [-1, 11, 0, 4, -1, 2, 1, -1, -1, 0], [-1, 9, -1, -1, -1, 2, 3, -1, -1, -1], [1, -1, -1, 4, -1, 2, -1, 7, -1, 0], [1, -1, 0, -1, -1, -1, 1, -1, 9, 0], [1, -1, 0, 4, -1, 2, -1, -1, 9, 0], [1, 11, 0, -1, -1, -1, 1, -1, -1, 0], [1, 11, 0, 4, -1, 2, -1, -1, -1, 0], [0, -1, -1, -1, -1, 2, 0, -1, 10, 0], [0, -1, -1, -1, 1, 2, -1, 5, -1, -1], [0, -1, -1, 4, -1, -1, -1, 6, -1, -1], [0, -1, -1, 4, -1, -1, -1, 2, 9, 0], [0, -1, -1, 4, 0, 2, -1, 0, -1, 0], [0, -1, 4, -1, -1, -1, -1, 6, -1, -1], [0, -1, 4, -1, -1, 2, -1, -1, 10, -1], [0, -1, 4, -1, 0, 2, -1, 11, -1, -1], [0, -1, 4, -1, 0, 2, -1, 0, -1, -1], [0, -1, 4, 4, -1, 2, 1, 9, -1, -1], [0, -1, 4, 4, 0, -1, -1, 11, -1, -1], [0, -1, 2, -1, -1, -1, -1, 2, 9, 0], [0, -1, 0, 4, 0, -1, 4, -1, -1, -1], [0, 15, -1, -1, -1, 2, 0, -1, -1, 0], [0, 15, 4, -1, -1, 2, -1, -1, -1, -1], [0, 11, -1, 4, -1, -1, -1, 2, -1, 0], [0, 11, 2, -1, -1, -1, -1, 2, -1, 0]]
