overall FPR: 0.1434627776835679
execution time
10 11.503580093383789 142.0615770816803
20 8.764204025268555 128.69886183738708
30 10.33095407485962 187.79379177093506
40 9.754671096801758 199.10605311393738
50 9.358864068984985 197.10417675971985
60 9.917618989944458 183.02396988868713
70 10.817184925079346 140.7748999595642
80 5.068019151687622 123.29327511787415
90 5.448913097381592 115.16423916816711
100 3.696014881134033 106.44615316390991


number of calculations
10 35452.0 548351.0
20 29415.0 548351.0
30 25429.0 548351.0
40 22644.0 548351.0
50 20514.0 548351.0
60 18811.0 548351.0
70 17268.0 548351.0
80 16068.0 548351.0
90 14862.0 548351.0
100 13922.0 548351.0


number of patterns found
10 95 
 [[-1, -1, -1, -1, -1, 5, 0], [-1, -1, -1, -1, -1, 3, -1], [-1, -1, -1, -1, -1, 1, 5], [-1, -1, -1, -1, -1, 1, 0], [-1, -1, -1, -1, -1, 0, 5], [-1, -1, -1, -1, -1, 0, 0], [-1, -1, -1, -1, 1, 0, -1], [-1, -1, -1, 4, -1, -1, 5], [-1, -1, -1, 1, -1, -1, 5], [-1, -1, -1, 1, -1, -1, 0], [-1, -1, -1, 1, -1, 0, -1], [-1, -1, -1, 1, 1, 1, -1], [-1, -1, 6, 4, 1, 2, 1], [-1, -1, 2, -1, -1, 5, -1], [-1, -1, 2, -1, -1, 1, -1], [-1, -1, 2, -1, -1, 0, -1], [-1, -1, 2, 2, -1, 4, -1], [-1, -1, 2, 1, -1, -1, -1], [-1, -1, 2, 0, -1, 4, -1], [-1, -1, 1, -1, -1, -1, -1], [-1, 15, -1, -1, -1, -1, 5], [-1, 15, -1, -1, -1, -1, 0], [-1, 15, 2, -1, -1, -1, -1], [-1, 14, -1, -1, -1, -1, -1], [-1, 12, -1, -1, -1, -1, 5], [-1, 12, -1, -1, -1, -1, 0], [-1, 12, -1, -1, -1, 4, -1], [-1, 12, -1, -1, 1, -1, -1], [-1, 12, -1, 2, -1, -1, 4], [-1, 12, -1, 1, -1, -1, -1], [-1, 12, 5, -1, -1, -1, 1], [-1, 12, 3, -1, -1, -1, -1], [-1, 12, 2, -1, -1, -1, -1], [-1, 12, 0, 2, -1, -1, -1], [-1, 11, -1, 2, -1, 4, 0], [-1, 10, -1, -1, -1, -1, -1], [-1, 9, -1, -1, -1, -1, 5], [-1, 9, -1, -1, -1, -1, 0], [-1, 9, -1, -1, -1, 0, -1], [-1, 9, -1, -1, 1, 5, -1], [-1, 9, -1, 4, 1, 4, -1], [-1, 9, -1, 2, 1, 1, -1], [-1, 9, 6, -1, 1, -1, -1], [-1, 9, 2, -1, -1, -1, -1], [-1, 9, 0, 2, -1, -1, 1], [-1, 8, -1, -1, -1, -1, 5], [-1, 8, -1, -1, -1, -1, 0], [-1, 8, -1, 4, 1, 1, -1], [-1, 8, 4, -1, -1, 1, 1], [-1, 8, 2, -1, -1, -1, -1], [-1, 7, -1, -1, -1, -1, 5], [-1, 7, -1, -1, -1, -1, 0], [-1, 7, -1, -1, 0, 0, -1], [-1, 7, -1, 4, -1, 0, -1], [-1, 7, -1, 4, 0, 1, -1], [-1, 7, 2, -1, -1, -1, -1], [2, -1, -1, -1, -1, 5, 5], [2, -1, -1, -1, 1, 5, -1], [2, -1, -1, 4, -1, 2, 0], [2, -1, -1, 4, -1, 0, -1], [2, -1, -1, 1, -1, 1, -1], [2, -1, -1, 1, 1, -1, -1], [2, -1, 4, -1, -1, 5, -1], [2, -1, 2, 4, 1, 2, -1], [2, 15, -1, -1, -1, 0, -1], [2, 15, -1, -1, 1, -1, -1], [2, 12, -1, -1, -1, -1, -1], [2, 9, -1, -1, -1, -1, -1], [2, 8, -1, -1, 1, -1, -1], [2, 7, -1, -1, 1, -1, -1], [2, 7, -1, 4, -1, 2, -1], [1, -1, -1, -1, -1, -1, 5], [1, -1, -1, 4, -1, 0, -1], [1, -1, 6, -1, 1, -1, -1], [1, -1, 2, -1, 1, -1, 3], [1, -1, 2, 4, -1, -1, -1], [1, 15, -1, -1, 1, 1, -1], [1, 15, -1, 0, 1, -1, -1], [1, 12, -1, -1, -1, 2, -1], [1, 11, 2, -1, 0, 4, -1], [1, 9, -1, -1, 1, -1, -1], [1, 9, -1, 2, -1, 1, -1], [1, 9, -1, 2, 0, 2, 1], [1, 9, 0, -1, -1, 1, 1], [1, 8, -1, -1, 1, 1, -1], [1, 8, -1, 4, 1, 5, -1], [1, 8, -1, 1, -1, 2, -1], [1, 8, -1, 1, 1, -1, -1], [1, 7, -1, -1, -1, 0, -1], [1, 5, -1, -1, -1, 4, 0], [1, 5, 2, -1, -1, 4, -1], [1, 4, -1, -1, -1, 4, 0], [1, 4, -1, -1, 1, 4, -1], [1, 4, 2, -1, -1, 4, -1], [0, -1, 2, -1, 0, 4, -1]]
20 66 
 [[-1, -1, -1, -1, -1, 5, 0], [-1, -1, -1, -1, -1, 3, -1], [-1, -1, -1, -1, -1, 1, 5], [-1, -1, -1, -1, -1, 1, 0], [-1, -1, -1, -1, -1, 0, 5], [-1, -1, -1, -1, -1, 0, 0], [-1, -1, -1, -1, 1, 0, -1], [-1, -1, -1, 4, -1, -1, 5], [-1, -1, -1, 1, -1, -1, 5], [-1, -1, -1, 1, -1, -1, 0], [-1, -1, -1, 1, -1, 0, -1], [-1, -1, -1, 1, 1, 1, -1], [-1, -1, 6, 4, 1, 2, 1], [-1, -1, 2, -1, -1, 5, -1], [-1, -1, 2, -1, -1, 1, -1], [-1, -1, 2, -1, -1, 0, -1], [-1, -1, 2, 2, -1, 4, -1], [-1, -1, 2, 1, -1, -1, -1], [-1, 15, -1, -1, -1, -1, 5], [-1, 15, -1, -1, -1, -1, 0], [-1, 15, 2, -1, -1, -1, -1], [-1, 14, -1, -1, -1, -1, -1], [-1, 12, -1, -1, -1, -1, 5], [-1, 12, -1, -1, -1, -1, 0], [-1, 12, -1, -1, -1, 4, -1], [-1, 12, -1, -1, 1, -1, -1], [-1, 12, -1, 1, -1, -1, -1], [-1, 12, 2, -1, -1, -1, -1], [-1, 10, -1, -1, -1, -1, -1], [-1, 9, -1, -1, -1, -1, 5], [-1, 9, -1, -1, -1, -1, 0], [-1, 9, -1, -1, -1, 0, -1], [-1, 9, -1, -1, 1, 5, -1], [-1, 9, -1, 4, 1, 4, -1], [-1, 9, 2, -1, -1, -1, -1], [-1, 8, -1, -1, -1, -1, 5], [-1, 8, -1, -1, -1, -1, 0], [-1, 8, -1, 4, 1, 1, -1], [-1, 8, 2, -1, -1, -1, -1], [-1, 7, -1, -1, -1, -1, 5], [-1, 7, -1, -1, -1, -1, 0], [-1, 7, -1, 4, -1, 0, -1], [-1, 7, 2, -1, -1, -1, -1], [2, -1, -1, -1, 1, 5, -1], [2, -1, -1, 4, -1, 2, 0], [2, -1, -1, 4, -1, 0, -1], [2, -1, -1, 1, 1, -1, -1], [2, -1, 2, 4, 1, 2, -1], [2, 15, -1, -1, -1, 0, -1], [2, 15, -1, -1, 1, -1, -1], [2, 12, -1, -1, -1, -1, -1], [2, 9, -1, -1, -1, -1, -1], [2, 8, -1, -1, 1, -1, -1], [2, 7, -1, -1, 1, -1, -1], [2, 7, -1, 4, -1, 2, -1], [1, -1, -1, -1, -1, -1, 5], [1, -1, -1, 4, -1, 0, -1], [1, -1, 6, -1, 1, -1, -1], [1, -1, 2, 4, -1, -1, -1], [1, 15, -1, -1, 1, 1, -1], [1, 15, -1, 0, 1, -1, -1], [1, 12, -1, -1, -1, 2, -1], [1, 9, -1, -1, 1, -1, -1], [1, 9, -1, 2, -1, 1, -1], [1, 8, -1, -1, 1, 1, -1], [1, 7, -1, -1, -1, 0, -1]]
30 58 
 [[-1, -1, -1, -1, -1, 5, 0], [-1, -1, -1, -1, -1, 3, -1], [-1, -1, -1, -1, -1, 1, 5], [-1, -1, -1, -1, -1, 1, 0], [-1, -1, -1, -1, -1, 0, 5], [-1, -1, -1, -1, -1, 0, 0], [-1, -1, -1, -1, 1, 0, -1], [-1, -1, -1, 4, -1, -1, 5], [-1, -1, -1, 1, -1, -1, 5], [-1, -1, -1, 1, -1, -1, 0], [-1, -1, 6, 4, 1, 2, 1], [-1, -1, 2, -1, -1, 5, -1], [-1, -1, 2, -1, -1, 1, -1], [-1, -1, 2, -1, -1, 0, -1], [-1, -1, 2, 1, -1, -1, -1], [-1, 15, -1, -1, -1, -1, 5], [-1, 15, -1, -1, -1, -1, 0], [-1, 15, 2, -1, -1, -1, -1], [-1, 14, -1, -1, -1, -1, -1], [-1, 12, -1, -1, -1, -1, 5], [-1, 12, -1, -1, -1, -1, 0], [-1, 12, -1, -1, -1, 4, -1], [-1, 12, -1, -1, 1, -1, -1], [-1, 12, -1, 1, -1, -1, -1], [-1, 12, 2, -1, -1, -1, -1], [-1, 10, -1, -1, -1, -1, -1], [-1, 9, -1, -1, -1, -1, 5], [-1, 9, -1, -1, -1, -1, 0], [-1, 9, -1, -1, -1, 0, -1], [-1, 9, -1, -1, 1, 5, -1], [-1, 9, -1, 4, 1, 4, -1], [-1, 9, 2, -1, -1, -1, -1], [-1, 8, -1, -1, -1, -1, 5], [-1, 8, -1, -1, -1, -1, 0], [-1, 8, -1, 4, 1, 1, -1], [-1, 8, 2, -1, -1, -1, -1], [-1, 7, -1, -1, -1, -1, 5], [-1, 7, -1, -1, -1, -1, 0], [-1, 7, 2, -1, -1, -1, -1], [2, -1, -1, -1, 1, 5, -1], [2, -1, -1, 4, -1, 2, 0], [2, -1, -1, 4, -1, 0, -1], [2, -1, -1, 1, 1, -1, -1], [2, -1, 2, 4, 1, 2, -1], [2, 15, -1, -1, -1, 0, -1], [2, 15, -1, -1, 1, -1, -1], [2, 12, -1, -1, -1, -1, -1], [2, 9, -1, -1, -1, -1, -1], [2, 8, -1, -1, 1, -1, -1], [2, 7, -1, -1, 1, -1, -1], [2, 7, -1, 4, -1, 2, -1], [1, -1, -1, -1, -1, -1, 5], [1, -1, -1, 4, -1, 0, -1], [1, -1, 2, 4, -1, -1, -1], [1, 15, -1, -1, 1, 1, -1], [1, 12, -1, -1, -1, 2, -1], [1, 9, -1, -1, 1, -1, -1], [1, 8, -1, -1, 1, 1, -1]]
40 54 
 [[-1, -1, -1, -1, -1, 5, 0], [-1, -1, -1, -1, -1, 3, -1], [-1, -1, -1, -1, -1, 1, 5], [-1, -1, -1, -1, -1, 1, 0], [-1, -1, -1, -1, -1, 0, 0], [-1, -1, -1, -1, 1, 0, -1], [-1, -1, -1, 4, -1, -1, 5], [-1, -1, -1, 1, -1, -1, 0], [-1, -1, 2, -1, -1, 5, -1], [-1, -1, 2, -1, -1, 1, -1], [-1, -1, 2, -1, -1, 0, -1], [-1, -1, 2, 1, -1, -1, -1], [-1, 15, -1, -1, -1, -1, 5], [-1, 15, -1, -1, -1, -1, 0], [-1, 15, 2, -1, -1, -1, -1], [-1, 14, -1, -1, -1, -1, -1], [-1, 12, -1, -1, -1, -1, 5], [-1, 12, -1, -1, -1, -1, 0], [-1, 12, -1, -1, -1, 4, -1], [-1, 12, -1, -1, 1, -1, -1], [-1, 12, -1, 1, -1, -1, -1], [-1, 12, 2, -1, -1, -1, -1], [-1, 10, -1, -1, -1, -1, -1], [-1, 9, -1, -1, -1, -1, 5], [-1, 9, -1, -1, -1, -1, 0], [-1, 9, -1, -1, -1, 0, -1], [-1, 9, -1, -1, 1, 5, -1], [-1, 9, -1, 4, 1, 4, -1], [-1, 9, 2, -1, -1, -1, -1], [-1, 8, -1, -1, -1, -1, 5], [-1, 8, -1, -1, -1, -1, 0], [-1, 8, -1, 4, 1, 1, -1], [-1, 8, 2, -1, -1, -1, -1], [-1, 7, -1, -1, -1, -1, 5], [-1, 7, -1, -1, -1, -1, 0], [-1, 7, 2, -1, -1, -1, -1], [2, -1, -1, -1, 1, 5, -1], [2, -1, -1, 4, -1, 2, 0], [2, -1, -1, 4, -1, 0, -1], [2, -1, -1, 1, 1, -1, -1], [2, -1, 2, 4, 1, 2, -1], [2, 15, -1, -1, -1, 0, -1], [2, 15, -1, -1, 1, -1, -1], [2, 12, -1, -1, -1, -1, -1], [2, 9, -1, -1, -1, -1, -1], [2, 8, -1, -1, 1, -1, -1], [2, 7, -1, -1, 1, -1, -1], [2, 7, -1, 4, -1, 2, -1], [1, -1, -1, -1, -1, -1, 5], [1, -1, -1, 4, -1, 0, -1], [1, -1, 2, 4, -1, -1, -1], [1, 15, -1, -1, 1, 1, -1], [1, 12, -1, -1, -1, 2, -1], [1, 9, -1, -1, 1, -1, -1]]
50 51 
 [[-1, -1, -1, -1, -1, 5, 0], [-1, -1, -1, -1, -1, 3, -1], [-1, -1, -1, -1, -1, 1, 5], [-1, -1, -1, -1, -1, 1, 0], [-1, -1, -1, -1, -1, 0, 0], [-1, -1, -1, -1, 1, 0, -1], [-1, -1, -1, 4, -1, -1, 5], [-1, -1, -1, 1, -1, -1, 0], [-1, -1, 2, -1, -1, 5, -1], [-1, -1, 2, -1, -1, 1, -1], [-1, -1, 2, -1, -1, 0, -1], [-1, -1, 2, 1, -1, -1, -1], [-1, 15, -1, -1, -1, -1, 5], [-1, 15, -1, -1, -1, -1, 0], [-1, 15, 2, -1, -1, -1, -1], [-1, 14, -1, -1, -1, -1, -1], [-1, 12, -1, -1, -1, -1, 5], [-1, 12, -1, -1, -1, -1, 0], [-1, 12, -1, -1, -1, 4, -1], [-1, 12, -1, -1, 1, -1, -1], [-1, 12, -1, 1, -1, -1, -1], [-1, 12, 2, -1, -1, -1, -1], [-1, 10, -1, -1, -1, -1, -1], [-1, 9, -1, -1, -1, -1, 5], [-1, 9, -1, -1, -1, -1, 0], [-1, 9, -1, -1, -1, 0, -1], [-1, 9, -1, -1, 1, 5, -1], [-1, 9, -1, 4, 1, 4, -1], [-1, 9, 2, -1, -1, -1, -1], [-1, 8, -1, -1, -1, -1, 0], [-1, 8, 2, -1, -1, -1, -1], [-1, 7, -1, -1, -1, -1, 0], [-1, 7, 2, -1, -1, -1, -1], [2, -1, -1, -1, 1, 5, -1], [2, -1, -1, 4, -1, 2, 0], [2, -1, -1, 4, -1, 0, -1], [2, -1, -1, 1, 1, -1, -1], [2, -1, 2, 4, 1, 2, -1], [2, 15, -1, -1, -1, 0, -1], [2, 15, -1, -1, 1, -1, -1], [2, 12, -1, -1, -1, -1, -1], [2, 9, -1, -1, -1, -1, -1], [2, 8, -1, -1, 1, -1, -1], [2, 7, -1, -1, 1, -1, -1], [2, 7, -1, 4, -1, 2, -1], [1, -1, -1, -1, -1, -1, 5], [1, -1, -1, 4, -1, 0, -1], [1, -1, 2, 4, -1, -1, -1], [1, 15, -1, -1, 1, 1, -1], [1, 12, -1, -1, -1, 2, -1], [1, 9, -1, -1, 1, -1, -1]]
60 49 
 [[-1, -1, -1, -1, -1, 5, 0], [-1, -1, -1, -1, -1, 3, -1], [-1, -1, -1, -1, -1, 1, 5], [-1, -1, -1, -1, -1, 1, 0], [-1, -1, -1, -1, -1, 0, 0], [-1, -1, -1, -1, 1, 0, -1], [-1, -1, -1, 4, -1, -1, 5], [-1, -1, -1, 1, -1, -1, 0], [-1, -1, 2, -1, -1, 5, -1], [-1, -1, 2, -1, -1, 1, -1], [-1, -1, 2, -1, -1, 0, -1], [-1, -1, 2, 1, -1, -1, -1], [-1, 15, -1, -1, -1, -1, 5], [-1, 15, -1, -1, -1, -1, 0], [-1, 15, 2, -1, -1, -1, -1], [-1, 14, -1, -1, -1, -1, -1], [-1, 12, -1, -1, -1, -1, 5], [-1, 12, -1, -1, -1, -1, 0], [-1, 12, -1, -1, -1, 4, -1], [-1, 12, -1, -1, 1, -1, -1], [-1, 12, -1, 1, -1, -1, -1], [-1, 12, 2, -1, -1, -1, -1], [-1, 10, -1, -1, -1, -1, -1], [-1, 9, -1, -1, -1, -1, 5], [-1, 9, -1, -1, -1, -1, 0], [-1, 9, -1, -1, -1, 0, -1], [-1, 9, -1, -1, 1, 5, -1], [-1, 9, -1, 4, 1, 4, -1], [-1, 9, 2, -1, -1, -1, -1], [-1, 8, -1, -1, -1, -1, 0], [-1, 8, 2, -1, -1, -1, -1], [-1, 7, -1, -1, -1, -1, 0], [-1, 7, 2, -1, -1, -1, -1], [2, -1, -1, -1, 1, 5, -1], [2, -1, -1, 4, -1, 2, 0], [2, -1, -1, 4, -1, 0, -1], [2, -1, -1, 1, 1, -1, -1], [2, -1, 2, 4, 1, 2, -1], [2, 15, -1, -1, 1, -1, -1], [2, 12, -1, -1, -1, -1, -1], [2, 9, -1, -1, -1, -1, -1], [2, 8, -1, -1, 1, -1, -1], [2, 7, -1, -1, 1, -1, -1], [1, -1, -1, -1, -1, -1, 5], [1, -1, -1, 4, -1, 0, -1], [1, -1, 2, 4, -1, -1, -1], [1, 15, -1, -1, 1, 1, -1], [1, 12, -1, -1, -1, 2, -1], [1, 9, -1, -1, 1, -1, -1]]
70 47 
 [[-1, -1, -1, -1, -1, 5, 0], [-1, -1, -1, -1, -1, 3, -1], [-1, -1, -1, -1, -1, 1, 5], [-1, -1, -1, -1, -1, 1, 0], [-1, -1, -1, -1, -1, 0, 0], [-1, -1, -1, -1, 1, 0, -1], [-1, -1, -1, 4, -1, -1, 5], [-1, -1, -1, 1, -1, -1, 0], [-1, -1, 2, -1, -1, 5, -1], [-1, -1, 2, -1, -1, 1, -1], [-1, -1, 2, -1, -1, 0, -1], [-1, -1, 2, 1, -1, -1, -1], [-1, 15, -1, -1, -1, -1, 5], [-1, 15, -1, -1, -1, -1, 0], [-1, 15, 2, -1, -1, -1, -1], [-1, 14, -1, -1, -1, -1, -1], [-1, 12, -1, -1, -1, -1, 5], [-1, 12, -1, -1, -1, -1, 0], [-1, 12, -1, -1, -1, 4, -1], [-1, 12, -1, -1, 1, -1, -1], [-1, 12, 2, -1, -1, -1, -1], [-1, 10, -1, -1, -1, -1, -1], [-1, 9, -1, -1, -1, -1, 5], [-1, 9, -1, -1, -1, -1, 0], [-1, 9, -1, -1, -1, 0, -1], [-1, 9, -1, -1, 1, 5, -1], [-1, 9, -1, 4, 1, 4, -1], [-1, 9, 2, -1, -1, -1, -1], [-1, 8, -1, -1, -1, -1, 0], [-1, 8, 2, -1, -1, -1, -1], [-1, 7, -1, -1, -1, -1, 0], [-1, 7, 2, -1, -1, -1, -1], [2, -1, -1, -1, 1, 5, -1], [2, -1, -1, 4, -1, 2, 0], [2, -1, -1, 4, -1, 0, -1], [2, -1, -1, 1, 1, -1, -1], [2, -1, 2, 4, 1, 2, -1], [2, 15, -1, -1, 1, -1, -1], [2, 12, -1, -1, -1, -1, -1], [2, 9, -1, -1, -1, -1, -1], [2, 8, -1, -1, 1, -1, -1], [1, -1, -1, -1, -1, -1, 5], [1, -1, -1, 4, -1, 0, -1], [1, -1, 2, 4, -1, -1, -1], [1, 15, -1, -1, 1, 1, -1], [1, 12, -1, -1, -1, 2, -1], [1, 9, -1, -1, 1, -1, -1]]
80 46 
 [[-1, -1, -1, -1, -1, 5, 0], [-1, -1, -1, -1, -1, 3, -1], [-1, -1, -1, -1, -1, 1, 5], [-1, -1, -1, -1, -1, 1, 0], [-1, -1, -1, -1, -1, 0, 0], [-1, -1, -1, -1, 1, 0, -1], [-1, -1, -1, 4, -1, -1, 5], [-1, -1, -1, 1, -1, -1, 0], [-1, -1, 2, -1, -1, 5, -1], [-1, -1, 2, -1, -1, 1, -1], [-1, -1, 2, -1, -1, 0, -1], [-1, -1, 2, 1, -1, -1, -1], [-1, 15, -1, -1, -1, -1, 5], [-1, 15, -1, -1, -1, -1, 0], [-1, 15, 2, -1, -1, -1, -1], [-1, 14, -1, -1, -1, -1, -1], [-1, 12, -1, -1, -1, -1, 5], [-1, 12, -1, -1, -1, -1, 0], [-1, 12, -1, -1, -1, 4, -1], [-1, 12, -1, -1, 1, -1, -1], [-1, 12, 2, -1, -1, -1, -1], [-1, 10, -1, -1, -1, -1, -1], [-1, 9, -1, -1, -1, -1, 5], [-1, 9, -1, -1, -1, -1, 0], [-1, 9, -1, -1, -1, 0, -1], [-1, 9, -1, -1, 1, 5, -1], [-1, 9, -1, 4, 1, 4, -1], [-1, 9, 2, -1, -1, -1, -1], [-1, 8, -1, -1, -1, -1, 0], [-1, 8, 2, -1, -1, -1, -1], [-1, 7, -1, -1, -1, -1, 0], [-1, 7, 2, -1, -1, -1, -1], [2, -1, -1, -1, 1, 5, -1], [2, -1, -1, 4, -1, 2, 0], [2, -1, -1, 4, -1, 0, -1], [2, -1, 2, 4, 1, 2, -1], [2, 15, -1, -1, 1, -1, -1], [2, 12, -1, -1, -1, -1, -1], [2, 9, -1, -1, -1, -1, -1], [2, 8, -1, -1, 1, -1, -1], [1, -1, -1, -1, -1, -1, 5], [1, -1, -1, 4, -1, 0, -1], [1, -1, 2, 4, -1, -1, -1], [1, 15, -1, -1, 1, 1, -1], [1, 12, -1, -1, -1, 2, -1], [1, 9, -1, -1, 1, -1, -1]]
90 45 
 [[-1, -1, -1, -1, -1, 5, 0], [-1, -1, -1, -1, -1, 3, -1], [-1, -1, -1, -1, -1, 1, 5], [-1, -1, -1, -1, -1, 1, 0], [-1, -1, -1, -1, -1, 0, 0], [-1, -1, -1, -1, 1, 0, -1], [-1, -1, -1, 4, -1, -1, 5], [-1, -1, -1, 1, -1, -1, 0], [-1, -1, 2, -1, -1, 5, -1], [-1, -1, 2, -1, -1, 1, -1], [-1, -1, 2, -1, -1, 0, -1], [-1, -1, 2, 1, -1, -1, -1], [-1, 15, -1, -1, -1, -1, 5], [-1, 15, -1, -1, -1, -1, 0], [-1, 15, 2, -1, -1, -1, -1], [-1, 14, -1, -1, -1, -1, -1], [-1, 12, -1, -1, -1, -1, 0], [-1, 12, -1, -1, -1, 4, -1], [-1, 12, -1, -1, 1, -1, -1], [-1, 12, 2, -1, -1, -1, -1], [-1, 10, -1, -1, -1, -1, -1], [-1, 9, -1, -1, -1, -1, 5], [-1, 9, -1, -1, -1, -1, 0], [-1, 9, -1, -1, -1, 0, -1], [-1, 9, -1, -1, 1, 5, -1], [-1, 9, -1, 4, 1, 4, -1], [-1, 9, 2, -1, -1, -1, -1], [-1, 8, -1, -1, -1, -1, 0], [-1, 8, 2, -1, -1, -1, -1], [-1, 7, -1, -1, -1, -1, 0], [-1, 7, 2, -1, -1, -1, -1], [2, -1, -1, -1, 1, 5, -1], [2, -1, -1, 4, -1, 2, 0], [2, -1, -1, 4, -1, 0, -1], [2, -1, 2, 4, 1, 2, -1], [2, 15, -1, -1, 1, -1, -1], [2, 12, -1, -1, -1, -1, -1], [2, 9, -1, -1, -1, -1, -1], [2, 8, -1, -1, 1, -1, -1], [1, -1, -1, -1, -1, -1, 5], [1, -1, -1, 4, -1, 0, -1], [1, -1, 2, 4, -1, -1, -1], [1, 15, -1, -1, 1, 1, -1], [1, 12, -1, -1, -1, 2, -1], [1, 9, -1, -1, 1, -1, -1]]
100 43 
 [[-1, -1, -1, -1, -1, 5, 0], [-1, -1, -1, -1, -1, 3, -1], [-1, -1, -1, -1, -1, 1, 5], [-1, -1, -1, -1, -1, 1, 0], [-1, -1, -1, -1, -1, 0, 0], [-1, -1, -1, -1, 1, 0, -1], [-1, -1, -1, 4, -1, -1, 5], [-1, -1, -1, 1, -1, -1, 0], [-1, -1, 2, -1, -1, 5, -1], [-1, -1, 2, -1, -1, 1, -1], [-1, -1, 2, -1, -1, 0, -1], [-1, -1, 2, 1, -1, -1, -1], [-1, 15, -1, -1, -1, -1, 5], [-1, 15, -1, -1, -1, -1, 0], [-1, 15, 2, -1, -1, -1, -1], [-1, 14, -1, -1, -1, -1, -1], [-1, 12, -1, -1, -1, -1, 0], [-1, 12, -1, -1, 1, -1, -1], [-1, 12, 2, -1, -1, -1, -1], [-1, 10, -1, -1, -1, -1, -1], [-1, 9, -1, -1, -1, -1, 5], [-1, 9, -1, -1, -1, -1, 0], [-1, 9, -1, -1, -1, 0, -1], [-1, 9, -1, -1, 1, 5, -1], [-1, 9, -1, 4, 1, 4, -1], [-1, 9, 2, -1, -1, -1, -1], [-1, 8, -1, -1, -1, -1, 0], [-1, 8, 2, -1, -1, -1, -1], [-1, 7, -1, -1, -1, -1, 0], [-1, 7, 2, -1, -1, -1, -1], [2, -1, -1, -1, 1, 5, -1], [2, -1, -1, 4, -1, 2, 0], [2, -1, -1, 4, -1, 0, -1], [2, -1, 2, 4, 1, 2, -1], [2, 15, -1, -1, 1, -1, -1], [2, 12, -1, -1, -1, -1, -1], [2, 9, -1, -1, -1, -1, -1], [1, -1, -1, -1, -1, -1, 5], [1, -1, -1, 4, -1, 0, -1], [1, -1, 2, 4, -1, -1, -1], [1, 15, -1, -1, 1, 1, -1], [1, 12, -1, -1, -1, 2, -1], [1, 9, -1, -1, 1, -1, -1]]
