execution time
8000 1.5151731967926025 99.88836002349854
10000 3.6207070350646973 221.79463696479797
12000 6.382453918457031 344.56458020210266
14000 11.04481816291809 450.12284207344055
16000 16.188308000564575 581.2516350746155
18000 22.782077074050903 642.4228579998016
20000 39.47019815444946 607.3486759662628


number of patterns visited
8000 29979.0 1781999.0
10000 34828.0 1781999.0
12000 43775.0 1781999.0
14000 56365.0 1781999.0
16000 67196.0 1781999.0
18000 79259.0 1525999.0
20000 90818.0 1033199.0
