overall accuracy: 0.6351233671988389
execution time
3 0.02797698974609375 0.024604082107543945
4 0.035180091857910156 0.03921818733215332
5 0.04599714279174805 0.09776520729064941
6 0.060395002365112305 0.3040030002593994
7 0.2149512767791748 9.7960052490234375
8 0.48790502548217773 86.91619324684143
9 0.6690199375152588
10 1.1384282112121582
11 2.0093271732330322
12 3.961209297180176
13 10.396571159362793
14 20.96750521659851
15 45.45151209831238
16 83.6401960849762


number of patterns checked
3 59.0 0.0
4 304.0 0.0
5 749.0 0.0
6 1137.0 0.0
7 5437.0 0.0
8 16577.0 0.0
9 25421.0 0.0
10 38687.0 0.0
11 56375.0 0.0
12 109379.0 0.0
13 215195.0 0.0
14 324963.0 0.0
15 535075.0 0.0
16 941347.0 0.0


number of patterns found
0 0 
 []
1 0 
 []
2 0 
 []
3 0 
 []
4 2 
 [[-1, -1, -1, -1, -1, 1, 5], [-1, -1, 1, -1, -1, -1, 5]]
5 4 
 [[-1, -1, -1, -1, -1, 1, 5, -1], [-1, -1, 1, -1, -1, -1, 5, -1], [0, -1, -1, -1, -1, 1, 6, 0], [0, 2, 0, -1, 0, 1, -1, 0]]
6 4 
 [[-1, -1, -1, -1, -1, 1, 5, -1, -1], [-1, -1, 1, -1, -1, -1, 5, -1, -1], [0, -1, -1, -1, -1, 1, 6, 0, -1], [0, 2, 0, -1, 0, 1, -1, 0, -1]]
7 4 
 [[-1, -1, -1, -1, -1, 1, 5, -1, -1, -1], [-1, -1, 1, -1, -1, -1, 5, -1, -1, -1], [0, -1, -1, -1, -1, 1, 6, 0, -1, -1], [0, 2, 0, -1, 0, 1, -1, 0, -1, -1]]
8 4 
 [[-1, -1, -1, -1, -1, 1, 5, -1, -1, -1, -1], [-1, -1, 1, -1, -1, -1, 5, -1, -1, -1, -1], [0, -1, -1, -1, -1, 1, 6, 0, -1, -1, -1], [0, 2, 0, -1, 0, 1, -1, 0, -1, -1, -1]]
9 4 
 [[-1, -1, -1, -1, -1, 1, 5, -1, -1, -1, -1, -1], [-1, -1, 1, -1, -1, -1, 5, -1, -1, -1, -1, -1], [0, -1, -1, -1, -1, 1, 6, 0, -1, -1, -1, -1], [0, 2, 0, -1, 0, 1, -1, 0, -1, -1, -1, -1]]
10 29 
 [[-1, -1, -1, -1, -1, -1, 7, -1, -1, -1, -1, -1, 2], [-1, -1, -1, -1, -1, -1, 5, -1, -1, -1, -1, -1, 2], [-1, -1, -1, -1, -1, -1, 5, -1, -1, -1, -1, -1, 1], [-1, -1, -1, -1, -1, -1, 3, -1, -1, -1, -1, -1, 0], [-1, -1, -1, -1, -1, -1, 2, -1, -1, -1, -1, -1, 0], [-1, -1, -1, -1, -1, -1, 1, -1, -1, -1, -1, -1, 0], [-1, -1, -1, -1, -1, 1, 5, -1, -1, -1, -1, -1, -1], [-1, -1, -1, -1, -1, 0, 6, -1, -1, -1, -1, -1, 2], [-1, -1, -1, -1, 1, -1, -1, -1, -1, -1, -1, -1, 2], [-1, -1, -1, -1, 0, 1, -1, -1, -1, -1, -1, -1, 0], [-1, -1, -1, 5, -1, -1, -1, -1, -1, -1, -1, -1, 0], [-1, -1, -1, 1, -1, -1, -1, -1, -1, -1, -1, -1, 0], [-1, -1, 3, -1, -1, -1, -1, -1, -1, -1, -1, -1, 0], [-1, -1, 2, -1, 0, -1, -1, -1, -1, -1, -1, -1, 0], [-1, -1, 1, -1, -1, -1, 5, -1, -1, -1, -1, -1, -1], [-1, -1, 1, -1, -1, -1, 4, -1, -1, -1, -1, -1, 0], [-1, -1, 1, -1, -1, 1, -1, -1, -1, -1, -1, -1, 0], [-1, 2, -1, -1, -1, 1, -1, -1, -1, -1, -1, -1, 0], [-1, 2, -1, -1, 0, -1, -1, -1, -1, -1, -1, -1, 0], [-1, 1, 2, -1, -1, -1, -1, -1, -1, -1, -1, -1, 0], [1, -1, -1, -1, -1, 1, -1, -1, -1, -1, -1, -1, 0], [0, -1, -1, -1, -1, -1, 6, 0, -1, -1, -1, -1, 2], [0, -1, -1, -1, -1, 1, 6, 0, -1, -1, -1, -1, -1], [0, -1, -1, 0, -1, -1, 6, -1, -1, -1, -1, -1, 2], [0, -1, 1, -1, 0, -1, -1, -1, -1, -1, -1, -1, 0], [0, 2, -1, -1, -1, -1, -1, -1, -1, -1, -1, -1, 0], [0, 2, 0, -1, 0, 1, -1, 0, -1, -1, -1, -1, -1], [0, 1, -1, -1, -1, -1, 6, -1, -1, -1, -1, -1, 2], [0, 1, 0, -1, -1, 0, -1, -1, -1, -1, -1, -1, 2]]
11 50 
 [[-1, -1, -1, -1, -1, -1, -1, -1, -1, -1, -1, -1, 2, 1], [-1, -1, -1, -1, -1, -1, 7, -1, -1, -1, -1, -1, 2, -1], [-1, -1, -1, -1, -1, -1, 5, -1, -1, -1, -1, -1, -1, 1], [-1, -1, -1, -1, -1, -1, 5, -1, -1, -1, -1, -1, 2, -1], [-1, -1, -1, -1, -1, -1, 5, -1, -1, -1, -1, -1, 1, -1], [-1, -1, -1, -1, -1, -1, 3, -1, -1, -1, -1, -1, 0, -1], [-1, -1, -1, -1, -1, -1, 2, -1, -1, -1, -1, -1, 0, -1], [-1, -1, -1, -1, -1, -1, 1, -1, -1, -1, -1, -1, 0, -1], [-1, -1, -1, -1, -1, 1, -1, -1, -1, -1, -1, -1, 0, 0], [-1, -1, -1, -1, -1, 1, 5, -1, -1, -1, -1, -1, -1, -1], [-1, -1, -1, -1, -1, 0, 6, -1, -1, -1, -1, -1, 2, -1], [-1, -1, -1, -1, -1, 0, 4, -1, -1, -1, -1, -1, 0, 0], [-1, -1, -1, -1, 1, -1, -1, -1, -1, -1, -1, -1, 2, -1], [-1, -1, -1, -1, 0, -1, -1, -1, -1, -1, -1, -1, 0, 0], [-1, -1, -1, -1, 0, 1, -1, -1, -1, -1, -1, -1, 0, -1], [-1, -1, -1, 5, -1, -1, -1, -1, -1, -1, -1, -1, 0, -1], [-1, -1, -1, 1, -1, -1, -1, -1, -1, -1, -1, -1, 0, -1], [-1, -1, -1, 0, -1, -1, 4, 0, -1, -1, -1, -1, 0, 0], [-1, -1, 3, -1, -1, -1, -1, -1, -1, -1, -1, -1, 0, -1], [-1, -1, 2, -1, -1, -1, -1, -1, -1, -1, -1, -1, 0, 0], [-1, -1, 2, -1, 0, -1, -1, -1, -1, -1, -1, -1, 0, -1], [-1, -1, 1, -1, -1, -1, -1, -1, -1, -1, -1, -1, 0, 0], [-1, -1, 1, -1, -1, -1, 5, -1, -1, -1, -1, -1, -1, -1], [-1, -1, 1, -1, -1, -1, 4, -1, -1, -1, -1, -1, 0, -1], [-1, -1, 1, -1, -1, 1, -1, -1, -1, -1, -1, -1, 0, -1], [-1, 2, -1, -1, -1, -1, -1, -1, -1, -1, -1, -1, 0, 0], [-1, 2, -1, -1, -1, -1, 6, -1, -1, -1, -1, 0, -1, 0], [-1, 2, -1, -1, -1, -1, 6, 0, -1, -1, -1, -1, -1, 0], [-1, 2, -1, -1, -1, 1, -1, -1, -1, -1, -1, -1, 0, -1], [-1, 2, -1, -1, 0, -1, -1, -1, -1, -1, -1, -1, 0, -1], [-1, 1, -1, -1, 0, 0, -1, -1, -1, -1, 0, 0, 1, 1], [-1, 1, -1, -1, 0, 0, -1, 0, -1, -1, -1, -1, 1, 1], [-1, 1, -1, 0, 0, -1, -1, 0, -1, -1, -1, 0, 1, 1], [-1, 1, -1, 0, 0, -1, -1, 0, -1, -1, 0, -1, 1, 1], [-1, 1, -1, 0, 0, 0, -1, -1, -1, -1, -1, 0, 1, 1], [-1, 1, -1, 0, 0, 0, -1, -1, -1, -1, 0, -1, 1, 1], [-1, 1, 2, -1, -1, -1, -1, -1, -1, -1, -1, -1, 0, -1], [-1, 1, 0, -1, 0, 0, -1, -1, -1, -1, -1, 0, 1, 1], [-1, 1, 0, 0, 0, -1, -1, 0, -1, -1, -1, -1, 1, 1], [1, -1, -1, -1, -1, 1, -1, -1, -1, -1, -1, -1, 0, -1], [0, -1, -1, -1, -1, -1, 6, 0, -1, -1, -1, -1, 2, -1], [0, -1, -1, -1, -1, 1, 6, 0, -1, -1, -1, -1, -1, -1], [0, -1, -1, 0, -1, -1, 6, -1, -1, -1, -1, -1, 2, -1], [0, -1, 1, -1, 0, -1, -1, -1, -1, -1, -1, -1, 0, -1], [0, -1, 0, 0, 0, -1, 6, 0, -1, -1, -1, -1, -1, 0], [0, 2, -1, -1, -1, -1, -1, -1, -1, -1, -1, -1, 0, -1], [0, 2, 0, -1, 0, 1, -1, 0, -1, -1, -1, -1, -1, -1], [0, 1, -1, -1, -1, -1, 6, -1, -1, -1, -1, -1, 2, -1], [0, 1, -1, 0, 0, -1, -1, 0, -1, -1, -1, -1, 1, 1], [0, 1, 0, -1, -1, 0, -1, -1, -1, -1, -1, -1, 2, -1]]
12 73 
 [[-1, -1, -1, -1, -1, -1, -1, -1, -1, -1, -1, -1, 2, -1, 1], [-1, -1, -1, -1, -1, -1, -1, -1, -1, -1, -1, -1, 2, 1, -1], [-1, -1, -1, -1, -1, -1, 7, -1, -1, -1, -1, -1, 2, -1, -1], [-1, -1, -1, -1, -1, -1, 5, -1, -1, -1, -1, -1, -1, -1, 1], [-1, -1, -1, -1, -1, -1, 5, -1, -1, -1, -1, -1, -1, 1, -1], [-1, -1, -1, -1, -1, -1, 5, -1, -1, -1, -1, -1, 2, -1, -1], [-1, -1, -1, -1, -1, -1, 5, -1, -1, -1, -1, -1, 1, -1, -1], [-1, -1, -1, -1, -1, -1, 3, -1, -1, -1, -1, -1, 0, -1, -1], [-1, -1, -1, -1, -1, -1, 2, -1, -1, -1, -1, -1, 0, -1, -1], [-1, -1, -1, -1, -1, -1, 1, -1, -1, -1, -1, -1, 0, -1, -1], [-1, -1, -1, -1, -1, 1, -1, -1, -1, -1, -1, -1, 0, -1, 0], [-1, -1, -1, -1, -1, 1, -1, -1, -1, -1, -1, -1, 0, 0, -1], [-1, -1, -1, -1, -1, 1, -1, 0, -1, -1, -1, -1, -1, 0, 1], [-1, -1, -1, -1, -1, 1, 5, -1, -1, -1, -1, -1, -1, -1, -1], [-1, -1, -1, -1, -1, 0, 6, -1, -1, -1, -1, -1, 2, -1, -1], [-1, -1, -1, -1, -1, 0, 4, -1, -1, -1, -1, -1, 0, -1, 0], [-1, -1, -1, -1, -1, 0, 4, -1, -1, -1, -1, -1, 0, 0, -1], [-1, -1, -1, -1, 1, -1, -1, -1, -1, -1, -1, -1, 2, -1, -1], [-1, -1, -1, -1, 0, -1, -1, -1, -1, -1, -1, -1, 0, -1, 0], [-1, -1, -1, -1, 0, -1, -1, -1, -1, -1, -1, -1, 0, 0, -1], [-1, -1, -1, -1, 0, 1, -1, -1, -1, -1, -1, -1, -1, 0, 1], [-1, -1, -1, -1, 0, 1, -1, -1, -1, -1, -1, -1, 0, -1, -1], [-1, -1, -1, 5, -1, -1, -1, -1, -1, -1, -1, -1, 0, -1, -1], [-1, -1, -1, 1, -1, -1, -1, -1, -1, -1, -1, -1, 0, -1, -1], [-1, -1, -1, 0, -1, -1, 4, -1, -1, -1, -1, -1, 0, -1, 0], [-1, -1, -1, 0, -1, -1, 4, 0, -1, -1, -1, -1, 0, 0, -1], [-1, -1, 3, -1, -1, -1, -1, -1, -1, -1, -1, -1, 0, -1, -1], [-1, -1, 2, -1, -1, -1, -1, -1, -1, -1, -1, -1, 0, -1, 0], [-1, -1, 2, -1, -1, -1, -1, -1, -1, -1, -1, -1, 0, 0, -1], [-1, -1, 2, -1, 0, -1, -1, -1, -1, -1, -1, -1, 0, -1, -1], [-1, -1, 1, -1, -1, -1, -1, -1, -1, -1, -1, -1, 0, -1, 0], [-1, -1, 1, -1, -1, -1, -1, -1, -1, -1, -1, -1, 0, 0, -1], [-1, -1, 1, -1, -1, -1, 5, -1, -1, -1, -1, -1, -1, -1, -1], [-1, -1, 1, -1, -1, -1, 4, -1, -1, -1, -1, -1, 0, -1, -1], [-1, -1, 1, -1, -1, 1, -1, -1, -1, -1, -1, -1, -1, -1, 1], [-1, -1, 1, -1, -1, 1, -1, -1, -1, -1, -1, -1, 0, -1, -1], [-1, -1, 0, -1, -1, 1, -1, -1, -1, -1, -1, -1, -1, 0, 1], [-1, 2, -1, -1, -1, -1, -1, -1, -1, -1, -1, -1, 0, -1, 0], [-1, 2, -1, -1, -1, -1, -1, -1, -1, -1, -1, -1, 0, 0, -1], [-1, 2, -1, -1, -1, -1, 6, -1, -1, -1, -1, 0, -1, 0, -1], [-1, 2, -1, -1, -1, -1, 6, 0, -1, -1, -1, -1, -1, 0, -1], [-1, 2, -1, -1, -1, 1, -1, -1, -1, -1, -1, -1, 0, -1, -1], [-1, 2, -1, -1, 0, -1, -1, -1, -1, -1, -1, -1, 0, -1, -1], [-1, 1, -1, -1, -1, 1, -1, -1, -1, -1, -1, -1, -1, 0, 1], [-1, 1, -1, -1, 0, 0, -1, -1, -1, -1, 0, 0, 1, 1, -1], [-1, 1, -1, -1, 0, 0, -1, 0, -1, -1, -1, -1, 1, 1, -1], [-1, 1, -1, -1, 0, 0, -1, 0, -1, -1, 0, 0, 1, -1, 1], [-1, 1, -1, 0, 0, -1, -1, 0, -1, -1, -1, 0, 1, -1, 1], [-1, 1, -1, 0, 0, -1, -1, 0, -1, -1, -1, 0, 1, 1, -1], [-1, 1, -1, 0, 0, -1, -1, 0, -1, -1, 0, -1, 1, 1, -1], [-1, 1, -1, 0, 0, 0, -1, -1, -1, -1, -1, 0, 1, 1, -1], [-1, 1, -1, 0, 0, 0, -1, -1, -1, -1, 0, -1, 1, 1, -1], [-1, 1, -1, 0, 0, 0, -1, 0, -1, -1, 0, -1, 1, -1, 1], [-1, 1, 2, -1, -1, -1, -1, -1, -1, -1, -1, -1, 0, -1, -1], [-1, 1, 0, -1, 0, 0, -1, -1, -1, -1, -1, 0, 1, -1, 1], [-1, 1, 0, -1, 0, 0, -1, -1, -1, -1, -1, 0, 1, 1, -1], [-1, 1, 0, -1, 0, 0, -1, 0, -1, -1, -1, -1, 1, -1, 1], [-1, 1, 0, 0, 0, -1, -1, -1, -1, -1, -1, 0, 1, -1, 1], [-1, 1, 0, 0, 0, -1, -1, 0, -1, -1, -1, -1, 1, -1, 1], [-1, 1, 0, 0, 0, -1, -1, 0, -1, -1, -1, -1, 1, 1, -1], [1, -1, -1, -1, -1, 1, -1, -1, -1, -1, -1, -1, 0, -1, -1], [0, -1, -1, -1, -1, -1, 6, 0, -1, -1, -1, -1, 2, -1, -1], [0, -1, -1, -1, -1, 1, -1, -1, -1, -1, -1, -1, -1, 0, 1], [0, -1, -1, -1, -1, 1, 6, 0, -1, -1, -1, -1, -1, -1, -1], [0, -1, -1, 0, -1, -1, 6, -1, -1, -1, -1, -1, 2, -1, -1], [0, -1, 1, -1, 0, -1, -1, -1, -1, -1, -1, -1, 0, -1, -1], [0, -1, 0, 0, 0, -1, 6, 0, -1, -1, -1, -1, -1, 0, -1], [0, 2, -1, -1, -1, -1, -1, -1, -1, -1, -1, -1, 0, -1, -1], [0, 2, 0, -1, 0, 1, -1, 0, -1, -1, -1, -1, -1, -1, -1], [0, 1, -1, -1, -1, -1, 6, -1, -1, -1, -1, -1, 2, -1, -1], [0, 1, -1, 0, 0, -1, -1, 0, -1, -1, -1, -1, 1, 1, -1], [0, 1, -1, 0, 0, -1, -1, 0, -1, -1, 0, -1, 1, -1, 1], [0, 1, 0, -1, -1, 0, -1, -1, -1, -1, -1, -1, 2, -1, -1]]
13 172 
 [[-1, -1, -1, -1, -1, -1, -1, -1, -1, -1, -1, -1, -1, -1, 0, 1], [-1, -1, -1, -1, -1, -1, -1, -1, -1, -1, -1, -1, -1, 0, -1, 1], [-1, -1, -1, -1, -1, -1, -1, -1, -1, -1, -1, -1, 2, -1, 1, -1], [-1, -1, -1, -1, -1, -1, -1, -1, -1, -1, -1, -1, 2, 1, -1, -1], [-1, -1, -1, -1, -1, -1, -1, -1, -1, -1, -1, -1, 1, -1, 1, 0], [-1, -1, -1, -1, -1, -1, -1, -1, -1, -1, -1, -1, 1, 1, -1, 0], [-1, -1, -1, -1, -1, -1, 9, -1, -1, -1, -1, -1, -1, -1, -1, 0], [-1, -1, -1, -1, -1, -1, 7, -1, -1, -1, -1, -1, -1, -1, 1, 0], [-1, -1, -1, -1, -1, -1, 7, -1, -1, -1, -1, -1, -1, 0, -1, 0], [-1, -1, -1, -1, -1, -1, 7, -1, -1, -1, -1, -1, 2, -1, -1, -1], [-1, -1, -1, -1, -1, -1, 7, -1, -1, -1, 0, 0, -1, -1, -1, 0], [-1, -1, -1, -1, -1, -1, 7, 0, -1, -1, -1, -1, -1, -1, -1, 0], [-1, -1, -1, -1, -1, -1, 5, -1, -1, -1, -1, -1, -1, -1, -1, 0], [-1, -1, -1, -1, -1, -1, 5, -1, -1, -1, -1, -1, -1, -1, 1, -1], [-1, -1, -1, -1, -1, -1, 5, -1, -1, -1, -1, -1, -1, 1, -1, -1], [-1, -1, -1, -1, -1, -1, 5, -1, -1, -1, -1, -1, 2, -1, -1, -1], [-1, -1, -1, -1, -1, -1, 5, -1, -1, -1, -1, -1, 1, -1, -1, -1], [-1, -1, -1, -1, -1, -1, 4, -1, 0, -1, -1, -1, -1, -1, -1, 1], [-1, -1, -1, -1, -1, -1, 3, -1, -1, -1, -1, -1, -1, -1, -1, 1], [-1, -1, -1, -1, -1, -1, 3, -1, -1, -1, -1, -1, 0, -1, -1, -1], [-1, -1, -1, -1, -1, -1, 2, -1, -1, -1, -1, -1, -1, -1, -1, 1], [-1, -1, -1, -1, -1, -1, 2, -1, -1, -1, -1, -1, 0, -1, -1, -1], [-1, -1, -1, -1, -1, -1, 1, -1, -1, -1, -1, -1, -1, -1, -1, 1], [-1, -1, -1, -1, -1, -1, 1, -1, -1, -1, -1, -1, 0, -1, -1, -1], [-1, -1, -1, -1, -1, 1, -1, -1, -1, -1, -1, -1, -1, -1, -1, 1], [-1, -1, -1, -1, -1, 1, -1, -1, -1, -1, -1, -1, 0, -1, 0, -1], [-1, -1, -1, -1, -1, 1, -1, -1, -1, -1, -1, -1, 0, 0, -1, -1], [-1, -1, -1, -1, -1, 1, -1, 0, -1, -1, -1, -1, -1, 0, 1, -1], [-1, -1, -1, -1, -1, 1, 5, -1, -1, -1, -1, -1, -1, -1, -1, -1], [-1, -1, -1, -1, -1, 0, 6, -1, -1, -1, -1, -1, 2, -1, -1, -1], [-1, -1, -1, -1, -1, 0, 4, -1, -1, -1, -1, -1, 0, -1, 0, -1], [-1, -1, -1, -1, -1, 0, 4, -1, -1, -1, -1, -1, 0, 0, -1, -1], [-1, -1, -1, -1, 1, -1, -1, -1, -1, -1, -1, -1, 2, -1, -1, -1], [-1, -1, -1, -1, 1, 0, -1, -1, -1, 0, -1, -1, -1, -1, 1, 0], [-1, -1, -1, -1, 1, 0, -1, -1, 0, -1, -1, -1, -1, -1, 1, 0], [-1, -1, -1, -1, 0, -1, -1, -1, -1, -1, -1, -1, 1, -1, -1, 1], [-1, -1, -1, -1, 0, -1, -1, -1, -1, -1, -1, -1, 0, -1, 0, -1], [-1, -1, -1, -1, 0, -1, -1, -1, -1, -1, -1, -1, 0, 0, -1, -1], [-1, -1, -1, -1, 0, -1, 8, -1, -1, -1, -1, -1, -1, -1, 1, 0], [-1, -1, -1, -1, 0, -1, 8, -1, -1, -1, -1, -1, -1, 1, -1, 0], [-1, -1, -1, -1, 0, -1, 8, 0, -1, -1, -1, -1, -1, -1, -1, 0], [-1, -1, -1, -1, 0, -1, 4, -1, -1, -1, -1, -1, 0, -1, -1, 1], [-1, -1, -1, -1, 0, 1, -1, -1, -1, -1, -1, -1, -1, 0, 1, -1], [-1, -1, -1, -1, 0, 1, -1, -1, -1, -1, -1, -1, 0, -1, -1, -1], [-1, -1, -1, -1, 0, 1, -1, -1, -1, -1, -1, 0, -1, 1, -1, 0], [-1, -1, -1, -1, 0, 1, -1, -1, -1, -1, 0, -1, -1, 1, -1, 0], [-1, -1, -1, -1, 0, 1, -1, 0, -1, -1, -1, -1, -1, 1, -1, 0], [-1, -1, -1, 5, -1, -1, -1, -1, -1, -1, -1, -1, 0, -1, -1, -1], [-1, -1, -1, 1, -1, -1, -1, -1, -1, -1, -1, -1, -1, -1, -1, 1], [-1, -1, -1, 1, -1, -1, -1, -1, -1, -1, -1, -1, 0, -1, -1, -1], [-1, -1, -1, 0, -1, -1, 4, -1, -1, -1, -1, -1, -1, -1, -1, 1], [-1, -1, -1, 0, -1, -1, 4, -1, -1, -1, -1, -1, 0, -1, 0, -1], [-1, -1, -1, 0, -1, -1, 4, 0, -1, -1, -1, -1, 0, 0, -1, -1], [-1, -1, 3, -1, -1, -1, -1, -1, -1, -1, -1, -1, -1, -1, -1, 1], [-1, -1, 3, -1, -1, -1, -1, -1, -1, -1, -1, -1, 0, -1, -1, -1], [-1, -1, 2, -1, -1, -1, -1, -1, -1, -1, -1, -1, -1, -1, -1, 1], [-1, -1, 2, -1, -1, -1, -1, -1, -1, -1, -1, -1, 0, -1, 0, -1], [-1, -1, 2, -1, -1, -1, -1, -1, -1, -1, -1, -1, 0, 0, -1, -1], [-1, -1, 2, -1, 0, -1, -1, -1, -1, -1, -1, -1, 0, -1, -1, -1], [-1, -1, 1, -1, -1, -1, -1, -1, -1, -1, -1, -1, -1, -1, -1, 1], [-1, -1, 1, -1, -1, -1, -1, -1, -1, -1, -1, -1, 0, -1, 0, -1], [-1, -1, 1, -1, -1, -1, -1, -1, -1, -1, -1, -1, 0, 0, -1, -1], [-1, -1, 1, -1, -1, -1, 5, -1, -1, -1, -1, -1, -1, -1, -1, -1], [-1, -1, 1, -1, -1, -1, 4, -1, -1, -1, -1, -1, 0, -1, -1, -1], [-1, -1, 1, -1, -1, 1, -1, -1, -1, -1, -1, -1, -1, -1, 1, -1], [-1, -1, 1, -1, -1, 1, -1, -1, -1, -1, -1, -1, 0, -1, -1, -1], [-1, -1, 0, -1, -1, -1, -1, -1, -1, -1, -1, -1, -1, 0, 1, 0], [-1, -1, 0, -1, -1, -1, 7, -1, -1, -1, -1, -1, -1, -1, -1, 0], [-1, -1, 0, -1, -1, 1, -1, -1, -1, -1, -1, -1, -1, 0, 1, -1], [-1, -1, 0, -1, -1, 0, 6, -1, -1, -1, -1, -1, -1, -1, -1, 0], [-1, -1, 0, -1, -1, 0, 4, 0, -1, -1, -1, 0, -1, -1, -1, 0], [-1, -1, 0, -1, 0, -1, -1, 0, -1, -1, -1, 0, -1, -1, 1, 0], [-1, -1, 0, -1, 0, -1, -1, 0, 0, -1, -1, -1, -1, -1, 1, 0], [-1, -1, 0, -1, 0, 0, -1, -1, -1, -1, -1, -1, -1, -1, 1, 0], [-1, -1, 0, -1, 0, 0, -1, -1, 0, -1, -1, -1, -1, 1, -1, 0], [-1, -1, 0, -1, 0, 0, -1, 0, -1, -1, -1, -1, -1, 1, -1, 0], [-1, -1, 0, -1, 0, 0, 4, -1, -1, -1, -1, -1, -1, -1, -1, 0], [-1, -1, 0, 0, -1, 0, 4, -1, -1, -1, -1, -1, -1, -1, -1, 0], [-1, 2, -1, -1, -1, -1, -1, -1, -1, -1, -1, -1, -1, -1, -1, 1], [-1, 2, -1, -1, -1, -1, -1, -1, -1, -1, -1, -1, 0, -1, 0, -1], [-1, 2, -1, -1, -1, -1, -1, -1, -1, -1, -1, -1, 0, 0, -1, -1], [-1, 2, -1, -1, -1, -1, 6, -1, -1, -1, -1, 0, -1, 0, -1, -1], [-1, 2, -1, -1, -1, -1, 6, 0, -1, -1, -1, -1, -1, 0, -1, -1], [-1, 2, -1, -1, -1, 1, -1, -1, -1, -1, -1, -1, 0, -1, -1, -1], [-1, 2, -1, -1, 0, -1, -1, -1, -1, -1, -1, -1, 0, -1, -1, -1], [-1, 1, -1, -1, -1, -1, 8, 0, -1, -1, -1, -1, -1, 1, -1, 0], [-1, 1, -1, -1, -1, -1, 7, -1, -1, -1, -1, -1, -1, -1, -1, 0], [-1, 1, -1, -1, -1, -1, 4, -1, -1, -1, -1, -1, -1, -1, -1, 1], [-1, 1, -1, -1, -1, 1, -1, -1, -1, -1, -1, -1, -1, 0, 1, -1], [-1, 1, -1, -1, -1, 0, -1, 0, 0, -1, -1, 0, -1, 1, -1, 0], [-1, 1, -1, -1, 0, -1, -1, -1, -1, -1, -1, -1, -1, 1, -1, 0], [-1, 1, -1, -1, 0, -1, 8, -1, -1, -1, -1, -1, -1, -1, -1, 0], [-1, 1, -1, -1, 0, 0, -1, -1, -1, -1, 0, 0, 1, 1, -1, -1], [-1, 1, -1, -1, 0, 0, -1, 0, -1, -1, -1, -1, 1, 1, -1, -1], [-1, 1, -1, -1, 0, 0, -1, 0, -1, -1, 0, 0, 1, -1, 1, -1], [-1, 1, -1, -1, 0, 0, 6, -1, -1, -1, -1, -1, -1, -1, -1, 0], [-1, 1, -1, 0, 0, -1, -1, 0, -1, -1, -1, 0, 1, -1, 1, -1], [-1, 1, -1, 0, 0, -1, -1, 0, -1, -1, -1, 0, 1, 1, -1, -1], [-1, 1, -1, 0, 0, -1, -1, 0, -1, -1, 0, -1, 1, 1, -1, -1], [-1, 1, -1, 0, 0, 0, -1, -1, -1, -1, -1, 0, 1, 1, -1, -1], [-1, 1, -1, 0, 0, 0, -1, -1, -1, -1, 0, -1, 1, 1, -1, -1], [-1, 1, -1, 0, 0, 0, -1, 0, -1, -1, 0, -1, 1, -1, 1, -1], [-1, 1, 2, -1, -1, -1, -1, -1, -1, -1, -1, -1, 0, -1, -1, -1], [-1, 1, 1, -1, -1, -1, -1, -1, -1, -1, -1, -1, -1, 1, -1, 0], [-1, 1, 0, -1, -1, 0, -1, -1, -1, -1, -1, -1, -1, -1, 1, 0], [-1, 1, 0, -1, -1, 0, -1, 0, -1, -1, -1, -1, -1, 1, -1, 0], [-1, 1, 0, -1, -1, 0, 4, -1, -1, -1, -1, -1, -1, -1, -1, 0], [-1, 1, 0, -1, 0, -1, -1, -1, -1, -1, -1, -1, -1, -1, 1, 0], [-1, 1, 0, -1, 0, -1, 6, 0, -1, -1, -1, 0, -1, -1, -1, 0], [-1, 1, 0, -1, 0, -1, 4, -1, -1, -1, -1, -1, -1, -1, 0, 0], [-1, 1, 0, -1, 0, 0, -1, -1, -1, -1, -1, 0, 1, -1, 1, -1], [-1, 1, 0, -1, 0, 0, -1, -1, -1, -1, -1, 0, 1, 1, -1, -1], [-1, 1, 0, -1, 0, 0, -1, 0, -1, -1, -1, -1, 1, -1, 1, -1], [-1, 1, 0, 0, 0, -1, -1, -1, -1, -1, -1, 0, 1, -1, 1, -1], [-1, 1, 0, 0, 0, -1, -1, 0, -1, -1, -1, -1, 1, -1, 1, -1], [-1, 1, 0, 0, 0, -1, -1, 0, -1, -1, -1, -1, 1, 1, -1, -1], [1, -1, -1, -1, -1, 1, -1, -1, -1, -1, -1, -1, 0, -1, -1, -1], [1, -1, -1, -1, 0, -1, -1, -1, -1, -1, -1, -1, -1, -1, -1, 1], [1, 1, 1, -1, -1, 0, -1, -1, -1, -1, -1, -1, -1, -1, -1, 0], [1, 1, 0, -1, -1, 0, -1, -1, -1, -1, -1, -1, -1, -1, -1, 1], [0, -1, -1, -1, -1, -1, 7, -1, -1, -1, -1, -1, -1, -1, -1, 0], [0, -1, -1, -1, -1, -1, 6, 0, -1, -1, -1, -1, 2, -1, -1, -1], [0, -1, -1, -1, -1, 1, -1, -1, -1, -1, -1, -1, -1, 0, 1, -1], [0, -1, -1, -1, -1, 1, -1, -1, -1, 0, 0, -1, -1, 1, -1, 0], [0, -1, -1, -1, -1, 1, -1, 0, -1, -1, -1, -1, -1, -1, 1, 0], [0, -1, -1, -1, -1, 1, -1, 0, -1, -1, -1, -1, -1, 1, -1, 0], [0, -1, -1, -1, -1, 1, 6, 0, -1, -1, -1, -1, -1, -1, -1, -1], [0, -1, -1, -1, 1, 0, -1, -1, -1, -1, -1, -1, -1, -1, 1, 0], [0, -1, -1, -1, 0, -1, -1, 0, -1, -1, -1, -1, -1, 1, -1, 0], [0, -1, -1, -1, 0, -1, 8, -1, -1, -1, -1, -1, -1, -1, -1, 0], [0, -1, -1, -1, 0, 1, -1, -1, -1, -1, -1, -1, -1, -1, 1, 0], [0, -1, -1, -1, 0, 1, -1, -1, -1, -1, -1, -1, -1, 1, -1, 0], [0, -1, -1, 0, -1, -1, 6, -1, -1, -1, -1, -1, 2, -1, -1, -1], [0, -1, 1, -1, -1, -1, -1, -1, 0, -1, 0, -1, -1, 1, -1, 0], [0, -1, 1, -1, 0, -1, -1, -1, -1, -1, -1, -1, 0, -1, -1, -1], [0, -1, 1, -1, 0, -1, -1, -1, -1, -1, 0, -1, -1, 1, -1, 0], [0, -1, 0, -1, -1, -1, 4, -1, -1, -1, -1, 0, -1, 0, -1, 0], [0, -1, 0, -1, -1, 0, 4, -1, -1, -1, -1, -1, -1, -1, -1, 0], [0, -1, 0, -1, 0, -1, -1, -1, -1, -1, -1, -1, -1, -1, 1, 0], [0, -1, 0, -1, 0, -1, 4, -1, -1, -1, -1, -1, -1, 0, -1, 0], [0, -1, 0, -1, 0, -1, 4, -1, -1, -1, -1, 0, -1, -1, -1, 0], [0, -1, 0, -1, 0, -1, 4, 0, -1, -1, -1, -1, -1, -1, -1, 0], [0, -1, 0, -1, 0, 0, -1, -1, -1, -1, -1, -1, -1, 1, -1, 0], [0, -1, 0, 0, -1, -1, 4, -1, -1, -1, -1, -1, -1, 0, -1, 0], [0, -1, 0, 0, -1, -1, 4, -1, -1, -1, -1, 0, -1, -1, -1, 0], [0, -1, 0, 0, -1, -1, 4, 0, -1, -1, -1, -1, -1, -1, -1, 0], [0, -1, 0, 0, -1, 0, -1, -1, -1, -1, -1, -1, 2, -1, -1, 0], [0, -1, 0, 0, 0, -1, 6, 0, -1, -1, -1, -1, -1, 0, -1, -1], [0, -1, 0, 0, 0, -1, 4, -1, -1, -1, -1, -1, -1, -1, -1, 0], [0, 2, -1, -1, -1, -1, -1, -1, -1, -1, -1, -1, 0, -1, -1, -1], [0, 2, 0, -1, 0, 1, -1, 0, -1, -1, -1, -1, -1, -1, -1, -1], [0, 1, -1, -1, -1, -1, -1, -1, -1, -1, 0, 0, -1, 1, -1, 0], [0, 1, -1, -1, -1, -1, -1, -1, -1, 0, -1, 0, -1, 1, -1, 0], [0, 1, -1, -1, -1, -1, -1, -1, -1, 0, 0, -1, -1, 1, -1, 0], [0, 1, -1, -1, -1, -1, -1, -1, 0, -1, -1, 0, -1, 1, -1, 0], [0, 1, -1, -1, -1, -1, -1, -1, 0, -1, 0, -1, -1, 1, -1, 0], [0, 1, -1, -1, -1, -1, -1, -1, 0, 0, -1, -1, -1, 1, -1, 0], [0, 1, -1, -1, -1, -1, -1, 0, -1, -1, -1, -1, -1, 1, -1, 0], [0, 1, -1, -1, -1, -1, 6, -1, -1, -1, -1, -1, 2, -1, -1, -1], [0, 1, -1, -1, -1, 1, -1, -1, -1, -1, 0, -1, -1, 1, -1, 0], [0, 1, -1, -1, -1, 1, -1, -1, -1, 0, -1, -1, -1, 1, -1, 0], [0, 1, -1, -1, -1, 1, -1, -1, -1, 0, 0, -1, -1, -1, 1, 0], [0, 1, -1, -1, -1, 0, -1, -1, -1, -1, -1, 0, -1, 1, -1, 0], [0, 1, -1, -1, 0, -1, -1, -1, -1, -1, -1, -1, -1, -1, 1, 0], [0, 1, -1, 0, 0, -1, -1, 0, -1, -1, -1, -1, 1, 1, -1, -1], [0, 1, -1, 0, 0, -1, -1, 0, -1, -1, 0, -1, 1, -1, 1, -1], [0, 1, 0, -1, -1, -1, -1, -1, -1, -1, -1, -1, -1, -1, 1, 0], [0, 1, 0, -1, -1, -1, 6, -1, -1, -1, -1, -1, -1, -1, -1, 0], [0, 1, 0, -1, -1, -1, 4, -1, -1, -1, -1, -1, -1, -1, -1, 0], [0, 1, 0, -1, -1, 0, -1, -1, -1, -1, -1, -1, -1, 1, -1, 0], [0, 1, 0, -1, -1, 0, -1, -1, -1, -1, -1, -1, 2, -1, -1, -1], [0, 1, 0, 0, -1, 0, -1, -1, -1, -1, -1, 0, 1, -1, -1, 0]]
