

number of patterns found lowebound

num att = 3, for k=10 to 50
6 6 5 5 5 5 5 4 4 4 7 7 7 6 6 6 6 6 6 6 7 7 7 7 7 7 6 6 6 6 7 7 7 7 7 7 7 7 7 7 
num att = 4, for k=10 to 50
11 10 10 11 10 10 11 9 9 9 12 12 12 11 11 11 11 11 12 12 12 12 12 12 12 11 11 11 12 11 12 12 12 12 12 12 12 11 11 11 
num att = 5, for k=10 to 50
11 10 10 11 10 10 11 9 9 9 12 12 12 11 11 11 11 11 12 12 12 12 12 12 12 11 11 11 12 11 12 12 12 12 12 12 12 11 11 11 
num att = 6, for k=10 to 50
13 12 12 13 14 14 15 13 12 12 14 14 14 13 13 13 13 13 14 17 14 14 14 14 14 13 13 13 14 13 14 14 14 14 14 14 14 13 13 13 
num att = 7, for k=10 to 50
13 12 12 13 14 14 15 13 12 12 14 14 14 13 13 13 13 13 14 17 14 14 14 14 14 13 13 13 14 13 14 14 14 14 14 14 14 13 13 13 
num att = 8, for k=10 to 50
13 12 12 13 14 14 15 13 12 12 14 14 14 13 13 13 13 13 14 17 14 14 14 14 14 13 13 13 14 13 14 14 14 14 14 14 14 13 13 13 
num att = 9, for k=10 to 50
15 14 14 15 16 16 17 15 14 14 16 16 16 15 15 15 15 15 16 19 16 16 16 16 16 15 15 15 16 15 16 16 16 16 16 16 16 15 15 15 
num att = 10, for k=10 to 50
18 17 18 20 21 21 23 21 18 18 19 19 19 18 18 18 18 18 22 26 19 19 19 19 19 18 18 18 19 18 19 19 19 19 19 19 19 18 18 18 
num att = 11, for k=10 to 50
18 17 18 20 21 21 23 21 18 18 19 19 19 18 18 18 18 18 22 26 19 19 19 19 19 18 18 18 19 18 19 19 19 19 19 19 19 18 18 18 
num att = 12, for k=10 to 50
20 19 22 25 26 26 32 28 25 25 21 21 21 20 20 20 20 20 24 28 21 21 21 21 21 20 20 20 21 20 21 21 21 21 21 21 21 20 20 20 
num att = 13, for k=10 to 50
22 21 24 31 32 31 39 39 35 35 23 23 23 22 22 22 24 24 30 35 23 23 23 23 23 22 22 22 23 22 23 23 23 23 23 23 23 22 22 22 
num att = 14, for k=10 to 50
22 21 24 31 32 31 39 39 35 35 23 23 23 22 22 22 24 24 30 35 23 23 23 23 23 22 22 22 23 22 23 23 23 23 23 23 23 22 22 22 
num att = 15, for k=10 to 50
24 23 26 33 34 33 41 41 37 37 25 25 25 24 24 24 26 26 32 37 25 25 25 25 25 24 24 24 25 24 25 25 25 25 25 25 25 24 24 24 
num att = 16, for k=10 to 50
25 24 29 38 37 38 53 52 46 45 27 27 27 26 26 27 31 31 38 44 27 27 27 27 27 26 27 27 29 28 27 27 27 27 27 27 27 26 26 26 