

number of patterns found lowerbound

size threshold = 10
33 32 37 46 45 46 61 60 54 53 35 35 35 34 34 35 39 39 46 52 35 35 35 35 35 34 35 35 37 36 35 35 35 35 35 35 35 34 34 34 
size threshold = 20
29 28 33 42 41 42 57 56 50 49 31 31 31 30 30 31 35 35 42 48 31 31 31 31 31 30 31 31 33 32 31 31 31 31 31 31 31 30 30 30 
size threshold = 30
28 27 32 41 40 41 56 55 49 48 30 30 30 29 29 30 34 34 41 47 30 30 30 30 30 29 30 30 32 31 30 30 30 30 30 30 30 29 29 29 
size threshold = 40
25 24 29 38 37 38 53 52 46 45 27 27 27 26 26 27 31 31 38 44 27 27 27 27 27 26 27 27 29 28 27 27 27 27 27 27 27 26 26 26 
size threshold = 50
25 24 29 38 37 38 53 52 46 45 27 27 27 26 26 27 31 31 38 44 27 27 27 27 27 26 27 27 29 28 27 27 27 27 27 27 27 26 26 26 
size threshold = 60
25 24 29 38 37 38 53 52 46 45 27 27 27 26 26 27 31 31 38 44 27 27 27 27 27 26 27 27 29 28 27 27 27 27 27 27 27 26 26 26 
size threshold = 70
25 24 29 38 37 38 53 52 46 45 27 27 27 26 26 27 31 31 38 44 27 27 27 27 27 26 27 27 29 28 27 27 27 27 27 27 27 26 26 26 
size threshold = 80
25 24 29 38 37 38 53 52 46 45 27 27 27 26 26 27 31 31 38 44 27 27 27 27 27 26 27 27 29 28 27 27 27 27 27 27 27 26 26 26 
size threshold = 90
25 24 29 38 37 38 53 52 46 45 27 27 27 26 26 27 31 31 38 44 27 27 27 27 27 26 27 27 29 28 27 27 27 27 27 27 27 26 26 26 
size threshold = 100
25 24 29 38 37 38 53 52 46 45 27 27 27 26 26 27 31 31 38 44 27 27 27 27 27 26 27 27 29 28 27 27 27 27 27 27 27 26 26 26 