overall FPR: 0.15386949924127466
execution time
10 329.55616307258606
20 197.64554405212402
30 150.5966920852661
40 122.00725293159485
50 100.726313829422
60 86.50038409233093
70 75.29405808448792
80 67.4370219707489
90 60.170488119125366
100 58.43273067474365


number of calculations
10 1699803.0
20 1197296.0
30 922354.0
40 749662.0
50 627199.0
60 541290.0
70 473276.0
80 425819.0
90 380762.0
100 344912.0


number of patterns found
10 1283 
 [[-2, -2, -2, -2, -2, -2, -2, -2, -2, -2, 5, -1], [-2, -2, -2, -2, -2, -2, -2, -2, 3, -2, 5, -2], [-2, -2, -2, -2, -2, -2, -2, -2, 1, 2, 3, -2], [-2, -2, -2, -2, -2, -2, -2, 3, -2, -2, 5, -2], [-2, -2, -2, -2, -2, -2, -2, 2, -2, 5, 4, 1], [-2, -2, -2, -2, -2, -2, -2, 2, 1, -2, 3, 2], [-2, -2, -2, -2, -2, -2, 1, -2, -2, -2, 4, -2], [-2, -2, -2, -2, -2, 6, -2, -2, -2, -2, 5, -2], [-2, -2, -2, -2, -2, 5, -2, -2, -2, 3, 4, 2], [-2, -2, -2, -2, -2, 5, -2, -2, -2, 2, 4, 2], [-2, -2, -2, -2, -2, 5, -2, 4, -2, 3, 3, -2], [-2, -2, -2, -2, -2, 3, -2, -2, -2, 5, 3, -2], [-2, -2, -2, -2, -2, 3, -2, -2, 2, 5, -2, -2], [-2, -2, -2, -2, -2, 3, -2, 2, -2, 5, -2, -2], [-2, -2, -2, -2, -2, 3, -2, 2, 1, -2, -2, 2], [-2, -2, -2, -2, -2, 1, -2, -2, -2, 2, 3, 1], [-2, -2, -2, -2, -2, 1, -2, -2, 1, -2, 1, 1], [-2, -2, -2, -2, -2, 1, -2, 2, -2, 5, -2, 1], [-2, -2, -2, -2, 2, -2, -2, -2, 1, -2, -2, 2], [-2, -2, -2, -2, 2, -2, -2, -2, 1, 3, -2, -2], [-2, -2, -2, -2, 2, -2, -2, 4, -2, 4, 1, -2], [-2, -2, -2, -2, 2, -2, -2, 2, -2, 3, 4, 2], [-2, -2, -2, -2, 2, 5, -2, -2, -2, 3, 4, -2], [-2, -2, -2, -2, 2, 5, -2, 4, -2, 3, -2, 1], [-2, -2, -2, -2, 2, 4, -2, 4, -2, -2, -2, 1], [-2, -2, -2, -2, 2, 1, -2, -2, 1, -2, -2, -2], [-2, -2, -2, -2, 2, 1, -2, 4, -2, 4, 4, -2], [-2, -2, -2, -2, 2, 1, -2, 4, -2, 2, 1, 1], [-2, -2, -2, -2, 1, -2, -2, 4, -2, 2, 3, 1], [-2, -2, -2, -2, 1, -2, -2, 4, 1, 5, -2, 1], [-2, -2, -2, -2, 1, -2, -2, 2, -2, 5, -2, 1], [-2, -2, -2, -2, 1, -2, -2, 2, 3, -2, 2, -2], [-2, -2, -2, -2, 1, -2, -1, -2, -2, 5, 5, 1], [-2, -2, -2, -2, 1, -2, -1, 2, -2, -2, 2, -1], [-2, -2, -2, -2, 1, 5, -2, -2, 3, -2, 2, -2], [-2, -2, -2, -2, 1, 5, -1, -2, -2, -2, 2, -1], [-2, -2, -2, -2, 1, 3, -2, -2, -2, 5, -2, -2], [-2, -2, -2, -2, 1, 3, -2, -2, -2, 2, 2, 1], [-2, -2, -2, -2, 1, 3, -2, 4, 2, 2, -2, 1], [-2, -2, -2, -2, 1, 3, -2, 2, -2, -2, 1, 1], [-2, -2, -2, -2, 1, 1, -2, -2, -2, 4, 2, -2], [-2, -2, -2, 4, -2, -2, -2, -2, 3, 3, 2, -2], [-2, -2, -2, 4, -2, -2, -2, -2, 1, 2, -2, -2], [-2, -2, -2, 4, -2, -2, -2, 4, -2, 4, 4, 1], [-2, -2, -2, 4, -2, -2, -2, 4, -2, 1, 1, 1], [-2, -2, -2, 4, -2, -2, -2, 3, -2, 3, 2, -2], [-2, -2, -2, 4, -2, -2, -1, -2, -2, 3, 2, -1], [-2, -2, -2, 4, -2, 6, -2, -2, -2, 3, 2, -2], [-2, -2, -2, 4, -2, 5, -1, -2, -2, -2, 3, 1], [-2, -2, -2, 4, -2, 5, -1, -2, -2, 4, -2, 1], [-2, -2, -2, 4, -2, 1, -2, 4, 2, 2, -2, 1], [-2, -2, -2, 4, -2, 1, -2, 2, 1, -2, -2, 2], [-2, -2, -2, 4, 2, -2, -2, -2, -2, 3, 2, -1], [-2, -2, -2, 4, 2, -2, -2, -2, -2, 1, 1, 1], [-2, -2, -2, 4, 2, 5, -2, -2, -2, -2, 3, 1], [-2, -2, -2, 4, 2, 5, -1, -2, -2, 2, 1, -2], [-2, -2, -2, 4, 2, 1, -2, -2, -2, 1, -2, 1], [-2, -2, -2, 4, 1, -2, -2, -2, 1, -2, 1, 1], [-2, -2, -2, 4, 1, -2, -2, 4, -2, 2, -2, 1], [-2, -2, -2, 4, 1, -2, -2, 4, -2, 2, 2, -2], [-2, -2, -2, 4, 1, -2, -2, 2, -2, 3, 1, 1], [-2, -2, -2, 4, 1, -2, -1, 2, -2, 3, 1, -2], [-2, -2, -2, 4, 1, 3, -2, -2, 2, 2, -2, -2], [-2, -2, -2, 4, 1, 3, -2, 2, -2, -2, 2, -2], [-2, -2, -2, 4, 1, 3, -2, 2, -2, 2, -2, -2], [-2, -2, -2, 4, 1, 1, -2, -2, -2, 2, 1, 2], [-2, -2, -2, 4, 1, 1, -2, -2, 2, 3, 1, -2], [-2, -2, -2, 4, 1, 1, -2, 4, 2, -2, 2, -2], [-2, -2, -2, 4, 1, 1, -2, 2, -2, 3, 1, -2], [-2, -2, -2, 3, -2, -2, -2, -2, -2, 5, 5, 1], [-2, -2, -2, 3, -2, -2, -2, -2, 1, -2, 3, 2], [-2, -2, -2, 3, -2, -2, -2, 4, -2, 2, 3, -2], [-2, -2, -2, 3, -2, -2, -2, 4, 1, 3, -2, 1], [-2, -2, -2, 3, -2, 5, -2, -2, -2, 3, 2, -2], [-2, -2, -2, 3, -2, 3, -2, -2, -2, 5, -2, 1], [-2, -2, -2, 3, -2, 1, -2, 4, 2, 4, 4, -2], [-2, -2, -2, 3, -2, 1, -2, 4, 1, -2, 2, -2], [-2, -2, -2, 3, 2, -2, -2, -2, 1, -2, -2, -2], [-2, -2, -2, 3, 2, -2, -2, 4, -2, 4, 4, -2], [-2, -2, -2, 3, 2, -2, -2, 4, -2, 2, 1, 1], [-2, -2, -2, 3, 2, 1, -2, -2, -2, 4, 4, -2], [-2, -2, -2, 3, 2, 1, -2, 4, -2, -2, 4, -2], [-2, -2, -2, 3, 2, 1, -2, 4, -2, 4, -2, -2], [-2, -2, -2, 3, 1, -2, -2, -2, 2, 1, 2, -2], [-2, -2, -2, 3, 1, -2, -2, 2, -2, 1, 2, -2], [-2, -2, -2, 3, 1, 5, -2, -2, -2, 1, 2, -2], [-2, -2, -2, 3, 1, 5, 3, -2, -2, -2, 3, 2], [-2, -2, -2, 3, 1, 3, -2, 2, -2, -2, 4, -2], [-2, -2, -2, 3, 1, 3, -2, 2, 2, -2, -2, 1], [-2, -2, -2, 3, 1, 1, -2, 2, 2, 2, 2, 1], [-2, -2, -2, 2, -2, -2, -2, 4, 1, -2, 3, 1], [-2, -2, -2, 2, -2, -2, -2, 4, 1, 3, 3, -2], [-2, -2, -2, 2, -2, -2, 1, -2, -2, -2, 2, -2], [-2, -2, -2, 2, -2, -2, 1, -2, -2, 2, -2, 2], [-2, -2, -2, 2, -2, 5, -2, -2, -2, -2, 4, 2], [-2, -2, -2, 2, -2, 5, -2, -2, -2, 3, 4, -2], [-2, -2, -2, 2, -2, 5, -2, 2, -2, 3, 2, 2], [-2, -2, -2, 2, -2, 5, -1, -2, 2, -2, 4, -2], [-2, -2, -2, 2, -2, 5, -1, 2, -2, 3, 2, -2], [-2, -2, -2, 2, -2, 3, -2, -2, 2, 3, 3, -2], [-2, -2, -2, 2, -2, 3, -2, 4, -2, -2, 3, -2], [-2, -2, -2, 2, -2, 3, -2, 4, -2, 3, -2, -2], [-2, -2, -2, 2, -2, 1, -2, 4, 1, -2, 3, -2], [-2, -2, -2, 2, -2, 1, -2, 4, 1, 3, -2, 1], [-2, -2, -2, 2, 2, -2, 3, -2, -2, -2, 1, -2], [-2, -2, -2, 2, 2, -2, 1, -2, -2, 2, -2, -2], [-2, -2, -2, 2, 2, 5, -2, -2, -2, -2, 4, -2], [-2, -2, -2, 2, 2, 5, 3, -2, -2, -2, -2, 2], [-2, -2, -2, 2, 2, 3, -2, -2, -2, 3, 3, -2], [-2, -2, -2, 2, 1, -2, -2, 4, -2, 3, 3, 1], [-2, -2, -2, 2, 1, 5, -2, -2, -2, 3, -2, 1], [-2, -2, -2, 2, 1, 5, -2, -2, -2, 3, 2, -2], [-2, -2, -2, 2, 1, 1, -2, -2, 2, 4, -2, -2], [-2, -2, -2, 2, 1, 1, -2, -2, 1, -2, 1, -2], [-2, -2, -2, 1, -2, -2, -2, -2, 2, 1, 1, 1], [-2, -2, -2, 1, -2, -2, -2, 2, -2, 5, -2, 1], [-2, -2, -2, 1, -2, -2, -2, 2, -2, 1, -2, 1], [-2, -2, -2, 1, -2, -2, 2, -2, -2, -2, -2, -2], [-2, -2, -2, 1, -2, -2, 1, -2, -2, 3, -2, -2], [-2, -2, -2, 1, -2, -2, -1, -2, -2, 1, 1, 1], [-2, -2, -2, 1, -2, 5, -2, -2, -2, 4, -2, 2], [-2, -2, -2, 1, -2, 5, -2, -2, -2, 4, 3, -2], [-2, -2, -2, 1, -2, 5, -2, -2, -2, 3, 2, -2], [-2, -2, -2, 1, -2, 3, -2, -2, -2, 3, -2, -2], [-2, -2, -2, 1, -2, 3, -2, 2, -2, 1, -2, -2], [-2, -2, -2, 1, -2, 2, -2, -2, -2, -2, 2, -2], [-2, -2, -2, 1, -2, 2, -2, -2, -2, 2, -2, -2], [-2, -2, -2, 1, -2, 2, -2, -2, 2, -2, -2, 1], [-2, -2, -2, 1, -2, 1, -2, -2, -2, 5, -2, -2], [-2, -2, -2, 1, 2, -2, -2, -2, -2, 4, 3, 2], [-2, -2, -2, 1, 2, -2, -2, 2, -2, -2, 1, 1], [-2, -2, -2, 1, 2, -2, -2, 2, -2, 3, 2, -2], [-2, -2, -2, 1, 2, 3, -2, -2, -2, -2, 3, 1], [-2, -2, -2, 1, 2, 3, -2, 2, -2, -2, 3, -2], [-2, -2, -2, 1, 2, 2, -2, -2, -2, -2, -2, 1], [-2, -2, -2, 1, 2, 1, -2, 2, -2, -2, -2, 1], [-2, -2, -2, 1, 1, -2, -1, -2, 2, 1, -2, 1], [-2, -2, -2, 1, 1, 3, -2, -2, -2, -2, -2, 1], [-2, -2, 2, -2, -2, -2, -2, 4, -2, 2, -2, -2], [-2, -2, 2, -2, -2, -2, -1, -2, 2, 5, 5, 1], [-2, -2, 2, -2, -2, 5, -2, -2, -2, 4, 3, -2], [-2, -2, 2, -2, -2, 5, -1, -2, -2, -2, 3, 2], [-2, -2, 2, -2, 2, 1, -2, -2, -2, 3, 3, 2], [-2, -2, 2, -2, 1, -2, -2, -2, 2, 5, -2, 1], [-2, -2, 2, -2, 1, 5, -2, -2, -2, -2, 3, -2], [-2, -2, 2, -2, 1, 3, -2, -2, 2, -2, -2, -2], [-2, -2, 2, -2, 1, 3, -2, 2, -2, -2, -2, -2], [-2, -2, 2, 4, -2, -2, -2, -2, -2, 3, 3, 2], [-2, -2, 2, 4, -2, -2, -2, 4, -2, 4, -2, 1], [-2, -2, 2, 4, -2, 1, -2, -2, -2, 3, -2, 2], [-2, -2, 2, 4, -2, 1, -2, -2, 2, 3, 3, -2], [-2, -2, 2, 4, -2, 1, -2, 2, -2, 3, -2, -2], [-2, -2, 2, 4, 2, -2, -2, -2, -2, 4, -2, 1], [-2, -2, 2, 4, 1, 3, -2, -2, -2, -2, -2, -2], [-2, -2, 2, 3, -2, -2, -2, 2, -2, 3, 3, 2], [-2, -2, 2, 3, -2, 5, -2, -2, -2, -2, 3, 2], [-2, -2, 2, 3, -2, 5, -1, -2, -2, 3, -2, 2], [-2, -2, 2, 3, 2, -2, -2, -2, -2, 3, 3, 2], [-2, -2, 2, 3, 2, -2, -2, 2, -2, -2, 3, 2], [-2, -2, 2, 3, 2, 1, -2, -2, -2, -2, -2, 2], [-2, -2, 2, 3, 1, -2, -2, -2, -2, 5, -2, -2], [-2, -2, 2, 1, -2, -2, -1, 2, -2, -2, 3, -2], [-2, -2, 1, -2, -2, -2, -2, 2, -2, 5, -2, 1], [-2, -2, 1, -2, -2, -2, -2, 2, -2, 3, 4, 2], [-2, -2, 1, -2, -2, -2, -2, 2, 2, 4, 2, 2], [-2, -2, 1, -2, -2, 5, -2, -2, -2, 3, 4, -2], [-2, -2, 1, -2, -2, 3, -2, -2, 2, 4, 4, -2], [-2, -2, 1, -2, -2, 3, -2, 2, -2, -2, 4, -2], [-2, -2, 1, -2, -2, 1, -2, 4, -2, 4, 4, -2], [-2, -2, 1, -2, 2, -2, -2, -2, -2, 3, 4, 2], [-2, -2, 1, -2, 2, -2, -2, 4, -2, 4, 4, -2], [-2, -2, 1, -2, 2, -2, -2, 2, -2, 3, 4, -2], [-2, -2, 1, -2, 2, -2, 3, -2, -2, 1, -2, -2], [-2, -2, 1, -2, 2, 5, -2, -2, -2, -2, 4, -2], [-2, -2, 1, -2, 2, 5, 3, -2, -2, -2, 1, -2], [-2, -2, 1, -2, 2, 5, 3, -2, -2, 2, 2, -2], [-2, -2, 1, -2, 2, 3, -2, 4, -2, 3, 3, 1], [-2, -2, 1, -2, 2, 1, -2, -2, -2, -2, 4, 1], [-2, -2, 1, -2, 2, 1, -2, -2, -2, 4, 4, -2], [-2, -2, 1, -2, 2, 1, -2, 4, -2, -2, 4, -2], [-2, -2, 1, -2, 1, -2, -2, -2, -2, 4, 1, 2], [-2, -2, 1, -2, 1, -2, -2, -2, 1, 3, 1, -2], [-2, -2, 1, -2, 1, -2, 1, -2, -2, -2, 2, -2], [-2, -2, 1, -2, 1, 3, -2, 4, -2, -2, 2, 1], [-2, -2, 1, 4, -2, -2, -2, -2, 2, 3, 1, 1], [-2, -2, 1, 4, -2, -2, -2, 2, -2, 3, 1, 1], [-2, -2, 1, 4, -2, -2, -2, 2, 1, -2, -2, 2], [-2, -2, 1, 4, 2, -2, -2, 2, 2, -2, 1, 1], [-2, -2, 1, 4, 2, -2, 1, -2, -2, -2, 1, -2], [-2, -2, 1, 4, 2, 5, -2, 2, -2, -2, -2, 1], [-2, -2, 1, 4, 2, 1, -2, -2, -2, -2, 1, 1], [-2, -2, 1, 4, 1, -2, -2, -2, -2, 3, 1, 1], [-2, -2, 1, 4, 1, -2, -2, 2, -2, 3, 1, -2], [-2, -2, 1, 4, 1, 1, -2, -2, -2, 3, 1, -2], [-2, -2, 1, 4, 1, 1, -2, 2, -2, 3, -2, 1], [-2, -2, 1, 3, -2, -2, -2, -2, 2, 4, 4, 2], [-2, -2, 1, 3, -2, -2, -2, 4, -2, 4, 4, -2], [-2, -2, 1, 3, -2, 5, 3, -2, -2, 1, 1, -2], [-2, -2, 1, 3, -2, 3, -2, -2, -2, -2, 4, -2], [-2, -2, 1, 3, -2, 3, -2, 2, -2, 4, -2, -2], [-2, -2, 1, 3, -2, 1, -2, -2, -2, 4, 4, -2], [-2, -2, 1, 3, -2, 1, -2, -2, 1, -2, 2, -2], [-2, -2, 1, 3, 2, -2, -2, -2, -2, 4, 4, -2], [-2, -2, 1, 3, 2, -2, -2, 4, -2, -2, 4, -2], [-2, -2, 1, 3, 2, 1, -2, -2, -2, -2, 4, -2], [-2, -2, 1, 3, 1, -2, -2, -2, 2, -2, 4, 2], [-2, -2, 1, 3, 1, -2, -2, 2, -2, -2, 4, 2], [-2, -2, 1, 3, 1, 1, -2, -2, -2, 3, 3, 2], [-2, -2, 1, 3, 1, 1, -2, 2, -2, -2, 3, 2], [-2, -2, 1, 3, 1, 1, -2, 2, 2, 3, 3, -2], [-2, -2, 1, 2, -2, -2, -2, -2, -2, 3, 4, -2], [-2, -2, 1, 2, -2, -2, -2, 2, -2, -2, 4, 2], [-2, -2, 1, 2, -2, -2, 3, -2, -2, 1, 1, -2], [-2, -2, 1, 2, -2, 3, -2, -2, -2, -2, 3, 1], [-2, -2, 1, 2, -2, 1, -2, -2, 1, -2, 1, -2], [-2, -2, 1, 2, 2, -2, 3, -2, -2, -2, -2, -2], [-2, -2, 1, 2, 2, 3, -2, -2, -2, -2, 3, -2], [-2, -2, 1, 2, 2, 3, -2, 4, -2, -2, -2, -2], [-2, -2, 1, 2, 1, -2, -2, -2, 2, 3, 2, 2], [-2, -2, 1, 2, 1, 5, -1, -2, 2, 2, 2, -2], [-2, -2, 1, 1, -2, -2, -2, -2, -2, -2, 4, 1], [-2, -2, 1, 1, -2, -2, -2, 4, -2, 3, 3, 2], [-2, -2, 1, 1, -2, -2, -2, 4, -2, 2, 2, 1], [-2, -2, 1, 1, -2, -2, -2, 2, -2, 4, -2, 2], [-2, -2, 1, 1, -2, 5, -2, 2, 2, 4, -2, -2], [-2, -2, 1, 1, -2, 3, -2, 2, -2, -2, 3, -2], [-2, -2, 1, 1, -2, 3, -2, 2, 2, -2, 1, -2], [-2, -2, 1, 1, -2, 1, -2, -2, -2, 3, 3, 2], [-2, -2, 1, 1, -2, 1, -2, 2, -2, 2, -2, 1], [-2, -2, 1, 1, 2, -2, -2, -2, -2, 4, -2, 2], [-2, -2, 1, 1, 2, -2, -2, 2, -2, 3, 3, 1], [-2, -2, 1, 1, 2, -2, 3, -2, -2, -2, -2, 2], [-2, -2, 1, 1, 2, -2, -1, -2, -2, 3, 3, 2], [-2, -2, 1, 1, 2, 5, -2, 2, -2, 4, -2, -2], [-2, -2, 1, 1, 2, 4, -2, -2, -2, -2, -2, -2], [-2, -2, 1, 1, 2, 3, -2, -2, -2, -2, 3, -2], [-2, -2, 1, 1, 2, 3, -2, 2, -2, -2, -2, 2], [-2, -2, 1, 1, 2, 1, -2, 2, -2, 3, 3, -2], [-2, -2, 1, 1, 1, -2, -2, 4, -2, 2, 2, -2], [-2, -2, 1, 1, 1, 5, -2, -2, -2, 2, 2, -2], [-2, -2, 0, -2, -2, -2, -2, 4, 2, -2, 3, -2], [-2, -2, 0, -2, 2, 1, -2, -2, -2, -2, -2, 1], [-2, -2, 0, 3, -2, -2, -2, -2, -2, -2, 3, 1], [-2, -2, 0, 3, -2, -2, -2, 4, -2, -2, -2, 1], [-2, -2, 0, 3, -2, 1, -2, -2, -2, -2, -2, 1], [-2, -2, 0, 3, -2, 1, -2, -2, -2, -2, 3, -2], [-2, -2, 0, 1, -2, -2, -1, 2, -2, -2, -2, -2], [-2, -2, -1, -2, -2, -2, -2, -2, -2, 5, 3, -2], [-2, -2, -1, -2, -2, -2, -2, -2, 2, 3, 2, 1], [-2, -2, -1, -2, -2, -2, -2, -2, 1, -2, -2, 1], [-2, -2, -1, -2, -2, -2, -2, 4, -2, -2, 3, 1], [-2, -2, -1, -2, -2, -2, -2, 4, -2, -2, 1, 1], [-2, -2, -1, -2, -2, -2, -2, 4, -2, 3, -2, 1], [-2, -2, -1, -2, -2, -2, -2, 4, -2, 1, -2, -2], [-2, -2, -1, -2, -2, -2, -2, 4, 1, -2, -2, -2], [-2, -2, -1, -2, -2, -2, -2, 2, -2, 5, -2, 1], [-2, -2, -1, -2, -2, -2, -2, 2, -2, 3, 2, 1], [-2, -2, -1, -2, -2, -2, -2, 2, 2, -2, 2, 1], [-2, -2, -1, -2, -2, -2, -1, 2, -2, 4, -2, 1], [-2, -2, -1, -2, -2, 5, -2, -2, -2, 3, 1, -2], [-2, -2, -1, -2, -2, 5, -1, -2, -2, 2, 1, 2], [-2, -2, -1, -2, -2, 5, -1, -2, 2, 2, 1, -2], [-2, -2, -1, -2, -2, 5, -1, 2, -2, 3, 2, -2], [-2, -2, -1, -2, -2, 3, -2, -2, -2, -2, -2, 1], [-2, -2, -1, -2, -2, 3, -2, -2, -2, 3, -2, -2], [-2, -2, -1, -2, -2, 3, -2, 2, -2, -2, 2, -2], [-2, -2, -1, -2, -2, 1, -2, -2, -2, 3, 3, 1], [-2, -2, -1, -2, -2, 1, -2, -2, -2, 2, 2, 1], [-2, -2, -1, -2, -2, 1, -2, 4, -2, -2, -2, 1], [-2, -2, -1, -2, -2, 1, -2, 4, -2, -2, 3, -2], [-2, -2, -1, -2, 2, -2, -2, 4, -2, -2, 1, -2], [-2, -2, -1, -2, 2, -2, -2, 2, -2, -2, 2, 1], [-2, -2, -1, -2, 2, -2, -2, 2, 2, 3, 2, -2], [-2, -2, -1, -2, 2, -2, -1, -2, 2, 3, 2, -2], [-2, -2, -1, -2, 2, -2, -1, 2, -2, 3, 2, -2], [-2, -2, -1, -2, 2, 5, -1, -2, -2, 4, -2, -2], [-2, -2, -1, -2, 1, -2, -2, -2, -2, -2, 5, -2], [-2, -2, -1, -2, 1, -2, -2, -2, -2, -2, 3, 1], [-2, -2, -1, -2, 1, -2, -2, -2, -2, -2, 2, 1], [-2, -2, -1, -2, 1, -2, -2, -2, -2, 5, -2, -2], [-2, -2, -1, -2, 1, -2, -2, 4, -2, -2, -2, 1], [-2, -2, -1, -2, 1, -2, -2, 4, -2, -2, 3, -2], [-2, -2, -1, -2, 1, -2, -2, 4, -2, 3, -2, -2], [-2, -2, -1, -2, 1, -2, -2, 2, -2, 1, 2, -2], [-2, -2, -1, -2, 1, -2, -1, 2, 2, 2, -2, 1], [-2, -2, -1, -2, 1, -2, -1, 2, 2, 2, 1, -2], [-2, -2, -1, -2, 1, 5, 3, -2, -2, -2, 3, -2], [-2, -2, -1, -2, 1, 3, -2, 2, -2, -2, 3, -2], [-2, -2, -1, -2, 1, 1, -2, -2, -2, 4, -2, 1], [-2, -2, -1, -2, 1, 1, -2, -2, 2, 2, 1, 2], [-2, -2, -1, -2, 1, 1, -2, 4, -2, -2, 2, -2], [-2, -2, -1, -2, 1, 1, -2, 2, -2, 2, -2, 1], [-2, -2, -1, -2, 1, 1, -2, 2, -2, 2, 1, -2], [-2, -2, -1, 4, -2, -2, -2, -2, -2, -2, 3, 1], [-2, -2, -1, 4, -2, -2, -2, -2, -2, -2, 2, 1], [-2, -2, -1, 4, -2, -2, -2, -2, -2, 3, 4, -2], [-2, -2, -1, 4, -2, -2, -2, -2, -2, 2, -2, 1], [-2, -2, -1, 4, -2, -2, -2, -2, -2, 2, 1, 2], [-2, -2, -1, 4, -2, -2, -2, 4, -2, -2, -2, 1], [-2, -2, -1, 4, -2, -2, -2, 4, -2, -2, 2, -2], [-2, -2, -1, 4, -2, -2, -2, 4, -2, -2, 1, -2], [-2, -2, -1, 4, -2, -2, -2, 4, -2, 2, -2, -2], [-2, -2, -1, 4, -2, -2, -1, -2, -2, 3, 2, -2], [-2, -2, -1, 4, -2, -2, -1, -2, 2, 2, 1, -2], [-2, -2, -1, 4, -2, -2, -1, 2, -2, 2, 1, -2], [-2, -2, -1, 4, -2, 5, -1, -2, -2, -2, 1, 2], [-2, -2, -1, 4, -2, 5, -1, -2, 2, -2, 1, -2], [-2, -2, -1, 4, -2, 5, -1, -2, 2, 1, -2, -2], [-2, -2, -1, 4, -2, 1, -2, -2, -2, -2, -2, 1], [-2, -2, -1, 4, -2, 1, -2, -2, -2, -2, 3, -2], [-2, -2, -1, 4, -2, 1, -2, -2, -2, -2, 2, -2], [-2, -2, -1, 4, -2, 1, -2, -2, -2, 2, -2, -2], [-2, -2, -1, 4, -2, 1, -2, -2, -2, 1, 1, -2], [-2, -2, -1, 4, -2, 1, -2, -2, 2, -2, 1, 2], [-2, -2, -1, 4, -2, 1, -2, 4, -2, -2, -2, -2], [-2, -2, -1, 4, -2, 1, -1, 2, -2, 3, -2, 2], [-2, -2, -1, 4, 2, -2, -2, -2, -2, 3, 3, 2], [-2, -2, -1, 4, 2, -2, -1, -2, 2, 3, 3, -2], [-2, -2, -1, 4, 2, -2, -1, 2, -2, 3, -2, 2], [-2, -2, -1, 4, 2, -2, -1, 2, -2, 3, 3, -2], [-2, -2, -1, 4, 2, 1, -2, -2, -2, -2, -2, 2], [-2, -2, -1, 4, 2, 1, -2, -2, -2, 1, -2, -2], [-2, -2, -1, 4, 2, 1, -2, 2, -2, 3, -2, -2], [-2, -2, -1, 4, 1, -2, -2, -2, -2, -2, -2, 1], [-2, -2, -1, 4, 1, -2, -2, 4, -2, -2, -2, -2], [-2, -2, -1, 4, 1, -2, -1, -2, 2, -2, 2, -2], [-2, -2, -1, 4, 1, -2, -1, 2, -2, -2, 1, 2], [-2, -2, -1, 4, 1, 5, -1, -2, -2, 1, -2, 2], [-2, -2, -1, 4, 1, 5, -1, -2, -2, 1, 1, -2], [-2, -2, -1, 4, 1, 1, -2, 2, -2, -2, 1, 2], [-2, -2, -1, 4, 1, 1, -1, -2, 2, 3, -2, -2], [-2, -2, -1, 3, -2, -2, -2, -2, -2, 5, -2, 1], [-2, -2, -1, 3, -2, -2, -2, 4, -2, -2, 3, -2], [-2, -2, -1, 3, -2, 3, -2, -2, -2, -2, 3, -2], [-2, -2, -1, 3, 2, 5, -1, -2, -2, 3, -2, -2], [-2, -2, -1, 3, 2, 1, -2, 2, -2, 1, 1, -2], [-2, -2, -1, 3, 1, -2, -2, -2, 2, 2, -2, 1], [-2, -2, -1, 3, 1, -2, -2, -2, 2, 2, 1, -2], [-2, -2, -1, 3, 1, -2, -2, 2, -2, 2, 1, -2], [-2, -2, -1, 3, 1, -2, -1, 2, 2, -2, -2, 1], [-2, -2, -1, 3, 1, 5, 3, -2, -2, -2, -2, 2], [-2, -2, -1, 3, 1, 1, -2, -2, -2, 2, -2, 1], [-2, -2, -1, 3, 1, 1, -2, -2, 2, 3, 3, -2], [-2, -2, -1, 3, 1, 1, -2, 2, 2, 2, -2, -2], [-2, -2, -1, 3, 1, 1, -1, -2, -2, 3, 3, -2], [-2, -2, -1, 2, -2, -2, -2, -2, -2, 4, -2, -2], [-2, -2, -1, 2, -2, -2, 1, -2, -2, -2, -2, 2], [-2, -2, -1, 2, 1, 1, -2, -2, -2, 2, -2, -2], [-2, -2, -1, 1, -2, -2, -2, -2, -2, -2, 3, 1], [-2, -2, -1, 1, -2, -2, -2, -2, -2, 3, -2, 1], [-2, -2, -1, 1, -2, -2, -2, 2, -2, -2, -2, 1], [-2, -2, -1, 1, -2, -2, -2, 2, 2, 3, -2, -2], [-2, -2, -1, 1, -2, 3, -2, -2, -2, -2, -2, -2], [-2, -2, -1, 1, 2, -2, -2, -2, -2, -2, -2, 1], [-2, -2, -1, 1, 2, -2, -2, -2, 2, 3, -2, -2], [-2, -2, -1, 1, 2, -2, -2, 2, -2, 3, -2, -2], [-2, 1, -2, -2, -2, -2, -2, 2, -2, 5, -2, 1], [-2, 1, -2, -2, -2, -2, -1, -2, 2, 5, 5, 1], [-2, 1, -2, -2, -2, 5, -2, -2, -2, 2, 1, 2], [-2, 1, -2, -2, -2, 5, -2, -2, 2, -2, 4, 2], [-2, 1, -2, -2, -2, 5, -2, -2, 2, 3, 4, -2], [-2, 1, -2, -2, -2, 5, -2, 2, -2, 4, 3, -2], [-2, 1, -2, -2, -2, 5, -1, -2, -2, -2, 4, 2], [-2, 1, -2, -2, -2, 5, -1, 2, 2, 2, 1, -2], [-2, 1, -2, -2, -2, 3, -2, -2, 2, 3, 3, 2], [-2, 1, -2, -2, -2, 3, -2, 2, -2, 3, 3, 2], [-2, 1, -2, -2, -2, 1, -2, -2, -2, 5, 4, -2], [-2, 1, -2, -2, -2, 1, -2, 2, -2, 5, -2, -2], [-2, 1, -2, -2, -2, 1, -2, 2, -2, 3, 1, 2], [-2, 1, -2, -2, -2, 1, -2, 2, 2, -2, 4, 1], [-2, 1, -2, -2, 2, 5, -2, -2, -2, -2, 4, -2], [-2, 1, -2, -2, 2, 5, -2, -2, -2, 2, 1, -2], [-2, 1, -2, -2, 2, 3, -2, -2, -2, 3, 3, 2], [-2, 1, -2, -2, 2, 1, -2, 2, -2, -2, 4, 1], [-2, 1, -2, -2, 2, 1, -2, 2, -2, 3, 3, 1], [-2, 1, -2, -2, 1, -2, -2, -2, -2, 5, 5, 1], [-2, 1, -2, -2, 1, -2, -2, -2, -2, 4, 1, -2], [-2, 1, -2, -2, 1, -2, -2, -2, -2, 1, 2, -1], [-2, 1, -2, -2, 1, -2, -2, -2, 3, 1, 2, -2], [-2, 1, -2, -2, 1, -2, -2, 4, 2, 2, 2, 1], [-2, 1, -2, -2, 1, -2, -2, 2, -2, 1, -2, -1], [-2, 1, -2, -2, 1, -2, -2, 2, 3, -2, -2, -2], [-2, 1, -2, -2, 1, -2, -1, -2, 2, 5, -2, 1], [-2, 1, -2, -2, 1, -2, -1, 2, -2, -2, -2, -1], [-2, 1, -2, -2, 1, -2, -1, 2, -2, 3, 1, 2], [-2, 1, -2, -2, 1, -2, -1, 2, 2, 5, -2, -2], [-2, 1, -2, -2, 1, 5, -2, -2, -2, 1, -2, -1], [-2, 1, -2, -2, 1, 5, -2, -2, 3, -2, -2, -2], [-2, 1, -2, -2, 1, 5, 3, -2, -2, -2, 1, -2], [-2, 1, -2, -2, 1, 5, -1, -2, -2, -2, -2, -1], [-2, 1, -2, -2, 1, 3, -2, -2, -2, -2, 2, 1], [-2, 1, -2, -2, 1, 3, -2, 4, -2, 2, -2, -2], [-2, 1, -2, -2, 1, 3, -2, 4, 2, -2, -2, 1], [-2, 1, -2, -2, 1, 1, -2, -2, -2, 3, 1, 2], [-2, 1, -2, -2, 1, 1, -2, -2, 2, 5, -2, 1], [-2, 1, -2, 4, -2, -2, -2, -2, -2, 4, 4, -2], [-2, 1, -2, 4, -2, -2, -2, -2, -2, 3, 3, -1], [-2, 1, -2, 4, -2, -2, -2, 4, -2, 2, 2, 2], [-2, 1, -2, 4, -2, -2, -2, 3, -2, 3, -2, -2], [-2, 1, -2, 4, -2, -2, -2, 2, -2, -2, 4, 2], [-2, 1, -2, 4, -2, -2, -2, 2, 2, 2, 1, 2], [-2, 1, -2, 4, -2, -2, 1, -2, -2, -2, -2, 2], [-2, 1, -2, 4, -2, -2, 1, -2, -2, -2, 1, -2], [-2, 1, -2, 4, -2, 6, -2, -2, -2, 3, -2, -2], [-2, 1, -2, 4, -2, 5, -2, -2, -2, -2, 1, -2], [-2, 1, -2, 4, -2, 5, -2, -2, -2, 2, -2, 2], [-2, 1, -2, 4, -2, 1, -2, -2, 2, -2, 2, 1], [-2, 1, -2, 4, -2, 1, -2, 4, -2, 2, -2, 1], [-2, 1, -2, 4, -2, 1, -2, 4, 2, 2, 2, -2], [-2, 1, -2, 4, -2, 1, -2, 2, -2, 3, -2, 1], [-2, 1, -2, 4, -2, 1, -2, 2, 2, 3, 3, 2], [-2, 1, -2, 4, 2, -2, -2, -2, -2, 2, 1, 2], [-2, 1, -2, 4, 2, -2, -2, 2, -2, -2, 4, -2], [-2, 1, -2, 4, 2, -2, 1, -2, -2, -2, -2, -2], [-2, 1, -2, 4, 2, 5, -2, -2, 2, 2, -2, -2], [-2, 1, -2, 4, 2, 5, -2, 2, -2, 2, -2, -2], [-2, 1, -2, 4, 2, 1, -2, -2, -2, 3, 3, 2], [-2, 1, -2, 4, 2, 1, -2, 4, -2, -2, 1, -2], [-2, 1, -2, 4, 2, 1, -2, 2, -2, 3, 3, -2], [-2, 1, -2, 4, 1, -2, -2, -2, 2, -2, 2, 1], [-2, 1, -2, 4, 1, -2, -2, 4, -2, -2, 2, -2], [-2, 1, -2, 4, 1, -2, -2, 4, -2, 2, -2, -2], [-2, 1, -2, 4, 1, 1, -2, -2, -2, -2, 2, 1], [-2, 1, -2, 4, 1, 1, -2, -2, 2, 3, 2, -2], [-2, 1, -2, 4, 1, 1, -2, -2, 2, 2, -2, 1], [-2, 1, -2, 3, -2, -2, -2, -2, 2, 1, 1, 1], [-2, 1, -2, 3, -2, -2, -2, -2, 1, -2, 2, 2], [-2, 1, -2, 3, -2, -2, -2, 4, 1, 3, -2, -2], [-2, 1, -2, 3, -2, -2, -2, 2, -2, 1, 1, 1], [-2, 1, -2, 3, -2, -2, -2, 2, 3, -2, -2, -2], [-2, 1, -2, 3, -2, -2, 3, -2, -2, 1, -2, -2], [-2, 1, -2, 3, -2, -2, -1, 2, -2, -2, -2, -1], [-2, 1, -2, 3, -2, 5, -2, -2, 3, -2, -2, -2], [-2, 1, -2, 3, -2, 5, -1, -2, -2, -2, -2, -1], [-2, 1, -2, 3, -2, 1, -2, -2, -2, 1, -2, 1], [-2, 1, -2, 3, -2, 1, -2, 4, -2, 2, 2, 2], [-2, 1, -2, 3, 2, -2, -2, -2, -2, 2, 1, 1], [-2, 1, -2, 3, 1, -2, -2, -2, -2, 5, -2, 1], [-2, 1, -2, 3, 1, -2, -2, -2, -2, 1, 1, 1], [-2, 1, -2, 3, 1, -2, -2, -2, 2, 2, 2, 1], [-2, 1, -2, 3, 1, -2, -2, 4, -2, -2, 2, 1], [-2, 1, -2, 3, 1, -2, -2, 2, -2, 5, -2, -2], [-2, 1, -2, 3, 1, -2, -2, 2, -2, 1, -2, 1], [-2, 1, -2, 3, 1, 5, -1, -2, -2, -2, 2, 2], [-2, 1, -2, 3, 1, 5, -1, -2, -2, 2, -2, 2], [-2, 1, -2, 3, 1, 1, -2, 2, 2, -2, 2, 1], [-2, 1, -2, 2, -2, -2, -2, -2, -2, 4, 1, -2], [-2, 1, -2, 2, -2, -2, -2, -2, -2, 3, 4, 2], [-2, 1, -2, 2, -2, -2, -2, 4, 1, -2, 3, -2], [-2, 1, -2, 2, -2, -2, -2, 4, 1, 3, -2, 1], [-2, 1, -2, 2, -2, 5, -2, -2, 2, -2, 4, -2], [-2, 1, -2, 2, -2, 3, -2, -2, 2, -2, 3, -2], [-2, 1, -2, 2, -2, 1, -2, 4, 1, -2, -2, 1], [-2, 1, -2, 2, -2, 1, -2, 4, 1, 3, -2, -2], [-2, 1, -2, 2, 2, 1, -1, 2, -2, 3, 2, -2], [-2, 1, -2, 2, 1, -2, -2, -2, -2, 2, 3, -2], [-2, 1, -2, 2, 1, 1, -2, -2, 1, -2, 3, 1], [-2, 1, -2, 2, 1, 1, -2, -2, 1, 3, -2, 1], [-2, 1, -2, 2, 1, 1, -2, 4, -2, -2, 1, 1], [-2, 1, -2, 1, -2, -2, -2, -2, -2, 5, -2, 1], [-2, 1, -2, 1, -2, -2, -2, -2, 2, 2, 1, 2], [-2, 1, -2, 1, -2, -2, -2, 4, -2, 2, 2, 1], [-2, 1, -2, 1, -2, -2, -2, 2, -2, 3, -2, 2], [-2, 1, -2, 1, -2, 5, 3, -2, -2, -2, -2, -2], [-2, 1, -2, 1, -2, 5, -1, -2, -2, -2, 3, 2], [-2, 1, -2, 1, -2, 3, -2, 4, -2, -2, -2, 1], [-2, 1, -2, 1, 2, -2, -2, -2, -2, -2, 4, -2], [-2, 1, -2, 1, 2, -2, -2, -2, -2, 2, 1, 2], [-2, 1, -2, 1, 2, -2, -2, 2, -2, -2, 3, -2], [-2, 1, -2, 1, 2, -2, -2, 2, -2, 3, -2, -2], [-2, 1, -2, 1, 2, 5, -2, -2, -2, -2, -2, 2], [-2, 1, -2, 1, 2, 5, -2, -2, -2, 2, -2, -2], [-2, 1, -2, 1, 2, 5, -2, -2, 2, -2, 1, -2], [-2, 1, -2, 1, 2, 3, -2, -2, -2, -2, 3, -2], [-2, 1, -2, 1, 2, 3, -2, 2, -2, -2, -2, -2], [-2, 1, 2, -2, -2, -2, -2, -2, -2, 5, 5, 1], [-2, 1, 2, -2, -2, -2, -2, -2, 2, -2, 5, 1], [-2, 1, 2, -2, -2, -2, -2, -2, 2, 5, 5, -2], [-2, 1, 2, -2, -2, -2, -1, -2, -2, -2, 5, 1], [-2, 1, 2, -2, -2, -2, -1, -2, -2, 5, 5, -2], [-2, 1, 2, -2, -2, -2, -1, -2, 2, 5, -2, 1], [-2, 1, 2, -2, -2, 5, -2, -2, -2, -2, 3, 2], [-2, 1, 2, -2, -2, 5, -2, 2, -2, -2, 3, -2], [-2, 1, 2, -2, 2, 1, -2, 2, -2, 3, -2, -2], [-2, 1, 2, -2, 1, -2, -2, -2, -2, -2, 3, 2], [-2, 1, 2, -2, 1, -2, -2, 2, -2, -2, 3, -2], [-2, 1, 2, -2, 1, 3, -2, -2, -2, -2, -2, 2], [-2, 1, 2, 4, -2, -2, -2, -2, 2, -2, 3, -2], [-2, 1, 2, 4, -2, -2, -1, 2, -2, 3, -2, -2], [-2, 1, 2, 4, -2, 1, -2, -2, 2, -2, -2, -2], [-2, 1, 2, 4, -2, 1, -2, 2, -2, -2, -2, -2], [-2, 1, 2, 4, 2, -2, -2, 2, -2, -2, -2, -2], [-2, 1, 2, 3, -2, -2, -1, -2, -2, 3, -2, 2], [-2, 1, 2, 3, 1, -2, -2, -2, -2, -2, -2, 2], [-2, 1, 2, 1, -2, 5, -2, -2, -2, -2, -2, -2], [-2, 1, 1, -2, -2, -2, -2, -2, -2, 3, 4, 2], [-2, 1, 1, -2, -2, -2, -2, 2, -2, 3, 4, -2], [-2, 1, 1, -2, -2, 2, -2, -2, -2, 2, 2, 1], [-2, 1, 1, -2, 2, -2, -2, -2, 1, -2, -2, -2], [-2, 1, 1, -2, 2, -2, -2, 2, -2, -2, 4, -2], [-2, 1, 1, -2, 2, -2, 3, -2, -2, -2, -2, -2], [-2, 1, 1, -2, 2, 3, -2, -2, -2, -2, 3, 2], [-2, 1, 1, -2, 2, 3, -2, -2, -2, 3, 3, -2], [-2, 1, 1, -2, 1, -2, -2, -2, -2, 3, 1, 2], [-2, 1, 1, 4, -2, -2, -2, 2, -2, 2, 1, 2], [-2, 1, 1, 4, -2, -2, 1, -2, -2, -2, -2, -2], [-2, 1, 1, 4, 1, 1, -2, 2, -2, 3, -2, 2], [-2, 1, 1, 3, -2, -2, -2, -2, -2, 1, 1, 1], [-2, 1, 1, 3, -2, -2, -2, -2, 1, -2, 2, -2], [-2, 1, 1, 3, -2, 1, -2, -2, 2, 3, 3, 2], [-2, 1, 1, 3, -2, 1, -2, 4, -2, -2, 1, 1], [-2, 1, 1, 3, -2, 1, -2, 2, -2, 3, 3, 2], [-2, 1, 1, 3, -2, 1, -2, 2, 2, 2, 1, 2], [-2, 1, 1, 3, 2, -2, -1, -2, -2, -2, 1, 1], [-2, 1, 1, 3, 2, 1, -2, -2, -2, -2, 1, 1], [-2, 1, 1, 3, 1, -2, -2, -2, -2, 1, -2, 1], [-2, 1, 1, 3, 1, 1, -2, -2, 2, 2, 1, 2], [-2, 1, 1, 2, -2, 1, -1, -2, 2, 3, 2, 2], [-2, 1, 1, 1, -2, -2, -2, -2, -2, 3, 3, 2], [-2, 1, 1, 1, -2, -2, -2, -2, -2, 2, 1, 2], [-2, 1, 1, 1, -2, -2, -2, -2, 2, 3, -2, 2], [-2, 1, 1, 1, -2, -2, -2, 4, -2, 2, 2, -2], [-2, 1, 1, 1, -2, -2, -2, 2, -2, -2, 3, 2], [-2, 1, 1, 1, -2, 5, -2, -2, -2, -2, 3, 2], [-2, 1, 1, 1, -2, 5, -2, -2, -2, -2, 1, 2], [-2, 1, 1, 1, -2, 3, -2, -2, 2, -2, 3, -2], [-2, 1, 1, 1, -2, 1, -2, 2, -2, -2, 3, -2], [-2, 1, 1, 1, 2, -2, -2, -2, -2, -2, 3, 2], [-2, 1, 1, 1, 2, -2, -2, -2, -2, 3, 3, -2], [-2, 1, 1, 1, 2, 5, -2, -2, -2, -2, 1, -2], [-2, 1, 1, 1, 2, 5, -2, -2, -2, 1, -2, -2], [-2, 1, 1, 1, 1, -2, -1, -2, -2, 3, -2, 2], [-2, 1, -1, -2, -2, -2, -2, -2, -2, -2, 2, 1], [-2, 1, -1, -2, -2, -2, -2, -2, -2, 5, -2, 1], [-2, 1, -1, -2, -2, -2, -2, -2, -2, 3, 3, 1], [-2, 1, -1, -2, -2, -2, -2, 4, -2, -2, 1, -2], [-2, 1, -1, -2, -2, -2, -2, 4, -2, 3, 3, -2], [-2, 1, -1, -2, -2, -2, 1, -2, -2, -2, 1, 2], [-2, 1, -1, -2, -2, -2, 1, -2, -2, 2, 2, -2], [-2, 1, -1, -2, -2, -2, -1, -2, -2, 2, 1, 2], [-2, 1, -1, -2, -2, 1, -2, -2, -2, -2, 3, 1], [-2, 1, -1, -2, -2, 1, -2, -2, -2, 3, -2, 1], [-2, 1, -1, -2, -2, 1, -2, -2, -2, 3, 2, -2], [-2, 1, -1, -2, -2, 1, -2, 4, -2, -2, -2, -2], [-2, 1, -1, -2, 2, -2, -2, -2, -2, 3, -2, 1], [-2, 1, -1, -2, 2, 5, -2, 2, 2, 2, 2, -2], [-2, 1, -1, -2, 2, 3, -2, -2, -2, -2, -2, -2], [-2, 1, -1, -2, 2, 1, -2, -2, -2, -2, 1, 2], [-2, 1, -1, -2, 2, 1, -2, -2, 2, -2, 1, -2], [-2, 1, -1, -2, 2, 1, -2, 2, -2, 3, -2, -2], [-2, 1, -1, -2, 1, -2, -2, -2, -2, -2, -2, 1], [-2, 1, -1, -2, 1, -2, -2, 4, -2, -2, -2, -2], [-2, 1, -1, -2, 1, -2, 3, -2, -2, -2, -2, -2], [-2, 1, -1, -2, 1, -2, -1, -2, 2, 2, 2, -2], [-2, 1, -1, -2, 1, 5, -2, -2, -2, -2, 1, -2], [-2, 1, -1, -2, 1, 5, -2, -2, -2, 1, -2, -2], [-2, 1, -1, -2, 1, 5, -1, -2, -2, -2, 2, -2], [-2, 1, -1, -2, 1, 1, -2, -2, -2, 2, 2, -2], [-2, 1, -1, -2, 1, 1, -2, -2, 2, -2, 2, -2], [-2, 1, -1, 4, -2, -2, -2, -2, -2, -2, -2, 1], [-2, 1, -1, 4, -2, -2, -2, -2, -2, 2, -2, 2], [-2, 1, -1, 4, -2, -2, -2, -2, 2, -2, 2, -2], [-2, 1, -1, 4, -2, -2, -2, -2, 2, 2, -2, -2], [-2, 1, -1, 4, -2, -2, -2, 4, -2, -2, -2, -2], [-2, 1, -1, 4, -2, -2, -1, -2, -2, 3, 3, -2], [-2, 1, -1, 4, -2, -2, -1, -2, 2, 3, -2, -2], [-2, 1, -1, 4, -2, 5, -2, -2, -2, 2, -2, -2], [-2, 1, -1, 4, -2, 1, -2, -2, -2, -2, -2, -2], [-2, 1, -1, 4, 2, -2, -2, -2, -2, -2, 1, 2], [-2, 1, -1, 4, 2, -2, -2, -2, 2, -2, 1, -2], [-2, 1, -1, 4, 1, -2, -2, -2, -2, -2, 2, -2], [-2, 1, -1, 3, -2, -2, -2, -2, -2, 1, 2, -2], [-2, 1, -1, 3, -2, -2, -2, 2, -2, 2, 2, -2], [-2, 1, -1, 3, -2, 5, -2, -2, -2, -2, 2, -2], [-2, 1, -1, 3, -2, 5, -1, -2, -2, -2, 1, -2], [-2, 1, -1, 3, -2, 5, -1, -2, -2, 1, -2, -2], [-2, 1, -1, 3, 1, -2, -2, 2, -2, -2, 2, -2], [-2, 1, -1, 3, 1, 5, -1, -2, -2, -2, -2, -2], [-2, 1, -1, 2, -2, -2, -2, -2, -2, -2, 3, 1], [-2, 1, -1, 1, -2, -2, -2, 2, -2, -2, 2, -2], [-2, 1, -1, 1, 1, 5, -2, -2, -2, -2, -2, 2], [-2, 0, -2, -2, -2, -2, -2, -2, 1, -2, 3, 2], [-2, 0, -2, -2, -2, -2, -2, -2, 1, 3, -2, 2], [-2, 0, -2, -2, -2, -2, -2, 4, -2, 1, 1, 1], [-2, 0, -2, -2, -2, -2, -2, 2, 1, -2, 3, -2], [-2, 0, -2, -2, -2, 5, -1, -2, -2, 3, 2, 2], [-2, 0, -2, -2, -2, 3, -2, -2, -2, 5, -2, -2], [-2, 0, -2, -2, -2, 3, -2, -2, -2, 1, -2, 1], [-2, 0, -2, -2, -2, 3, -2, -2, 1, -2, -2, 2], [-2, 0, -2, -2, -2, 3, -2, -2, 1, 3, -2, -2], [-2, 0, -2, -2, -2, 3, -2, 2, -2, -2, 4, -2], [-2, 0, -2, -2, -2, 3, -2, 2, 1, -2, -2, -2], [-2, 0, -2, -2, -2, 2, -2, -2, -2, -2, 1, 1], [-2, 0, -2, -2, -2, 2, -2, -2, -2, 4, 3, -2], [-2, 0, -2, -2, -2, 2, -2, 2, -2, -2, -2, 1], [-2, 0, -2, -2, -2, 1, -2, -2, -2, 4, 2, -2], [-2, 0, -2, -2, -2, 1, -2, 4, 2, 4, 4, -2], [-2, 0, -2, -2, 2, -2, -2, 4, -2, 4, 4, -2], [-2, 0, -2, -2, 2, -2, -2, 3, -2, 3, 2, -2], [-2, 0, -2, -2, 2, 6, -2, -2, -2, 3, 2, -2], [-2, 0, -2, -2, 2, 5, -2, 4, -2, -2, 3, 1], [-2, 0, -2, -2, 2, 5, 3, -2, -2, 1, 1, 2], [-2, 0, -2, -2, 2, 1, -2, -2, -2, 4, 4, 1], [-2, 0, -2, -2, 2, 1, -2, -2, -2, 1, 1, 1], [-2, 0, -2, -2, 2, 1, -2, 4, -2, -2, 4, -2], [-2, 0, -2, -2, 2, 1, -2, 4, -2, 4, -2, -2], [-2, 0, -2, -2, 1, -2, -2, 2, 2, 4, 4, 1], [-2, 0, -2, -2, 1, 5, -2, -2, -2, 1, 2, 2], [-2, 0, -2, -2, 1, 5, -2, -2, 2, 1, 2, -2], [-2, 0, -2, -2, 1, 3, -2, -2, 2, -2, 4, -2], [-2, 0, -2, -2, 1, 3, -2, 2, -2, -2, -2, 1], [-2, 0, -2, -2, 1, 1, -2, 4, 2, -2, 1, 2], [-2, 0, -2, -2, 1, 1, -2, 4, 2, 1, 1, -2], [-2, 0, -2, 4, -2, -2, -2, 4, -2, 4, -2, 2], [-2, 0, -2, 4, -2, -2, -2, 4, -2, 1, -2, 1], [-2, 0, -2, 4, -2, 5, -2, -2, -2, -2, 3, 1], [-2, 0, -2, 4, -2, 1, -2, 4, -2, 2, 2, 1], [-2, 0, -2, 4, 2, -2, -2, -2, -2, 1, -2, 1], [-2, 0, -2, 4, 2, 1, -2, -2, -2, -2, 1, 1], [-2, 0, -2, 4, 1, -2, -2, -2, -2, 3, 1, 1], [-2, 0, -2, 4, 1, 3, -2, -2, -2, -2, 2, -2], [-2, 0, -2, 4, 1, 1, -2, -2, -2, 2, 1, -2], [-2, 0, -2, 3, -2, -2, -2, -2, -2, 1, 2, 2], [-2, 0, -2, 3, -2, -2, -2, -2, 2, 1, 2, -2], [-2, 0, -2, 3, -2, -2, -2, 2, -2, 1, 2, -2], [-2, 0, -2, 3, -2, 5, -2, -2, -2, 1, 2, -2], [-2, 0, -2, 3, -2, 3, -2, -2, -2, -2, 4, -2], [-2, 0, -2, 3, -2, 3, -2, 2, -2, 4, -2, -2], [-2, 0, -2, 3, -2, 2, -2, -2, -2, -2, 1, -2], [-2, 0, -2, 3, -2, 2, -2, -2, 2, 4, -2, 1], [-2, 0, -2, 3, -2, 2, -2, 4, -2, 4, -2, 1], [-2, 0, -2, 3, -2, 2, -2, 4, 2, 4, -2, -2], [-2, 0, -2, 3, -2, 1, -2, -2, -2, 4, 4, -2], [-2, 0, -2, 3, -2, 1, -2, -2, 1, 3, -2, -2], [-2, 0, -2, 3, -2, 1, -2, 4, 2, -2, 4, -2], [-2, 0, -2, 3, 2, -2, -2, -2, -2, 4, 4, -2], [-2, 0, -2, 3, 2, -2, -2, -2, -2, 4, 1, 1], [-2, 0, -2, 3, 2, -2, -2, 4, -2, -2, 4, -2], [-2, 0, -2, 3, 2, -2, -2, 4, -2, 4, -2, -2], [-2, 0, -2, 3, 2, -2, -1, -2, -2, 3, 2, 2], [-2, 0, -2, 3, 2, 5, -2, 2, -2, -2, 2, 1], [-2, 0, -2, 3, 2, 3, -2, 2, -2, -2, 3, 2], [-2, 0, -2, 3, 2, 2, -2, -2, -2, 4, -2, 1], [-2, 0, -2, 3, 2, 2, -2, -2, 2, 4, -2, -2], [-2, 0, -2, 3, 2, 1, -2, -2, -2, -2, 4, -2], [-2, 0, -2, 3, 2, 1, -2, -2, -2, 4, -2, 1], [-2, 0, -2, 3, 1, -2, -2, 2, -2, -2, 4, 1], [-2, 0, -2, 3, 1, -2, -2, 2, -2, 4, 4, -2], [-2, 0, -2, 3, 1, -2, 3, -2, -2, -2, 3, -2], [-2, 0, -2, 3, 1, -2, 3, -2, -2, 3, -2, 2], [-2, 0, -2, 3, 1, 1, -2, 2, -2, 3, 3, 2], [-2, 0, -2, 3, 1, 1, -2, 2, -2, 2, -2, 1], [-2, 0, -2, 2, -2, -2, -2, -2, -2, 3, 2, 2], [-2, 0, -2, 2, -2, -2, -2, 4, -2, 3, 3, -2], [-2, 0, -2, 2, -2, 5, -2, -2, -2, 3, 2, -2], [-2, 0, -2, 2, -2, 5, -2, -2, 2, -2, 2, 2], [-2, 0, -2, 2, 2, -2, 3, -2, -2, -2, -2, 2], [-2, 0, -2, 2, 2, 5, -2, -2, -2, 1, -2, 2], [-2, 0, -2, 2, 2, 1, -2, -2, -2, 3, 3, 2], [-2, 0, -2, 2, 1, -2, -2, -2, -2, 4, 4, -2], [-2, 0, -2, 2, 1, -2, -2, -2, 2, -2, 2, 2], [-2, 0, -2, 2, 1, -2, -2, 2, -2, 3, 2, -2], [-2, 0, -2, 2, 1, 5, -1, -2, -2, -2, 2, 2], [-2, 0, -2, 2, 1, 5, -1, -2, 2, -2, 2, -2], [-2, 0, -2, 2, 1, 1, -2, -2, -2, 1, 1, 2], [-2, 0, -2, 1, -2, -2, -2, -2, -2, 1, -2, 1], [-2, 0, -2, 1, -2, -2, -2, 2, 2, 3, 3, 1], [-2, 0, -2, 1, -2, -2, -1, 2, -2, -2, 1, 1], [-2, 0, -2, 1, -2, 2, -2, -2, -2, -2, -2, 1], [-2, 0, -2, 1, -2, 2, -2, -2, 2, -2, -2, -2], [-2, 0, -2, 1, -2, 1, -2, 4, -2, -2, 3, -2], [-2, 0, -2, 1, 2, -2, -2, -2, -2, 3, 2, 2], [-2, 0, -2, 1, 2, -2, -2, -2, 2, 3, 2, -2], [-2, 0, -2, 1, 2, -2, -2, 4, -2, 3, -2, 2], [-2, 0, -2, 1, 2, -2, -2, 4, -2, 3, 3, -2], [-2, 0, -2, 1, 2, -2, -2, 2, -2, 3, 3, 1], [-2, 0, -2, 1, 2, 2, -2, -2, -2, -2, -2, -2], [-2, 0, -2, 1, 2, 1, -2, -2, -2, 3, 3, 2], [-2, 0, -2, 1, 1, -2, -2, -2, -2, 4, -2, 1], [-2, 0, -2, 1, 1, -2, -2, -2, 2, -2, 3, 1], [-2, 0, -2, 1, 1, -2, -2, 4, -2, 1, -2, -2], [-2, 0, -2, 1, 1, 3, -2, -2, 2, -2, -2, -2], [-2, 0, -2, 1, 1, 1, -2, -2, -2, -2, 3, 1], [-2, 0, 2, -2, -2, 2, -2, -2, -2, 4, -2, -2], [-2, 0, 2, -2, 2, -2, -2, 4, -2, 4, -2, 1], [-2, 0, 2, -2, 2, 1, -2, 2, -2, 3, -2, 2], [-2, 0, 2, 4, -2, -2, -2, 4, -2, 4, -2, -2], [-2, 0, 2, 3, -2, -2, -2, 4, -2, 4, -2, -2], [-2, 0, 2, 3, -2, -2, -1, 2, -2, -2, 3, 2], [-2, 0, 2, 3, 2, -2, -2, -2, -2, -2, -2, 2], [-2, 0, 2, 3, 2, -2, -2, -2, -2, 4, 3, -2], [-2, 0, 2, 2, -2, -2, -2, -2, -2, -2, 2, -2], [-2, 0, 1, -2, -2, -2, -2, 4, -2, 4, 4, 1], [-2, 0, 1, -2, -2, -2, 1, -2, -2, -2, 2, -2], [-2, 0, 1, -2, -2, 3, -2, -2, -2, -2, 4, -2], [-2, 0, 1, -2, -2, 1, -2, -2, -2, 4, 4, 1], [-2, 0, 1, -2, -2, 1, -2, 4, -2, -2, 4, -2], [-2, 0, 1, -2, 2, 1, -2, -2, -2, 1, -2, 1], [-2, 0, 1, -2, 1, -2, 1, -2, -2, 2, -2, -2], [-2, 0, 1, -2, 1, 5, -2, -2, -2, 3, 2, 2], [-2, 0, 1, -2, 1, 5, -1, -2, -2, 3, 2, -2], [-2, 0, 1, -2, 1, 1, -2, 4, -2, -2, 1, 2], [-2, 0, 1, -2, 1, 1, -2, 2, 1, -2, -2, 2], [-2, 0, 1, 4, -2, -2, -2, -2, -2, 3, 1, 1], [-2, 0, 1, 4, -2, -2, -2, -2, -2, 1, 1, 1], [-2, 0, 1, 4, 2, -2, -2, -2, -2, -2, 1, 1], [-2, 0, 1, 4, 2, 5, -2, -2, -2, -2, -2, 1], [-2, 0, 1, 3, -2, -2, -2, -2, -2, -2, 4, 2], [-2, 0, 1, 3, -2, -2, -2, -2, -2, 4, 4, -2], [-2, 0, 1, 3, -2, -2, -2, 4, -2, -2, 4, -2], [-2, 0, 1, 3, -2, 1, -2, -2, -2, -2, 4, -2], [-2, 0, 1, 3, 2, -2, -2, -2, -2, -2, 4, -2], [-2, 0, 1, 3, 2, 1, -2, -2, -2, 4, -2, -2], [-2, 0, 1, 3, 1, -2, -2, 2, -2, -2, 4, -2], [-2, 0, 1, 3, 1, -2, -2, 2, -2, 4, -2, 2], [-2, 0, 1, 2, -2, 5, -2, -2, -2, 2, 2, 2], [-2, 0, 1, 2, -2, 5, -2, -2, 2, 2, 2, -2], [-2, 0, 1, 2, -2, 5, -1, -2, -2, -2, 2, 2], [-2, 0, 1, 2, -2, 5, -1, -2, -2, 2, 2, -2], [-2, 0, 1, 2, 2, 5, -2, -2, -2, 1, 1, -2], [-2, 0, 1, 2, 2, 5, -2, 2, -2, 1, -2, -2], [-2, 0, 1, 2, 2, 1, -2, 2, -2, -2, 3, 2], [-2, 0, 1, 2, 2, 1, -2, 2, -2, 3, -2, 2], [-2, 0, 1, 2, 2, 1, -2, 2, -2, 3, 3, -2], [-2, 0, 1, 2, 1, 5, -2, -2, 2, -2, 2, -2], [-2, 0, 1, 2, 1, 5, -1, -2, -2, -2, 2, -2], [-2, 0, 1, 1, -2, -2, -2, 4, -2, -2, 3, -2], [-2, 0, 1, 1, -2, -2, -2, 4, -2, 3, -2, 2], [-2, 0, 1, 1, -2, 5, -2, -2, -2, -2, 2, -2], [-2, 0, 1, 1, -2, 3, -2, -2, 2, -2, 1, -2], [-2, 0, 1, 1, -2, 1, -2, 4, -2, -2, -2, 2], [-2, 0, 1, 1, 2, 1, -2, -2, -2, -2, 3, 2], [-2, 0, 1, 1, 1, 5, -2, -2, 2, 2, -2, -2], [-2, 0, 0, -2, -2, -2, -2, -2, 2, -2, 3, 1], [-2, 0, 0, -2, -2, -2, -2, 2, -2, -2, -2, 1], [-2, 0, 0, -2, -2, 1, -2, -2, -2, -2, -2, 1], [-2, 0, 0, -2, -2, 1, -2, 4, -2, -2, -2, -2], [-2, 0, 0, 1, -2, -2, -2, 2, -2, -2, -2, -2], [-2, 0, -1, -2, -2, -2, -2, -2, 2, 4, 4, 1], [-2, 0, -1, -2, -2, -2, -2, 2, -2, 4, -2, 1], [-2, 0, -1, -2, -2, -2, -2, 2, -2, 2, -2, 1], [-2, 0, -1, -2, -2, -2, -1, -2, -2, -2, 5, -2], [-2, 0, -1, -2, -2, 5, -2, -2, 2, 3, 2, -2], [-2, 0, -1, -2, -2, 3, -2, -2, -2, -2, 3, -2], [-2, 0, -1, -2, -2, 1, -2, -2, -2, 4, -2, 1], [-2, 0, -1, -2, 2, -2, -1, -2, -2, 3, 2, -2], [-2, 0, -1, -2, 2, 5, -1, -2, -2, 3, -2, 2], [-2, 0, -1, -2, 1, -2, -2, -2, -2, 4, 4, -2], [-2, 0, -1, -2, 1, -2, -2, -2, -2, 2, 1, 2], [-2, 0, -1, -2, 1, -2, -2, -2, 2, -2, 4, 1], [-2, 0, -1, -2, 1, -2, -2, -2, 2, 4, -2, 1], [-2, 0, -1, -2, 1, -2, -2, 2, 2, 2, 1, -2], [-2, 0, -1, -2, 1, -2, -1, -2, 2, 2, 1, -2], [-2, 0, -1, -2, 1, -2, -1, 2, -2, 2, 1, -2], [-2, 0, -1, -2, 1, 1, -2, -2, -2, 2, 1, -2], [-2, 0, -1, 4, -2, -2, -1, -2, -2, 1, 1, 2], [-2, 0, -1, 4, -2, -2, -1, -2, 2, -2, 1, 2], [-2, 0, -1, 4, -2, -2, -1, -2, 2, 1, -2, -2], [-2, 0, -1, 4, -2, -2, -1, 2, -2, -2, 1, 2], [-2, 0, -1, 4, -2, -2, -1, 2, -2, 1, -2, 2], [-2, 0, -1, 4, -2, 5, -1, -2, -2, 1, -2, 2], [-2, 0, -1, 4, -2, 1, -2, -2, 2, 1, -2, -2], [-2, 0, -1, 4, -2, 1, -2, 2, -2, -2, 1, 2], [-2, 0, -1, 4, -2, 1, -2, 2, -2, 3, -2, 2], [-2, 0, -1, 4, -2, 1, -1, 2, 2, -2, -2, 2], [-2, 0, -1, 4, 2, -2, -2, 2, -2, 3, -2, 2], [-2, 0, -1, 4, 2, -2, -2, 2, -2, 3, 3, -2], [-2, 0, -1, 4, 2, -2, -1, 2, -2, -2, 3, 2], [-2, 0, -1, 4, 2, -2, -1, 2, -2, 2, -2, -2], [-2, 0, -1, 4, 2, 1, -2, -2, -2, -2, -2, -2], [-2, 0, -1, 4, 1, -2, -1, -2, -2, -2, 1, 2], [-2, 0, -1, 4, 1, -2, -1, -2, 2, -2, 1, -2], [-2, 0, -1, 4, 1, 1, -2, -2, -2, -2, 1, 2], [-2, 0, -1, 4, 1, 1, -2, -2, 2, -2, 1, -2], [-2, 0, -1, 4, 1, 1, -2, 2, -2, -2, 1, -2], [-2, 0, -1, 3, -2, -2, -2, -2, -2, -2, 3, 1], [-2, 0, -1, 3, -2, -2, -2, -2, -2, 2, -2, 1], [-2, 0, -1, 3, -2, -2, -2, 2, -2, 4, -2, -2], [-2, 0, -1, 3, 1, -2, -2, 2, -2, -2, -2, 1], [-2, 0, -1, 3, 1, 1, -2, -2, -2, -2, -2, 1], [-2, 0, -1, 3, 1, 1, -2, -2, 2, 2, -2, -2], [-2, 0, -1, 3, 1, 1, -2, 2, -2, 2, -2, -2], [-2, 0, -1, 2, -2, -2, -2, -2, -2, -2, 4, -2], [-2, 0, -1, 2, -2, -2, -2, -2, -2, 2, 2, 2], [-2, 0, -1, 2, -2, -2, -2, -2, 2, 2, 2, -2], [-2, 0, -1, 2, -2, -2, -2, 2, -2, -2, 2, 2], [-2, 0, -1, 2, -2, -2, -2, 2, -2, 2, 2, -2], [-2, 0, -1, 1, -2, -2, -1, -2, 2, 3, -2, -2], [2, -2, -2, -2, -2, -2, -2, -2, -2, 1, 3, 1], [2, -2, -2, -2, -2, 5, -2, -2, -2, 1, -2, 1], [2, -2, -2, -2, -2, 3, -2, -2, -2, 1, -2, 1], [2, -2, -2, -2, 2, -2, -2, 2, -2, 1, -2, 1], [2, -2, -2, -2, 2, 5, -2, -2, -2, 3, 3, 1], [2, -2, -2, -2, 2, 5, -2, 2, -2, -2, 3, 1], [2, -2, -2, -2, 2, 3, -2, 2, -2, -2, 3, 2], [2, -2, -2, -2, 2, 1, -2, -2, -2, 4, 4, -2], [2, -2, -2, -2, 1, -2, -2, -2, 1, 5, -2, 1], [2, -2, -2, -2, 1, 5, -2, -2, -2, 2, -2, 2], [2, -2, -2, -2, 1, 5, -2, -2, -2, 2, 2, -2], [2, -2, -2, -2, 1, 5, -2, -2, 2, -2, 2, 2], [2, -2, -2, -2, 1, 1, -2, -2, -2, 5, -2, 1], [2, -2, -2, -2, 1, 1, -2, 2, -2, 5, -2, -2], [2, -2, -2, -2, 1, 1, -2, 2, 2, -2, 4, 1], [2, -2, -2, 4, -2, -2, -2, 2, -2, 2, 1, 2], [2, -2, -2, 4, 1, -2, -2, -2, -2, 2, 1, 2], [2, -2, -2, 4, 1, -2, -2, 2, -2, 2, 1, -2], [2, -2, -2, 4, 1, 1, -2, -2, 2, 1, 1, 2], [2, -2, -2, 4, 1, 1, -2, 2, -2, 3, -2, 1], [2, -2, -2, 4, 1, 1, -2, 2, -2, 2, -2, 2], [2, -2, -2, 3, -2, -2, -2, -2, -2, 2, 3, 1], [2, -2, -2, 3, -2, -2, -2, 2, -2, 5, -2, 1], [2, -2, -2, 3, -2, 5, -2, 2, -2, -2, 2, -2], [2, -2, -2, 3, -2, 3, -2, 2, -2, 4, -2, -2], [2, -2, -2, 3, -2, 1, -2, 2, -2, 3, 3, 2], [2, -2, -2, 3, -2, 1, -2, 2, -2, 2, 1, -2], [2, -2, -2, 3, 2, -2, -2, -2, -2, 4, 1, 1], [2, -2, -2, 3, 2, -2, -2, -2, -2, 2, 3, -2], [2, -2, -2, 3, 2, -2, -2, -2, -2, 1, -2, 1], [2, -2, -2, 3, 2, -2, -2, -2, 2, 2, 1, 1], [2, -2, -2, 3, 2, 3, -2, 2, -2, -2, 3, -2], [2, -2, -2, 3, 2, 1, -2, -2, -2, -2, 4, -2], [2, -2, -2, 3, 2, 1, -2, -2, -2, 4, -2, 1], [2, -2, -2, 3, 2, 1, -2, -2, -2, 3, 3, 2], [2, -2, -2, 3, 2, 1, -2, 2, -2, 3, 3, -2], [2, -2, -2, 3, 1, -2, -2, 2, -2, 5, -2, -2], [2, -2, -2, 2, -2, 3, -2, -2, -2, 3, 3, -2], [2, -2, -2, 2, 2, 3, -2, -2, -2, -2, 3, -2], [2, -2, -2, 2, 1, 1, -2, -2, -2, 4, -2, -2], [2, -2, -2, 1, -2, -2, -2, -2, -2, 1, -2, 1], [2, -2, -2, 1, -2, -2, -2, 2, -2, 5, -2, -2], [2, -2, -2, 1, -2, -2, -2, 2, 2, -2, 2, 1], [2, -2, -2, 1, -2, 5, -2, -2, 2, -2, 2, -2], [2, -2, -2, 1, -2, 3, -2, 2, -2, -2, 3, -2], [2, -2, -2, 1, -2, 1, -2, -2, -2, 2, 2, 2], [2, -2, -2, 1, -2, 1, -2, 2, -2, 2, 2, -2], [2, -2, -2, 1, -2, 1, -2, 2, 2, -2, 3, 1], [2, -2, -2, 1, 2, -2, -2, -2, -2, 3, 1, -2], [2, -2, -2, 1, 2, -2, -2, 2, -2, -2, -2, 1], [2, -2, -2, 1, 2, 5, -2, -2, -2, -2, 3, -2], [2, -2, -2, 1, 2, 5, -2, -2, -2, 3, -2, -2], [2, -2, 2, -2, -2, -2, -2, -2, -2, 5, 5, -2], [2, -2, 2, -2, 2, 1, -2, 2, -2, 4, -2, -2], [2, -2, 2, -2, 1, -2, -2, -2, -2, 5, -2, 1], [2, -2, 2, 4, -2, -2, -2, -2, -2, 4, 4, -2], [2, -2, 2, 3, 2, 1, -2, -2, -2, -2, 3, -2], [2, -2, 2, 3, 2, 1, -2, -2, -2, 4, -2, -2], [2, -2, 1, -2, -2, 3, -2, 2, -2, 4, -2, -2], [2, -2, 1, -2, -2, 1, -2, -2, 1, 2, -2, 2], [2, -2, 1, -2, -2, 1, -2, 2, 1, -2, -2, 2], [2, -2, 1, -2, 2, 5, -2, -2, -2, -2, 3, 1], [2, -2, 1, -2, 2, 3, -2, -2, -2, -2, 3, 2], [2, -2, 1, -2, 2, 3, -2, 2, -2, -2, 3, -2], [2, -2, 1, -2, 1, 5, -2, -2, -2, -2, 2, 2], [2, -2, 1, -2, 1, 5, -2, -2, 2, -2, 2, -2], [2, -2, 1, -2, 1, 1, -2, 2, -2, -2, 3, 2], [2, -2, 1, -2, 1, 1, -2, 2, -2, 2, 1, 2], [2, -2, 1, 4, 1, -2, -2, -2, -2, 2, 1, -2], [2, -2, 1, 4, 1, -2, -2, 2, -2, 3, -2, 1], [2, -2, 1, 4, 1, 1, -2, -2, 2, -2, 1, 2], [2, -2, 1, 4, 1, 1, -2, -2, 2, 1, -2, 2], [2, -2, 1, 4, 1, 1, -2, 2, -2, 3, -2, -2], [2, -2, 1, 3, -2, -2, -2, -2, 1, 3, -2, 1], [2, -2, 1, 3, -2, -2, -2, 2, -2, 2, 1, 2], [2, -2, 1, 3, -2, -2, -2, 2, -2, 1, -2, 1], [2, -2, 1, 3, -2, 1, -2, -2, 2, 3, 3, 2], [2, -2, 1, 3, 2, -2, -2, -2, -2, 2, 1, 1], [2, -2, 1, 3, 1, -2, -2, -2, -2, 3, 2, 1], [2, -2, 1, 2, -2, 3, -2, -2, -2, -2, 3, -2], [2, -2, 1, 2, 2, 3, -2, -2, -2, -2, -2, 1], [2, -2, 1, 2, 2, 3, -2, -2, -2, 3, -2, -2], [2, -2, 1, 1, -2, -2, -2, -2, -2, 3, 3, 2], [2, -2, 1, 1, -2, -2, -2, -2, -2, 2, 2, 1], [2, -2, 1, 1, -2, 3, -2, -2, -2, -2, 3, 2], [2, -2, 1, 1, -2, 3, -2, 2, -2, -2, -2, 2], [2, -2, 1, 1, -2, 1, -2, -2, -2, 2, 2, -2], [2, -2, 1, 1, 2, -2, -2, -2, -2, -2, 3, 2], [2, -2, 1, 1, 1, -2, -2, -2, -2, 2, 2, -2], [2, -2, 0, -2, -2, -2, -2, -2, 2, -2, 3, 1], [2, -2, 0, -2, -2, 1, -2, -2, 2, -2, -2, 1], [2, -2, 0, 3, -2, -2, -2, -2, -2, -2, 3, -2], [2, -2, 0, 3, -2, 1, -2, -2, -2, -2, -2, -2], [2, -2, 0, 3, 2, -2, -2, -2, -2, -2, -2, -2], [2, -2, -1, -2, -2, -2, -2, -2, -2, -2, 3, 1], [2, -2, -1, -2, -2, -2, -2, -2, -2, 3, -2, 1], [2, -2, -1, -2, -2, -2, -2, -2, -2, 1, -2, 1], [2, -2, -1, -2, -2, -2, -2, -2, 1, -2, -2, -2], [2, -2, -1, -2, -2, -2, -2, 2, -2, -2, -2, 1], [2, -2, -1, -2, -2, 5, -2, -2, -2, -2, -2, 1], [2, -2, -1, -2, -2, 5, -2, -2, -2, 3, -2, -2], [2, -2, -1, -2, -2, 3, -2, -2, -2, -2, 3, -2], [2, -2, -1, -2, -2, 3, -2, 2, -2, -2, -2, -2], [2, -2, -1, -2, -2, 1, -2, -2, -2, 3, 3, -2], [2, -2, -1, -2, 2, -2, -2, -2, -2, 2, 1, -2], [2, -2, -1, -2, 2, -2, -2, 2, -2, 3, -2, -2], [2, -2, -1, -2, 2, 5, -2, 2, -2, -2, -2, -2], [2, -2, -1, -2, 1, -2, -2, -2, -2, -2, -2, 1], [2, -2, -1, -2, 1, -2, -2, -2, -2, 3, 3, -2], [2, -2, -1, -2, 1, 1, -2, -2, -2, -2, 3, -2], [2, -2, -1, 4, -2, -2, -2, -2, -2, -2, 2, -2], [2, -2, -1, 4, -2, -2, -2, -2, -2, 2, -2, -2], [2, -2, -1, 4, -2, 1, -2, -2, -2, -2, -2, -2], [2, -2, -1, 4, 2, -2, -2, -2, -2, -2, 1, -2], [2, -2, -1, 4, 1, -2, -2, -2, -2, -2, 3, -2], [2, -2, -1, 3, -2, -2, -2, -2, -2, -2, 1, 1], [2, -2, -1, 3, -2, -2, -2, -2, -2, 3, 3, -2], [2, -2, -1, 3, -2, 3, -2, -2, -2, -2, -2, -2], [2, -2, -1, 3, -2, 1, -2, -2, 2, 3, -2, -2], [2, -2, -1, 3, 1, -2, -2, -2, -2, -2, 3, -2], [2, -2, -1, 3, 1, -2, -2, -2, -2, 3, -2, -2], [2, -2, -1, 2, -2, -2, -2, -2, -2, 3, 3, -2], [2, -2, -1, 2, -2, 1, -2, -2, -2, -2, -2, 1], [2, -2, -1, 1, -2, -2, -2, -2, -2, 3, -2, -2], [2, -2, -1, 1, -2, -2, -2, -2, 2, -2, -2, 1], [2, -2, -1, 1, 1, -2, -2, 2, -2, -2, -2, -2], [2, 1, -2, -2, -2, -2, -2, -2, -2, 5, 5, 1], [2, 1, -2, -2, -2, -2, -2, 2, -2, 4, -2, 2], [2, 1, -2, -2, -2, 3, -2, -2, -2, -2, 3, 2], [2, 1, -2, -2, -2, 3, -2, -2, 2, -2, 1, 1], [2, 1, -2, -2, -2, 1, -2, 2, 2, 3, 3, 1], [2, 1, -2, -2, 2, 1, -2, 2, 2, -2, 3, 1], [2, 1, -2, -2, 1, -2, -2, -2, 2, 2, 2, 1], [2, 1, -2, -2, 1, -2, -2, 2, -2, 5, -2, -2], [2, 1, -2, -2, 1, -2, -2, 2, 2, 3, 3, 2], [2, 1, -2, -2, 1, 3, -2, -2, 2, 2, -2, 1], [2, 1, -2, -2, 1, 1, -2, -2, 2, 5, -2, -2], [2, 1, -2, -2, 1, 1, -2, 2, -2, 3, 3, 2], [2, 1, -2, -2, 1, 1, -2, 2, -2, 2, 2, 1], [2, 1, -2, 4, -2, -2, -2, -2, 2, 3, 3, 2], [2, 1, -2, 4, -2, 1, -2, -2, -2, 3, 3, 2], [2, 1, -2, 4, -2, 1, -2, 2, -2, -2, 3, -2], [2, 1, -2, 4, -2, 1, -2, 2, 2, 3, -2, -2], [2, 1, -2, 4, 1, -2, -2, -2, -2, 2, 2, -2], [2, 1, -2, 4, 1, -2, -2, -2, 2, -2, 2, -2], [2, 1, -2, 4, 1, -2, -2, 2, 2, 3, 3, -2], [2, 1, -2, 4, 1, 1, -2, -2, -2, 2, -2, 1], [2, 1, -2, 4, 1, 1, -2, -2, 2, 3, -2, -2], [2, 1, -2, 4, 1, 1, -2, 2, -2, 3, -2, -2], [2, 1, -2, 3, -2, -2, -2, 2, -2, 2, 1, -2], [2, 1, -2, 3, -2, 3, -2, -2, -2, -2, 1, -2], [2, 1, -2, 3, 2, -2, -2, -2, -2, -2, 1, 1], [2, 1, -2, 3, 2, -2, -2, -2, -2, 2, 1, -2], [2, 1, -2, 2, -2, 3, -2, -2, -2, -2, 3, -2], [2, 1, -2, 2, 2, -2, -2, 2, 2, -2, 3, 1], [2, 1, -2, 1, -2, -2, -2, -2, -2, 2, 2, 1], [2, 1, -2, 1, -2, -2, -2, 2, -2, -2, 3, 2], [2, 1, -2, 1, -2, 3, -2, -2, 2, -2, 3, -2], [2, 1, 2, -2, -2, -2, -2, -2, -2, -2, 5, -2], [2, 1, 2, -2, -2, -2, -2, -2, -2, 5, -2, 1], [2, 1, 2, -2, -2, -2, -2, -2, 2, 5, -2, -2], [2, 1, 2, -2, -2, 1, -2, 2, -2, -2, -2, 1], [2, 1, 2, -2, 1, -2, -2, -2, -2, 5, -2, -2], [2, 1, 1, -2, -2, -2, -2, 2, -2, 3, 3, 2], [2, 1, 1, -2, -2, 3, -2, -2, -2, 2, 1, -2], [2, 1, 1, -2, -2, 1, -2, -2, -2, 4, -2, 2], [2, 1, 1, -2, 2, 3, -2, -2, -2, -2, 3, -2], [2, 1, 1, -2, 1, -2, -2, 2, 2, -2, 3, 2], [2, 1, 1, -2, 1, 1, -2, 2, -2, 3, 3, -2], [2, 1, 1, 4, -2, -2, -2, -2, -2, 3, 3, 2], [2, 1, 1, 4, -2, 1, -2, -2, 2, -2, 3, 2], [2, 1, 1, 4, -2, 1, -2, 2, -2, 3, -2, -2], [2, 1, 1, 4, 1, -2, -2, 2, -2, 3, -2, -2], [2, 1, 1, 3, -2, -2, -2, -2, -2, 2, 1, 1], [2, 1, 1, 3, 1, -2, -2, -2, -2, -2, 2, 1], [2, 1, -1, -2, -2, -2, -2, -2, -2, 5, -2, -2], [2, 1, -1, -2, -2, 1, -2, -2, 2, 2, 2, -2], [2, 1, -1, -2, 1, -2, -2, -2, -2, -2, 3, -2], [2, 1, -1, -2, 1, -2, -2, -2, -2, 2, 2, -2], [2, 1, -1, -2, 1, -2, -2, -2, 2, -2, 2, -2], [2, 1, -1, -2, 1, -2, -2, -2, 2, 2, -2, -2], [2, 1, -1, 4, -2, -2, -2, -2, -2, -2, -2, -2], [2, 0, -2, -2, -2, -2, -2, 2, -2, 1, -2, 1], [2, 0, -2, -2, -2, 3, -2, 2, -2, 4, -2, -2], [2, 0, -2, -2, -2, 1, -2, 2, 1, -2, -2, 2], [2, 0, -2, -2, 2, -2, -2, -2, -2, 1, -2, 1], [2, 0, -2, -2, 2, 5, -2, -2, -2, -2, 3, 1], [2, 0, -2, -2, 2, 1, -2, -2, -2, -2, 4, 2], [2, 0, -2, -2, 1, -2, -2, -2, -2, 2, 1, 2], [2, 0, -2, -2, 1, -2, -2, 2, -2, -2, 4, -2], [2, 0, -2, -2, 1, -2, -2, 2, 2, 2, 1, -2], [2, 0, -2, -2, 1, 3, -2, -2, -2, -2, 1, 1], [2, 0, -2, -2, 1, 1, -2, 2, -2, 2, 1, -2], [2, 0, -2, -2, 1, 1, -2, 2, 2, 3, 3, 1], [2, 0, -2, 4, -2, -2, -2, -2, -2, 2, 1, 2], [2, 0, -2, 4, -2, -2, -2, 2, -2, 2, 1, -2], [2, 0, -2, 4, -2, 1, -2, -2, 2, 2, 1, -2], [2, 0, -2, 4, -2, 1, -2, 2, -2, 2, -2, 2], [2, 0, -2, 4, 2, -2, -2, -2, -2, -2, 1, 1], [2, 0, -2, 4, 1, -2, -2, -2, -2, 2, 1, -2], [2, 0, -2, 4, 1, -2, -2, 2, -2, 2, -2, 2], [2, 0, -2, 4, 1, 1, -2, -2, -2, -2, 1, 2], [2, 0, -2, 4, 1, 1, -2, -2, -2, 2, -2, 2], [2, 0, -2, 3, -2, -2, -2, -2, -2, 2, 3, -2], [2, 0, -2, 3, -2, 3, -2, -2, 2, 4, -2, -2], [2, 0, -2, 3, -2, 3, -2, 2, -2, -2, -2, 1], [2, 0, -2, 3, -2, 2, -2, -2, -2, 4, -2, 1], [2, 0, -2, 3, -2, 2, -2, -2, 2, 4, -2, -2], [2, 0, -2, 3, -2, 1, -2, -2, -2, 3, 3, 2], [2, 0, -2, 3, -2, 1, -2, 2, -2, -2, 3, 2], [2, 0, -2, 3, 2, -2, -2, -2, -2, 4, -2, 1], [2, 0, -2, 3, 2, -2, -2, -2, -2, 4, 1, -2], [2, 0, -2, 3, 2, 2, -2, -2, -2, 4, -2, -2], [2, 0, -2, 3, 2, 1, -2, -2, -2, 4, -2, -2], [2, 0, -2, 3, 1, -2, -2, 2, -2, 2, 1, -2], [2, 0, -2, 3, 1, 1, -2, -2, -2, 2, 1, -2], [2, 0, -2, 2, -2, -2, -2, -2, 2, 3, 3, 1], [2, 0, -2, 1, -2, -2, -2, 2, -2, -2, -2, 1], [2, 0, -2, 1, -2, 3, -2, -2, -2, -2, -2, 1], [2, 0, -2, 1, -2, 3, -2, 2, -2, -2, -2, -2], [2, 0, -2, 1, -2, 2, -2, -2, -2, -2, -2, -2], [2, 0, -2, 1, -2, 1, -2, -2, -2, 3, 3, -2], [2, 0, -2, 1, 2, -2, -2, 2, -2, -2, 2, -2], [2, 0, -2, 1, 2, -2, -2, 2, -2, 3, -2, -2], [2, 0, -2, 1, 1, -2, -2, -2, -2, -2, 3, 1], [2, 0, -2, 1, 1, -2, -2, -2, -2, 1, -2, -2], [2, 0, 2, -2, 2, 1, -2, -2, -2, 4, -2, 1], [2, 0, 2, 3, 2, -2, -2, -2, -2, 4, -2, -2], [2, 0, 1, -2, -2, 3, -2, -2, 2, 4, -2, -2], [2, 0, 1, -2, 2, -2, -2, -2, -2, 4, 4, 1], [2, 0, 1, -2, 2, -2, -2, -2, -2, 2, 3, -2], [2, 0, 1, -2, 2, 1, -2, -2, -2, -2, 4, -2], [2, 0, 1, 3, -2, 3, -2, -2, -2, 4, -2, -2], [2, 0, 1, 1, -2, -2, -2, -2, -2, -2, 3, 2], [2, 0, 1, 1, -2, -2, -2, -2, -2, 3, 3, -2], [2, 0, 1, 1, 1, -2, -2, -2, 2, -2, -2, 1], [2, 0, 1, 1, 1, 1, -2, -2, -2, -2, 3, -2], [2, 0, 0, -2, -2, 1, -2, -2, -2, -2, -2, -2], [2, 0, -1, -2, -2, -2, -2, -2, -2, -2, 1, 1], [2, 0, -1, -2, -2, -2, -2, -2, -2, 3, 3, -2], [2, 0, -1, -2, -2, -2, -2, 2, -2, -2, 3, -2], [2, 0, -1, -2, -2, -2, -2, 2, -2, 3, -2, -2], [2, 0, -1, -2, 2, -2, -2, 2, -2, -2, 2, -2], [2, 0, -1, -2, 2, 5, -2, -2, -2, -2, -2, -2], [2, 0, -1, 3, -2, -2, -2, -2, -2, -2, -2, 1], [2, 0, -1, 3, -2, -2, -2, -2, -2, -2, 3, -2], [2, 0, -1, 3, -2, -2, -2, -2, -2, 3, -2, -2], [2, 0, -1, 3, -2, -2, -2, 2, -2, -2, -2, -2], [2, 0, -1, 1, -2, -2, -2, -2, -2, -2, -2, 1], [1, -2, -2, -2, -2, 5, -2, -2, -2, 3, 2, -2], [1, -2, -2, -2, 2, -2, -2, -2, -2, 3, 4, -2], [1, -2, -2, -2, 2, 5, -2, -2, -2, -2, 4, -2], [1, -2, -2, -2, 2, 5, -2, -2, -2, 2, 1, -2], [1, -2, -2, -2, 1, 1, -2, -2, -2, 3, 1, 2], [1, -2, -2, 4, -2, 5, -2, -2, -2, 2, 1, -2], [1, -2, -2, 4, 1, -2, -2, -2, -2, 3, 1, -2], [1, -2, -2, 4, 1, 5, -2, -2, -2, 1, -2, 2], [1, -2, -2, 4, 1, 1, -2, -2, 2, 2, 1, -2], [1, -2, -2, 3, 2, 1, -2, -2, -2, 3, 1, 2], [1, -2, -2, 3, 1, 1, -2, -2, -2, 4, -2, -2], [1, -2, -2, 3, 1, 1, -2, -2, 2, 1, 1, 1], [1, -2, -2, 3, 1, 1, -2, 2, -2, 1, 1, 1], [1, -2, -2, 2, -2, -2, -2, -2, -2, 3, 2, 2], [1, -2, -2, 2, -2, -2, -2, -2, 2, 3, 2, -2], [1, -2, -2, 2, 2, 1, -2, -2, -2, 3, -2, 2], [1, -2, -2, 2, 2, 1, -2, -2, -2, 3, 2, -2], [1, -2, -2, 2, 1, -2, -2, -2, -2, -2, 3, 1], [1, -2, -2, 2, 1, 5, -2, -2, -2, -2, -2, 1], [1, -2, -2, 1, -2, -2, -2, -2, -2, 3, 1, 2], [1, -2, -2, 1, -2, 3, -2, -2, -2, -2, 1, -2], [1, -2, -2, 1, 2, -2, -2, -2, -2, 3, -2, -2], [1, -2, -2, 1, 2, 1, -2, -2, -2, -2, 3, 2], [1, -2, 2, -2, -2, -2, -2, -2, -2, 3, 2, -2], [1, -2, 2, -2, -2, 1, -2, -2, -2, 3, -2, 2], [1, -2, 2, -2, -2, 1, -2, -2, 2, 3, -2, -2], [1, -2, 2, -2, 2, 5, -2, -2, -2, 4, -2, -2], [1, -2, 2, -2, 2, 1, -2, -2, -2, 3, -2, -2], [1, -2, 2, -2, 1, -2, -2, -2, -2, -2, 2, -2], [1, -2, 2, -2, 1, -2, -2, -2, 2, 3, -2, 2], [1, -2, 2, 4, -2, -2, -2, -2, -2, 3, -2, 2], [1, -2, 2, 4, -2, -2, -2, -2, -2, 3, 3, -2], [1, -2, 2, 4, -2, 1, -2, -2, -2, -2, -2, 2], [1, -2, 2, 4, -2, 1, -2, -2, -2, -2, 3, -2], [1, -2, 2, 2, -2, -2, -2, -2, -2, -2, 2, -2], [1, -2, 1, -2, 2, -2, -2, -2, -2, -2, 4, -2], [1, -2, 1, -2, 1, -2, -2, -2, -2, 1, 2, -2], [1, -2, 1, -2, 1, 1, -2, -2, -2, 3, 1, -2], [1, -2, 1, 3, -2, 3, -2, -2, -2, 3, 3, 2], [1, -2, 1, 3, -2, 1, -2, -2, -2, 4, -2, -2], [1, -2, 1, 3, 1, -2, -2, -2, -2, 4, -2, 2], [1, -2, 1, 3, 1, -2, -2, -2, -2, 1, 1, 1], [1, -2, 1, 3, 1, 1, -2, -2, -2, -2, 3, 2], [1, -2, 1, 3, 1, 1, -2, -2, 2, 3, 3, -2], [1, -2, 1, 2, 2, 1, -2, -2, 2, -2, 3, 2], [1, -2, 1, 2, 2, 1, -2, -2, 2, 3, 3, -2], [1, -2, 1, 1, -2, -2, -2, -2, -2, 3, 3, -2], [1, -2, 1, 1, 2, -2, -2, -2, -2, -2, 3, -2], [1, -2, -1, -2, -2, -2, -2, -2, 2, -2, 2, 1], [1, -2, -1, -2, -2, 3, -2, -2, 2, -2, 3, -2], [1, -2, -1, -2, 1, -2, -2, -2, -2, 2, 1, -2], [1, -2, -1, -2, 1, 1, -2, -2, -2, 2, -2, 2], [1, -2, -1, 4, -2, -2, -2, -2, -2, -2, 1, 2], [1, -2, -1, 4, -2, -2, -2, -2, -2, 3, -2, 2], [1, -2, -1, 4, -2, -2, -2, -2, -2, 3, 3, -2], [1, -2, -1, 4, -2, -2, -2, -2, -2, 1, 1, -2], [1, -2, -1, 4, -2, -2, -2, -2, 2, -2, 1, -2], [1, -2, -1, 4, -2, -2, -2, -2, 2, 1, -2, -2], [1, -2, -1, 4, -2, 5, -2, -2, -2, -2, -2, 2], [1, -2, -1, 4, -2, 1, -2, -2, -2, -2, 1, -2], [1, -2, -1, 4, -2, 1, -2, -2, -2, 3, -2, -2], [1, -2, -1, 4, -2, 1, -2, -2, -2, 1, -2, -2], [1, -2, -1, 4, 2, -2, -2, -2, -2, -2, 3, -2], [1, -2, -1, 4, 2, -2, -2, -2, -2, 3, -2, -2], [1, -2, -1, 4, 2, 5, -2, -2, -2, -2, -2, -2], [1, -2, -1, 4, 2, 1, -2, -2, -2, -2, -2, -2], [1, -2, -1, 4, 1, -2, -2, -2, -2, -2, 1, -2], [1, -2, -1, 3, -2, 1, -2, -2, -2, 2, 2, -2], [1, -2, -1, 3, 1, 1, -2, -2, -2, -2, 2, -2], [1, -2, -1, 3, 1, 1, -2, -2, -2, 2, -2, -2], [1, 1, -2, -2, -2, -2, -2, -2, 2, 5, -2, 1], [1, 1, -2, -2, -2, 3, -2, -2, 2, -2, 3, 1], [1, 1, -2, -2, -2, 3, -2, -2, 2, 3, 3, -2], [1, 1, -2, -2, -2, 1, -2, -2, -2, 3, 1, 2], [1, 1, -2, -2, 2, 5, -2, -2, -2, 2, -2, 2], [1, 1, -2, -2, 2, 3, -2, -2, -2, 3, 3, -2], [1, 1, -2, -2, 2, 1, -2, -2, -2, 3, 3, 2], [1, 1, -2, -2, 1, -2, -2, -2, -2, 3, 1, 2], [1, 1, -2, -2, 1, -2, -2, -2, -2, 1, -2, 1], [1, 1, -2, -2, 1, 1, -2, -2, -2, 3, 1, -2], [1, 1, -2, 4, -2, 5, -2, -2, -2, 2, -2, -2], [1, 1, -2, 4, 2, -2, -2, -2, -2, 3, 3, -2], [1, 1, -2, 4, 1, 1, -2, -2, -2, -2, 1, 2], [1, 1, -2, 3, -2, 5, -2, -2, -2, -2, 2, 2], [1, 1, -2, 3, -2, 1, -2, -2, 2, 2, 1, 2], [1, 1, -2, 3, 1, -2, -2, -2, -2, -2, 1, 1], [1, 1, -2, 2, -2, 1, -2, -2, -2, 3, 2, -2], [1, 1, -2, 2, 2, -2, -2, -2, -2, 3, 2, -2], [1, 1, -2, 2, 2, 1, -2, -2, 2, 3, -2, -2], [1, 1, -2, 1, -2, -2, -2, -2, -2, 3, -2, 2], [1, 1, -2, 1, -2, -2, -2, -2, -2, 3, 3, -2], [1, 1, -2, 1, -2, 5, -2, -2, -2, 2, -2, -2], [1, 1, -2, 1, -2, 1, -2, -2, -2, 3, -2, -2], [1, 1, -2, 1, 2, -2, -2, -2, -2, -2, -2, 1], [1, 1, -2, 1, 2, -2, -2, -2, -2, -2, 3, -2], [1, 1, -2, 1, 2, 5, -2, -2, -2, -2, -2, -2], [1, 1, 2, -2, -2, 1, -2, -2, -2, 3, -2, -2], [1, 1, 2, 4, -2, -2, -2, -2, -2, 3, -2, -2], [1, 1, 1, -2, -2, -2, -2, -2, -2, -2, 4, -2], [1, 1, 1, -2, 1, -2, -2, -2, -2, 3, 1, -2], [1, 1, 1, -2, 1, -2, -2, -2, 2, 3, 2, 2], [1, 1, 1, 3, -2, -2, -2, -2, -2, -2, 1, 1], [1, 1, 1, 3, -2, 1, -2, -2, 2, 2, 1, -2], [1, 1, 1, 3, 1, 1, -2, -2, -2, -2, -2, 1], [1, 1, 1, 2, -2, 1, -2, -2, 2, -2, 2, 2], [1, 1, 1, 2, 2, -2, -2, -2, 2, -2, 2, 2], [1, 1, 1, 2, 2, 1, -2, -2, -2, -2, 2, 2], [1, 1, 1, 2, 2, 1, -2, -2, -2, 2, -2, 2], [1, 1, 1, 1, -2, -2, -2, -2, -2, -2, 3, -2], [1, 1, -1, -2, -2, 3, -2, -2, -2, -2, -2, -2], [1, 1, -1, -2, 2, -2, -2, -2, -2, -2, 1, -2], [1, 1, -1, -2, 2, 5, -2, -2, -2, -2, -2, -2], [1, 1, -1, -2, 1, -2, -2, -2, -2, -2, 2, -2], [1, 0, -2, 4, -2, 5, -2, -2, -2, 1, 1, 2], [1, 0, -2, 4, 1, 5, -2, -2, -2, 1, -2, -2], [1, 0, -2, 3, -2, 5, -2, -2, 2, -2, 4, 1], [1, 0, -2, 3, -2, 3, -2, -2, -2, 3, 3, 2], [1, 0, -2, 3, 2, -2, -2, -2, -2, 3, 2, 2], [1, 0, -2, 3, 2, 3, -2, -2, -2, -2, 3, 2], [1, 0, -2, 3, 2, 3, -2, -2, -2, 3, -2, 2], [1, 0, 2, -2, -2, -2, -2, -2, -2, -2, 2, 2], [1, 0, 2, -2, -2, 5, -2, -2, -2, -2, 3, -2], [1, 0, 1, 3, -2, 3, -2, -2, -2, -2, 3, 2], [1, 0, 1, 3, -2, 3, -2, -2, -2, 3, -2, 2], [1, 0, 1, 3, -2, 3, -2, -2, -2, 3, 3, -2], [1, 0, 1, 3, 1, -2, -2, -2, -2, 3, 3, 2], [1, 0, 1, 3, 1, 1, -2, -2, -2, 3, -2, 2], [1, 0, 1, 3, 1, 1, -2, -2, -2, 3, 3, -2], [1, 0, 1, 3, 1, 1, -2, -2, 2, -2, 3, -2], [1, 0, -1, -2, 1, 1, -2, -2, -2, -2, 1, 2], [1, 0, -1, -2, 1, 1, -2, -2, -2, 2, -2, -2], [1, 0, -1, -2, 1, 1, -2, -2, 2, -2, 1, -2], [1, 0, -1, -2, 1, 1, -2, 2, -2, -2, 1, -2], [1, 0, -1, 4, -2, -2, -2, -2, -2, -2, 1, -2], [1, 0, -1, 4, -2, -2, -2, -2, -2, 1, -2, -2], [1, 0, -1, 4, -2, 1, -2, -2, -2, -2, -2, 2], [1, 0, -1, 4, -2, 1, -2, -2, 2, -2, -2, -2], [1, 0, -1, 4, 2, -2, -2, -2, -2, -2, -2, 2], [0, -2, -2, -2, -2, -2, -2, -2, 2, 3, 4, -2], [0, -2, -2, -2, -2, 5, -2, -2, -2, 3, 4, -2], [0, -2, -2, -2, 2, 5, -2, -2, -2, 3, 1, -2], [0, -2, -2, 4, -2, 5, -2, -2, -2, 3, 1, -2], [0, -2, -2, 4, 2, 1, -2, -2, -2, 1, -2, -2], [0, -2, -2, 2, 1, -2, -1, -2, -2, 1, 1, 2], [0, -2, -2, 2, 1, -2, -1, -2, 2, 1, -2, -2], [0, -2, -2, 2, 1, 5, -1, -2, 2, 2, 2, -2], [0, -2, -2, 1, -2, -2, -2, -2, -2, 4, -2, 2], [0, -2, -2, 1, -2, -2, -2, -2, 2, 4, -2, -2], [0, -2, -2, 1, -2, -2, -2, 2, -2, 4, -2, -2], [0, -2, -2, 1, -2, 5, -2, -2, -2, 4, -2, -2], [0, -2, 2, -2, -2, 5, -1, -2, -2, -2, 3, -2], [0, -2, 1, -2, -2, -2, -2, -2, -2, -2, 4, -2], [0, -2, 1, 4, 2, 5, -1, -2, -2, 3, 3, -2], [0, -2, 1, 2, 1, -2, -1, -2, -2, 1, -2, -2], [0, -2, 1, 2, 1, -2, -1, -2, 2, 2, 2, -2], [0, -2, 1, 2, 1, 5, -1, -2, -2, 2, 2, -2], [0, -2, 1, 2, 1, 5, -1, -2, 2, -2, 1, -2], [0, -2, 1, 1, 2, 5, -2, -2, -2, -2, 2, 2], [0, -2, 1, 1, 2, 5, -2, -2, -2, 1, 1, -2], [0, -2, -1, -2, -2, -2, -2, 2, -2, 3, 1, -2], [0, -2, -1, -2, -2, -2, -1, -2, -2, -2, 5, -2], [0, -2, -1, -2, -2, 5, -1, -2, 2, -2, 1, 2], [0, -2, -1, -2, -2, 1, -2, -2, -2, -2, 3, -2], [0, -2, -1, -2, -2, 1, -1, -2, -2, 3, -2, -2], [0, -2, -1, -2, 1, 5, -1, -2, -2, -2, 1, 2], [0, -2, -1, -2, 1, 5, -1, -2, -2, 1, -2, 2], [0, -2, -1, -2, 1, 5, -1, -2, 2, -2, 1, -2], [0, -2, -1, -2, 1, 5, -1, -2, 2, 1, -2, -2], [0, -2, -1, 4, -2, 5, -1, -2, -2, 1, -2, 2], [0, -2, -1, 4, 2, -2, -2, -2, -2, 3, 2, -2], [0, -2, -1, 3, -2, 5, -1, -2, -2, -2, 1, 2], [0, -2, -1, 3, -2, 5, -1, -2, 2, -2, 1, -2], [0, -2, -1, 3, 1, 5, -1, -2, -2, -2, 1, -2], [0, -2, -1, 2, 1, -2, -2, -2, 2, -2, 3, -2], [0, -2, -1, 2, 1, -2, -2, 2, -2, 3, -2, -2], [0, -2, -1, 2, 1, 5, -2, -2, -2, 3, -2, -2], [0, 1, -2, -2, 1, 5, -1, -2, -2, -2, 3, 2], [0, 1, -2, 4, -2, -2, -2, -2, -2, -2, 1, 2], [0, 1, -2, 4, -2, -2, -2, -2, 2, -2, 1, -2], [0, 1, -2, 4, -2, -2, -2, 2, -2, -2, 1, -2], [0, 1, -2, 4, 2, 5, -2, -2, -2, 2, -2, -2], [0, 1, -2, 2, -2, 5, -1, -2, 2, 1, 1, -2], [0, 1, -2, 2, 1, 5, -1, -2, -2, 1, -2, -2], [0, 1, -2, 2, 1, 5, -1, -2, 2, -2, 1, 2], [0, 1, -2, 1, -2, -2, -2, -2, 2, 3, -2, -2], [0, 1, -2, 1, -2, 5, -2, -2, -2, -2, 1, 2], [0, 1, -2, 1, -2, 5, -2, -2, 2, -2, 1, -2], [0, 1, -2, 1, 2, -2, -2, -2, -2, -2, 1, 2], [0, 1, -2, 1, 2, -2, -2, -2, 2, -2, 1, -2], [0, 1, -2, 1, 2, -2, -1, -2, -2, -2, -2, 2], [0, 1, -2, 1, 2, 5, -2, -2, 2, -2, -2, -2], [0, 1, -2, 1, 1, 5, -2, -2, -2, 1, 1, -2], [0, 1, -2, 1, 1, 5, -1, -2, -2, 1, -2, 2], [0, 1, -2, 1, 1, 5, -1, -2, 2, 1, -2, -2], [0, 1, 2, -2, 1, -2, -2, -2, -2, -2, -2, 2], [0, 1, 2, -2, 1, 5, -2, -2, -2, -2, -2, -2], [0, 1, 1, -2, -2, 5, -1, -2, -2, 2, 1, -2], [0, 1, 1, 4, -2, -2, -2, -2, -2, -2, 1, -2], [0, 1, 1, 4, 2, 5, -2, -2, -2, -2, -2, -2], [0, 1, 1, 2, -2, 5, -1, -2, -2, 1, 1, -2], [0, 1, 1, 2, -2, 5, -1, -2, 2, -2, 1, 2], [0, 1, 1, 2, 1, 5, -1, -2, -2, -2, 1, 2], [0, 1, 1, 1, -2, 5, -2, -2, -2, -2, 1, -2], [0, 1, 1, 1, 2, -2, -2, -2, -2, -2, -2, -2], [0, 1, -1, -2, 2, 1, -2, -2, 2, -2, -2, -2], [0, 1, -1, -2, 2, 1, -2, 2, -2, -2, -2, -2], [0, 1, -1, -2, 1, -2, -2, -2, -2, -2, 1, 2], [0, 1, -1, -2, 1, -2, -2, -2, -2, 1, -2, 2], [0, 1, -1, -2, 1, -2, -2, -2, 2, 1, -2, -2], [0, 1, -1, -2, 1, -2, -2, 2, -2, -2, 1, -2], [0, 1, -1, -2, 1, -2, -2, 2, -2, 1, -2, -2], [0, 1, -1, -2, 1, -2, -1, -2, -2, 1, 2, -2], [0, 1, -1, 3, -2, -2, -2, 2, -2, -2, 2, -2], [0, 1, -1, 3, -2, -2, -1, 2, -2, -2, 1, -2], [0, 1, -1, 3, -2, -2, -1, 2, -2, 1, -2, -2], [0, 1, -1, 3, -2, 1, -2, 2, -2, -2, -2, -2], [0, 1, -1, 3, 2, -2, -2, -2, -2, -2, -2, 2], [0, 1, -1, 3, 2, -2, -2, -2, 2, -2, -2, -2], [0, 1, -1, 2, 1, -2, -2, -2, 2, -2, -2, -2], [0, 1, -1, 1, 1, -2, -2, -2, -2, -2, -2, 2], [0, 0, -2, -2, -2, -2, -1, -2, -2, -2, 5, -2], [0, 0, -2, 3, -2, -2, -2, -2, 2, -2, 4, -2], [0, 0, -2, 3, -2, -2, -1, -2, -2, 3, 2, -2], [0, 0, -2, 3, -2, 5, -2, -2, 2, 3, 1, -2], [0, 0, -2, 3, 2, 1, -1, -2, -2, -2, 2, -2], [0, 0, -2, 2, -2, -2, -2, -2, -2, -2, 2, 2], [0, 0, -2, 2, -2, 5, -2, -2, 2, 2, 2, -2], [0, 0, -2, 2, 2, -2, -2, -2, -2, 1, -2, 2], [0, 0, -2, 2, 2, -2, -2, -2, 2, 2, 2, -2], [0, 0, -2, 2, 2, -2, -2, 2, -2, 2, 2, -2], [0, 0, -2, 2, 1, -2, -1, -2, 2, -2, 2, -2], [0, 0, -2, 2, 1, -2, -1, -2, 2, -2, 1, -2], [0, 0, -2, 2, 1, 5, -2, -2, 2, -2, 2, -2], [0, 0, -2, 2, 1, 5, -2, -2, 2, 3, -2, -2], [0, 0, -2, 2, 1, 5, -1, -2, -2, -2, 2, -2], [0, 0, 1, 4, -2, 5, -1, -2, -2, 3, 3, -2], [0, 0, 1, 4, 2, -2, -1, -2, -2, 3, 3, -2], [0, 0, 1, 3, -2, -2, -2, -2, -2, 3, 2, 2], [0, 0, 1, 3, -2, 1, -2, -2, -2, -2, 2, 2], [0, 0, 1, 3, -2, 1, -1, -2, -2, -2, 2, -2], [0, 0, 1, 2, 2, -2, -2, -2, -2, 1, 1, -2], [0, 0, 1, 2, 1, -2, -1, -2, -2, -2, 1, -2], [0, 0, 1, 2, 1, 5, -2, -2, -2, 3, -2, -2], [0, 0, -1, -2, -2, 5, -1, -2, -2, -2, 1, 2], [0, 0, -1, -2, -2, 5, -1, -2, 2, -2, 1, -2], [0, 0, -1, 4, -2, -2, -1, -2, -2, 1, -2, 2]]
20 249 
 [[-2, -2, -2, -2, -2, -2, -2, 2, -2, 5, 4, 1], [-2, -2, -2, -2, -2, 3, -2, -2, 2, 5, -2, -2], [-2, -2, -2, -2, -2, 1, -2, 2, -2, 5, -2, 1], [-2, -2, -2, -2, 1, -2, -2, 2, -2, 5, -2, 1], [-2, -2, -2, 4, -2, -2, -2, -2, 1, 2, -2, -2], [-2, -2, -2, 4, -2, 1, -2, 4, 2, 2, -2, 1], [-2, -2, -2, 4, 1, -2, -2, 4, -2, 2, -2, 1], [-2, -2, -2, 4, 1, -2, -2, 4, -2, 2, 2, -2], [-2, -2, -2, 4, 1, -2, -1, 2, -2, 3, 1, -2], [-2, -2, -2, 4, 1, 1, -2, 4, 2, -2, 2, -2], [-2, -2, -2, 3, -2, 5, -2, -2, -2, 3, 2, -2], [-2, -2, -2, 3, 2, -2, -2, 4, -2, 4, 4, -2], [-2, -2, -2, 3, 2, 1, -2, 4, -2, 4, -2, -2], [-2, -2, -2, 3, 1, 3, -2, 2, 2, -2, -2, 1], [-2, -2, -2, 2, 2, 5, 3, -2, -2, -2, -2, 2], [-2, -2, -2, 1, -2, 5, -2, -2, -2, 4, -2, 2], [-2, -2, -2, 1, -2, 3, -2, -2, -2, 3, -2, -2], [-2, -2, -2, 1, -2, 2, -2, -2, 2, -2, -2, 1], [-2, -2, -2, 1, 2, 2, -2, -2, -2, -2, -2, 1], [-2, -2, -2, 1, 2, 1, -2, 2, -2, -2, -2, 1], [-2, -2, 2, -2, -2, 5, -1, -2, -2, -2, 3, 2], [-2, -2, 2, -2, 1, 3, -2, -2, 2, -2, -2, -2], [-2, -2, 1, -2, -2, -2, -2, 2, -2, 5, -2, 1], [-2, -2, 1, -2, 2, -2, -2, 4, -2, 4, 4, -2], [-2, -2, 1, -2, 2, -2, 3, -2, -2, 1, -2, -2], [-2, -2, 1, -2, 2, 5, -2, -2, -2, -2, 4, -2], [-2, -2, 1, -2, 2, 5, 3, -2, -2, -2, 1, -2], [-2, -2, 1, 4, 1, -2, -2, 2, -2, 3, 1, -2], [-2, -2, 1, 3, -2, -2, -2, 4, -2, 4, 4, -2], [-2, -2, 1, 3, -2, 5, 3, -2, -2, 1, 1, -2], [-2, -2, 1, 3, 2, -2, -2, -2, -2, 4, 4, -2], [-2, -2, 1, 3, 1, 1, -2, -2, -2, 3, 3, 2], [-2, -2, 1, 3, 1, 1, -2, 2, -2, -2, 3, 2], [-2, -2, 1, 3, 1, 1, -2, 2, 2, 3, 3, -2], [-2, -2, 1, 1, -2, 1, -2, -2, -2, 3, 3, 2], [-2, -2, 1, 1, 2, -2, -1, -2, -2, 3, 3, 2], [-2, -2, 1, 1, 2, 1, -2, 2, -2, 3, 3, -2], [-2, -2, -1, -2, -2, -2, -2, 4, -2, -2, 3, 1], [-2, -2, -1, -2, -2, -2, -2, 4, -2, 3, -2, 1], [-2, -2, -1, -2, -2, -2, -2, 2, 2, -2, 2, 1], [-2, -2, -1, -2, -2, 3, -2, -2, -2, -2, -2, 1], [-2, -2, -1, -2, -2, 3, -2, -2, -2, 3, -2, -2], [-2, -2, -1, -2, -2, 1, -2, -2, -2, 3, 3, 1], [-2, -2, -1, -2, -2, 1, -2, -2, -2, 2, 2, 1], [-2, -2, -1, -2, -2, 1, -2, 4, -2, -2, -2, 1], [-2, -2, -1, -2, -2, 1, -2, 4, -2, -2, 3, -2], [-2, -2, -1, -2, 2, -2, -2, 4, -2, -2, 1, -2], [-2, -2, -1, -2, 1, -2, -2, -2, -2, -2, 3, 1], [-2, -2, -1, -2, 1, -2, -2, -2, -2, -2, 2, 1], [-2, -2, -1, -2, 1, -2, -2, 4, -2, -2, -2, 1], [-2, -2, -1, -2, 1, -2, -2, 4, -2, 3, -2, -2], [-2, -2, -1, -2, 1, -2, -1, 2, 2, 2, 1, -2], [-2, -2, -1, 4, -2, -2, -2, 4, -2, -2, -2, 1], [-2, -2, -1, 4, -2, -2, -1, -2, -2, 3, 2, -2], [-2, -2, -1, 4, -2, 5, -1, -2, -2, -2, 1, 2], [-2, -2, -1, 4, -2, 5, -1, -2, 2, -2, 1, -2], [-2, -2, -1, 4, -2, 1, -2, -2, -2, -2, -2, 1], [-2, -2, -1, 4, -2, 1, -2, -2, -2, -2, 3, -2], [-2, -2, -1, 4, -2, 1, -2, -2, -2, -2, 2, -2], [-2, -2, -1, 4, -2, 1, -2, -2, -2, 2, -2, -2], [-2, -2, -1, 4, -2, 1, -2, -2, -2, 1, 1, -2], [-2, -2, -1, 4, -2, 1, -2, -2, 2, -2, 1, 2], [-2, -2, -1, 4, -2, 1, -2, 4, -2, -2, -2, -2], [-2, -2, -1, 4, 2, 1, -2, -2, -2, -2, -2, 2], [-2, -2, -1, 4, 1, -2, -2, -2, -2, -2, -2, 1], [-2, -2, -1, 4, 1, -2, -2, 4, -2, -2, -2, -2], [-2, -2, -1, 4, 1, -2, -1, 2, -2, -2, 1, 2], [-2, -2, -1, 4, 1, 1, -1, -2, 2, 3, -2, -2], [-2, -2, -1, 3, 1, -2, -1, 2, 2, -2, -2, 1], [-2, -2, -1, 2, -2, -2, -2, -2, -2, 4, -2, -2], [-2, -2, -1, 1, -2, -2, -2, 2, 2, 3, -2, -2], [-2, 1, -2, -2, -2, -2, -2, 2, -2, 5, -2, 1], [-2, 1, -2, -2, -2, 5, -2, -2, -2, 2, 1, 2], [-2, 1, -2, -2, -2, 5, -2, -2, 2, -2, 4, 2], [-2, 1, -2, -2, -2, 5, -1, 2, 2, 2, 1, -2], [-2, 1, -2, -2, -2, 3, -2, -2, 2, 3, 3, 2], [-2, 1, -2, -2, -2, 1, -2, 2, -2, 5, -2, -2], [-2, 1, -2, -2, -2, 1, -2, 2, -2, 3, 1, 2], [-2, 1, -2, -2, 1, -2, -1, -2, 2, 5, -2, 1], [-2, 1, -2, -2, 1, -2, -1, 2, 2, 5, -2, -2], [-2, 1, -2, 4, -2, 5, -2, -2, -2, -2, 1, -2], [-2, 1, -2, 4, -2, 5, -2, -2, -2, 2, -2, 2], [-2, 1, -2, 4, -2, 1, -2, -2, 2, -2, 2, 1], [-2, 1, -2, 4, 2, 5, -2, -2, 2, 2, -2, -2], [-2, 1, -2, 4, 2, 5, -2, 2, -2, 2, -2, -2], [-2, 1, -2, 4, 1, -2, -2, -2, 2, -2, 2, 1], [-2, 1, -2, 4, 1, -2, -2, 4, -2, -2, 2, -2], [-2, 1, -2, 4, 1, -2, -2, 4, -2, 2, -2, -2], [-2, 1, -2, 4, 1, 1, -2, -2, -2, -2, 2, 1], [-2, 1, -2, 3, -2, 1, -2, -2, -2, 1, -2, 1], [-2, 1, -2, 3, 1, 5, -1, -2, -2, 2, -2, 2], [-2, 1, -2, 1, -2, -2, -2, 2, -2, 3, -2, 2], [-2, 1, -2, 1, 2, -2, -2, 2, -2, -2, 3, -2], [-2, 1, -2, 1, 2, -2, -2, 2, -2, 3, -2, -2], [-2, 1, -2, 1, 2, 5, -2, -2, -2, -2, -2, 2], [-2, 1, 1, -2, 2, -2, 3, -2, -2, -2, -2, -2], [-2, 1, 1, -2, 2, 3, -2, -2, -2, 3, 3, -2], [-2, 1, 1, 1, -2, -2, -2, -2, -2, 3, 3, 2], [-2, 1, 1, 1, -2, -2, -2, -2, 2, 3, -2, 2], [-2, 1, 1, 1, -2, -2, -2, 2, -2, -2, 3, 2], [-2, 1, 1, 1, -2, 5, -2, -2, -2, -2, 1, 2], [-2, 1, 1, 1, -2, 1, -2, 2, -2, -2, 3, -2], [-2, 1, 1, 1, 2, -2, -2, -2, -2, -2, 3, 2], [-2, 1, 1, 1, 2, -2, -2, -2, -2, 3, 3, -2], [-2, 1, -1, -2, -2, -2, -2, -2, -2, -2, 2, 1], [-2, 1, -1, -2, -2, 1, -2, 4, -2, -2, -2, -2], [-2, 1, -1, -2, 1, -2, -2, -2, -2, -2, -2, 1], [-2, 1, -1, -2, 1, -2, -2, 4, -2, -2, -2, -2], [-2, 1, -1, -2, 1, 5, -2, -2, -2, -2, 1, -2], [-2, 1, -1, -2, 1, 5, -2, -2, -2, 1, -2, -2], [-2, 1, -1, -2, 1, 1, -2, -2, 2, -2, 2, -2], [-2, 1, -1, 4, -2, -2, -2, -2, 2, -2, 2, -2], [-2, 1, -1, 4, -2, -2, -2, -2, 2, 2, -2, -2], [-2, 1, -1, 4, -2, 1, -2, -2, -2, -2, -2, -2], [-2, 1, -1, 4, 1, -2, -2, -2, -2, -2, 2, -2], [-2, 0, -2, -2, -2, -2, -2, 4, -2, 1, 1, 1], [-2, 0, -2, -2, -2, 5, -1, -2, -2, 3, 2, 2], [-2, 0, -2, -2, -2, 1, -2, 4, 2, 4, 4, -2], [-2, 0, -2, -2, 2, -2, -2, 4, -2, 4, 4, -2], [-2, 0, -2, -2, 2, 5, 3, -2, -2, 1, 1, 2], [-2, 0, -2, -2, 2, 1, -2, 4, -2, -2, 4, -2], [-2, 0, -2, -2, 2, 1, -2, 4, -2, 4, -2, -2], [-2, 0, -2, -2, 1, 3, -2, 2, -2, -2, -2, 1], [-2, 0, -2, 4, 1, 1, -2, -2, -2, 2, 1, -2], [-2, 0, -2, 3, -2, 1, -2, -2, -2, 4, 4, -2], [-2, 0, -2, 3, -2, 1, -2, 4, 2, -2, 4, -2], [-2, 0, -2, 3, 2, -2, -2, -2, -2, 4, 4, -2], [-2, 0, -2, 3, 2, -2, -2, 4, -2, -2, 4, -2], [-2, 0, -2, 3, 2, -2, -2, 4, -2, 4, -2, -2], [-2, 0, -2, 3, 2, -2, -1, -2, -2, 3, 2, 2], [-2, 0, -2, 3, 2, 1, -2, -2, -2, -2, 4, -2], [-2, 0, -2, 3, 2, 1, -2, -2, -2, 4, -2, 1], [-2, 0, -2, 2, -2, 5, -2, -2, 2, -2, 2, 2], [-2, 0, -2, 2, 1, -2, -2, -2, 2, -2, 2, 2], [-2, 0, 2, 3, 2, -2, -2, -2, -2, -2, -2, 2], [-2, 0, 1, -2, -2, -2, -2, 4, -2, 4, 4, 1], [-2, 0, 1, -2, -2, -2, 1, -2, -2, -2, 2, -2], [-2, 0, 1, 3, -2, -2, -2, -2, -2, 4, 4, -2], [-2, 0, 1, 3, -2, -2, -2, 4, -2, -2, 4, -2], [-2, 0, 1, 3, -2, 1, -2, -2, -2, -2, 4, -2], [-2, 0, 1, 3, 2, -2, -2, -2, -2, -2, 4, -2], [-2, 0, 1, 3, 2, 1, -2, -2, -2, 4, -2, -2], [-2, 0, 1, 2, 1, 5, -2, -2, 2, -2, 2, -2], [-2, 0, 1, 1, -2, -2, -2, 4, -2, -2, 3, -2], [-2, 0, 1, 1, -2, 5, -2, -2, -2, -2, 2, -2], [-2, 0, -1, -2, -2, 3, -2, -2, -2, -2, 3, -2], [-2, 0, -1, -2, 2, -2, -1, -2, -2, 3, 2, -2], [-2, 0, -1, 4, -2, -2, -1, -2, -2, 1, 1, 2], [-2, 0, -1, 4, -2, -2, -1, -2, 2, -2, 1, 2], [-2, 0, -1, 4, -2, -2, -1, -2, 2, 1, -2, -2], [-2, 0, -1, 4, -2, -2, -1, 2, -2, -2, 1, 2], [-2, 0, -1, 4, -2, -2, -1, 2, -2, 1, -2, 2], [-2, 0, -1, 4, -2, 1, -2, -2, 2, 1, -2, -2], [-2, 0, -1, 4, -2, 1, -2, 2, -2, -2, 1, 2], [-2, 0, -1, 4, -2, 1, -1, 2, 2, -2, -2, 2], [-2, 0, -1, 4, 2, -2, -2, 2, -2, 3, -2, 2], [-2, 0, -1, 4, 2, 1, -2, -2, -2, -2, -2, -2], [-2, 0, -1, 4, 1, -2, -1, -2, -2, -2, 1, 2], [-2, 0, -1, 4, 1, -2, -1, -2, 2, -2, 1, -2], [-2, 0, -1, 3, -2, -2, -2, -2, -2, -2, 3, 1], [2, -2, -2, -2, 2, 1, -2, -2, -2, 4, 4, -2], [2, -2, -2, -2, 1, 1, -2, -2, -2, 5, -2, 1], [2, -2, -2, 3, -2, 1, -2, 2, -2, 3, 3, 2], [2, -2, -2, 3, 2, 1, -2, -2, -2, -2, 4, -2], [2, -2, -2, 3, 2, 1, -2, -2, -2, 4, -2, 1], [2, -2, -2, 1, 2, -2, -2, 2, -2, -2, -2, 1], [2, -2, 1, -2, 2, 3, -2, -2, -2, -2, 3, 2], [2, -2, 1, -2, 2, 3, -2, 2, -2, -2, 3, -2], [2, -2, 1, 4, 1, 1, -2, -2, 2, -2, 1, 2], [2, -2, 1, 1, -2, 1, -2, -2, -2, 2, 2, -2], [2, -2, -1, -2, -2, -2, -2, -2, -2, -2, 3, 1], [2, -2, -1, -2, -2, -2, -2, -2, -2, 3, -2, 1], [2, -2, -1, -2, -2, -2, -2, -2, 1, -2, -2, -2], [2, -2, -1, -2, -2, -2, -2, 2, -2, -2, -2, 1], [2, -2, -1, -2, -2, 1, -2, -2, -2, 3, 3, -2], [2, -2, -1, -2, 2, -2, -2, 2, -2, 3, -2, -2], [2, -2, -1, -2, 1, -2, -2, -2, -2, -2, -2, 1], [2, -2, -1, -2, 1, -2, -2, -2, -2, 3, 3, -2], [2, -2, -1, -2, 1, 1, -2, -2, -2, -2, 3, -2], [2, -2, -1, 4, -2, -2, -2, -2, -2, 2, -2, -2], [2, -2, -1, 4, -2, 1, -2, -2, -2, -2, -2, -2], [2, -2, -1, 1, -2, -2, -2, -2, 2, -2, -2, 1], [2, 1, -2, -2, -2, 1, -2, 2, 2, 3, 3, 1], [2, 1, -2, -2, 1, -2, -2, -2, 2, 2, 2, 1], [2, 1, -2, 4, 1, -2, -2, -2, -2, 2, 2, -2], [2, 1, -2, 4, 1, -2, -2, -2, 2, -2, 2, -2], [2, 1, 1, -2, 2, 3, -2, -2, -2, -2, 3, -2], [2, 1, -1, 4, -2, -2, -2, -2, -2, -2, -2, -2], [2, 0, -2, -2, 2, -2, -2, -2, -2, 1, -2, 1], [2, 0, -2, -2, 2, 5, -2, -2, -2, -2, 3, 1], [2, 0, -2, -2, 1, -2, -2, 2, 2, 2, 1, -2], [2, 0, -2, 4, 1, 1, -2, -2, -2, -2, 1, 2], [2, 0, -2, 4, 1, 1, -2, -2, -2, 2, -2, 2], [2, 0, -2, 3, -2, 3, -2, 2, -2, -2, -2, 1], [2, 0, -2, 3, -2, 1, -2, 2, -2, -2, 3, 2], [2, 0, -2, 3, 2, -2, -2, -2, -2, 4, -2, 1], [2, 0, -2, 3, 2, 1, -2, -2, -2, 4, -2, -2], [2, 0, -2, 1, -2, -2, -2, 2, -2, -2, -2, 1], [2, 0, 1, -2, 2, -2, -2, -2, -2, 4, 4, 1], [2, 0, 1, 1, -2, -2, -2, -2, -2, 3, 3, -2], [2, 0, 1, 1, 1, -2, -2, -2, 2, -2, -2, 1], [2, 0, -1, -2, -2, -2, -2, -2, -2, 3, 3, -2], [2, 0, -1, -2, -2, -2, -2, 2, -2, -2, 3, -2], [2, 0, -1, -2, -2, -2, -2, 2, -2, 3, -2, -2], [2, 0, -1, 3, -2, -2, -2, -2, -2, -2, -2, 1], [2, 0, -1, 3, -2, -2, -2, 2, -2, -2, -2, -2], [1, -2, -2, -2, -2, 5, -2, -2, -2, 3, 2, -2], [1, -2, -2, 2, -2, -2, -2, -2, -2, 3, 2, 2], [1, -2, -2, 2, -2, -2, -2, -2, 2, 3, 2, -2], [1, -2, -2, 2, 2, 1, -2, -2, -2, 3, -2, 2], [1, -2, -2, 1, 2, -2, -2, -2, -2, 3, -2, -2], [1, -2, 2, -2, -2, 1, -2, -2, -2, 3, -2, 2], [1, -2, 2, -2, -2, 1, -2, -2, 2, 3, -2, -2], [1, -2, 1, -2, 2, -2, -2, -2, -2, -2, 4, -2], [1, -2, 1, -2, 1, 1, -2, -2, -2, 3, 1, -2], [1, -2, 1, 3, 1, 1, -2, -2, 2, 3, 3, -2], [1, -2, 1, 1, -2, -2, -2, -2, -2, 3, 3, -2], [1, -2, 1, 1, 2, -2, -2, -2, -2, -2, 3, -2], [1, -2, -1, -2, 1, 1, -2, -2, -2, 2, -2, 2], [1, -2, -1, 4, -2, -2, -2, -2, -2, -2, 1, 2], [1, -2, -1, 4, -2, -2, -2, -2, 2, -2, 1, -2], [1, 1, -2, -2, 2, 5, -2, -2, -2, 2, -2, 2], [1, 1, -2, -2, 2, 1, -2, -2, -2, 3, 3, 2], [1, 1, -2, 1, -2, -2, -2, -2, -2, 3, -2, 2], [1, 1, 1, 3, 1, 1, -2, -2, -2, -2, -2, 1], [1, 1, 1, 1, -2, -2, -2, -2, -2, -2, 3, -2], [1, 0, -2, 4, -2, 5, -2, -2, -2, 1, 1, 2], [1, 0, -1, 4, -2, -2, -2, -2, -2, -2, 1, -2], [1, 0, -1, 4, -2, 1, -2, -2, -2, -2, -2, 2], [1, 0, -1, 4, -2, 1, -2, -2, 2, -2, -2, -2], [1, 0, -1, 4, 2, -2, -2, -2, -2, -2, -2, 2], [0, -2, -1, -2, -2, 5, -1, -2, 2, -2, 1, 2], [0, -2, -1, -2, 1, 5, -1, -2, -2, -2, 1, 2], [0, -2, -1, -2, 1, 5, -1, -2, -2, 1, -2, 2], [0, -2, -1, -2, 1, 5, -1, -2, 2, -2, 1, -2], [0, 1, -2, 4, -2, -2, -2, -2, -2, -2, 1, 2], [0, 1, -2, 4, -2, -2, -2, -2, 2, -2, 1, -2], [0, 1, -2, 4, -2, -2, -2, 2, -2, -2, 1, -2], [0, 1, -2, 1, -2, 5, -2, -2, -2, -2, 1, 2], [0, 1, -2, 1, -2, 5, -2, -2, 2, -2, 1, -2], [0, 1, -2, 1, 2, 5, -2, -2, 2, -2, -2, -2], [0, 1, 1, 1, -2, 5, -2, -2, -2, -2, 1, -2], [0, 1, -1, -2, 1, -2, -2, -2, 2, 1, -2, -2], [0, 1, -1, -2, 1, -2, -2, 2, -2, -2, 1, -2], [0, 1, -1, -2, 1, -2, -2, 2, -2, 1, -2, -2], [0, 0, -2, 2, -2, -2, -2, -2, -2, -2, 2, 2], [0, 0, -2, 2, -2, 5, -2, -2, 2, 2, 2, -2], [0, 0, -1, -2, -2, 5, -1, -2, -2, -2, 1, 2], [0, 0, -1, -2, -2, 5, -1, -2, 2, -2, 1, -2]]
30 84 
 [[-2, -2, -2, -2, -2, 3, -2, -2, 2, 5, -2, -2], [-2, -2, -2, 4, 1, -2, -2, 4, -2, 2, 2, -2], [-2, -2, -2, 3, -2, 5, -2, -2, -2, 3, 2, -2], [-2, -2, -2, 3, 2, 1, -2, 4, -2, 4, -2, -2], [-2, -2, -2, 1, -2, 3, -2, -2, -2, 3, -2, -2], [-2, -2, -2, 1, -2, 2, -2, -2, 2, -2, -2, 1], [-2, -2, -2, 1, 2, 1, -2, 2, -2, -2, -2, 1], [-2, -2, 1, -2, 2, -2, 3, -2, -2, 1, -2, -2], [-2, -2, 1, -2, 2, 5, 3, -2, -2, -2, 1, -2], [-2, -2, 1, 3, -2, 5, 3, -2, -2, 1, 1, -2], [-2, -2, 1, 3, 1, 1, -2, 2, 2, 3, 3, -2], [-2, -2, 1, 1, 2, -2, -1, -2, -2, 3, 3, 2], [-2, -2, -1, -2, -2, -2, -2, 4, -2, -2, 3, 1], [-2, -2, -1, -2, -2, -2, -2, 2, 2, -2, 2, 1], [-2, -2, -1, -2, -2, 3, -2, -2, -2, -2, -2, 1], [-2, -2, -1, -2, -2, 1, -2, 4, -2, -2, -2, 1], [-2, -2, -1, -2, 1, -2, -2, -2, -2, -2, 3, 1], [-2, -2, -1, -2, 1, -2, -2, -2, -2, -2, 2, 1], [-2, -2, -1, -2, 1, -2, -2, 4, -2, -2, -2, 1], [-2, -2, -1, 4, -2, 1, -2, -2, -2, -2, -2, 1], [-2, -2, -1, 4, -2, 1, -2, -2, 2, -2, 1, 2], [-2, -2, -1, 4, 2, 1, -2, -2, -2, -2, -2, 2], [-2, -2, -1, 4, 1, -2, -2, -2, -2, -2, -2, 1], [-2, 1, -2, -2, -2, -2, -2, 2, -2, 5, -2, 1], [-2, 1, -2, 4, -2, 5, -2, -2, -2, -2, 1, -2], [-2, 1, -2, 4, -2, 5, -2, -2, -2, 2, -2, 2], [-2, 1, -2, 1, -2, -2, -2, 2, -2, 3, -2, 2], [-2, 1, -2, 1, 2, -2, -2, 2, -2, -2, 3, -2], [-2, 1, -2, 1, 2, -2, -2, 2, -2, 3, -2, -2], [-2, 1, -2, 1, 2, 5, -2, -2, -2, -2, -2, 2], [-2, 1, 1, 1, -2, -2, -2, -2, 2, 3, -2, 2], [-2, 1, 1, 1, -2, -2, -2, 2, -2, -2, 3, 2], [-2, 1, 1, 1, -2, 5, -2, -2, -2, -2, 1, 2], [-2, 1, 1, 1, 2, -2, -2, -2, -2, 3, 3, -2], [-2, 1, -1, -2, -2, 1, -2, 4, -2, -2, -2, -2], [-2, 1, -1, -2, 1, -2, -2, -2, -2, -2, -2, 1], [-2, 1, -1, -2, 1, -2, -2, 4, -2, -2, -2, -2], [-2, 1, -1, -2, 1, 5, -2, -2, -2, -2, 1, -2], [-2, 1, -1, -2, 1, 5, -2, -2, -2, 1, -2, -2], [-2, 0, -2, -2, -2, 5, -1, -2, -2, 3, 2, 2], [-2, 0, -2, -2, 2, -2, -2, 4, -2, 4, 4, -2], [-2, 0, -2, 3, 2, -2, -2, -2, -2, 4, 4, -2], [-2, 0, -2, 3, 2, -2, -2, 4, -2, 4, -2, -2], [-2, 0, -2, 3, 2, -2, -1, -2, -2, 3, 2, 2], [-2, 0, -2, 3, 2, 1, -2, -2, -2, 4, -2, 1], [-2, 0, -2, 2, -2, 5, -2, -2, 2, -2, 2, 2], [-2, 0, -2, 2, 1, -2, -2, -2, 2, -2, 2, 2], [-2, 0, 1, 3, -2, -2, -2, -2, -2, 4, 4, -2], [-2, 0, 1, 3, 2, -2, -2, -2, -2, -2, 4, -2], [-2, 0, 1, 3, 2, 1, -2, -2, -2, 4, -2, -2], [-2, 0, 1, 1, -2, -2, -2, 4, -2, -2, 3, -2], [-2, 0, 1, 1, -2, 5, -2, -2, -2, -2, 2, -2], [-2, 0, -1, -2, 2, -2, -1, -2, -2, 3, 2, -2], [-2, 0, -1, 4, -2, -2, -1, -2, -2, 1, 1, 2], [-2, 0, -1, 4, -2, -2, -1, -2, 2, -2, 1, 2], [-2, 0, -1, 4, -2, -2, -1, -2, 2, 1, -2, -2], [-2, 0, -1, 4, -2, -2, -1, 2, -2, -2, 1, 2], [-2, 0, -1, 4, -2, -2, -1, 2, -2, 1, -2, 2], [-2, 0, -1, 4, -2, 1, -1, 2, 2, -2, -2, 2], [-2, 0, -1, 4, 2, 1, -2, -2, -2, -2, -2, -2], [2, -2, -2, 3, 2, 1, -2, -2, -2, 4, -2, 1], [2, -2, -2, 1, 2, -2, -2, 2, -2, -2, -2, 1], [2, -2, -1, -2, -2, -2, -2, -2, -2, -2, 3, 1], [2, -2, -1, -2, -2, -2, -2, -2, -2, 3, -2, 1], [2, -2, -1, -2, -2, -2, -2, 2, -2, -2, -2, 1], [2, -2, -1, -2, -2, 1, -2, -2, -2, 3, 3, -2], [2, -2, -1, -2, 1, -2, -2, -2, -2, -2, -2, 1], [2, -2, -1, -2, 1, 1, -2, -2, -2, -2, 3, -2], [2, -2, -1, 4, -2, 1, -2, -2, -2, -2, -2, -2], [2, 1, -2, -2, 1, -2, -2, -2, 2, 2, 2, 1], [2, 1, -2, 4, 1, -2, -2, -2, 2, -2, 2, -2], [2, 0, -2, 3, 2, -2, -2, -2, -2, 4, -2, 1], [2, 0, -2, 3, 2, 1, -2, -2, -2, 4, -2, -2], [2, 0, -2, 1, -2, -2, -2, 2, -2, -2, -2, 1], [2, 0, -1, -2, -2, -2, -2, -2, -2, 3, 3, -2], [2, 0, -1, -2, -2, -2, -2, 2, -2, 3, -2, -2], [1, -2, -2, -2, -2, 5, -2, -2, -2, 3, 2, -2], [1, -2, -2, 1, 2, -2, -2, -2, -2, 3, -2, -2], [1, -2, 1, 1, -2, -2, -2, -2, -2, 3, 3, -2], [1, -2, 1, 1, 2, -2, -2, -2, -2, -2, 3, -2], [0, -2, -1, -2, -2, 5, -1, -2, 2, -2, 1, 2], [0, 1, -1, -2, 1, -2, -2, 2, -2, -2, 1, -2], [0, 1, -1, -2, 1, -2, -2, 2, -2, 1, -2, -2], [0, 0, -2, 2, -2, -2, -2, -2, -2, -2, 2, 2]]
40 19 
 [[-2, -2, 1, -2, 2, -2, 3, -2, -2, 1, -2, -2], [-2, -2, 1, -2, 2, 5, 3, -2, -2, -2, 1, -2], [-2, -2, 1, 1, 2, -2, -1, -2, -2, 3, 3, 2], [-2, -2, -1, -2, -2, 1, -2, 4, -2, -2, -2, 1], [-2, -2, -1, -2, 1, -2, -2, 4, -2, -2, -2, 1], [-2, 1, -2, 1, -2, -2, -2, 2, -2, 3, -2, 2], [-2, 1, -1, -2, 1, -2, -2, -2, -2, -2, -2, 1], [-2, 0, -2, 3, 2, -2, -2, 4, -2, 4, -2, -2], [-2, 0, -1, 4, -2, -2, -1, -2, 2, -2, 1, 2], [-2, 0, -1, 4, -2, -2, -1, 2, -2, -2, 1, 2], [-2, 0, -1, 4, -2, 1, -1, 2, 2, -2, -2, 2], [2, -2, -1, -2, -2, -2, -2, -2, -2, -2, 3, 1], [2, -2, -1, -2, -2, -2, -2, -2, -2, 3, -2, 1], [2, -2, -1, -2, -2, -2, -2, 2, -2, -2, -2, 1], [2, -2, -1, -2, 1, -2, -2, -2, -2, -2, -2, 1], [2, -2, -1, 4, -2, 1, -2, -2, -2, -2, -2, -2], [2, 0, -2, 3, 2, -2, -2, -2, -2, 4, -2, 1], [1, -2, -2, 1, 2, -2, -2, -2, -2, 3, -2, -2], [1, -2, 1, 1, 2, -2, -2, -2, -2, -2, 3, -2]]
50 7 
 [[-2, 1, -1, -2, 1, -2, -2, -2, -2, -2, -2, 1], [2, -2, -1, -2, -2, -2, -2, -2, -2, -2, 3, 1], [2, -2, -1, -2, -2, -2, -2, 2, -2, -2, -2, 1], [2, -2, -1, -2, 1, -2, -2, -2, -2, -2, -2, 1], [2, -2, -1, 4, -2, 1, -2, -2, -2, -2, -2, -2], [2, 0, -2, 3, 2, -2, -2, -2, -2, 4, -2, 1], [1, -2, -2, 1, 2, -2, -2, -2, -2, 3, -2, -2]]
60 1 
 [[2, -2, -1, -2, 1, -2, -2, -2, -2, -2, -2, 1]]
70 1 
 [[2, -2, -1, -2, 1, -2, -2, -2, -2, -2, -2, 1]]
80 0 
 []
90 0 
 []
100 0 
 []
