execution time
40 5.298695802688599 66.8943099975586
90 16.998594760894775 303.09070897102356
140 38.49050307273865 521.1787691116333
190 55.07139778137207 600.009702205658
240 66.49091529846191 600.0181429386139
290 115.69268679618835 600.0080759525299
340 131.0087947845459 600.0052227973938


number of patterns visited
40 34568 418824
90 91240 1406219
140 140970 2694711
190 191189 3797446
240 241701 3259901
290 284761 3366128
340 331421 3530472


number of patterns found, lowerbound
40 41 
 [[0, -1, -1, -1, 0, -1, -1, -1, -1, -1, -1, -1, -1], [0, -1, -1, -1, -1, 0, 4, -1, -1, -1, -1, 0, -1], [0, -1, -1, -1, -1, -1, -1, -1, -1, 4, -1, -1, -1], [-1, 0, -1, -1, 0, -1, -1, -1, -1, -1, -1, -1, -1], [-1, 0, -1, -1, 1, -1, -1, -1, -1, -1, -1, -1, -1], [-1, 0, -1, -1, -1, 0, -1, -1, -1, -1, -1, -1, -1], [-1, 0, -1, -1, -1, -1, 4, -1, -1, -1, -1, 0, -1], [-1, 0, -1, -1, -1, -1, -1, -1, -1, 4, -1, -1, -1], [-1, 1, -1, -1, -1, -1, -1, -1, -1, -1, -1, -1, -1], [-1, -1, -1, 0, 0, -1, -1, -1, -1, -1, -1, -1, -1], [-1, -1, -1, 0, -1, 0, 4, -1, -1, -1, -1, 0, -1], [-1, -1, -1, 0, -1, -1, -1, -1, -1, 4, -1, -1, -1], [-1, -1, -1, 1, -1, -1, -1, -1, -1, -1, -1, -1, -1], [-1, -1, -1, -1, 0, 0, -1, -1, -1, -1, -1, -1, -1], [-1, -1, -1, -1, 0, -1, -1, -1, -1, 4, -1, -1, -1], [-1, -1, -1, -1, 0, -1, -1, -1, -1, -1, -1, -1, 1], [-1, -1, -1, -1, 1, 0, -1, -1, -1, -1, -1, -1, -1], [-1, -1, -1, -1, 1, -1, 4, -1, -1, -1, -1, -1, -1], [-1, -1, -1, -1, 1, -1, -1, -1, -1, 4, -1, -1, -1], [-1, -1, -1, -1, 1, -1, -1, -1, -1, -1, -1, 0, -1], [-1, -1, -1, -1, -1, 0, 4, -1, -1, -1, -1, 0, 1], [-1, -1, -1, -1, -1, 0, -1, -1, -1, 4, -1, -1, -1], [-1, -1, -1, -1, -1, -1, 1, -1, -1, -1, -1, -1, -1], [-1, -1, -1, -1, -1, -1, 2, -1, -1, -1, -1, -1, -1], [-1, -1, -1, -1, -1, -1, 3, -1, -1, -1, -1, -1, -1], [-1, -1, -1, -1, -1, -1, 4, -1, -1, 4, -1, -1, -1], [-1, -1, -1, -1, -1, -1, -1, 1, -1, -1, -1, -1, -1], [-1, -1, -1, -1, -1, -1, -1, 2, -1, -1, -1, -1, -1], [-1, -1, -1, -1, -1, -1, -1, 3, -1, -1, -1, -1, -1], [-1, -1, -1, -1, -1, -1, -1, 4, -1, -1, -1, -1, -1], [-1, -1, -1, -1, -1, -1, -1, -1, 0, -1, -1, -1, -1], [-1, -1, -1, -1, -1, -1, -1, -1, 2, -1, -1, -1, -1], [-1, -1, -1, -1, -1, -1, -1, -1, 3, -1, -1, -1, -1], [-1, -1, -1, -1, -1, -1, -1, -1, 4, -1, -1, -1, -1], [-1, -1, -1, -1, -1, -1, -1, -1, -1, 2, -1, -1, -1], [-1, -1, -1, -1, -1, -1, -1, -1, -1, 4, -1, -1, 1], [-1, -1, -1, -1, -1, -1, -1, -1, -1, -1, 0, -1, -1], [-1, -1, -1, -1, -1, -1, -1, -1, -1, -1, 1, -1, -1], [-1, -1, -1, -1, -1, -1, -1, -1, -1, -1, 2, -1, -1], [-1, -1, -1, -1, -1, -1, -1, -1, -1, -1, -1, 1, -1], [-1, -1, -1, -1, -1, -1, -1, -1, -1, -1, -1, -1, 2]]
90 41 
 [[0, -1, -1, -1, 0, -1, -1, -1, -1, -1, -1, -1, -1], [0, -1, -1, -1, -1, 0, 4, -1, -1, -1, -1, 0, -1], [0, -1, -1, -1, -1, -1, -1, -1, -1, 4, -1, -1, -1], [-1, 0, -1, -1, 0, -1, -1, -1, -1, -1, -1, -1, -1], [-1, 0, -1, -1, 1, -1, -1, -1, -1, -1, -1, -1, -1], [-1, 0, -1, -1, -1, 0, -1, -1, -1, -1, -1, -1, -1], [-1, 0, -1, -1, -1, -1, 4, -1, -1, -1, -1, 0, -1], [-1, 0, -1, -1, -1, -1, -1, -1, -1, 4, -1, -1, -1], [-1, 1, -1, -1, -1, -1, -1, -1, -1, -1, -1, -1, -1], [-1, -1, -1, 0, 0, -1, -1, -1, -1, -1, -1, -1, -1], [-1, -1, -1, 0, -1, 0, 4, -1, -1, -1, -1, 0, -1], [-1, -1, -1, 0, -1, -1, -1, -1, -1, 4, -1, -1, -1], [-1, -1, -1, 1, -1, -1, -1, -1, -1, -1, -1, -1, -1], [-1, -1, -1, -1, 0, 0, -1, -1, -1, -1, -1, -1, -1], [-1, -1, -1, -1, 0, -1, -1, -1, -1, 4, -1, -1, -1], [-1, -1, -1, -1, 0, -1, -1, -1, -1, -1, -1, -1, 1], [-1, -1, -1, -1, 1, 0, -1, -1, -1, -1, -1, -1, -1], [-1, -1, -1, -1, 1, -1, 4, -1, -1, -1, -1, -1, -1], [-1, -1, -1, -1, 1, -1, -1, -1, -1, 4, -1, -1, -1], [-1, -1, -1, -1, 1, -1, -1, -1, -1, -1, -1, 0, -1], [-1, -1, -1, -1, -1, 0, 4, -1, -1, -1, -1, 0, 1], [-1, -1, -1, -1, -1, 0, -1, -1, -1, 4, -1, -1, -1], [-1, -1, -1, -1, -1, -1, 1, -1, -1, -1, -1, -1, -1], [-1, -1, -1, -1, -1, -1, 2, -1, -1, -1, -1, -1, -1], [-1, -1, -1, -1, -1, -1, 3, -1, -1, -1, -1, -1, -1], [-1, -1, -1, -1, -1, -1, 4, -1, -1, 4, -1, -1, -1], [-1, -1, -1, -1, -1, -1, -1, 1, -1, -1, -1, -1, -1], [-1, -1, -1, -1, -1, -1, -1, 2, -1, -1, -1, -1, -1], [-1, -1, -1, -1, -1, -1, -1, 3, -1, -1, -1, -1, -1], [-1, -1, -1, -1, -1, -1, -1, 4, -1, -1, -1, -1, -1], [-1, -1, -1, -1, -1, -1, -1, -1, 0, -1, -1, -1, -1], [-1, -1, -1, -1, -1, -1, -1, -1, 2, -1, -1, -1, -1], [-1, -1, -1, -1, -1, -1, -1, -1, 3, -1, -1, -1, -1], [-1, -1, -1, -1, -1, -1, -1, -1, 4, -1, -1, -1, -1], [-1, -1, -1, -1, -1, -1, -1, -1, -1, 2, -1, -1, -1], [-1, -1, -1, -1, -1, -1, -1, -1, -1, 4, -1, -1, 1], [-1, -1, -1, -1, -1, -1, -1, -1, -1, -1, 0, -1, -1], [-1, -1, -1, -1, -1, -1, -1, -1, -1, -1, 1, -1, -1], [-1, -1, -1, -1, -1, -1, -1, -1, -1, -1, 2, -1, -1], [-1, -1, -1, -1, -1, -1, -1, -1, -1, -1, -1, 1, -1], [-1, -1, -1, -1, -1, -1, -1, -1, -1, -1, -1, -1, 2]]
140 41 
 [[0, -1, -1, -1, 0, -1, -1, -1, -1, -1, -1, -1, -1], [0, -1, -1, -1, -1, 0, 4, -1, -1, -1, -1, 0, -1], [0, -1, -1, -1, -1, -1, -1, -1, -1, 4, -1, -1, -1], [-1, 0, -1, -1, 0, -1, -1, -1, -1, -1, -1, -1, -1], [-1, 0, -1, -1, 1, -1, -1, -1, -1, -1, -1, -1, -1], [-1, 0, -1, -1, -1, 0, -1, -1, -1, -1, -1, -1, -1], [-1, 0, -1, -1, -1, -1, 4, -1, -1, -1, -1, 0, -1], [-1, 0, -1, -1, -1, -1, -1, -1, -1, 4, -1, -1, -1], [-1, 1, -1, -1, -1, -1, -1, -1, -1, -1, -1, -1, -1], [-1, -1, -1, 0, 0, -1, -1, -1, -1, -1, -1, -1, -1], [-1, -1, -1, 0, -1, 0, 4, -1, -1, -1, -1, 0, -1], [-1, -1, -1, 0, -1, -1, -1, -1, -1, 4, -1, -1, -1], [-1, -1, -1, 1, -1, -1, -1, -1, -1, -1, -1, -1, -1], [-1, -1, -1, -1, 0, 0, -1, -1, -1, -1, -1, -1, -1], [-1, -1, -1, -1, 0, -1, -1, -1, -1, 4, -1, -1, -1], [-1, -1, -1, -1, 0, -1, -1, -1, -1, -1, -1, -1, 1], [-1, -1, -1, -1, 1, 0, -1, -1, -1, -1, -1, -1, -1], [-1, -1, -1, -1, 1, -1, 4, -1, -1, -1, -1, -1, -1], [-1, -1, -1, -1, 1, -1, -1, -1, -1, 4, -1, -1, -1], [-1, -1, -1, -1, 1, -1, -1, -1, -1, -1, -1, 0, -1], [-1, -1, -1, -1, -1, 0, 4, -1, -1, -1, -1, 0, 1], [-1, -1, -1, -1, -1, 0, -1, -1, -1, 4, -1, -1, -1], [-1, -1, -1, -1, -1, -1, 1, -1, -1, -1, -1, -1, -1], [-1, -1, -1, -1, -1, -1, 2, -1, -1, -1, -1, -1, -1], [-1, -1, -1, -1, -1, -1, 3, -1, -1, -1, -1, -1, -1], [-1, -1, -1, -1, -1, -1, 4, -1, -1, 4, -1, -1, -1], [-1, -1, -1, -1, -1, -1, -1, 1, -1, -1, -1, -1, -1], [-1, -1, -1, -1, -1, -1, -1, 2, -1, -1, -1, -1, -1], [-1, -1, -1, -1, -1, -1, -1, 3, -1, -1, -1, -1, -1], [-1, -1, -1, -1, -1, -1, -1, 4, -1, -1, -1, -1, -1], [-1, -1, -1, -1, -1, -1, -1, -1, 0, -1, -1, -1, -1], [-1, -1, -1, -1, -1, -1, -1, -1, 2, -1, -1, -1, -1], [-1, -1, -1, -1, -1, -1, -1, -1, 3, -1, -1, -1, -1], [-1, -1, -1, -1, -1, -1, -1, -1, 4, -1, -1, -1, -1], [-1, -1, -1, -1, -1, -1, -1, -1, -1, 2, -1, -1, -1], [-1, -1, -1, -1, -1, -1, -1, -1, -1, 4, -1, -1, 1], [-1, -1, -1, -1, -1, -1, -1, -1, -1, -1, 0, -1, -1], [-1, -1, -1, -1, -1, -1, -1, -1, -1, -1, 1, -1, -1], [-1, -1, -1, -1, -1, -1, -1, -1, -1, -1, 2, -1, -1], [-1, -1, -1, -1, -1, -1, -1, -1, -1, -1, -1, 1, -1], [-1, -1, -1, -1, -1, -1, -1, -1, -1, -1, -1, -1, 2]]
190 41 
 [[0, -1, -1, -1, 0, -1, -1, -1, -1, -1, -1, -1, -1], [0, -1, -1, -1, -1, 0, 4, -1, -1, -1, -1, 0, -1], [0, -1, -1, -1, -1, -1, -1, -1, -1, 4, -1, -1, -1], [-1, 0, -1, -1, 0, -1, -1, -1, -1, -1, -1, -1, -1], [-1, 0, -1, -1, 1, -1, -1, -1, -1, -1, -1, -1, -1], [-1, 0, -1, -1, -1, 0, -1, -1, -1, -1, -1, -1, -1], [-1, 0, -1, -1, -1, -1, 4, -1, -1, -1, -1, 0, -1], [-1, 0, -1, -1, -1, -1, -1, -1, -1, 4, -1, -1, -1], [-1, 1, -1, -1, -1, -1, -1, -1, -1, -1, -1, -1, -1], [-1, -1, -1, 0, 0, -1, -1, -1, -1, -1, -1, -1, -1], [-1, -1, -1, 0, -1, 0, 4, -1, -1, -1, -1, 0, -1], [-1, -1, -1, 0, -1, -1, -1, -1, -1, 4, -1, -1, -1], [-1, -1, -1, 1, -1, -1, -1, -1, -1, -1, -1, -1, -1], [-1, -1, -1, -1, 0, 0, -1, -1, -1, -1, -1, -1, -1], [-1, -1, -1, -1, 0, -1, -1, -1, -1, 4, -1, -1, -1], [-1, -1, -1, -1, 0, -1, -1, -1, -1, -1, -1, -1, 1], [-1, -1, -1, -1, 1, 0, -1, -1, -1, -1, -1, -1, -1], [-1, -1, -1, -1, 1, -1, 4, -1, -1, -1, -1, -1, -1], [-1, -1, -1, -1, 1, -1, -1, -1, -1, 4, -1, -1, -1], [-1, -1, -1, -1, 1, -1, -1, -1, -1, -1, -1, 0, -1], [-1, -1, -1, -1, -1, 0, 4, -1, -1, -1, -1, 0, 1], [-1, -1, -1, -1, -1, 0, -1, -1, -1, 4, -1, -1, -1], [-1, -1, -1, -1, -1, -1, 1, -1, -1, -1, -1, -1, -1], [-1, -1, -1, -1, -1, -1, 2, -1, -1, -1, -1, -1, -1], [-1, -1, -1, -1, -1, -1, 3, -1, -1, -1, -1, -1, -1], [-1, -1, -1, -1, -1, -1, 4, -1, -1, 4, -1, -1, -1], [-1, -1, -1, -1, -1, -1, -1, 1, -1, -1, -1, -1, -1], [-1, -1, -1, -1, -1, -1, -1, 2, -1, -1, -1, -1, -1], [-1, -1, -1, -1, -1, -1, -1, 3, -1, -1, -1, -1, -1], [-1, -1, -1, -1, -1, -1, -1, 4, -1, -1, -1, -1, -1], [-1, -1, -1, -1, -1, -1, -1, -1, 0, -1, -1, -1, -1], [-1, -1, -1, -1, -1, -1, -1, -1, 2, -1, -1, -1, -1], [-1, -1, -1, -1, -1, -1, -1, -1, 3, -1, -1, -1, -1], [-1, -1, -1, -1, -1, -1, -1, -1, 4, -1, -1, -1, -1], [-1, -1, -1, -1, -1, -1, -1, -1, -1, 2, -1, -1, -1], [-1, -1, -1, -1, -1, -1, -1, -1, -1, 4, -1, -1, 1], [-1, -1, -1, -1, -1, -1, -1, -1, -1, -1, 0, -1, -1], [-1, -1, -1, -1, -1, -1, -1, -1, -1, -1, 1, -1, -1], [-1, -1, -1, -1, -1, -1, -1, -1, -1, -1, 2, -1, -1], [-1, -1, -1, -1, -1, -1, -1, -1, -1, -1, -1, 1, -1], [-1, -1, -1, -1, -1, -1, -1, -1, -1, -1, -1, -1, 2]]
240 41 
 [[0, -1, -1, -1, 0, -1, -1, -1, -1, -1, -1, -1, -1], [0, -1, -1, -1, -1, 0, 4, -1, -1, -1, -1, 0, -1], [0, -1, -1, -1, -1, -1, -1, -1, -1, 4, -1, -1, -1], [-1, 0, -1, -1, 0, -1, -1, -1, -1, -1, -1, -1, -1], [-1, 0, -1, -1, 1, -1, -1, -1, -1, -1, -1, -1, -1], [-1, 0, -1, -1, -1, 0, -1, -1, -1, -1, -1, -1, -1], [-1, 0, -1, -1, -1, -1, 4, -1, -1, -1, -1, 0, -1], [-1, 0, -1, -1, -1, -1, -1, -1, -1, 4, -1, -1, -1], [-1, 1, -1, -1, -1, -1, -1, -1, -1, -1, -1, -1, -1], [-1, -1, -1, 0, 0, -1, -1, -1, -1, -1, -1, -1, -1], [-1, -1, -1, 0, -1, 0, 4, -1, -1, -1, -1, 0, -1], [-1, -1, -1, 0, -1, -1, -1, -1, -1, 4, -1, -1, -1], [-1, -1, -1, 1, -1, -1, -1, -1, -1, -1, -1, -1, -1], [-1, -1, -1, -1, 0, 0, -1, -1, -1, -1, -1, -1, -1], [-1, -1, -1, -1, 0, -1, -1, -1, -1, 4, -1, -1, -1], [-1, -1, -1, -1, 0, -1, -1, -1, -1, -1, -1, -1, 1], [-1, -1, -1, -1, 1, 0, -1, -1, -1, -1, -1, -1, -1], [-1, -1, -1, -1, 1, -1, 4, -1, -1, -1, -1, -1, -1], [-1, -1, -1, -1, 1, -1, -1, -1, -1, 4, -1, -1, -1], [-1, -1, -1, -1, 1, -1, -1, -1, -1, -1, -1, 0, -1], [-1, -1, -1, -1, -1, 0, 4, -1, -1, -1, -1, 0, 1], [-1, -1, -1, -1, -1, 0, -1, -1, -1, 4, -1, -1, -1], [-1, -1, -1, -1, -1, -1, 1, -1, -1, -1, -1, -1, -1], [-1, -1, -1, -1, -1, -1, 2, -1, -1, -1, -1, -1, -1], [-1, -1, -1, -1, -1, -1, 3, -1, -1, -1, -1, -1, -1], [-1, -1, -1, -1, -1, -1, 4, -1, -1, 4, -1, -1, -1], [-1, -1, -1, -1, -1, -1, -1, 1, -1, -1, -1, -1, -1], [-1, -1, -1, -1, -1, -1, -1, 2, -1, -1, -1, -1, -1], [-1, -1, -1, -1, -1, -1, -1, 3, -1, -1, -1, -1, -1], [-1, -1, -1, -1, -1, -1, -1, 4, -1, -1, -1, -1, -1], [-1, -1, -1, -1, -1, -1, -1, -1, 0, -1, -1, -1, -1], [-1, -1, -1, -1, -1, -1, -1, -1, 2, -1, -1, -1, -1], [-1, -1, -1, -1, -1, -1, -1, -1, 3, -1, -1, -1, -1], [-1, -1, -1, -1, -1, -1, -1, -1, 4, -1, -1, -1, -1], [-1, -1, -1, -1, -1, -1, -1, -1, -1, 2, -1, -1, -1], [-1, -1, -1, -1, -1, -1, -1, -1, -1, 4, -1, -1, 1], [-1, -1, -1, -1, -1, -1, -1, -1, -1, -1, 0, -1, -1], [-1, -1, -1, -1, -1, -1, -1, -1, -1, -1, 1, -1, -1], [-1, -1, -1, -1, -1, -1, -1, -1, -1, -1, 2, -1, -1], [-1, -1, -1, -1, -1, -1, -1, -1, -1, -1, -1, 1, -1], [-1, -1, -1, -1, -1, -1, -1, -1, -1, -1, -1, -1, 2]]
290 41 
 [[0, -1, -1, -1, 0, -1, -1, -1, -1, -1, -1, -1, -1], [0, -1, -1, -1, -1, 0, 4, -1, -1, -1, -1, 0, -1], [0, -1, -1, -1, -1, -1, -1, -1, -1, 4, -1, -1, -1], [-1, 0, -1, -1, 0, -1, -1, -1, -1, -1, -1, -1, -1], [-1, 0, -1, -1, 1, -1, -1, -1, -1, -1, -1, -1, -1], [-1, 0, -1, -1, -1, 0, -1, -1, -1, -1, -1, -1, -1], [-1, 0, -1, -1, -1, -1, 4, -1, -1, -1, -1, 0, -1], [-1, 0, -1, -1, -1, -1, -1, -1, -1, 4, -1, -1, -1], [-1, 1, -1, -1, -1, -1, -1, -1, -1, -1, -1, -1, -1], [-1, -1, -1, 0, 0, -1, -1, -1, -1, -1, -1, -1, -1], [-1, -1, -1, 0, -1, 0, 4, -1, -1, -1, -1, 0, -1], [-1, -1, -1, 0, -1, -1, -1, -1, -1, 4, -1, -1, -1], [-1, -1, -1, 1, -1, -1, -1, -1, -1, -1, -1, -1, -1], [-1, -1, -1, -1, 0, 0, -1, -1, -1, -1, -1, -1, -1], [-1, -1, -1, -1, 0, -1, -1, -1, -1, 4, -1, -1, -1], [-1, -1, -1, -1, 0, -1, -1, -1, -1, -1, -1, -1, 1], [-1, -1, -1, -1, 1, 0, -1, -1, -1, -1, -1, -1, -1], [-1, -1, -1, -1, 1, -1, 4, -1, -1, -1, -1, -1, -1], [-1, -1, -1, -1, 1, -1, -1, -1, -1, 4, -1, -1, -1], [-1, -1, -1, -1, 1, -1, -1, -1, -1, -1, -1, 0, -1], [-1, -1, -1, -1, -1, 0, 4, -1, -1, -1, -1, 0, 1], [-1, -1, -1, -1, -1, 0, -1, -1, -1, 4, -1, -1, -1], [-1, -1, -1, -1, -1, -1, 1, -1, -1, -1, -1, -1, -1], [-1, -1, -1, -1, -1, -1, 2, -1, -1, -1, -1, -1, -1], [-1, -1, -1, -1, -1, -1, 3, -1, -1, -1, -1, -1, -1], [-1, -1, -1, -1, -1, -1, 4, -1, -1, 4, -1, -1, -1], [-1, -1, -1, -1, -1, -1, -1, 1, -1, -1, -1, -1, -1], [-1, -1, -1, -1, -1, -1, -1, 2, -1, -1, -1, -1, -1], [-1, -1, -1, -1, -1, -1, -1, 3, -1, -1, -1, -1, -1], [-1, -1, -1, -1, -1, -1, -1, 4, -1, -1, -1, -1, -1], [-1, -1, -1, -1, -1, -1, -1, -1, 0, -1, -1, -1, -1], [-1, -1, -1, -1, -1, -1, -1, -1, 2, -1, -1, -1, -1], [-1, -1, -1, -1, -1, -1, -1, -1, 3, -1, -1, -1, -1], [-1, -1, -1, -1, -1, -1, -1, -1, 4, -1, -1, -1, -1], [-1, -1, -1, -1, -1, -1, -1, -1, -1, 2, -1, -1, -1], [-1, -1, -1, -1, -1, -1, -1, -1, -1, 4, -1, -1, 1], [-1, -1, -1, -1, -1, -1, -1, -1, -1, -1, 0, -1, -1], [-1, -1, -1, -1, -1, -1, -1, -1, -1, -1, 1, -1, -1], [-1, -1, -1, -1, -1, -1, -1, -1, -1, -1, 2, -1, -1], [-1, -1, -1, -1, -1, -1, -1, -1, -1, -1, -1, 1, -1], [-1, -1, -1, -1, -1, -1, -1, -1, -1, -1, -1, -1, 2]]
340 41 
 [[0, -1, -1, -1, 0, -1, -1, -1, -1, -1, -1, -1, -1], [0, -1, -1, -1, -1, 0, 4, -1, -1, -1, -1, 0, -1], [0, -1, -1, -1, -1, -1, -1, -1, -1, 4, -1, -1, -1], [-1, 0, -1, -1, 0, -1, -1, -1, -1, -1, -1, -1, -1], [-1, 0, -1, -1, 1, -1, -1, -1, -1, -1, -1, -1, -1], [-1, 0, -1, -1, -1, 0, -1, -1, -1, -1, -1, -1, -1], [-1, 0, -1, -1, -1, -1, 4, -1, -1, -1, -1, 0, -1], [-1, 0, -1, -1, -1, -1, -1, -1, -1, 4, -1, -1, -1], [-1, 1, -1, -1, -1, -1, -1, -1, -1, -1, -1, -1, -1], [-1, -1, -1, 0, 0, -1, -1, -1, -1, -1, -1, -1, -1], [-1, -1, -1, 0, -1, 0, 4, -1, -1, -1, -1, 0, -1], [-1, -1, -1, 0, -1, -1, -1, -1, -1, 4, -1, -1, -1], [-1, -1, -1, 1, -1, -1, -1, -1, -1, -1, -1, -1, -1], [-1, -1, -1, -1, 0, 0, -1, -1, -1, -1, -1, -1, -1], [-1, -1, -1, -1, 0, -1, -1, -1, -1, 4, -1, -1, -1], [-1, -1, -1, -1, 0, -1, -1, -1, -1, -1, -1, -1, 1], [-1, -1, -1, -1, 1, 0, -1, -1, -1, -1, -1, -1, -1], [-1, -1, -1, -1, 1, -1, 4, -1, -1, -1, -1, -1, -1], [-1, -1, -1, -1, 1, -1, -1, -1, -1, 4, -1, -1, -1], [-1, -1, -1, -1, 1, -1, -1, -1, -1, -1, -1, 0, -1], [-1, -1, -1, -1, -1, 0, 4, -1, -1, -1, -1, 0, 1], [-1, -1, -1, -1, -1, 0, -1, -1, -1, 4, -1, -1, -1], [-1, -1, -1, -1, -1, -1, 1, -1, -1, -1, -1, -1, -1], [-1, -1, -1, -1, -1, -1, 2, -1, -1, -1, -1, -1, -1], [-1, -1, -1, -1, -1, -1, 3, -1, -1, -1, -1, -1, -1], [-1, -1, -1, -1, -1, -1, 4, -1, -1, 4, -1, -1, -1], [-1, -1, -1, -1, -1, -1, -1, 1, -1, -1, -1, -1, -1], [-1, -1, -1, -1, -1, -1, -1, 2, -1, -1, -1, -1, -1], [-1, -1, -1, -1, -1, -1, -1, 3, -1, -1, -1, -1, -1], [-1, -1, -1, -1, -1, -1, -1, 4, -1, -1, -1, -1, -1], [-1, -1, -1, -1, -1, -1, -1, -1, 0, -1, -1, -1, -1], [-1, -1, -1, -1, -1, -1, -1, -1, 2, -1, -1, -1, -1], [-1, -1, -1, -1, -1, -1, -1, -1, 3, -1, -1, -1, -1], [-1, -1, -1, -1, -1, -1, -1, -1, 4, -1, -1, -1, -1], [-1, -1, -1, -1, -1, -1, -1, -1, -1, 2, -1, -1, -1], [-1, -1, -1, -1, -1, -1, -1, -1, -1, 4, -1, -1, 1], [-1, -1, -1, -1, -1, -1, -1, -1, -1, -1, 0, -1, -1], [-1, -1, -1, -1, -1, -1, -1, -1, -1, -1, 1, -1, -1], [-1, -1, -1, -1, -1, -1, -1, -1, -1, -1, 2, -1, -1], [-1, -1, -1, -1, -1, -1, -1, -1, -1, -1, -1, 1, -1], [-1, -1, -1, -1, -1, -1, -1, -1, -1, -1, -1, -1, 2]]


number of patterns found, upperbound
40 11 
 [[0, -1, 0, 0, -1, 0, -1, -1, -1, -1, -1, -1, 1], [0, -1, 0, -1, -1, 0, -1, -1, -1, -1, -1, 0, -1], [0, 0, 0, -1, -1, -1, -1, -1, -1, -1, -1, -1, -1], [0, -1, 0, 0, -1, -1, -1, -1, -1, -1, -1, 0, -1], [0, -1, 0, -1, 1, -1, -1, -1, -1, -1, -1, -1, 1], [0, -1, 0, -1, -1, -1, 4, -1, -1, -1, -1, -1, -1], [-1, -1, 0, -1, -1, 0, 4, -1, -1, -1, -1, -1, -1], [0, -1, 0, 0, 1, 0, -1, -1, -1, -1, -1, -1, -1], [0, -1, 0, -1, -1, -1, -1, -1, -1, -1, -1, 0, 1], [-1, 0, -1, 0, -1, -1, -1, -1, -1, -1, -1, -1, -1], [0, -1, -1, 0, 1, -1, -1, -1, -1, -1, -1, -1, 1]]
90 46 
 [[0, 0, 0, 0, -1, 0, -1, -1, -1, -1, -1, -1, 1], [-1, -1, 0, -1, 0, -1, -1, -1, -1, -1, -1, -1, -1], [0, -1, 0, 0, 1, 0, -1, -1, -1, -1, -1, 0, 1], [0, -1, 0, 0, -1, 0, 4, -1, -1, -1, -1, 0, -1], [0, -1, 0, 0, -1, -1, 4, -1, -1, -1, -1, 0, 1], [0, -1, 0, -1, -1, 0, 4, -1, -1, -1, -1, 0, 1], [0, 0, 0, -1, -1, -1, 4, -1, -1, -1, -1, -1, -1], [0, -1, 0, 0, -1, -1, -1, 4, -1, -1, -1, -1, -1], [0, -1, 0, -1, 1, 0, 4, -1, -1, -1, -1, 0, -1], [-1, -1, 0, 0, -1, 0, 4, -1, -1, -1, -1, 0, 1], [0, 1, 0, 0, -1, 0, -1, -1, -1, -1, -1, -1, 1], [0, 0, 0, 0, -1, 0, -1, -1, -1, -1, -1, 0, -1], [0, 0, 0, 0, -1, -1, -1, -1, -1, -1, -1, 0, 1], [0, -1, 0, 0, 1, -1, -1, -1, -1, 4, -1, -1, -1], [0, -1, 0, 0, -1, 0, -1, -1, -1, 4, -1, 0, -1], [0, -1, 0, 0, -1, 0, -1, -1, -1, 4, -1, -1, 1], [0, -1, 0, 0, -1, -1, -1, -1, -1, 4, -1, 0, 1], [0, 0, 0, -1, -1, 0, -1, -1, -1, -1, -1, 0, 1], [0, 0, 0, 0, 1, 0, -1, -1, -1, -1, -1, -1, -1], [0, 0, 0, -1, 1, -1, -1, -1, -1, -1, -1, -1, 1], [0, -1, 0, 0, -1, -1, -1, -1, 2, -1, -1, -1, -1], [0, 0, 0, -1, -1, -1, -1, -1, -1, 4, -1, -1, -1], [0, -1, 0, -1, -1, 0, -1, -1, 2, -1, -1, -1, -1], [0, -1, 0, -1, -1, -1, -1, -1, -1, -1, 1, 0, -1], [0, 1, 0, 0, 1, 0, -1, -1, -1, -1, -1, -1, -1], [0, 1, 0, 0, 1, -1, -1, -1, -1, -1, -1, -1, 1], [0, -1, 0, 0, 1, 0, 4, -1, -1, -1, -1, -1, 1], [0, -1, 0, -1, 1, 0, -1, -1, -1, 4, -1, -1, -1], [0, -1, 0, 0, -1, 0, -1, -1, -1, -1, 1, -1, -1], [0, -1, 0, -1, 1, -1, -1, -1, -1, -1, 1, -1, -1], [0, -1, 0, -1, -1, -1, -1, 2, -1, -1, -1, -1, -1], [-1, -1, 0, 0, 1, 0, -1, -1, -1, 4, -1, -1, -1], [-1, -1, 0, -1, -1, -1, -1, -1, 4, -1, -1, -1, -1], [0, -1, 0, -1, -1, 0, -1, 4, -1, -1, -1, -1, -1], [-1, 1, -1, -1, -1, -1, 4, -1, -1, -1, -1, -1, -1], [-1, -1, 0, 0, -1, 0, -1, 4, -1, -1, -1, -1, -1], [-1, -1, 0, -1, -1, -1, 4, 4, -1, -1, -1, -1, -1], [0, -1, -1, -1, -1, -1, -1, -1, -1, -1, 2, -1, -1], [-1, -1, 0, -1, -1, 0, -1, -1, -1, -1, 2, -1, -1], [-1, -1, 0, -1, -1, -1, -1, 4, -1, -1, -1, -1, 1], [-1, -1, -1, -1, 1, -1, -1, -1, -1, 4, -1, -1, 1], [0, 1, 0, 0, -1, 0, -1, -1, -1, -1, -1, 0, -1], [0, 1, 0, -1, 1, 0, -1, -1, -1, -1, -1, -1, 1], [-1, 1, 0, 0, 1, 0, -1, -1, -1, -1, -1, -1, 1], [-1, -1, 0, -1, -1, -1, -1, -1, -1, 2, -1, -1, -1], [-1, -1, -1, 0, -1, -1, -1, 2, -1, -1, -1, -1, -1]]
140 130 
 [[0, -1, 0, 0, 1, 0, -1, -1, -1, -1, -1, 0, 1], [0, -1, 0, 0, 1, 0, 4, -1, -1, -1, -1, -1, 1], [0, -1, 0, 0, -1, 0, -1, -1, -1, -1, 1, -1, -1], [0, -1, 0, 0, -1, 0, 4, -1, -1, -1, -1, 0, 1], [0, 1, 0, 0, 1, 0, -1, -1, -1, -1, -1, -1, 1], [0, -1, 0, 0, -1, 0, -1, 4, -1, -1, -1, -1, -1], [0, -1, 0, 0, -1, 0, -1, -1, -1, 4, -1, 0, 1], [0, -1, 0, 0, 1, 0, 4, -1, -1, -1, -1, 0, -1], [-1, 1, 0, 0, -1, -1, 4, -1, -1, -1, -1, -1, -1], [-1, 1, 0, -1, -1, 0, 4, -1, -1, -1, -1, -1, -1], [0, 0, 0, -1, -1, 0, 4, -1, -1, -1, -1, -1, -1], [0, -1, 0, 0, -1, 0, -1, -1, 2, -1, -1, -1, -1], [0, -1, 0, 0, -1, -1, -1, 4, -1, -1, -1, -1, 1], [0, -1, 0, -1, -1, 0, -1, 2, -1, -1, -1, 0, -1], [0, -1, 0, 0, 1, -1, -1, -1, -1, -1, 1, -1, -1], [0, -1, 0, -1, 1, 0, -1, 4, -1, -1, -1, -1, -1], [0, -1, 0, -1, 1, 0, -1, -1, -1, -1, 1, -1, -1], [0, -1, 0, -1, -1, 0, -1, 4, -1, -1, -1, -1, 1], [-1, 0, -1, -1, -1, -1, 4, -1, -1, -1, -1, -1, 1], [-1, -1, 0, 0, -1, 0, -1, 4, -1, -1, -1, -1, 1], [0, -1, 0, 0, -1, 0, -1, 2, -1, -1, -1, -1, -1], [0, -1, 0, 0, -1, 0, -1, -1, -1, -1, 0, -1, -1], [0, 0, 0, 0, -1, 0, -1, -1, -1, 4, -1, -1, -1], [0, -1, 0, 0, -1, 0, -1, -1, -1, -1, -1, 1, -1], [0, 1, 0, 0, -1, 0, -1, -1, -1, -1, -1, 0, 1], [0, 1, 0, -1, -1, -1, 4, -1, -1, -1, -1, -1, -1], [0, 1, -1, 0, -1, -1, 4, -1, -1, -1, -1, -1, -1], [0, -1, 0, 0, -1, -1, -1, -1, -1, -1, 1, -1, 1], [0, -1, 0, 0, 0, 0, -1, -1, -1, -1, -1, -1, -1], [0, -1, 0, 0, -1, -1, -1, -1, 2, -1, -1, -1, 1], [0, -1, 0, -1, -1, 0, -1, -1, -1, -1, 1, 0, -1], [0, -1, 0, -1, -1, 0, -1, -1, -1, -1, 1, -1, 1], [-1, -1, 0, -1, -1, 0, -1, -1, -1, -1, -1, -1, 2], [-1, -1, -1, 0, -1, 0, 4, 4, -1, -1, -1, -1, -1], [0, 0, 0, 0, -1, 0, -1, -1, -1, -1, -1, 0, 1], [0, 0, 0, -1, 1, 0, -1, -1, -1, -1, -1, 0, -1], [0, -1, 0, 0, -1, -1, 4, 4, -1, -1, -1, -1, -1], [0, -1, 0, -1, -1, 0, 4, 4, -1, -1, -1, -1, -1], [0, -1, 0, -1, -1, -1, -1, 4, -1, -1, -1, 0, -1], [0, -1, 0, 0, 0, -1, -1, -1, -1, -1, -1, 0, -1], [-1, -1, 0, -1, -1, 0, -1, -1, -1, -1, 2, 0, -1], [0, 0, 0, 0, -1, -1, 4, -1, -1, -1, -1, -1, -1], [0, -1, 0, 0, 0, -1, -1, -1, -1, -1, -1, -1, 1], [-1, 0, 0, 0, -1, 0, 4, -1, -1, -1, -1, -1, -1], [-1, -1, 0, -1, -1, 0, 4, -1, -1, 4, -1, -1, -1], [0, -1, 0, 0, 1, -1, -1, 4, -1, -1, -1, -1, -1], [-1, -1, 0, 0, -1, -1, -1, 4, -1, -1, -1, 0, -1], [-1, -1, 0, -1, 1, -1, 4, 4, -1, -1, -1, -1, -1], [0, 0, 0, -1, -1, -1, -1, -1, 4, -1, -1, -1, -1], [0, -1, 0, 0, -1, 0, -1, -1, -1, -1, 2, -1, -1], [0, 0, 0, 0, 1, 0, -1, -1, -1, -1, -1, -1, 1], [0, -1, 0, 0, -1, 0, 2, -1, -1, -1, -1, -1, -1], [0, -1, 0, 0, -1, -1, -1, -1, 4, 4, -1, -1, -1], [0, -1, 0, -1, -1, 0, -1, -1, 4, 4, -1, -1, -1], [-1, -1, -1, -1, -1, -1, -1, 2, -1, 4, -1, -1, -1], [0, 0, 0, 0, -1, -1, -1, -1, -1, 4, -1, -1, 1], [0, 0, 0, -1, -1, 0, -1, -1, -1, 4, -1, 0, -1], [0, -1, 0, -1, 0, 0, -1, -1, -1, -1, -1, 0, -1], [0, -1, 0, -1, -1, -1, -1, -1, -1, -1, 2, 0, -1], [-1, -1, 0, -1, 0, 0, -1, -1, -1, -1, -1, -1, 1], [0, 1, 0, 0, 1, 0, -1, -1, -1, -1, -1, 0, -1], [0, -1, 0, -1, 1, 0, 4, -1, -1, -1, -1, 0, 1], [0, -1, 0, -1, -1, 0, -1, -1, -1, -1, 2, -1, 1], [0, -1, -1, 0, 1, 0, -1, 4, -1, -1, -1, -1, -1], [-1, -1, 0, 0, -1, -1, -1, -1, -1, -1, 2, 0, -1], [-1, -1, 0, -1, -1, -1, 4, 4, -1, -1, -1, 0, -1], [0, -1, 0, 0, -1, -1, -1, -1, -1, -1, 2, -1, 1], [0, -1, 0, -1, 1, 0, -1, -1, -1, -1, -1, 1, -1], [0, -1, 0, -1, -1, -1, 3, -1, -1, -1, -1, -1, -1], [-1, -1, 0, -1, 1, -1, -1, 3, -1, -1, -1, -1, -1], [-1, -1, 0, -1, -1, 0, 3, -1, -1, -1, -1, -1, -1], [0, -1, 0, 0, 1, -1, -1, -1, -1, 2, -1, -1, -1], [0, -1, 0, 0, -1, -1, -1, 2, -1, -1, -1, 0, -1], [-1, 0, -1, -1, -1, -1, -1, -1, -1, -1, 2, -1, -1], [-1, -1, 0, 0, -1, -1, 3, -1, -1, -1, -1, -1, -1], [-1, -1, 0, -1, -1, -1, -1, -1, -1, 2, -1, 0, -1], [-1, -1, -1, -1, 1, 0, -1, -1, -1, -1, 2, -1, -1], [-1, -1, -1, -1, 1, -1, -1, 2, -1, -1, -1, -1, -1], [0, 0, -1, -1, 1, -1, -1, -1, -1, 4, -1, -1, -1], [0, 0, -1, -1, -1, 0, -1, -1, -1, 4, -1, -1, 1], [0, -1, 0, 0, 1, 0, -1, -1, -1, 4, -1, -1, 1], [0, -1, 0, 0, -1, 0, -1, 3, -1, -1, -1, -1, -1], [0, -1, 0, 0, -1, -1, -1, -1, 2, -1, -1, 0, -1], [0, -1, 0, 0, -1, -1, -1, -1, -1, -1, 0, -1, 1], [0, -1, 0, -1, 1, -1, -1, -1, 2, -1, -1, -1, -1], [0, -1, 0, -1, -1, 0, -1, -1, 2, -1, -1, -1, 1], [0, -1, -1, 0, 1, -1, -1, -1, 2, -1, -1, -1, -1], [0, -1, -1, 0, -1, 0, -1, -1, 2, -1, -1, -1, 1], [0, -1, -1, 0, -1, 0, -1, -1, -1, -1, 0, -1, 1], [0, -1, -1, 0, -1, -1, 3, -1, -1, -1, -1, -1, -1], [0, -1, -1, -1, 1, -1, -1, 3, -1, -1, -1, -1, -1], [-1, 0, 0, 0, -1, -1, -1, -1, -1, 4, -1, 0, -1], [-1, 0, 0, -1, 1, -1, -1, -1, -1, 4, -1, -1, -1], [-1, 0, -1, -1, -1, -1, -1, -1, -1, -1, 0, -1, -1], [-1, -1, 0, 0, -1, 0, -1, -1, -1, -1, 0, -1, 1], [-1, -1, 0, -1, -1, 0, -1, -1, 2, -1, -1, 0, -1], [-1, -1, -1, -1, 1, 0, -1, 3, -1, -1, -1, -1, -1], [0, 1, 0, 0, 1, -1, -1, -1, -1, -1, -1, 0, 1], [0, 1, 0, -1, -1, -1, -1, -1, -1, 4, -1, -1, -1], [0, -1, 0, 0, 1, 0, -1, -1, 4, -1, -1, -1, -1], [0, -1, 0, 0, 1, 0, -1, -1, -1, 4, -1, 0, -1], [0, -1, 0, 0, -1, -1, -1, 2, -1, -1, -1, -1, 1], [0, -1, 0, -1, -1, 0, -1, 2, -1, -1, -1, -1, 1], [0, -1, 0, -1, -1, -1, -1, -1, 4, -1, -1, 0, -1], [0, -1, 0, -1, -1, -1, -1, -1, -1, 4, 1, -1, -1], [0, -1, -1, -1, -1, 0, 3, -1, -1, -1, -1, -1, -1], [-1, 1, 0, -1, -1, 0, -1, -1, -1, 4, -1, -1, -1], [-1, -1, -1, 0, -1, 0, 3, -1, -1, -1, -1, -1, -1], [0, -1, 0, 0, -1, 0, -1, -1, -1, 2, -1, -1, 1], [0, -1, 0, 0, -1, -1, -1, 3, -1, -1, -1, -1, 1], [0, -1, -1, -1, -1, 0, -1, 3, -1, -1, -1, -1, 1], [-1, 0, 0, -1, 0, -1, -1, -1, -1, -1, -1, -1, -1], [-1, -1, 0, -1, -1, 0, -1, 3, -1, -1, -1, -1, 1], [-1, -1, 0, -1, -1, 0, -1, -1, -1, -1, -1, 1, 1], [0, -1, 0, -1, 1, -1, -1, -1, -1, -1, 2, -1, -1], [-1, 1, -1, 0, -1, -1, -1, -1, -1, 4, -1, -1, -1], [0, 1, -1, -1, -1, 0, -1, -1, -1, 4, -1, -1, -1], [0, -1, 0, 0, -1, -1, -1, -1, 4, -1, -1, -1, 1], [0, -1, 0, -1, 1, -1, -1, -1, -1, 4, -1, 0, 1], [0, -1, 0, -1, -1, 0, -1, -1, -1, -1, 0, -1, 1], [0, -1, -1, 0, -1, 0, -1, -1, 4, 4, -1, -1, -1], [0, -1, -1, -1, 1, 0, -1, -1, -1, -1, 0, -1, -1], [-1, 1, 0, -1, 1, 0, -1, -1, -1, -1, -1, 0, 1], [-1, -1, 0, 0, 1, -1, -1, -1, -1, 4, -1, 0, 1], [-1, -1, 0, 0, -1, 0, -1, -1, 4, 4, -1, -1, -1], [-1, -1, 0, 0, -1, -1, -1, -1, 4, -1, -1, 0, -1], [-1, -1, 0, -1, 1, 0, -1, -1, -1, -1, 0, -1, -1], [-1, -1, 0, -1, -1, -1, -1, -1, 4, 4, -1, 0, -1], [-1, -1, -1, 0, 1, 0, -1, -1, -1, -1, 0, -1, -1], [-1, -1, -1, -1, 1, -1, -1, -1, 4, 4, -1, -1, -1]]
190 218 
 [[0, -1, 0, 0, 1, 0, 4, -1, -1, -1, -1, -1, 1], [0, -1, 0, 0, -1, 0, -1, -1, -1, -1, 1, -1, -1], [0, -1, 0, 0, -1, 0, 4, -1, -1, -1, -1, 0, 1], [0, -1, 0, 0, -1, 0, -1, 4, -1, -1, -1, -1, -1], [0, -1, 0, 0, 1, 0, 4, -1, -1, -1, -1, 0, -1], [-1, 1, 0, 0, -1, -1, 4, -1, -1, -1, -1, -1, -1], [-1, 1, 0, -1, -1, 0, 4, -1, -1, -1, -1, -1, -1], [0, -1, 0, 0, -1, 0, -1, -1, 2, -1, -1, -1, -1], [0, -1, 0, 0, -1, -1, -1, 4, -1, -1, -1, -1, 1], [0, -1, 0, 0, 1, -1, -1, -1, -1, -1, 1, -1, -1], [0, -1, 0, -1, 1, 0, -1, 4, -1, -1, -1, -1, -1], [0, -1, 0, -1, 1, 0, -1, -1, -1, -1, 1, -1, -1], [0, -1, 0, -1, -1, 0, -1, 4, -1, -1, -1, -1, 1], [-1, 0, -1, -1, -1, -1, 4, -1, -1, -1, -1, -1, 1], [-1, -1, 0, 0, -1, 0, -1, 4, -1, -1, -1, -1, 1], [0, -1, 0, 0, -1, 0, -1, -1, -1, -1, -1, 1, -1], [0, 1, 0, -1, -1, -1, 4, -1, -1, -1, -1, -1, -1], [0, 1, -1, 0, -1, -1, 4, -1, -1, -1, -1, -1, -1], [0, -1, 0, 0, -1, -1, -1, -1, -1, -1, 1, -1, 1], [0, -1, 0, 0, 0, 0, -1, -1, -1, -1, -1, -1, -1], [0, -1, 0, 0, -1, -1, -1, -1, 2, -1, -1, -1, 1], [0, -1, 0, -1, -1, 0, -1, -1, -1, -1, 1, 0, -1], [0, -1, 0, -1, -1, 0, -1, -1, -1, -1, 1, -1, 1], [-1, -1, -1, 0, -1, 0, 4, 4, -1, -1, -1, -1, -1], [0, 0, 0, 0, -1, 0, -1, -1, -1, -1, -1, 0, 1], [0, -1, 0, 0, -1, -1, 4, 4, -1, -1, -1, -1, -1], [0, -1, 0, -1, -1, 0, 4, 4, -1, -1, -1, -1, -1], [0, -1, 0, -1, -1, -1, -1, 4, -1, -1, -1, 0, -1], [0, -1, 0, 0, 0, -1, -1, -1, -1, -1, -1, 0, -1], [0, -1, 0, 0, 0, -1, -1, -1, -1, -1, -1, -1, 1], [-1, -1, 0, -1, -1, 0, 4, -1, -1, 4, -1, -1, -1], [0, -1, 0, 0, 1, -1, -1, 4, -1, -1, -1, -1, -1], [-1, -1, 0, 0, -1, -1, -1, 4, -1, -1, -1, 0, -1], [-1, -1, 0, -1, 1, -1, 4, 4, -1, -1, -1, -1, -1], [0, 0, 0, 0, 1, 0, -1, -1, -1, -1, -1, -1, 1], [0, -1, 0, 0, -1, 0, 2, -1, -1, -1, -1, -1, -1], [0, 0, 0, 0, -1, -1, -1, -1, -1, 4, -1, -1, 1], [0, -1, 0, -1, 0, 0, -1, -1, -1, -1, -1, 0, -1], [-1, -1, 0, -1, 0, 0, -1, -1, -1, -1, -1, -1, 1], [0, -1, 0, -1, 1, 0, 4, -1, -1, -1, -1, 0, 1], [0, -1, -1, 0, 1, 0, -1, 4, -1, -1, -1, -1, -1], [-1, -1, 0, -1, -1, -1, 4, 4, -1, -1, -1, 0, -1], [0, -1, 0, -1, 1, 0, -1, -1, -1, -1, -1, 1, -1], [0, -1, 0, 0, -1, -1, -1, -1, 2, -1, -1, 0, -1], [0, -1, 0, -1, -1, 0, -1, -1, 2, -1, -1, -1, 1], [0, -1, -1, 0, -1, 0, -1, -1, 2, -1, -1, -1, 1], [0, -1, 0, 0, 1, 0, -1, -1, 4, -1, -1, -1, -1], [0, -1, 0, -1, -1, -1, -1, -1, -1, 4, 1, -1, -1], [0, -1, 0, 0, -1, 0, -1, -1, -1, 2, -1, -1, 1], [-1, -1, 0, -1, -1, 0, -1, -1, -1, -1, -1, 1, 1], [0, -1, 0, -1, -1, -1, 4, -1, -1, 4, -1, -1, -1], [-1, 0, 0, -1, -1, -1, 4, -1, -1, -1, -1, 0, -1], [0, 0, 0, -1, 0, -1, -1, -1, -1, -1, -1, -1, -1], [0, 0, -1, -1, -1, -1, 4, -1, -1, -1, -1, 0, -1], [0, 0, 0, 0, -1, 0, 4, -1, -1, -1, -1, -1, -1], [0, -1, 0, 0, 1, -1, -1, -1, 2, -1, -1, -1, -1], [0, -1, 0, -1, -1, 0, -1, -1, 2, -1, -1, 0, -1], [-1, -1, 0, -1, -1, 0, -1, 4, -1, -1, -1, 0, -1], [-1, -1, -1, 0, -1, -1, -1, -1, -1, 2, -1, 0, -1], [0, 0, 0, -1, -1, 0, -1, -1, -1, 4, -1, -1, 1], [0, -1, 0, -1, -1, 0, 3, -1, -1, -1, -1, -1, -1], [0, -1, 0, 0, -1, 0, -1, 2, -1, -1, -1, 0, -1], [0, -1, 0, -1, 0, -1, -1, -1, -1, 4, -1, -1, -1], [-1, -1, 0, -1, -1, 0, -1, -1, -1, 4, 1, -1, -1], [0, -1, 0, -1, 1, 0, -1, -1, 2, -1, -1, -1, -1], [0, -1, -1, -1, 1, -1, -1, -1, 2, -1, -1, -1, 1], [-1, -1, -1, -1, 1, -1, -1, -1, -1, -1, 1, -1, 1], [0, -1, -1, -1, -1, 0, -1, -1, -1, -1, -1, 1, 1], [-1, 0, -1, -1, 1, -1, -1, -1, 4, -1, -1, -1, -1], [0, 0, 0, -1, -1, 0, -1, -1, 4, -1, -1, -1, -1], [0, -1, 0, 0, -1, 0, -1, -1, -1, -1, 0, -1, 1], [-1, 0, 0, -1, -1, -1, -1, -1, -1, -1, 0, -1, -1], [-1, -1, 0, -1, 0, 0, -1, -1, -1, 4, -1, -1, -1], [-1, -1, 0, -1, 0, -1, -1, -1, -1, 4, -1, 0, -1], [0, 0, 0, 0, -1, 0, -1, -1, -1, 4, -1, 0, -1], [0, -1, 0, -1, -1, 0, -1, -1, -1, -1, -1, -1, 2], [0, 0, 0, -1, 1, 0, -1, -1, -1, 4, -1, -1, -1], [0, -1, 0, -1, -1, -1, -1, 2, -1, -1, -1, 0, 1], [-1, 0, -1, 0, 1, -1, -1, -1, -1, 4, -1, -1, -1], [-1, 0, -1, -1, -1, 0, -1, -1, -1, -1, 0, -1, -1], [0, -1, 0, 0, -1, -1, 3, -1, -1, -1, -1, -1, -1], [-1, 0, -1, 0, 0, -1, -1, -1, -1, -1, -1, -1, -1], [0, 0, 0, 0, 1, 0, -1, -1, -1, -1, -1, 0, -1], [0, 0, 0, -1, 1, 0, -1, -1, -1, -1, -1, 0, 1], [0, -1, 0, -1, -1, 0, -1, 2, -1, 4, -1, -1, -1], [0, -1, 0, -1, -1, -1, -1, 2, -1, 4, -1, 0, -1], [-1, -1, 0, 0, -1, 0, -1, -1, -1, -1, -1, -1, 2], [-1, -1, -1, 0, -1, -1, -1, 2, -1, 4, -1, -1, -1], [0, 0, 0, -1, -1, 0, -1, -1, -1, -1, 2, -1, -1], [0, -1, 0, 0, -1, 0, -1, 2, -1, -1, -1, -1, 1], [0, -1, 0, -1, 1, -1, -1, -1, -1, 2, -1, -1, 1], [0, -1, 0, -1, -1, 0, 2, -1, -1, -1, -1, -1, 1], [0, -1, 0, -1, -1, -1, -1, -1, -1, -1, -1, 1, 1], [-1, -1, 0, 0, 1, 0, -1, -1, -1, -1, -1, 1, -1], [-1, -1, 0, 0, -1, -1, -1, -1, -1, -1, -1, 1, 1], [-1, -1, -1, 0, 1, 0, -1, -1, 2, -1, -1, -1, -1], [-1, -1, 0, -1, -1, -1, -1, -1, -1, -1, 0, 0, 1], [0, 1, 0, 0, 1, 0, -1, -1, -1, -1, -1, 0, 1], [0, -1, 0, 0, 1, 0, -1, -1, -1, 2, -1, -1, -1], [0, -1, 0, 0, -1, 0, -1, -1, -1, -1, 2, 0, -1], [0, -1, 0, 0, -1, 0, -1, -1, -1, -1, 2, -1, 1], [-1, -1, -1, 0, 1, -1, -1, -1, -1, 2, -1, -1, 1], [0, -1, 0, 0, -1, 0, -1, -1, -1, -1, 0, 0, -1], [0, -1, 0, -1, -1, -1, 3, -1, -1, -1, -1, -1, 1], [0, -1, -1, 0, -1, -1, 3, -1, -1, -1, -1, -1, 1], [0, -1, -1, -1, 1, 0, -1, -1, -1, 2, -1, -1, 1], [0, -1, -1, -1, -1, -1, -1, -1, -1, -1, 0, 0, 1], [-1, -1, 0, 0, -1, 0, 3, -1, -1, -1, -1, -1, -1], [0, -1, 0, 0, -1, 0, -1, -1, 4, -1, -1, -1, 1], [0, -1, 0, -1, 1, -1, -1, -1, 4, -1, -1, 0, -1], [0, -1, 0, -1, -1, -1, -1, -1, 4, -1, -1, 0, 1], [0, -1, -1, 0, -1, -1, 2, -1, -1, -1, -1, -1, 1], [0, -1, -1, -1, -1, 0, -1, -1, -1, 4, 1, -1, -1], [-1, -1, 0, 0, -1, -1, 2, -1, -1, -1, -1, -1, 1], [-1, -1, 0, -1, -1, 0, -1, 2, -1, 4, -1, 0, -1], [0, -1, 0, 0, 1, 0, -1, -1, -1, 4, -1, 0, 1], [0, -1, 0, 0, 1, 0, -1, -1, -1, -1, 0, -1, -1], [0, -1, 0, -1, 1, 0, -1, 3, -1, -1, -1, -1, -1], [-1, -1, 0, 0, -1, -1, -1, 3, -1, -1, -1, 0, -1], [-1, -1, 0, -1, 1, -1, -1, -1, -1, -1, 0, -1, 1], [-1, -1, -1, 0, 1, 0, -1, -1, -1, -1, 0, -1, 1], [0, -1, 0, 0, 1, -1, -1, 3, -1, -1, -1, -1, -1], [0, -1, 0, 0, 1, -1, -1, -1, 4, -1, -1, -1, 1], [0, -1, -1, -1, 1, -1, -1, 3, -1, -1, -1, -1, 1], [-1, -1, 0, 0, -1, -1, 3, -1, -1, -1, -1, -1, 1], [0, -1, 0, -1, -1, -1, 3, -1, -1, -1, -1, 0, -1], [-1, 1, -1, -1, 0, -1, -1, -1, -1, -1, -1, -1, -1], [-1, -1, 0, 0, -1, -1, -1, -1, 4, -1, -1, 0, 1], [-1, -1, 0, -1, -1, -1, 3, -1, -1, 4, -1, -1, -1], [0, -1, -1, -1, -1, -1, 3, -1, -1, 4, -1, -1, -1], [-1, 1, -1, -1, -1, -1, -1, -1, 2, -1, -1, -1, -1], [0, 1, 0, -1, -1, -1, -1, -1, -1, -1, 2, -1, -1], [0, -1, 0, 0, 1, 0, -1, -1, -1, -1, 2, -1, -1], [0, -1, 0, -1, 1, 0, -1, -1, -1, -1, 2, -1, 1], [0, -1, 0, -1, -1, -1, -1, -1, -1, 4, 2, -1, -1], [0, -1, -1, -1, 1, -1, -1, 2, -1, -1, -1, -1, 1], [-1, 1, 0, 0, -1, -1, -1, -1, -1, -1, 2, -1, -1], [-1, 1, 0, -1, -1, 0, -1, -1, -1, -1, 2, -1, -1], [-1, -1, 0, -1, -1, 0, -1, 2, -1, -1, -1, 0, 1], [0, 1, 0, 0, -1, 0, -1, -1, -1, 4, -1, -1, -1], [0, 1, 0, -1, -1, 0, -1, -1, -1, -1, 1, -1, -1], [0, -1, 0, 0, 1, -1, -1, 2, -1, -1, -1, -1, -1], [0, -1, 0, -1, 1, 0, 2, -1, -1, -1, -1, -1, -1], [0, -1, 0, -1, -1, 0, 2, -1, -1, -1, -1, 0, -1], [-1, 1, -1, 0, 1, -1, -1, -1, -1, 4, -1, -1, -1], [-1, -1, 0, -1, -1, 0, -1, -1, -1, -1, -1, 0, 2], [0, -1, 0, 0, 1, -1, -1, -1, 4, 4, -1, -1, -1], [0, -1, 0, 0, -1, 0, -1, 3, -1, -1, -1, -1, 1], [0, -1, 0, -1, 1, 0, -1, -1, 4, 4, -1, -1, -1], [0, -1, 0, -1, 1, 0, -1, -1, 4, -1, -1, -1, 1], [0, -1, 0, -1, -1, 0, -1, -1, -1, -1, 2, 0, 1], [-1, 0, 0, -1, -1, -1, -1, -1, -1, -1, 2, 0, -1], [-1, 0, -1, 0, -1, -1, -1, -1, -1, -1, 2, -1, -1], [-1, -1, 0, 0, 1, 0, -1, 3, -1, -1, -1, -1, -1], [-1, -1, 0, 0, 1, -1, -1, -1, 4, -1, -1, 0, -1], [-1, -1, 0, -1, 1, 0, -1, -1, 4, -1, -1, 0, -1], [-1, -1, 0, -1, 1, -1, -1, 3, -1, -1, -1, -1, 1], [-1, -1, 0, -1, -1, -1, -1, -1, -1, 4, 2, 0, -1], [0, -1, 0, -1, -1, 0, -1, -1, -1, 2, -1, 0, -1], [0, -1, -1, 0, 1, 0, -1, 3, -1, -1, -1, -1, -1], [0, -1, -1, 0, -1, -1, -1, 3, -1, -1, -1, 0, -1], [0, -1, -1, -1, 1, -1, 3, -1, -1, -1, -1, -1, 1], [-1, -1, -1, -1, 1, 0, -1, 3, -1, -1, -1, -1, 1], [-1, -1, -1, -1, -1, -1, -1, 3, -1, -1, -1, 0, 1], [-1, 0, 0, -1, -1, -1, -1, 2, -1, -1, -1, -1, -1], [-1, -1, 0, -1, 1, -1, -1, 2, -1, -1, -1, -1, 1], [0, 1, 0, -1, -1, -1, -1, 2, -1, -1, -1, -1, -1], [0, -1, 0, -1, 1, 0, -1, 2, -1, -1, -1, 0, -1], [-1, 1, 0, -1, -1, 0, -1, 2, -1, -1, -1, -1, -1], [0, 0, -1, -1, -1, -1, -1, 2, -1, -1, -1, -1, -1], [-1, -1, 0, 1, -1, 0, -1, -1, -1, -1, -1, -1, -1], [-1, -1, 0, -1, -1, 0, -1, -1, -1, 4, 2, -1, -1], [-1, -1, 0, -1, -1, -1, -1, -1, -1, 4, -1, -1, 2], [0, -1, 0, -1, 1, 0, -1, -1, -1, -1, 2, 0, -1], [0, -1, -1, 1, -1, -1, -1, -1, -1, -1, -1, -1, -1], [-1, 1, 0, -1, -1, 0, -1, -1, -1, 2, -1, -1, -1], [0, 1, 0, -1, 1, -1, -1, -1, -1, 4, -1, -1, -1], [0, -1, 0, -1, -1, -1, -1, -1, -1, -1, -1, 0, 2], [-1, 1, -1, -1, 1, 0, -1, -1, -1, 4, -1, -1, -1], [-1, -1, -1, -1, 1, -1, -1, -1, -1, -1, -1, -1, 2], [0, 1, 0, 0, -1, -1, -1, -1, -1, 4, -1, 0, -1], [0, 1, 0, -1, -1, 0, -1, -1, -1, 4, -1, 0, -1], [0, -1, 0, 0, -1, -1, -1, -1, -1, 4, 0, -1, -1], [0, -1, -1, -1, -1, -1, -1, 1, -1, -1, -1, -1, -1], [-1, -1, -1, -1, -1, 0, -1, -1, -1, 4, -1, -1, 2], [0, 1, 0, -1, -1, -1, -1, -1, 4, -1, -1, -1, -1], [0, 1, -1, -1, -1, -1, 2, -1, -1, -1, -1, -1, -1], [0, -1, 0, 0, 1, -1, 2, -1, -1, -1, -1, -1, -1], [0, -1, 0, 0, -1, 0, -1, -1, 4, 4, -1, 0, -1], [0, -1, 0, 0, -1, -1, -1, -1, 4, 4, -1, -1, 1], [0, -1, 0, -1, -1, 0, 2, -1, -1, 4, -1, -1, -1], [0, -1, -1, 0, 1, 0, -1, 2, -1, -1, -1, -1, -1], [0, -1, -1, 0, 1, 0, -1, -1, 4, -1, -1, -1, 1], [-1, 1, 0, 0, -1, -1, -1, -1, 4, -1, -1, -1, -1], [-1, -1, 0, -1, -1, 0, -1, -1, 4, -1, -1, 0, 1], [-1, -1, -1, 0, -1, -1, -1, -1, -1, 4, 2, -1, -1], [0, -1, 0, -1, -1, 0, -1, -1, 4, 4, -1, -1, 1], [0, -1, -1, 0, 1, 0, -1, -1, 4, 4, -1, -1, -1], [-1, -1, 0, 0, 1, 0, -1, -1, 4, 4, -1, -1, -1], [-1, -1, 0, -1, -1, 0, -1, 1, -1, -1, -1, -1, -1], [0, -1, 0, -1, -1, -1, -1, -1, 0, -1, -1, -1, -1], [0, -1, -1, 0, 1, -1, -1, -1, -1, -1, 0, -1, 1], [0, -1, -1, -1, 1, 0, -1, -1, -1, -1, 0, -1, 1], [0, -1, -1, -1, -1, -1, 4, -1, 0, -1, -1, -1, -1], [-1, -1, 0, -1, -1, 0, 4, -1, 0, -1, -1, -1, -1], [0, -1, 0, -1, 1, -1, 3, -1, -1, -1, -1, -1, -1], [0, -1, 0, -1, -1, 0, -1, 3, -1, -1, -1, 0, -1], [0, -1, -1, 0, 1, -1, 3, -1, -1, -1, -1, -1, -1], [0, -1, -1, 0, -1, 0, 3, -1, -1, -1, -1, -1, -1], [0, -1, -1, -1, -1, 0, -1, -1, -1, 4, 0, -1, -1], [-1, -1, 0, -1, 1, 0, 3, -1, -1, -1, -1, -1, -1], [-1, -1, 0, -1, -1, 0, -1, -1, -1, 4, 0, -1, -1], [-1, -1, -1, 0, -1, -1, 3, -1, -1, -1, -1, 0, -1], [-1, -1, -1, -1, -1, 0, 3, -1, -1, -1, -1, -1, 1], [0, 1, 0, 0, -1, -1, -1, -1, -1, 4, -1, -1, 1], [-1, -1, -1, 0, 0, -1, -1, -1, -1, 4, -1, -1, -1], [0, -1, -1, 0, 1, -1, -1, -1, -1, -1, 2, -1, 1], [-1, 0, -1, -1, -1, 0, -1, -1, -1, 2, -1, -1, -1]]
240 260 
 [[0, -1, 0, 0, 1, 0, 4, -1, -1, -1, -1, -1, 1], [0, -1, 0, 0, -1, 0, -1, -1, -1, -1, 1, -1, -1], [0, -1, 0, 0, -1, 0, 4, -1, -1, -1, -1, 0, 1], [0, -1, 0, 0, -1, 0, -1, 4, -1, -1, -1, -1, -1], [0, -1, 0, 0, 1, 0, 4, -1, -1, -1, -1, 0, -1], [-1, 1, 0, 0, -1, -1, 4, -1, -1, -1, -1, -1, -1], [-1, 1, 0, -1, -1, 0, 4, -1, -1, -1, -1, -1, -1], [0, -1, 0, 0, -1, 0, -1, -1, 2, -1, -1, -1, -1], [0, -1, 0, 0, -1, -1, -1, 4, -1, -1, -1, -1, 1], [0, -1, 0, 0, 1, -1, -1, -1, -1, -1, 1, -1, -1], [0, -1, 0, -1, 1, 0, -1, 4, -1, -1, -1, -1, -1], [0, -1, 0, -1, 1, 0, -1, -1, -1, -1, 1, -1, -1], [0, -1, 0, -1, -1, 0, -1, 4, -1, -1, -1, -1, 1], [-1, 0, -1, -1, -1, -1, 4, -1, -1, -1, -1, -1, 1], [-1, -1, 0, 0, -1, 0, -1, 4, -1, -1, -1, -1, 1], [0, -1, 0, 0, -1, 0, -1, -1, -1, -1, -1, 1, -1], [0, 1, 0, -1, -1, -1, 4, -1, -1, -1, -1, -1, -1], [0, 1, -1, 0, -1, -1, 4, -1, -1, -1, -1, -1, -1], [0, -1, 0, 0, -1, -1, -1, -1, -1, -1, 1, -1, 1], [0, -1, 0, 0, 0, 0, -1, -1, -1, -1, -1, -1, -1], [0, -1, 0, 0, -1, -1, -1, -1, 2, -1, -1, -1, 1], [0, -1, 0, -1, -1, 0, -1, -1, -1, -1, 1, 0, -1], [0, -1, 0, -1, -1, 0, -1, -1, -1, -1, 1, -1, 1], [-1, -1, -1, 0, -1, 0, 4, 4, -1, -1, -1, -1, -1], [0, 0, 0, 0, -1, 0, -1, -1, -1, -1, -1, 0, 1], [0, -1, 0, 0, -1, -1, 4, 4, -1, -1, -1, -1, -1], [0, -1, 0, -1, -1, 0, 4, 4, -1, -1, -1, -1, -1], [0, -1, 0, -1, -1, -1, -1, 4, -1, -1, -1, 0, -1], [0, -1, 0, 0, 0, -1, -1, -1, -1, -1, -1, 0, -1], [0, -1, 0, 0, 0, -1, -1, -1, -1, -1, -1, -1, 1], [-1, -1, 0, -1, -1, 0, 4, -1, -1, 4, -1, -1, -1], [0, -1, 0, 0, 1, -1, -1, 4, -1, -1, -1, -1, -1], [-1, -1, 0, 0, -1, -1, -1, 4, -1, -1, -1, 0, -1], [-1, -1, 0, -1, 1, -1, 4, 4, -1, -1, -1, -1, -1], [0, 0, 0, 0, 1, 0, -1, -1, -1, -1, -1, -1, 1], [0, -1, 0, 0, -1, 0, 2, -1, -1, -1, -1, -1, -1], [0, 0, 0, 0, -1, -1, -1, -1, -1, 4, -1, -1, 1], [0, -1, 0, -1, 0, 0, -1, -1, -1, -1, -1, 0, -1], [-1, -1, 0, -1, 0, 0, -1, -1, -1, -1, -1, -1, 1], [0, -1, 0, -1, 1, 0, 4, -1, -1, -1, -1, 0, 1], [0, -1, -1, 0, 1, 0, -1, 4, -1, -1, -1, -1, -1], [-1, -1, 0, -1, -1, -1, 4, 4, -1, -1, -1, 0, -1], [0, -1, 0, -1, 1, 0, -1, -1, -1, -1, -1, 1, -1], [0, -1, 0, 0, -1, -1, -1, -1, 2, -1, -1, 0, -1], [0, -1, 0, -1, -1, 0, -1, -1, 2, -1, -1, -1, 1], [0, -1, -1, 0, -1, 0, -1, -1, 2, -1, -1, -1, 1], [0, -1, 0, -1, -1, -1, -1, -1, -1, 4, 1, -1, -1], [0, -1, 0, 0, -1, 0, -1, -1, -1, 2, -1, -1, 1], [-1, -1, 0, -1, -1, 0, -1, -1, -1, -1, -1, 1, 1], [0, -1, 0, -1, -1, -1, 4, -1, -1, 4, -1, -1, -1], [-1, 0, 0, -1, -1, -1, 4, -1, -1, -1, -1, 0, -1], [0, 0, 0, -1, 0, -1, -1, -1, -1, -1, -1, -1, -1], [0, 0, -1, -1, -1, -1, 4, -1, -1, -1, -1, 0, -1], [0, 0, 0, 0, -1, 0, 4, -1, -1, -1, -1, -1, -1], [0, -1, 0, 0, 1, -1, -1, -1, 2, -1, -1, -1, -1], [0, -1, 0, -1, -1, 0, -1, -1, 2, -1, -1, 0, -1], [-1, -1, 0, -1, -1, 0, -1, 4, -1, -1, -1, 0, -1], [-1, -1, -1, 0, -1, -1, -1, -1, -1, 2, -1, 0, -1], [0, 0, 0, -1, -1, 0, -1, -1, -1, 4, -1, -1, 1], [0, -1, 0, 0, -1, 0, -1, 2, -1, -1, -1, 0, -1], [0, -1, 0, -1, 0, -1, -1, -1, -1, 4, -1, -1, -1], [-1, -1, 0, -1, -1, 0, -1, -1, -1, 4, 1, -1, -1], [0, -1, 0, -1, 1, 0, -1, -1, 2, -1, -1, -1, -1], [0, -1, -1, -1, 1, -1, -1, -1, 2, -1, -1, -1, 1], [-1, -1, -1, -1, 1, -1, -1, -1, -1, -1, 1, -1, 1], [0, -1, -1, -1, -1, 0, -1, -1, -1, -1, -1, 1, 1], [-1, 0, -1, -1, 1, -1, -1, -1, 4, -1, -1, -1, -1], [0, 0, 0, -1, -1, 0, -1, -1, 4, -1, -1, -1, -1], [0, -1, 0, 0, -1, 0, -1, -1, -1, -1, 0, -1, 1], [-1, 0, 0, -1, -1, -1, -1, -1, -1, -1, 0, -1, -1], [-1, -1, 0, -1, 0, 0, -1, -1, -1, 4, -1, -1, -1], [-1, -1, 0, -1, 0, -1, -1, -1, -1, 4, -1, 0, -1], [0, 0, 0, 0, -1, 0, -1, -1, -1, 4, -1, 0, -1], [0, 0, 0, -1, 1, 0, -1, -1, -1, 4, -1, -1, -1], [0, -1, 0, -1, -1, -1, -1, 2, -1, -1, -1, 0, 1], [-1, 0, -1, 0, 1, -1, -1, -1, -1, 4, -1, -1, -1], [-1, 0, -1, -1, -1, 0, -1, -1, -1, -1, 0, -1, -1], [0, -1, 0, 0, -1, -1, 3, -1, -1, -1, -1, -1, -1], [-1, 0, -1, 0, 0, -1, -1, -1, -1, -1, -1, -1, -1], [0, 0, 0, 0, 1, 0, -1, -1, -1, -1, -1, 0, -1], [0, 0, 0, -1, 1, 0, -1, -1, -1, -1, -1, 0, 1], [0, -1, 0, -1, -1, 0, -1, 2, -1, 4, -1, -1, -1], [0, -1, 0, -1, -1, -1, -1, 2, -1, 4, -1, 0, -1], [-1, -1, -1, 0, -1, -1, -1, 2, -1, 4, -1, -1, -1], [0, 0, 0, -1, -1, 0, -1, -1, -1, -1, 2, -1, -1], [0, -1, 0, 0, -1, 0, -1, 2, -1, -1, -1, -1, 1], [0, -1, 0, -1, 1, -1, -1, -1, -1, 2, -1, -1, 1], [0, -1, 0, -1, -1, 0, 2, -1, -1, -1, -1, -1, 1], [0, -1, 0, -1, -1, -1, -1, -1, -1, -1, -1, 1, 1], [-1, -1, 0, 0, 1, 0, -1, -1, -1, -1, -1, 1, -1], [-1, -1, 0, 0, -1, -1, -1, -1, -1, -1, -1, 1, 1], [-1, -1, -1, 0, 1, 0, -1, -1, 2, -1, -1, -1, -1], [-1, -1, 0, -1, -1, -1, -1, -1, -1, -1, 0, 0, 1], [0, 1, 0, 0, 1, 0, -1, -1, -1, -1, -1, 0, 1], [0, -1, 0, 0, 1, 0, -1, -1, -1, 2, -1, -1, -1], [0, -1, 0, 0, -1, 0, -1, -1, -1, -1, 2, 0, -1], [0, -1, 0, 0, -1, 0, -1, -1, -1, -1, 2, -1, 1], [-1, -1, -1, 0, 1, -1, -1, -1, -1, 2, -1, -1, 1], [0, -1, 0, 0, -1, 0, -1, -1, -1, -1, 0, 0, -1], [0, -1, 0, -1, -1, -1, 3, -1, -1, -1, -1, -1, 1], [0, -1, -1, 0, -1, -1, 3, -1, -1, -1, -1, -1, 1], [0, -1, -1, -1, 1, 0, -1, -1, -1, 2, -1, -1, 1], [0, -1, -1, -1, -1, -1, -1, -1, -1, -1, 0, 0, 1], [-1, -1, 0, 0, -1, 0, 3, -1, -1, -1, -1, -1, -1], [0, -1, 0, 0, -1, 0, -1, -1, 4, -1, -1, -1, 1], [0, -1, 0, -1, -1, -1, -1, -1, 4, -1, -1, 0, 1], [0, -1, -1, 0, -1, -1, 2, -1, -1, -1, -1, -1, 1], [0, -1, -1, -1, -1, 0, -1, -1, -1, 4, 1, -1, -1], [-1, -1, 0, 0, -1, -1, 2, -1, -1, -1, -1, -1, 1], [-1, -1, 0, -1, -1, 0, -1, 2, -1, 4, -1, 0, -1], [0, -1, 0, 0, 1, 0, -1, -1, -1, 4, -1, 0, 1], [0, -1, 0, 0, 1, 0, -1, -1, -1, -1, 0, -1, -1], [0, -1, 0, -1, 1, 0, -1, 3, -1, -1, -1, -1, -1], [-1, -1, 0, 0, -1, -1, -1, 3, -1, -1, -1, 0, -1], [-1, -1, 0, -1, 1, -1, -1, -1, -1, -1, 0, -1, 1], [-1, -1, -1, 0, 1, 0, -1, -1, -1, -1, 0, -1, 1], [0, -1, 0, 0, 1, -1, -1, 3, -1, -1, -1, -1, -1], [0, -1, 0, 0, 1, -1, -1, -1, 4, -1, -1, -1, 1], [0, -1, -1, -1, 1, -1, -1, 3, -1, -1, -1, -1, 1], [-1, -1, 0, 0, -1, -1, 3, -1, -1, -1, -1, -1, 1], [0, -1, 0, -1, -1, -1, 3, -1, -1, -1, -1, 0, -1], [-1, 1, -1, -1, 0, -1, -1, -1, -1, -1, -1, -1, -1], [-1, -1, 0, 0, -1, -1, -1, -1, 4, -1, -1, 0, 1], [-1, 1, -1, -1, -1, -1, -1, -1, 2, -1, -1, -1, -1], [0, -1, 0, 0, 1, 0, -1, -1, -1, -1, 2, -1, -1], [0, -1, 0, -1, 1, 0, -1, -1, -1, -1, 2, -1, 1], [0, -1, -1, -1, 1, -1, -1, 2, -1, -1, -1, -1, 1], [-1, -1, 0, -1, -1, 0, -1, 2, -1, -1, -1, 0, 1], [0, 1, 0, -1, -1, 0, -1, -1, -1, -1, 1, -1, -1], [0, -1, 0, 0, 1, -1, -1, 2, -1, -1, -1, -1, -1], [0, -1, 0, -1, 1, 0, 2, -1, -1, -1, -1, -1, -1], [0, -1, 0, -1, -1, 0, 2, -1, -1, -1, -1, 0, -1], [-1, -1, 0, -1, -1, 0, -1, -1, -1, -1, -1, 0, 2], [0, -1, 0, 0, -1, 0, -1, 3, -1, -1, -1, -1, 1], [0, -1, 0, -1, 1, 0, -1, -1, 4, -1, -1, -1, 1], [0, -1, 0, -1, -1, 0, -1, -1, -1, -1, 2, 0, 1], [-1, 0, -1, 0, -1, -1, -1, -1, -1, -1, 2, -1, -1], [-1, -1, 0, 0, 1, 0, -1, 3, -1, -1, -1, -1, -1], [-1, -1, 0, 0, 1, -1, -1, -1, 4, -1, -1, 0, -1], [-1, -1, 0, -1, 1, -1, -1, 3, -1, -1, -1, -1, 1], [0, -1, 0, -1, -1, 0, -1, -1, -1, 2, -1, 0, -1], [0, -1, -1, 0, 1, 0, -1, 3, -1, -1, -1, -1, -1], [0, -1, -1, 0, -1, -1, -1, 3, -1, -1, -1, 0, -1], [0, -1, -1, -1, 1, -1, 3, -1, -1, -1, -1, -1, 1], [-1, -1, -1, -1, 1, 0, -1, 3, -1, -1, -1, -1, 1], [-1, -1, -1, -1, -1, -1, -1, 3, -1, -1, -1, 0, 1], [-1, 0, 0, -1, -1, -1, -1, 2, -1, -1, -1, -1, -1], [-1, -1, 0, -1, 1, -1, -1, 2, -1, -1, -1, -1, 1], [0, 1, 0, -1, -1, -1, -1, 2, -1, -1, -1, -1, -1], [0, -1, 0, -1, 1, 0, -1, 2, -1, -1, -1, 0, -1], [-1, 1, 0, -1, -1, 0, -1, 2, -1, -1, -1, -1, -1], [0, 0, -1, -1, -1, -1, -1, 2, -1, -1, -1, -1, -1], [0, -1, 0, -1, 1, 0, -1, -1, -1, -1, 2, 0, -1], [-1, 1, 0, -1, -1, 0, -1, -1, -1, 2, -1, -1, -1], [0, -1, 0, -1, -1, -1, -1, -1, -1, -1, -1, 0, 2], [0, -1, 0, 0, -1, -1, -1, -1, -1, 4, 0, -1, -1], [0, -1, 0, 0, 1, -1, 2, -1, -1, -1, -1, -1, -1], [0, -1, 0, 0, -1, 0, -1, -1, 4, 4, -1, 0, -1], [0, -1, 0, 0, -1, -1, -1, -1, 4, 4, -1, -1, 1], [0, -1, 0, -1, -1, 0, 2, -1, -1, 4, -1, -1, -1], [0, -1, -1, 0, 1, 0, -1, 2, -1, -1, -1, -1, -1], [0, -1, -1, 0, 1, 0, -1, -1, 4, -1, -1, -1, 1], [-1, -1, 0, -1, -1, 0, -1, -1, 4, -1, -1, 0, 1], [0, -1, 0, -1, -1, 0, -1, -1, 4, 4, -1, -1, 1], [0, -1, 0, -1, -1, -1, -1, -1, 0, -1, -1, -1, -1], [0, -1, -1, 0, 1, -1, -1, -1, -1, -1, 0, -1, 1], [0, -1, -1, -1, 1, 0, -1, -1, -1, -1, 0, -1, 1], [0, -1, -1, -1, -1, -1, 4, -1, 0, -1, -1, -1, -1], [-1, -1, 0, -1, -1, 0, 4, -1, 0, -1, -1, -1, -1], [0, -1, 0, -1, -1, 0, -1, 3, -1, -1, -1, 0, -1], [0, -1, -1, 0, 1, -1, 3, -1, -1, -1, -1, -1, -1], [0, -1, -1, 0, -1, 0, 3, -1, -1, -1, -1, -1, -1], [0, -1, -1, -1, -1, 0, -1, -1, -1, 4, 0, -1, -1], [-1, -1, 0, -1, -1, 0, -1, -1, -1, 4, 0, -1, -1], [-1, -1, -1, 0, -1, -1, 3, -1, -1, -1, -1, 0, -1], [0, 1, 0, 0, -1, -1, -1, -1, -1, 4, -1, -1, 1], [-1, -1, -1, 0, 0, -1, -1, -1, -1, 4, -1, -1, -1], [0, -1, -1, 0, 1, -1, -1, -1, -1, -1, 2, -1, 1], [-1, 0, -1, -1, -1, 0, -1, -1, -1, 2, -1, -1, -1], [0, 1, 0, 0, -1, -1, -1, -1, -1, -1, 2, -1, -1], [0, 1, 0, -1, -1, 0, -1, -1, -1, -1, 2, -1, -1], [-1, 1, -1, 0, -1, 0, -1, -1, -1, -1, 2, -1, -1], [-1, -1, 0, -1, -1, -1, -1, -1, 0, -1, -1, 0, -1], [0, 1, 0, -1, -1, -1, 2, -1, -1, -1, -1, -1, -1], [0, 1, -1, -1, -1, 0, 2, -1, -1, -1, -1, -1, -1], [0, -1, 0, 0, 1, 0, -1, -1, 4, 4, -1, -1, -1], [0, -1, 0, 0, -1, -1, -1, -1, -1, -1, 2, 0, 1], [0, -1, 0, -1, 1, 0, -1, -1, 4, -1, -1, 0, -1], [-1, -1, 0, -1, -1, -1, -1, -1, 4, 4, -1, 0, 1], [-1, -1, -1, 0, -1, 0, -1, -1, 4, 4, -1, -1, 1], [-1, -1, -1, -1, 1, -1, -1, -1, 4, 4, -1, -1, 1], [-1, -1, 0, -1, -1, 0, -1, -1, -1, 4, -1, -1, 2], [-1, -1, 0, -1, -1, -1, 2, 2, -1, -1, -1, -1, -1], [-1, -1, -1, 0, 1, 0, 2, -1, -1, -1, -1, -1, -1], [0, 1, 0, 0, -1, -1, -1, -1, 4, -1, -1, -1, -1], [0, 1, 0, -1, -1, 0, -1, -1, -1, 4, -1, -1, 1], [0, -1, 0, -1, -1, -1, 3, -1, -1, 4, -1, -1, -1], [0, -1, -1, -1, -1, 0, 3, -1, -1, -1, -1, -1, 1], [0, 1, 0, 0, -1, 0, -1, -1, -1, 4, -1, 0, -1], [-1, -1, 0, -1, -1, 0, 3, -1, -1, -1, -1, 0, -1], [-1, -1, 0, -1, -1, 0, -1, 3, -1, 4, -1, -1, -1], [-1, 0, 0, -1, -1, -1, -1, -1, -1, -1, -1, -1, 2], [0, -1, 0, 0, -1, -1, -1, -1, -1, 4, 2, -1, -1], [-1, -1, 0, 0, 1, -1, -1, -1, -1, -1, 2, 0, -1], [-1, -1, 0, -1, 1, 0, -1, -1, 4, 4, -1, 0, -1], [-1, -1, 0, -1, 1, -1, -1, -1, -1, -1, 0, 0, -1], [-1, -1, -1, -1, 1, 0, -1, -1, -1, -1, 0, 0, -1], [-1, 0, 0, -1, -1, 0, -1, -1, -1, -1, 2, 0, -1], [-1, -1, 0, -1, -1, -1, -1, -1, -1, 4, -1, 0, 2], [0, -1, 0, 0, -1, 0, -1, -1, -1, -1, -1, -1, 2], [0, -1, 0, -1, -1, -1, -1, -1, -1, 4, -1, -1, 2], [-1, -1, 0, -1, 1, 0, -1, -1, -1, -1, -1, -1, 2], [0, 1, 0, -1, 1, -1, -1, -1, -1, 4, -1, -1, 1], [0, -1, 0, -1, -1, 0, -1, 1, -1, -1, -1, -1, -1], [0, -1, -1, 0, -1, -1, -1, 1, -1, -1, -1, -1, -1], [-1, -1, -1, 0, -1, 0, -1, 1, -1, -1, -1, -1, -1], [0, -1, 0, -1, 1, -1, -1, -1, -1, -1, -1, -1, 2], [-1, 1, -1, -1, -1, -1, -1, -1, -1, -1, 0, -1, -1], [0, 1, 0, 0, 1, 0, -1, -1, -1, 4, -1, -1, -1], [0, 1, 0, -1, -1, -1, -1, -1, -1, 4, -1, 0, 1], [0, 1, -1, 0, -1, 0, -1, -1, -1, 4, -1, -1, 1], [0, -1, 0, -1, -1, 0, -1, -1, -1, 4, 2, 0, -1], [-1, 1, 0, -1, 1, -1, -1, -1, 4, -1, -1, -1, -1], [-1, 1, 0, -1, -1, 0, 2, -1, -1, -1, -1, -1, -1], [-1, 1, -1, -1, 1, 0, -1, -1, -1, 4, -1, -1, 1], [-1, 1, -1, -1, -1, -1, -1, -1, 4, -1, -1, -1, 1], [-1, -1, 0, 0, -1, 0, -1, -1, -1, 4, 2, -1, -1], [-1, -1, 0, 0, -1, -1, -1, 1, -1, -1, -1, -1, -1], [-1, -1, 0, 0, -1, -1, -1, -1, -1, 4, 2, 0, -1], [-1, -1, 0, -1, 1, -1, -1, -1, -1, 4, 2, -1, -1], [0, -1, 0, -1, 1, 0, 3, -1, -1, -1, -1, -1, -1], [0, -1, 0, -1, -1, -1, -1, 3, -1, 4, -1, -1, -1], [0, -1, 0, 1, -1, 0, -1, -1, -1, -1, -1, -1, -1], [-1, 1, -1, -1, -1, -1, -1, 3, -1, -1, -1, -1, -1], [0, -1, -1, -1, 1, -1, -1, -1, -1, 4, 2, -1, -1], [-1, 1, 0, -1, -1, -1, -1, -1, -1, -1, 2, 0, -1], [-1, -1, 0, 1, 1, 0, -1, -1, -1, -1, -1, -1, -1], [0, -1, -1, 0, -1, 0, -1, -1, -1, 4, 2, -1, -1], [-1, -1, -1, -1, 1, 0, -1, -1, -1, 4, 2, -1, -1], [-1, -1, 0, 1, -1, 0, -1, -1, -1, -1, -1, 0, -1], [-1, -1, -1, 1, -1, -1, -1, -1, -1, 4, -1, -1, -1], [-1, -1, -1, -1, -1, 0, 1, -1, -1, -1, -1, -1, -1], [0, -1, 0, 1, -1, -1, -1, -1, -1, -1, -1, 0, -1], [0, 1, 0, -1, 1, 0, -1, -1, -1, 4, -1, 0, -1], [-1, 1, 0, -1, -1, -1, -1, -1, 4, 4, -1, -1, -1], [-1, 1, 0, -1, -1, -1, -1, -1, 4, -1, -1, 0, -1], [-1, 1, -1, 0, -1, 0, -1, -1, 4, -1, -1, -1, -1], [-1, -1, 0, -1, 1, -1, 2, -1, -1, -1, -1, 0, -1], [0, 1, 0, -1, -1, 0, -1, -1, 4, -1, -1, -1, -1], [0, 1, -1, -1, -1, -1, -1, -1, 4, 4, -1, -1, -1], [0, -1, -1, -1, -1, -1, -1, 1, -1, 4, -1, -1, -1], [-1, 1, 0, -1, 1, -1, -1, -1, -1, -1, 2, -1, -1], [-1, -1, 0, -1, -1, -1, 1, -1, -1, -1, -1, -1, -1], [-1, -1, 0, -1, -1, -1, -1, 1, -1, 4, -1, -1, -1], [0, -1, -1, -1, -1, -1, -1, 1, -1, -1, -1, 0, -1], [-1, 1, 0, -1, -1, -1, -1, -1, -1, -1, -1, -1, 2], [-1, -1, 0, -1, -1, 0, -1, -1, 3, -1, -1, -1, -1], [-1, -1, 0, -1, -1, 0, -1, 1, -1, -1, -1, 0, -1], [-1, -1, -1, -1, -1, 0, -1, 1, -1, 4, -1, -1, -1], [-1, -1, -1, -1, 1, 0, -1, 1, -1, -1, -1, -1, -1]]
290 262 
 [[0, -1, 0, 0, 1, 0, 4, -1, -1, -1, -1, -1, 1], [0, -1, 0, 0, -1, 0, -1, -1, -1, -1, 1, -1, -1], [0, -1, 0, 0, -1, 0, 4, -1, -1, -1, -1, 0, 1], [0, -1, 0, 0, -1, 0, -1, 4, -1, -1, -1, -1, -1], [0, -1, 0, 0, 1, 0, 4, -1, -1, -1, -1, 0, -1], [-1, 1, 0, 0, -1, -1, 4, -1, -1, -1, -1, -1, -1], [-1, 1, 0, -1, -1, 0, 4, -1, -1, -1, -1, -1, -1], [0, -1, 0, 0, -1, 0, -1, -1, 2, -1, -1, -1, -1], [0, -1, 0, 0, -1, -1, -1, 4, -1, -1, -1, -1, 1], [0, -1, 0, 0, 1, -1, -1, -1, -1, -1, 1, -1, -1], [0, -1, 0, -1, 1, 0, -1, 4, -1, -1, -1, -1, -1], [0, -1, 0, -1, 1, 0, -1, -1, -1, -1, 1, -1, -1], [0, -1, 0, -1, -1, 0, -1, 4, -1, -1, -1, -1, 1], [-1, 0, -1, -1, -1, -1, 4, -1, -1, -1, -1, -1, 1], [-1, -1, 0, 0, -1, 0, -1, 4, -1, -1, -1, -1, 1], [0, -1, 0, 0, -1, 0, -1, -1, -1, -1, -1, 1, -1], [0, 1, 0, -1, -1, -1, 4, -1, -1, -1, -1, -1, -1], [0, 1, -1, 0, -1, -1, 4, -1, -1, -1, -1, -1, -1], [0, -1, 0, 0, -1, -1, -1, -1, -1, -1, 1, -1, 1], [0, -1, 0, 0, 0, 0, -1, -1, -1, -1, -1, -1, -1], [0, -1, 0, 0, -1, -1, -1, -1, 2, -1, -1, -1, 1], [0, -1, 0, -1, -1, 0, -1, -1, -1, -1, 1, 0, -1], [0, -1, 0, -1, -1, 0, -1, -1, -1, -1, 1, -1, 1], [-1, -1, -1, 0, -1, 0, 4, 4, -1, -1, -1, -1, -1], [0, 0, 0, 0, -1, 0, -1, -1, -1, -1, -1, 0, 1], [0, -1, 0, 0, -1, -1, 4, 4, -1, -1, -1, -1, -1], [0, -1, 0, -1, -1, 0, 4, 4, -1, -1, -1, -1, -1], [0, -1, 0, -1, -1, -1, -1, 4, -1, -1, -1, 0, -1], [0, -1, 0, 0, 0, -1, -1, -1, -1, -1, -1, 0, -1], [0, -1, 0, 0, 0, -1, -1, -1, -1, -1, -1, -1, 1], [-1, -1, 0, -1, -1, 0, 4, -1, -1, 4, -1, -1, -1], [0, -1, 0, 0, 1, -1, -1, 4, -1, -1, -1, -1, -1], [-1, -1, 0, 0, -1, -1, -1, 4, -1, -1, -1, 0, -1], [-1, -1, 0, -1, 1, -1, 4, 4, -1, -1, -1, -1, -1], [0, 0, 0, 0, 1, 0, -1, -1, -1, -1, -1, -1, 1], [0, -1, 0, 0, -1, 0, 2, -1, -1, -1, -1, -1, -1], [0, 0, 0, 0, -1, -1, -1, -1, -1, 4, -1, -1, 1], [0, -1, 0, -1, 0, 0, -1, -1, -1, -1, -1, 0, -1], [-1, -1, 0, -1, 0, 0, -1, -1, -1, -1, -1, -1, 1], [0, -1, 0, -1, 1, 0, 4, -1, -1, -1, -1, 0, 1], [0, -1, -1, 0, 1, 0, -1, 4, -1, -1, -1, -1, -1], [-1, -1, 0, -1, -1, -1, 4, 4, -1, -1, -1, 0, -1], [0, -1, 0, -1, 1, 0, -1, -1, -1, -1, -1, 1, -1], [0, -1, 0, 0, -1, -1, -1, -1, 2, -1, -1, 0, -1], [0, -1, 0, -1, -1, 0, -1, -1, 2, -1, -1, -1, 1], [0, -1, -1, 0, -1, 0, -1, -1, 2, -1, -1, -1, 1], [0, -1, 0, -1, -1, -1, -1, -1, -1, 4, 1, -1, -1], [0, -1, 0, 0, -1, 0, -1, -1, -1, 2, -1, -1, 1], [-1, -1, 0, -1, -1, 0, -1, -1, -1, -1, -1, 1, 1], [0, -1, 0, -1, -1, -1, 4, -1, -1, 4, -1, -1, -1], [-1, 0, 0, -1, -1, -1, 4, -1, -1, -1, -1, 0, -1], [0, 0, 0, -1, 0, -1, -1, -1, -1, -1, -1, -1, -1], [0, 0, -1, -1, -1, -1, 4, -1, -1, -1, -1, 0, -1], [0, 0, 0, 0, -1, 0, 4, -1, -1, -1, -1, -1, -1], [0, -1, 0, 0, 1, -1, -1, -1, 2, -1, -1, -1, -1], [0, -1, 0, -1, -1, 0, -1, -1, 2, -1, -1, 0, -1], [-1, -1, 0, -1, -1, 0, -1, 4, -1, -1, -1, 0, -1], [-1, -1, -1, 0, -1, -1, -1, -1, -1, 2, -1, 0, -1], [0, 0, 0, -1, -1, 0, -1, -1, -1, 4, -1, -1, 1], [0, -1, 0, 0, -1, 0, -1, 2, -1, -1, -1, 0, -1], [0, -1, 0, -1, 0, -1, -1, -1, -1, 4, -1, -1, -1], [-1, -1, 0, -1, -1, 0, -1, -1, -1, 4, 1, -1, -1], [0, -1, 0, -1, 1, 0, -1, -1, 2, -1, -1, -1, -1], [0, -1, -1, -1, 1, -1, -1, -1, 2, -1, -1, -1, 1], [-1, -1, -1, -1, 1, -1, -1, -1, -1, -1, 1, -1, 1], [0, -1, -1, -1, -1, 0, -1, -1, -1, -1, -1, 1, 1], [-1, 0, -1, -1, 1, -1, -1, -1, 4, -1, -1, -1, -1], [0, 0, 0, -1, -1, 0, -1, -1, 4, -1, -1, -1, -1], [0, -1, 0, 0, -1, 0, -1, -1, -1, -1, 0, -1, 1], [-1, 0, 0, -1, -1, -1, -1, -1, -1, -1, 0, -1, -1], [-1, -1, 0, -1, 0, 0, -1, -1, -1, 4, -1, -1, -1], [-1, -1, 0, -1, 0, -1, -1, -1, -1, 4, -1, 0, -1], [0, 0, 0, 0, -1, 0, -1, -1, -1, 4, -1, 0, -1], [0, 0, 0, -1, 1, 0, -1, -1, -1, 4, -1, -1, -1], [0, -1, 0, -1, -1, -1, -1, 2, -1, -1, -1, 0, 1], [-1, 0, -1, 0, 1, -1, -1, -1, -1, 4, -1, -1, -1], [-1, 0, -1, -1, -1, 0, -1, -1, -1, -1, 0, -1, -1], [0, -1, 0, 0, -1, -1, 3, -1, -1, -1, -1, -1, -1], [-1, 0, -1, 0, 0, -1, -1, -1, -1, -1, -1, -1, -1], [0, 0, 0, 0, 1, 0, -1, -1, -1, -1, -1, 0, -1], [0, 0, 0, -1, 1, 0, -1, -1, -1, -1, -1, 0, 1], [0, -1, 0, -1, -1, 0, -1, 2, -1, 4, -1, -1, -1], [0, -1, 0, -1, -1, -1, -1, 2, -1, 4, -1, 0, -1], [-1, -1, -1, 0, -1, -1, -1, 2, -1, 4, -1, -1, -1], [0, 0, 0, -1, -1, 0, -1, -1, -1, -1, 2, -1, -1], [0, -1, 0, 0, -1, 0, -1, 2, -1, -1, -1, -1, 1], [0, -1, 0, -1, 1, -1, -1, -1, -1, 2, -1, -1, 1], [0, -1, 0, -1, -1, 0, 2, -1, -1, -1, -1, -1, 1], [0, -1, 0, -1, -1, -1, -1, -1, -1, -1, -1, 1, 1], [-1, -1, 0, 0, 1, 0, -1, -1, -1, -1, -1, 1, -1], [-1, -1, 0, 0, -1, -1, -1, -1, -1, -1, -1, 1, 1], [-1, -1, -1, 0, 1, 0, -1, -1, 2, -1, -1, -1, -1], [-1, -1, 0, -1, -1, -1, -1, -1, -1, -1, 0, 0, 1], [0, 1, 0, 0, 1, 0, -1, -1, -1, -1, -1, 0, 1], [0, -1, 0, 0, 1, 0, -1, -1, -1, 2, -1, -1, -1], [0, -1, 0, 0, -1, 0, -1, -1, -1, -1, 2, 0, -1], [0, -1, 0, 0, -1, 0, -1, -1, -1, -1, 2, -1, 1], [-1, -1, -1, 0, 1, -1, -1, -1, -1, 2, -1, -1, 1], [0, -1, 0, 0, -1, 0, -1, -1, -1, -1, 0, 0, -1], [0, -1, 0, -1, -1, -1, 3, -1, -1, -1, -1, -1, 1], [0, -1, -1, 0, -1, -1, 3, -1, -1, -1, -1, -1, 1], [0, -1, -1, -1, 1, 0, -1, -1, -1, 2, -1, -1, 1], [0, -1, -1, -1, -1, -1, -1, -1, -1, -1, 0, 0, 1], [-1, -1, 0, 0, -1, 0, 3, -1, -1, -1, -1, -1, -1], [0, -1, 0, 0, -1, 0, -1, -1, 4, -1, -1, -1, 1], [0, -1, 0, -1, -1, -1, -1, -1, 4, -1, -1, 0, 1], [0, -1, -1, 0, -1, -1, 2, -1, -1, -1, -1, -1, 1], [0, -1, -1, -1, -1, 0, -1, -1, -1, 4, 1, -1, -1], [-1, -1, 0, 0, -1, -1, 2, -1, -1, -1, -1, -1, 1], [-1, -1, 0, -1, -1, 0, -1, 2, -1, 4, -1, 0, -1], [0, -1, 0, 0, 1, 0, -1, -1, -1, 4, -1, 0, 1], [0, -1, 0, 0, 1, 0, -1, -1, -1, -1, 0, -1, -1], [0, -1, 0, -1, 1, 0, -1, 3, -1, -1, -1, -1, -1], [-1, -1, 0, 0, -1, -1, -1, 3, -1, -1, -1, 0, -1], [-1, -1, 0, -1, 1, -1, -1, -1, -1, -1, 0, -1, 1], [-1, -1, -1, 0, 1, 0, -1, -1, -1, -1, 0, -1, 1], [0, -1, 0, 0, 1, -1, -1, 3, -1, -1, -1, -1, -1], [0, -1, 0, 0, 1, -1, -1, -1, 4, -1, -1, -1, 1], [0, -1, -1, -1, 1, -1, -1, 3, -1, -1, -1, -1, 1], [-1, -1, 0, 0, -1, -1, 3, -1, -1, -1, -1, -1, 1], [0, -1, 0, -1, -1, -1, 3, -1, -1, -1, -1, 0, -1], [-1, 1, -1, -1, 0, -1, -1, -1, -1, -1, -1, -1, -1], [-1, -1, 0, 0, -1, -1, -1, -1, 4, -1, -1, 0, 1], [-1, 1, -1, -1, -1, -1, -1, -1, 2, -1, -1, -1, -1], [0, -1, 0, 0, 1, 0, -1, -1, -1, -1, 2, -1, -1], [0, -1, 0, -1, 1, 0, -1, -1, -1, -1, 2, -1, 1], [0, -1, -1, -1, 1, -1, -1, 2, -1, -1, -1, -1, 1], [-1, -1, 0, -1, -1, 0, -1, 2, -1, -1, -1, 0, 1], [0, 1, 0, -1, -1, 0, -1, -1, -1, -1, 1, -1, -1], [0, -1, 0, 0, 1, -1, -1, 2, -1, -1, -1, -1, -1], [0, -1, 0, -1, 1, 0, 2, -1, -1, -1, -1, -1, -1], [0, -1, 0, -1, -1, 0, 2, -1, -1, -1, -1, 0, -1], [-1, -1, 0, -1, -1, 0, -1, -1, -1, -1, -1, 0, 2], [0, -1, 0, 0, -1, 0, -1, 3, -1, -1, -1, -1, 1], [0, -1, 0, -1, 1, 0, -1, -1, 4, -1, -1, -1, 1], [0, -1, 0, -1, -1, 0, -1, -1, -1, -1, 2, 0, 1], [-1, 0, -1, 0, -1, -1, -1, -1, -1, -1, 2, -1, -1], [-1, -1, 0, 0, 1, 0, -1, 3, -1, -1, -1, -1, -1], [-1, -1, 0, 0, 1, -1, -1, -1, 4, -1, -1, 0, -1], [-1, -1, 0, -1, 1, -1, -1, 3, -1, -1, -1, -1, 1], [0, -1, 0, -1, -1, 0, -1, -1, -1, 2, -1, 0, -1], [0, -1, -1, 0, 1, 0, -1, 3, -1, -1, -1, -1, -1], [0, -1, -1, 0, -1, -1, -1, 3, -1, -1, -1, 0, -1], [0, -1, -1, -1, 1, -1, 3, -1, -1, -1, -1, -1, 1], [-1, -1, -1, -1, 1, 0, -1, 3, -1, -1, -1, -1, 1], [-1, -1, -1, -1, -1, -1, -1, 3, -1, -1, -1, 0, 1], [-1, 0, 0, -1, -1, -1, -1, 2, -1, -1, -1, -1, -1], [-1, -1, 0, -1, 1, -1, -1, 2, -1, -1, -1, -1, 1], [0, 1, 0, -1, -1, -1, -1, 2, -1, -1, -1, -1, -1], [0, -1, 0, -1, 1, 0, -1, 2, -1, -1, -1, 0, -1], [-1, 1, 0, -1, -1, 0, -1, 2, -1, -1, -1, -1, -1], [0, 0, -1, -1, -1, -1, -1, 2, -1, -1, -1, -1, -1], [0, -1, 0, -1, 1, 0, -1, -1, -1, -1, 2, 0, -1], [-1, 1, 0, -1, -1, 0, -1, -1, -1, 2, -1, -1, -1], [0, -1, 0, -1, -1, -1, -1, -1, -1, -1, -1, 0, 2], [0, -1, 0, 0, -1, -1, -1, -1, -1, 4, 0, -1, -1], [0, -1, 0, 0, 1, -1, 2, -1, -1, -1, -1, -1, -1], [0, -1, 0, 0, -1, 0, -1, -1, 4, 4, -1, 0, -1], [0, -1, 0, 0, -1, -1, -1, -1, 4, 4, -1, -1, 1], [0, -1, 0, -1, -1, 0, 2, -1, -1, 4, -1, -1, -1], [0, -1, -1, 0, 1, 0, -1, 2, -1, -1, -1, -1, -1], [0, -1, -1, 0, 1, 0, -1, -1, 4, -1, -1, -1, 1], [-1, -1, 0, -1, -1, 0, -1, -1, 4, -1, -1, 0, 1], [0, -1, 0, -1, -1, 0, -1, -1, 4, 4, -1, -1, 1], [0, -1, 0, -1, -1, -1, -1, -1, 0, -1, -1, -1, -1], [0, -1, -1, 0, 1, -1, -1, -1, -1, -1, 0, -1, 1], [0, -1, -1, -1, 1, 0, -1, -1, -1, -1, 0, -1, 1], [0, -1, -1, -1, -1, -1, 4, -1, 0, -1, -1, -1, -1], [-1, -1, 0, -1, -1, 0, 4, -1, 0, -1, -1, -1, -1], [0, -1, 0, -1, -1, 0, -1, 3, -1, -1, -1, 0, -1], [0, -1, -1, 0, 1, -1, 3, -1, -1, -1, -1, -1, -1], [0, -1, -1, 0, -1, 0, 3, -1, -1, -1, -1, -1, -1], [0, -1, -1, -1, -1, 0, -1, -1, -1, 4, 0, -1, -1], [-1, -1, 0, -1, -1, 0, -1, -1, -1, 4, 0, -1, -1], [-1, -1, -1, 0, -1, -1, 3, -1, -1, -1, -1, 0, -1], [0, 1, 0, 0, -1, -1, -1, -1, -1, 4, -1, -1, 1], [-1, -1, -1, 0, 0, -1, -1, -1, -1, 4, -1, -1, -1], [0, -1, -1, 0, 1, -1, -1, -1, -1, -1, 2, -1, 1], [-1, 0, -1, -1, -1, 0, -1, -1, -1, 2, -1, -1, -1], [0, 1, 0, 0, -1, -1, -1, -1, -1, -1, 2, -1, -1], [0, 1, 0, -1, -1, 0, -1, -1, -1, -1, 2, -1, -1], [-1, 1, -1, 0, -1, 0, -1, -1, -1, -1, 2, -1, -1], [-1, -1, 0, -1, -1, -1, -1, -1, 0, -1, -1, 0, -1], [0, 1, 0, -1, -1, -1, 2, -1, -1, -1, -1, -1, -1], [0, 1, -1, -1, -1, 0, 2, -1, -1, -1, -1, -1, -1], [0, -1, 0, 0, 1, 0, -1, -1, 4, 4, -1, -1, -1], [0, -1, 0, 0, -1, -1, -1, -1, -1, -1, 2, 0, 1], [0, -1, 0, -1, 1, 0, -1, -1, 4, -1, -1, 0, -1], [-1, -1, 0, -1, -1, -1, -1, -1, 4, 4, -1, 0, 1], [-1, -1, -1, 0, -1, 0, -1, -1, 4, 4, -1, -1, 1], [-1, -1, -1, -1, 1, -1, -1, -1, 4, 4, -1, -1, 1], [-1, -1, 0, -1, -1, 0, -1, -1, -1, 4, -1, -1, 2], [-1, -1, 0, -1, -1, -1, 2, 2, -1, -1, -1, -1, -1], [-1, -1, -1, 0, 1, 0, 2, -1, -1, -1, -1, -1, -1], [0, 1, 0, 0, -1, -1, -1, -1, 4, -1, -1, -1, -1], [0, 1, 0, -1, -1, 0, -1, -1, -1, 4, -1, -1, 1], [0, -1, 0, -1, -1, -1, 3, -1, -1, 4, -1, -1, -1], [0, -1, -1, -1, -1, 0, 3, -1, -1, -1, -1, -1, 1], [0, 1, 0, 0, -1, 0, -1, -1, -1, 4, -1, 0, -1], [-1, -1, 0, -1, -1, 0, 3, -1, -1, -1, -1, 0, -1], [-1, -1, 0, -1, -1, 0, -1, 3, -1, 4, -1, -1, -1], [-1, 0, 0, -1, -1, -1, -1, -1, -1, -1, -1, -1, 2], [0, -1, 0, 0, -1, -1, -1, -1, -1, 4, 2, -1, -1], [-1, -1, 0, 0, 1, -1, -1, -1, -1, -1, 2, 0, -1], [-1, -1, 0, -1, 1, 0, -1, -1, 4, 4, -1, 0, -1], [-1, -1, 0, -1, 1, -1, -1, -1, -1, -1, 0, 0, -1], [-1, -1, -1, -1, 1, 0, -1, -1, -1, -1, 0, 0, -1], [-1, 0, 0, -1, -1, 0, -1, -1, -1, -1, 2, 0, -1], [-1, -1, 0, -1, -1, -1, -1, -1, -1, 4, -1, 0, 2], [0, -1, 0, 0, -1, 0, -1, -1, -1, -1, -1, -1, 2], [0, -1, 0, -1, -1, -1, -1, -1, -1, 4, -1, -1, 2], [-1, -1, 0, -1, 1, 0, -1, -1, -1, -1, -1, -1, 2], [0, 1, 0, -1, 1, -1, -1, -1, -1, 4, -1, -1, 1], [0, -1, 0, -1, -1, 0, -1, 1, -1, -1, -1, -1, -1], [0, -1, -1, 0, -1, -1, -1, 1, -1, -1, -1, -1, -1], [-1, -1, -1, 0, -1, 0, -1, 1, -1, -1, -1, -1, -1], [0, -1, 0, -1, 1, -1, -1, -1, -1, -1, -1, -1, 2], [-1, 1, -1, -1, -1, -1, -1, -1, -1, -1, 0, -1, -1], [0, 1, 0, 0, 1, 0, -1, -1, -1, 4, -1, -1, -1], [0, 1, 0, -1, -1, -1, -1, -1, -1, 4, -1, 0, 1], [0, 1, -1, 0, -1, 0, -1, -1, -1, 4, -1, -1, 1], [0, -1, 0, -1, -1, 0, -1, -1, -1, 4, 2, 0, -1], [-1, 1, 0, -1, 1, -1, -1, -1, 4, -1, -1, -1, -1], [-1, 1, 0, -1, -1, 0, 2, -1, -1, -1, -1, -1, -1], [-1, 1, -1, -1, 1, 0, -1, -1, -1, 4, -1, -1, 1], [-1, 1, -1, -1, -1, -1, -1, -1, 4, -1, -1, -1, 1], [-1, -1, 0, 0, -1, 0, -1, -1, -1, 4, 2, -1, -1], [-1, -1, 0, 0, -1, -1, -1, 1, -1, -1, -1, -1, -1], [-1, -1, 0, 0, -1, -1, -1, -1, -1, 4, 2, 0, -1], [-1, -1, 0, -1, 1, -1, -1, -1, -1, 4, 2, -1, -1], [0, -1, 0, -1, 1, 0, 3, -1, -1, -1, -1, -1, -1], [0, -1, 0, -1, -1, -1, -1, 3, -1, 4, -1, -1, -1], [0, -1, 0, 1, -1, 0, -1, -1, -1, -1, -1, -1, -1], [-1, 1, -1, -1, -1, -1, -1, 3, -1, -1, -1, -1, -1], [0, -1, -1, -1, 1, -1, -1, -1, -1, 4, 2, -1, -1], [-1, 1, 0, -1, -1, -1, -1, -1, -1, -1, 2, 0, -1], [-1, -1, 0, 1, 1, 0, -1, -1, -1, -1, -1, -1, -1], [0, -1, -1, 0, -1, 0, -1, -1, -1, 4, 2, -1, -1], [-1, -1, -1, -1, 1, 0, -1, -1, -1, 4, 2, -1, -1], [-1, -1, 0, 1, -1, 0, -1, -1, -1, -1, -1, 0, -1], [-1, -1, -1, 1, -1, -1, -1, -1, -1, 4, -1, -1, -1], [-1, -1, -1, -1, -1, 0, 1, -1, -1, -1, -1, -1, -1], [0, -1, 0, 1, -1, -1, -1, -1, -1, -1, -1, 0, -1], [0, 1, 0, -1, 1, 0, -1, -1, -1, 4, -1, 0, -1], [-1, 1, 0, -1, -1, -1, -1, -1, 4, 4, -1, -1, -1], [-1, 1, 0, -1, -1, -1, -1, -1, 4, -1, -1, 0, -1], [-1, 1, -1, 0, -1, 0, -1, -1, 4, -1, -1, -1, -1], [-1, -1, 0, -1, 1, -1, 2, -1, -1, -1, -1, 0, -1], [0, 1, 0, -1, -1, 0, -1, -1, 4, -1, -1, -1, -1], [0, 1, -1, -1, -1, -1, -1, -1, 4, 4, -1, -1, -1], [0, -1, -1, -1, -1, -1, -1, 1, -1, 4, -1, -1, -1], [-1, 1, 0, -1, 1, -1, -1, -1, -1, -1, 2, -1, -1], [-1, -1, 0, -1, -1, -1, 1, -1, -1, -1, -1, -1, -1], [-1, -1, 0, -1, -1, -1, -1, 1, -1, 4, -1, -1, -1], [0, -1, -1, -1, -1, -1, -1, 1, -1, -1, -1, 0, -1], [-1, 1, 0, -1, -1, -1, -1, -1, -1, -1, -1, -1, 2], [-1, -1, 0, -1, -1, 0, -1, -1, 3, -1, -1, -1, -1], [-1, -1, 0, -1, -1, 0, -1, 1, -1, -1, -1, 0, -1], [-1, -1, -1, -1, -1, 0, -1, 1, -1, 4, -1, -1, -1], [-1, -1, -1, -1, 1, 0, -1, 1, -1, -1, -1, -1, -1], [-1, 1, -1, -1, -1, -1, 3, -1, -1, -1, -1, -1, -1], [-1, -1, -1, 1, 1, -1, -1, -1, -1, -1, -1, 0, -1]]
340 262 
 [[0, -1, 0, 0, 1, 0, 4, -1, -1, -1, -1, -1, 1], [0, -1, 0, 0, -1, 0, -1, -1, -1, -1, 1, -1, -1], [0, -1, 0, 0, -1, 0, 4, -1, -1, -1, -1, 0, 1], [0, -1, 0, 0, -1, 0, -1, 4, -1, -1, -1, -1, -1], [0, -1, 0, 0, 1, 0, 4, -1, -1, -1, -1, 0, -1], [-1, 1, 0, 0, -1, -1, 4, -1, -1, -1, -1, -1, -1], [-1, 1, 0, -1, -1, 0, 4, -1, -1, -1, -1, -1, -1], [0, -1, 0, 0, -1, 0, -1, -1, 2, -1, -1, -1, -1], [0, -1, 0, 0, -1, -1, -1, 4, -1, -1, -1, -1, 1], [0, -1, 0, 0, 1, -1, -1, -1, -1, -1, 1, -1, -1], [0, -1, 0, -1, 1, 0, -1, 4, -1, -1, -1, -1, -1], [0, -1, 0, -1, 1, 0, -1, -1, -1, -1, 1, -1, -1], [0, -1, 0, -1, -1, 0, -1, 4, -1, -1, -1, -1, 1], [-1, 0, -1, -1, -1, -1, 4, -1, -1, -1, -1, -1, 1], [-1, -1, 0, 0, -1, 0, -1, 4, -1, -1, -1, -1, 1], [0, -1, 0, 0, -1, 0, -1, -1, -1, -1, -1, 1, -1], [0, 1, 0, -1, -1, -1, 4, -1, -1, -1, -1, -1, -1], [0, 1, -1, 0, -1, -1, 4, -1, -1, -1, -1, -1, -1], [0, -1, 0, 0, -1, -1, -1, -1, -1, -1, 1, -1, 1], [0, -1, 0, 0, 0, 0, -1, -1, -1, -1, -1, -1, -1], [0, -1, 0, 0, -1, -1, -1, -1, 2, -1, -1, -1, 1], [0, -1, 0, -1, -1, 0, -1, -1, -1, -1, 1, 0, -1], [0, -1, 0, -1, -1, 0, -1, -1, -1, -1, 1, -1, 1], [-1, -1, -1, 0, -1, 0, 4, 4, -1, -1, -1, -1, -1], [0, 0, 0, 0, -1, 0, -1, -1, -1, -1, -1, 0, 1], [0, -1, 0, 0, -1, -1, 4, 4, -1, -1, -1, -1, -1], [0, -1, 0, -1, -1, 0, 4, 4, -1, -1, -1, -1, -1], [0, -1, 0, -1, -1, -1, -1, 4, -1, -1, -1, 0, -1], [0, -1, 0, 0, 0, -1, -1, -1, -1, -1, -1, 0, -1], [0, -1, 0, 0, 0, -1, -1, -1, -1, -1, -1, -1, 1], [-1, -1, 0, -1, -1, 0, 4, -1, -1, 4, -1, -1, -1], [0, -1, 0, 0, 1, -1, -1, 4, -1, -1, -1, -1, -1], [-1, -1, 0, 0, -1, -1, -1, 4, -1, -1, -1, 0, -1], [-1, -1, 0, -1, 1, -1, 4, 4, -1, -1, -1, -1, -1], [0, 0, 0, 0, 1, 0, -1, -1, -1, -1, -1, -1, 1], [0, -1, 0, 0, -1, 0, 2, -1, -1, -1, -1, -1, -1], [0, 0, 0, 0, -1, -1, -1, -1, -1, 4, -1, -1, 1], [0, -1, 0, -1, 0, 0, -1, -1, -1, -1, -1, 0, -1], [-1, -1, 0, -1, 0, 0, -1, -1, -1, -1, -1, -1, 1], [0, -1, 0, -1, 1, 0, 4, -1, -1, -1, -1, 0, 1], [0, -1, -1, 0, 1, 0, -1, 4, -1, -1, -1, -1, -1], [-1, -1, 0, -1, -1, -1, 4, 4, -1, -1, -1, 0, -1], [0, -1, 0, -1, 1, 0, -1, -1, -1, -1, -1, 1, -1], [0, -1, 0, 0, -1, -1, -1, -1, 2, -1, -1, 0, -1], [0, -1, 0, -1, -1, 0, -1, -1, 2, -1, -1, -1, 1], [0, -1, -1, 0, -1, 0, -1, -1, 2, -1, -1, -1, 1], [0, -1, 0, -1, -1, -1, -1, -1, -1, 4, 1, -1, -1], [0, -1, 0, 0, -1, 0, -1, -1, -1, 2, -1, -1, 1], [-1, -1, 0, -1, -1, 0, -1, -1, -1, -1, -1, 1, 1], [0, -1, 0, -1, -1, -1, 4, -1, -1, 4, -1, -1, -1], [-1, 0, 0, -1, -1, -1, 4, -1, -1, -1, -1, 0, -1], [0, 0, 0, -1, 0, -1, -1, -1, -1, -1, -1, -1, -1], [0, 0, -1, -1, -1, -1, 4, -1, -1, -1, -1, 0, -1], [0, 0, 0, 0, -1, 0, 4, -1, -1, -1, -1, -1, -1], [0, -1, 0, 0, 1, -1, -1, -1, 2, -1, -1, -1, -1], [0, -1, 0, -1, -1, 0, -1, -1, 2, -1, -1, 0, -1], [-1, -1, 0, -1, -1, 0, -1, 4, -1, -1, -1, 0, -1], [-1, -1, -1, 0, -1, -1, -1, -1, -1, 2, -1, 0, -1], [0, 0, 0, -1, -1, 0, -1, -1, -1, 4, -1, -1, 1], [0, -1, 0, 0, -1, 0, -1, 2, -1, -1, -1, 0, -1], [0, -1, 0, -1, 0, -1, -1, -1, -1, 4, -1, -1, -1], [-1, -1, 0, -1, -1, 0, -1, -1, -1, 4, 1, -1, -1], [0, -1, 0, -1, 1, 0, -1, -1, 2, -1, -1, -1, -1], [0, -1, -1, -1, 1, -1, -1, -1, 2, -1, -1, -1, 1], [-1, -1, -1, -1, 1, -1, -1, -1, -1, -1, 1, -1, 1], [0, -1, -1, -1, -1, 0, -1, -1, -1, -1, -1, 1, 1], [-1, 0, -1, -1, 1, -1, -1, -1, 4, -1, -1, -1, -1], [0, 0, 0, -1, -1, 0, -1, -1, 4, -1, -1, -1, -1], [0, -1, 0, 0, -1, 0, -1, -1, -1, -1, 0, -1, 1], [-1, 0, 0, -1, -1, -1, -1, -1, -1, -1, 0, -1, -1], [-1, -1, 0, -1, 0, 0, -1, -1, -1, 4, -1, -1, -1], [-1, -1, 0, -1, 0, -1, -1, -1, -1, 4, -1, 0, -1], [0, 0, 0, 0, -1, 0, -1, -1, -1, 4, -1, 0, -1], [0, 0, 0, -1, 1, 0, -1, -1, -1, 4, -1, -1, -1], [0, -1, 0, -1, -1, -1, -1, 2, -1, -1, -1, 0, 1], [-1, 0, -1, 0, 1, -1, -1, -1, -1, 4, -1, -1, -1], [-1, 0, -1, -1, -1, 0, -1, -1, -1, -1, 0, -1, -1], [0, -1, 0, 0, -1, -1, 3, -1, -1, -1, -1, -1, -1], [-1, 0, -1, 0, 0, -1, -1, -1, -1, -1, -1, -1, -1], [0, 0, 0, 0, 1, 0, -1, -1, -1, -1, -1, 0, -1], [0, 0, 0, -1, 1, 0, -1, -1, -1, -1, -1, 0, 1], [0, -1, 0, -1, -1, 0, -1, 2, -1, 4, -1, -1, -1], [0, -1, 0, -1, -1, -1, -1, 2, -1, 4, -1, 0, -1], [-1, -1, -1, 0, -1, -1, -1, 2, -1, 4, -1, -1, -1], [0, 0, 0, -1, -1, 0, -1, -1, -1, -1, 2, -1, -1], [0, -1, 0, 0, -1, 0, -1, 2, -1, -1, -1, -1, 1], [0, -1, 0, -1, 1, -1, -1, -1, -1, 2, -1, -1, 1], [0, -1, 0, -1, -1, 0, 2, -1, -1, -1, -1, -1, 1], [0, -1, 0, -1, -1, -1, -1, -1, -1, -1, -1, 1, 1], [-1, -1, 0, 0, 1, 0, -1, -1, -1, -1, -1, 1, -1], [-1, -1, 0, 0, -1, -1, -1, -1, -1, -1, -1, 1, 1], [-1, -1, -1, 0, 1, 0, -1, -1, 2, -1, -1, -1, -1], [-1, -1, 0, -1, -1, -1, -1, -1, -1, -1, 0, 0, 1], [0, 1, 0, 0, 1, 0, -1, -1, -1, -1, -1, 0, 1], [0, -1, 0, 0, 1, 0, -1, -1, -1, 2, -1, -1, -1], [0, -1, 0, 0, -1, 0, -1, -1, -1, -1, 2, 0, -1], [0, -1, 0, 0, -1, 0, -1, -1, -1, -1, 2, -1, 1], [-1, -1, -1, 0, 1, -1, -1, -1, -1, 2, -1, -1, 1], [0, -1, 0, 0, -1, 0, -1, -1, -1, -1, 0, 0, -1], [0, -1, 0, -1, -1, -1, 3, -1, -1, -1, -1, -1, 1], [0, -1, -1, 0, -1, -1, 3, -1, -1, -1, -1, -1, 1], [0, -1, -1, -1, 1, 0, -1, -1, -1, 2, -1, -1, 1], [0, -1, -1, -1, -1, -1, -1, -1, -1, -1, 0, 0, 1], [-1, -1, 0, 0, -1, 0, 3, -1, -1, -1, -1, -1, -1], [0, -1, 0, 0, -1, 0, -1, -1, 4, -1, -1, -1, 1], [0, -1, 0, -1, -1, -1, -1, -1, 4, -1, -1, 0, 1], [0, -1, -1, 0, -1, -1, 2, -1, -1, -1, -1, -1, 1], [0, -1, -1, -1, -1, 0, -1, -1, -1, 4, 1, -1, -1], [-1, -1, 0, 0, -1, -1, 2, -1, -1, -1, -1, -1, 1], [-1, -1, 0, -1, -1, 0, -1, 2, -1, 4, -1, 0, -1], [0, -1, 0, 0, 1, 0, -1, -1, -1, 4, -1, 0, 1], [0, -1, 0, 0, 1, 0, -1, -1, -1, -1, 0, -1, -1], [0, -1, 0, -1, 1, 0, -1, 3, -1, -1, -1, -1, -1], [-1, -1, 0, 0, -1, -1, -1, 3, -1, -1, -1, 0, -1], [-1, -1, 0, -1, 1, -1, -1, -1, -1, -1, 0, -1, 1], [-1, -1, -1, 0, 1, 0, -1, -1, -1, -1, 0, -1, 1], [0, -1, 0, 0, 1, -1, -1, 3, -1, -1, -1, -1, -1], [0, -1, 0, 0, 1, -1, -1, -1, 4, -1, -1, -1, 1], [0, -1, -1, -1, 1, -1, -1, 3, -1, -1, -1, -1, 1], [-1, -1, 0, 0, -1, -1, 3, -1, -1, -1, -1, -1, 1], [0, -1, 0, -1, -1, -1, 3, -1, -1, -1, -1, 0, -1], [-1, 1, -1, -1, 0, -1, -1, -1, -1, -1, -1, -1, -1], [-1, -1, 0, 0, -1, -1, -1, -1, 4, -1, -1, 0, 1], [-1, 1, -1, -1, -1, -1, -1, -1, 2, -1, -1, -1, -1], [0, -1, 0, 0, 1, 0, -1, -1, -1, -1, 2, -1, -1], [0, -1, 0, -1, 1, 0, -1, -1, -1, -1, 2, -1, 1], [0, -1, -1, -1, 1, -1, -1, 2, -1, -1, -1, -1, 1], [-1, -1, 0, -1, -1, 0, -1, 2, -1, -1, -1, 0, 1], [0, 1, 0, -1, -1, 0, -1, -1, -1, -1, 1, -1, -1], [0, -1, 0, 0, 1, -1, -1, 2, -1, -1, -1, -1, -1], [0, -1, 0, -1, 1, 0, 2, -1, -1, -1, -1, -1, -1], [0, -1, 0, -1, -1, 0, 2, -1, -1, -1, -1, 0, -1], [-1, -1, 0, -1, -1, 0, -1, -1, -1, -1, -1, 0, 2], [0, -1, 0, 0, -1, 0, -1, 3, -1, -1, -1, -1, 1], [0, -1, 0, -1, 1, 0, -1, -1, 4, -1, -1, -1, 1], [0, -1, 0, -1, -1, 0, -1, -1, -1, -1, 2, 0, 1], [-1, 0, -1, 0, -1, -1, -1, -1, -1, -1, 2, -1, -1], [-1, -1, 0, 0, 1, 0, -1, 3, -1, -1, -1, -1, -1], [-1, -1, 0, 0, 1, -1, -1, -1, 4, -1, -1, 0, -1], [-1, -1, 0, -1, 1, -1, -1, 3, -1, -1, -1, -1, 1], [0, -1, 0, -1, -1, 0, -1, -1, -1, 2, -1, 0, -1], [0, -1, -1, 0, 1, 0, -1, 3, -1, -1, -1, -1, -1], [0, -1, -1, 0, -1, -1, -1, 3, -1, -1, -1, 0, -1], [0, -1, -1, -1, 1, -1, 3, -1, -1, -1, -1, -1, 1], [-1, -1, -1, -1, 1, 0, -1, 3, -1, -1, -1, -1, 1], [-1, -1, -1, -1, -1, -1, -1, 3, -1, -1, -1, 0, 1], [-1, 0, 0, -1, -1, -1, -1, 2, -1, -1, -1, -1, -1], [-1, -1, 0, -1, 1, -1, -1, 2, -1, -1, -1, -1, 1], [0, 1, 0, -1, -1, -1, -1, 2, -1, -1, -1, -1, -1], [0, -1, 0, -1, 1, 0, -1, 2, -1, -1, -1, 0, -1], [-1, 1, 0, -1, -1, 0, -1, 2, -1, -1, -1, -1, -1], [0, 0, -1, -1, -1, -1, -1, 2, -1, -1, -1, -1, -1], [0, -1, 0, -1, 1, 0, -1, -1, -1, -1, 2, 0, -1], [-1, 1, 0, -1, -1, 0, -1, -1, -1, 2, -1, -1, -1], [0, -1, 0, -1, -1, -1, -1, -1, -1, -1, -1, 0, 2], [0, -1, 0, 0, -1, -1, -1, -1, -1, 4, 0, -1, -1], [0, -1, 0, 0, 1, -1, 2, -1, -1, -1, -1, -1, -1], [0, -1, 0, 0, -1, 0, -1, -1, 4, 4, -1, 0, -1], [0, -1, 0, 0, -1, -1, -1, -1, 4, 4, -1, -1, 1], [0, -1, 0, -1, -1, 0, 2, -1, -1, 4, -1, -1, -1], [0, -1, -1, 0, 1, 0, -1, 2, -1, -1, -1, -1, -1], [0, -1, -1, 0, 1, 0, -1, -1, 4, -1, -1, -1, 1], [-1, -1, 0, -1, -1, 0, -1, -1, 4, -1, -1, 0, 1], [0, -1, 0, -1, -1, 0, -1, -1, 4, 4, -1, -1, 1], [0, -1, 0, -1, -1, -1, -1, -1, 0, -1, -1, -1, -1], [0, -1, -1, 0, 1, -1, -1, -1, -1, -1, 0, -1, 1], [0, -1, -1, -1, 1, 0, -1, -1, -1, -1, 0, -1, 1], [0, -1, -1, -1, -1, -1, 4, -1, 0, -1, -1, -1, -1], [-1, -1, 0, -1, -1, 0, 4, -1, 0, -1, -1, -1, -1], [0, -1, 0, -1, -1, 0, -1, 3, -1, -1, -1, 0, -1], [0, -1, -1, 0, 1, -1, 3, -1, -1, -1, -1, -1, -1], [0, -1, -1, 0, -1, 0, 3, -1, -1, -1, -1, -1, -1], [0, -1, -1, -1, -1, 0, -1, -1, -1, 4, 0, -1, -1], [-1, -1, 0, -1, -1, 0, -1, -1, -1, 4, 0, -1, -1], [-1, -1, -1, 0, -1, -1, 3, -1, -1, -1, -1, 0, -1], [0, 1, 0, 0, -1, -1, -1, -1, -1, 4, -1, -1, 1], [-1, -1, -1, 0, 0, -1, -1, -1, -1, 4, -1, -1, -1], [0, -1, -1, 0, 1, -1, -1, -1, -1, -1, 2, -1, 1], [-1, 0, -1, -1, -1, 0, -1, -1, -1, 2, -1, -1, -1], [0, 1, 0, 0, -1, -1, -1, -1, -1, -1, 2, -1, -1], [0, 1, 0, -1, -1, 0, -1, -1, -1, -1, 2, -1, -1], [-1, 1, -1, 0, -1, 0, -1, -1, -1, -1, 2, -1, -1], [-1, -1, 0, -1, -1, -1, -1, -1, 0, -1, -1, 0, -1], [0, 1, 0, -1, -1, -1, 2, -1, -1, -1, -1, -1, -1], [0, 1, -1, -1, -1, 0, 2, -1, -1, -1, -1, -1, -1], [0, -1, 0, 0, 1, 0, -1, -1, 4, 4, -1, -1, -1], [0, -1, 0, 0, -1, -1, -1, -1, -1, -1, 2, 0, 1], [0, -1, 0, -1, 1, 0, -1, -1, 4, -1, -1, 0, -1], [-1, -1, 0, -1, -1, -1, -1, -1, 4, 4, -1, 0, 1], [-1, -1, -1, 0, -1, 0, -1, -1, 4, 4, -1, -1, 1], [-1, -1, -1, -1, 1, -1, -1, -1, 4, 4, -1, -1, 1], [-1, -1, 0, -1, -1, 0, -1, -1, -1, 4, -1, -1, 2], [-1, -1, 0, -1, -1, -1, 2, 2, -1, -1, -1, -1, -1], [-1, -1, -1, 0, 1, 0, 2, -1, -1, -1, -1, -1, -1], [0, 1, 0, 0, -1, -1, -1, -1, 4, -1, -1, -1, -1], [0, 1, 0, -1, -1, 0, -1, -1, -1, 4, -1, -1, 1], [0, -1, 0, -1, -1, -1, 3, -1, -1, 4, -1, -1, -1], [0, -1, -1, -1, -1, 0, 3, -1, -1, -1, -1, -1, 1], [0, 1, 0, 0, -1, 0, -1, -1, -1, 4, -1, 0, -1], [-1, -1, 0, -1, -1, 0, 3, -1, -1, -1, -1, 0, -1], [-1, -1, 0, -1, -1, 0, -1, 3, -1, 4, -1, -1, -1], [-1, 0, 0, -1, -1, -1, -1, -1, -1, -1, -1, -1, 2], [0, -1, 0, 0, -1, -1, -1, -1, -1, 4, 2, -1, -1], [-1, -1, 0, 0, 1, -1, -1, -1, -1, -1, 2, 0, -1], [-1, -1, 0, -1, 1, 0, -1, -1, 4, 4, -1, 0, -1], [-1, -1, 0, -1, 1, -1, -1, -1, -1, -1, 0, 0, -1], [-1, -1, -1, -1, 1, 0, -1, -1, -1, -1, 0, 0, -1], [-1, 0, 0, -1, -1, 0, -1, -1, -1, -1, 2, 0, -1], [-1, -1, 0, -1, -1, -1, -1, -1, -1, 4, -1, 0, 2], [0, -1, 0, 0, -1, 0, -1, -1, -1, -1, -1, -1, 2], [0, -1, 0, -1, -1, -1, -1, -1, -1, 4, -1, -1, 2], [-1, -1, 0, -1, 1, 0, -1, -1, -1, -1, -1, -1, 2], [0, 1, 0, -1, 1, -1, -1, -1, -1, 4, -1, -1, 1], [0, -1, 0, -1, -1, 0, -1, 1, -1, -1, -1, -1, -1], [0, -1, -1, 0, -1, -1, -1, 1, -1, -1, -1, -1, -1], [-1, -1, -1, 0, -1, 0, -1, 1, -1, -1, -1, -1, -1], [0, -1, 0, -1, 1, -1, -1, -1, -1, -1, -1, -1, 2], [-1, 1, -1, -1, -1, -1, -1, -1, -1, -1, 0, -1, -1], [0, 1, 0, 0, 1, 0, -1, -1, -1, 4, -1, -1, -1], [0, 1, 0, -1, -1, -1, -1, -1, -1, 4, -1, 0, 1], [0, 1, -1, 0, -1, 0, -1, -1, -1, 4, -1, -1, 1], [0, -1, 0, -1, -1, 0, -1, -1, -1, 4, 2, 0, -1], [-1, 1, 0, -1, 1, -1, -1, -1, 4, -1, -1, -1, -1], [-1, 1, 0, -1, -1, 0, 2, -1, -1, -1, -1, -1, -1], [-1, 1, -1, -1, 1, 0, -1, -1, -1, 4, -1, -1, 1], [-1, 1, -1, -1, -1, -1, -1, -1, 4, -1, -1, -1, 1], [-1, -1, 0, 0, -1, 0, -1, -1, -1, 4, 2, -1, -1], [-1, -1, 0, 0, -1, -1, -1, 1, -1, -1, -1, -1, -1], [-1, -1, 0, 0, -1, -1, -1, -1, -1, 4, 2, 0, -1], [-1, -1, 0, -1, 1, -1, -1, -1, -1, 4, 2, -1, -1], [0, -1, 0, -1, 1, 0, 3, -1, -1, -1, -1, -1, -1], [0, -1, 0, -1, -1, -1, -1, 3, -1, 4, -1, -1, -1], [0, -1, 0, 1, -1, 0, -1, -1, -1, -1, -1, -1, -1], [-1, 1, -1, -1, -1, -1, -1, 3, -1, -1, -1, -1, -1], [0, -1, -1, -1, 1, -1, -1, -1, -1, 4, 2, -1, -1], [-1, 1, 0, -1, -1, -1, -1, -1, -1, -1, 2, 0, -1], [-1, -1, 0, 1, 1, 0, -1, -1, -1, -1, -1, -1, -1], [0, -1, -1, 0, -1, 0, -1, -1, -1, 4, 2, -1, -1], [-1, -1, -1, -1, 1, 0, -1, -1, -1, 4, 2, -1, -1], [-1, -1, 0, 1, -1, 0, -1, -1, -1, -1, -1, 0, -1], [-1, -1, -1, 1, -1, -1, -1, -1, -1, 4, -1, -1, -1], [-1, -1, -1, -1, -1, 0, 1, -1, -1, -1, -1, -1, -1], [0, -1, 0, 1, -1, -1, -1, -1, -1, -1, -1, 0, -1], [0, 1, 0, -1, 1, 0, -1, -1, -1, 4, -1, 0, -1], [-1, 1, 0, -1, -1, -1, -1, -1, 4, 4, -1, -1, -1], [-1, 1, 0, -1, -1, -1, -1, -1, 4, -1, -1, 0, -1], [-1, 1, -1, 0, -1, 0, -1, -1, 4, -1, -1, -1, -1], [-1, -1, 0, -1, 1, -1, 2, -1, -1, -1, -1, 0, -1], [0, 1, 0, -1, -1, 0, -1, -1, 4, -1, -1, -1, -1], [0, 1, -1, -1, -1, -1, -1, -1, 4, 4, -1, -1, -1], [0, -1, -1, -1, -1, -1, -1, 1, -1, 4, -1, -1, -1], [-1, 1, 0, -1, 1, -1, -1, -1, -1, -1, 2, -1, -1], [-1, -1, 0, -1, -1, -1, 1, -1, -1, -1, -1, -1, -1], [-1, -1, 0, -1, -1, -1, -1, 1, -1, 4, -1, -1, -1], [0, -1, -1, -1, -1, -1, -1, 1, -1, -1, -1, 0, -1], [-1, 1, 0, -1, -1, -1, -1, -1, -1, -1, -1, -1, 2], [-1, -1, 0, -1, -1, 0, -1, -1, 3, -1, -1, -1, -1], [-1, -1, 0, -1, -1, 0, -1, 1, -1, -1, -1, 0, -1], [-1, -1, -1, -1, -1, 0, -1, 1, -1, 4, -1, -1, -1], [-1, -1, -1, -1, 1, 0, -1, 1, -1, -1, -1, -1, -1], [-1, 1, -1, -1, -1, -1, 3, -1, -1, -1, -1, -1, -1], [-1, -1, -1, 1, 1, -1, -1, -1, -1, -1, -1, 0, -1]]
