execution time
10 0.09917330741882324 1.3001399040222168
20 0.09610605239868164 1.1377317905426025
30 0.08812808990478516 1.0006029605865479
40 0.08315277099609375 0.9210638999938965
50 0.0984041690826416 0.9249463081359863
60 0.0989382266998291 0.7544169425964355
70 0.07368993759155273 0.8432180881500244
80 0.07816505432128906 0.769730806350708
90 0.07683205604553223 0.643035888671875
100 0.0644521713256836 0.5904979705810547


number of patterns visited
10 4394 36085
20 4382 35315
30 4380 35305
40 4351 34476
50 4308 33249
60 4268 32254
70 4234 31487
80 4207 30880
90 4020 28371
100 3931 27166


number of patterns found, lowerbound
10 17 
 [[0, -1, -1, -1, 0, -1, -1], [1, -1, -1, -1, -1, -1, -1], [-1, 0, -1, -1, 0, -1, -1], [-1, 0, -1, -1, 1, -1, -1], [-1, 0, -1, -1, -1, 0, -1], [-1, 1, -1, -1, -1, -1, -1], [-1, -1, 1, -1, -1, -1, -1], [-1, -1, -1, 0, 0, -1, -1], [-1, -1, -1, 1, -1, -1, -1], [-1, -1, -1, -1, 0, 0, -1], [-1, -1, -1, -1, 0, -1, 4], [-1, -1, -1, -1, 1, 0, -1], [-1, -1, -1, -1, 1, -1, 4], [-1, -1, -1, -1, -1, 1, -1], [-1, -1, -1, -1, -1, -1, 1], [-1, -1, -1, -1, -1, -1, 2], [-1, -1, -1, -1, -1, -1, 3]]
20 17 
 [[0, -1, -1, -1, 0, -1, -1], [1, -1, -1, -1, -1, -1, -1], [-1, 0, -1, -1, 0, -1, -1], [-1, 0, -1, -1, 1, -1, -1], [-1, 0, -1, -1, -1, 0, -1], [-1, 1, -1, -1, -1, -1, -1], [-1, -1, 1, -1, -1, -1, -1], [-1, -1, -1, 0, 0, -1, -1], [-1, -1, -1, 1, -1, -1, -1], [-1, -1, -1, -1, 0, 0, -1], [-1, -1, -1, -1, 0, -1, 4], [-1, -1, -1, -1, 1, 0, -1], [-1, -1, -1, -1, 1, -1, 4], [-1, -1, -1, -1, -1, 1, -1], [-1, -1, -1, -1, -1, -1, 1], [-1, -1, -1, -1, -1, -1, 2], [-1, -1, -1, -1, -1, -1, 3]]
30 16 
 [[0, -1, -1, -1, 0, -1, -1], [1, -1, -1, -1, -1, -1, -1], [-1, 0, -1, -1, 0, -1, -1], [-1, 0, -1, -1, 1, -1, -1], [-1, 0, -1, -1, -1, 0, -1], [-1, 1, -1, -1, -1, -1, -1], [-1, -1, -1, 0, 0, -1, -1], [-1, -1, -1, 1, -1, -1, -1], [-1, -1, -1, -1, 0, 0, -1], [-1, -1, -1, -1, 0, -1, 4], [-1, -1, -1, -1, 1, 0, -1], [-1, -1, -1, -1, 1, -1, 4], [-1, -1, -1, -1, -1, 1, -1], [-1, -1, -1, -1, -1, -1, 1], [-1, -1, -1, -1, -1, -1, 2], [-1, -1, -1, -1, -1, -1, 3]]
40 15 
 [[0, -1, -1, -1, 0, -1, -1], [1, -1, -1, -1, -1, -1, -1], [-1, 0, -1, -1, 0, -1, -1], [-1, 0, -1, -1, 1, -1, -1], [-1, 0, -1, -1, -1, 0, -1], [-1, 1, -1, -1, -1, -1, -1], [-1, -1, -1, 0, 0, -1, -1], [-1, -1, -1, 1, -1, -1, -1], [-1, -1, -1, -1, 0, 0, -1], [-1, -1, -1, -1, 1, 0, -1], [-1, -1, -1, -1, 1, -1, 4], [-1, -1, -1, -1, -1, 1, -1], [-1, -1, -1, -1, -1, -1, 1], [-1, -1, -1, -1, -1, -1, 2], [-1, -1, -1, -1, -1, -1, 3]]
50 13 
 [[0, -1, -1, -1, 0, -1, -1], [-1, 0, -1, -1, 0, -1, -1], [-1, 0, -1, -1, 1, -1, -1], [-1, 0, -1, -1, -1, 0, -1], [-1, 1, -1, -1, -1, -1, -1], [-1, -1, -1, 0, 0, -1, -1], [-1, -1, -1, 1, -1, -1, -1], [-1, -1, -1, -1, 0, 0, -1], [-1, -1, -1, -1, 1, 0, -1], [-1, -1, -1, -1, 1, -1, 4], [-1, -1, -1, -1, -1, -1, 1], [-1, -1, -1, -1, -1, -1, 2], [-1, -1, -1, -1, -1, -1, 3]]
60 12 
 [[0, -1, -1, -1, 0, -1, -1], [-1, 0, -1, -1, 0, -1, -1], [-1, 0, -1, -1, 1, -1, -1], [-1, 0, -1, -1, -1, 0, -1], [-1, 1, -1, -1, -1, -1, -1], [-1, -1, -1, 0, 0, -1, -1], [-1, -1, -1, 1, -1, -1, -1], [-1, -1, -1, -1, 0, 0, -1], [-1, -1, -1, -1, 1, 0, -1], [-1, -1, -1, -1, 1, -1, 4], [-1, -1, -1, -1, -1, -1, 2], [-1, -1, -1, -1, -1, -1, 3]]
70 11 
 [[0, -1, -1, -1, 0, -1, -1], [-1, 0, -1, -1, 1, -1, -1], [-1, 0, -1, -1, -1, 0, -1], [-1, 1, -1, -1, -1, -1, -1], [-1, -1, -1, 0, 0, -1, -1], [-1, -1, -1, 1, -1, -1, -1], [-1, -1, -1, -1, 0, 0, -1], [-1, -1, -1, -1, 1, 0, -1], [-1, -1, -1, -1, 1, -1, 4], [-1, -1, -1, -1, -1, -1, 2], [-1, -1, -1, -1, -1, -1, 3]]
80 11 
 [[0, -1, -1, -1, 0, -1, -1], [-1, 0, -1, -1, 1, -1, -1], [-1, 0, -1, -1, -1, 0, -1], [-1, 1, -1, -1, -1, -1, -1], [-1, -1, -1, 0, 0, -1, -1], [-1, -1, -1, 1, -1, -1, -1], [-1, -1, -1, -1, 0, 0, -1], [-1, -1, -1, -1, 1, 0, -1], [-1, -1, -1, -1, 1, -1, 4], [-1, -1, -1, -1, -1, -1, 2], [-1, -1, -1, -1, -1, -1, 3]]
90 10 
 [[0, -1, -1, -1, 0, -1, -1], [-1, 0, -1, -1, 1, -1, -1], [-1, 0, -1, -1, -1, 0, -1], [-1, 1, -1, -1, -1, -1, -1], [-1, -1, -1, 0, 0, -1, -1], [-1, -1, -1, -1, 0, 0, -1], [-1, -1, -1, -1, 1, 0, -1], [-1, -1, -1, -1, 1, -1, 4], [-1, -1, -1, -1, -1, -1, 2], [-1, -1, -1, -1, -1, -1, 3]]
100 5 
 [[-1, 0, -1, -1, 1, -1, -1], [-1, 0, -1, -1, -1, 0, -1], [-1, 1, -1, -1, -1, -1, -1], [-1, -1, -1, -1, 1, 0, -1], [-1, -1, -1, -1, -1, -1, 2]]


number of patterns found, upperbound
10 5 
 [[0, 0, 0, -1, -1, -1, -1], [0, -1, 0, -1, -1, -1, 4], [-1, -1, 0, -1, -1, 0, 4], [0, -1, 0, 0, 1, 0, -1], [-1, 0, -1, 0, -1, -1, -1]]
20 5 
 [[0, 0, 0, -1, -1, -1, -1], [0, -1, 0, -1, -1, -1, 4], [-1, -1, 0, -1, -1, 0, 4], [0, -1, 0, 0, 1, 0, -1], [-1, 0, -1, 0, -1, -1, -1]]
30 5 
 [[0, 0, 0, -1, -1, -1, -1], [0, -1, 0, -1, -1, -1, 4], [-1, -1, 0, -1, -1, 0, 4], [0, -1, 0, 0, 1, 0, -1], [-1, 0, -1, 0, -1, -1, -1]]
40 5 
 [[0, 0, 0, -1, -1, -1, -1], [0, -1, 0, -1, -1, -1, 4], [-1, -1, 0, -1, -1, 0, 4], [0, -1, 0, 0, 1, 0, -1], [-1, 0, -1, 0, -1, -1, -1]]
50 5 
 [[0, 0, 0, -1, -1, -1, -1], [0, -1, 0, -1, -1, -1, 4], [-1, -1, 0, -1, -1, 0, 4], [0, -1, 0, 0, 1, 0, -1], [-1, 0, -1, 0, -1, -1, -1]]
60 5 
 [[0, 0, 0, -1, -1, -1, -1], [0, -1, 0, -1, -1, -1, 4], [-1, -1, 0, -1, -1, 0, 4], [0, -1, 0, 0, 1, 0, -1], [-1, 0, -1, 0, -1, -1, -1]]
70 5 
 [[0, 0, 0, -1, -1, -1, -1], [0, -1, 0, -1, -1, -1, 4], [-1, -1, 0, -1, -1, 0, 4], [0, -1, 0, 0, 1, 0, -1], [-1, 0, -1, 0, -1, -1, -1]]
80 5 
 [[0, 0, 0, -1, -1, -1, -1], [0, -1, 0, -1, -1, -1, 4], [-1, -1, 0, -1, -1, 0, 4], [0, -1, 0, 0, 1, 0, -1], [-1, 0, -1, 0, -1, -1, -1]]
90 5 
 [[0, 0, 0, -1, -1, -1, -1], [0, -1, 0, -1, -1, -1, 4], [-1, -1, 0, -1, -1, 0, 4], [0, -1, 0, 0, 1, 0, -1], [-1, 0, -1, 0, -1, -1, -1]]
100 5 
 [[0, 0, 0, -1, -1, -1, -1], [0, -1, 0, -1, -1, -1, 4], [-1, -1, 0, -1, -1, 0, 4], [0, -1, 0, 0, 1, 0, -1], [-1, 0, -1, 0, -1, -1, -1]]
