

number of patterns found lowerbound

num att = 3, for k=10 to 50
8 7 7 8 8 8 10 10 10 9 7 7 8 8 8 8 8 8 8 9 8 8 8 8 7 8 8 8 8 8 8 8 8 8 8 8 8 8 8 8 
num att = 4, for k=10 to 50
14 13 13 14 16 16 19 19 19 18 13 13 14 14 14 14 14 14 14 15 14 14 14 14 13 14 14 14 14 14 14 14 14 14 14 14 14 14 14 14 
num att = 5, for k=10 to 50
19 18 18 20 22 22 26 31 30 28 16 16 19 19 19 19 19 19 19 24 17 18 18 18 17 19 19 19 19 19 17 17 17 17 17 17 17 17 17 17 
num att = 6, for k=10 to 50
24 22 22 25 27 26 31 37 36 34 19 19 24 24 23 23 23 23 23 30 22 24 23 23 22 25 25 25 25 25 22 22 22 21 21 21 21 21 21 21 
num att = 7, for k=10 to 50
28 26 26 29 31 30 35 41 40 38 23 23 28 28 27 27 27 27 27 34 26 29 28 28 27 30 30 30 30 30 26 26 26 25 25 25 25 25 25 25 
num att = 8, for k=10 to 50
32 30 30 34 36 33 39 53 52 49 27 27 32 32 31 31 31 31 35 44 30 33 32 32 31 34 34 38 38 38 30 30 30 29 29 29 29 29 29 29 
num att = 9, for k=10 to 50
38 36 36 41 45 41 46 61 60 66 33 32 39 39 38 38 38 38 48 62 35 39 38 38 37 41 41 46 46 46 35 35 35 34 34 34 34 34 34 34 
num att = 10, for k=10 to 50
39 37 37 42 46 42 47 62 61 67 34 33 40 40 39 39 39 39 49 63 36 40 39 39 38 42 42 47 47 47 36 36 36 35 35 35 35 35 35 35 
num att = 11, for k=10 to 50
42 40 40 45 49 45 50 65 64 70 37 36 43 43 42 42 42 42 52 66 39 43 42 42 41 45 45 50 50 50 39 39 39 38 38 38 38 38 38 38 
num att = 12, for k=10 to 50
46 44 44 49 53 49 61 78 81 87 41 40 47 47 46 46 49 49 59 73 43 47 46 46 45 49 49 54 54 54 43 43 43 42 42 42 42 42 42 42 
num att = 13, for k=10 to 50
49 52 51 57 62 57 70 101 106 115 47 46 55 54 53 53 57 57 69 85 46 50 53 53 52 57 57 63 62 62 46 46 49 48 48 48 48 50 50 49 
num att = 14, for k=10 to 50
54 58 55 62 68 66 76 108 114 126 51 51 60 60 59 58 64 64 78 97 50 55 59 58 59 65 65 72 71 71 50 50 54 53 53 53 53 58 58 59 
num att = 15, for k=10 to 50
62 67 67 75 81 82 91 127 133 147 57 57 68 68 67 67 74 74 90 110 56 62 67 66 67 74 74 82 83 83 56 56 61 60 60 61 61 66 66 66 
num att = 16, for k=10 to 50
64 69 69 85 92 92 103 143 149 172 59 65 78 77 76 76 83 83 101 123 63 70 76 75 76 83 83 92 93 93 63 63 69 68 68 69 69 74 74 74 
num att = 17, for k=10 to 50
73 80 83 100 109 108 129 172 179 209 67 74 89 88 87 87 101 101 121 147 72 80 87 85 86 94 94 104 108 108 72 71 78 77 77 81 81 87 87 87 
num att = 18, for k=10 to 50
83 91 97 114 123 139 166 213 222 273 76 85 102 101 98 101 118 119 142 170 80 89 97 95 96 107 109 120 126 126 80 79 87 86 86 90 90 100 100 102 
num att = 19, for k=10 to 50
95 111 123 155 168 187 222 280 302 359 85 96 117 117 114 128 148 149 175 207 90 100 108 106 107 119 121 146 152 151 90 89 98 97 97 101 101 113 114 117 
num att = 20, for k=10 to 50
95 111 123 155 168 215 254 315 341 399 90 103 123 123 119 136 157 158 185 216 91 103 113 113 115 126 128 152 163 159 96 93 99 99 99 106 106 125 126 128 