

number of patterns found lowerbound

for k=0 to 10
95 111 123 155 168 215 254 315 341 399 90 103 123 123 119 136 157 158 185 216 91 103 113 113 115 126 128 152 163 159 96 93 99 99 99 106 106 125 126 128 
for k=1 to 10
95 111 123 155 168 215 254 315 341 399 90 103 123 123 119 136 157 158 185 216 91 103 113 113 115 126 128 152 163 159 96 93 99 99 99 106 106 125 126 128 114 123 118 122 117 116 114 128 126 143 117 112 107 106 105 107 102 123 128 137 119 118 111 114 128 126 125 139 141 157 115 114 110 115 121 111 139 148 144 143 115 112 115 117 140 136 140 137 142 147 
for k=2 to 10
95 111 123 155 168 215 254 315 341 399 90 103 123 123 119 136 157 158 185 216 91 103 113 113 115 126 128 152 163 159 96 93 99 99 99 106 106 125 126 128 114 123 118 122 117 116 114 128 126 143 117 112 107 106 105 107 102 123 128 137 119 118 111 114 128 126 125 139 141 157 115 114 110 115 121 111 139 148 144 143 115 112 115 117 140 136 140 137 142 147 116 127 129 133 152 153 156 157 161 161 124 136 151 148 157 154 152 156 162 163 127 131 131 125 136 137 132 150 153 159 133 129 127 125 138 142 140 139 145 158 129 123 140 143 149 149 144 143 145 144 
for k=3 to 10
95 111 123 155 168 215 254 315 341 399 90 103 123 123 119 136 157 158 185 216 91 103 113 113 115 126 128 152 163 159 96 93 99 99 99 106 106 125 126 128 114 123 118 122 117 116 114 128 126 143 117 112 107 106 105 107 102 123 128 137 119 118 111 114 128 126 125 139 141 157 115 114 110 115 121 111 139 148 144 143 115 112 115 117 140 136 140 137 142 147 116 127 129 133 152 153 156 157 161 161 124 136 151 148 157 154 152 156 162 163 127 131 131 125 136 137 132 150 153 159 133 129 127 125 138 142 140 139 145 158 129 123 140 143 149 149 144 143 145 144 126 128 132 133 130 130 134 133 145 146 118 117 116 114 113 141 141 154 154 151 116 117 115 114 119 143 142 143 155 153 120 131 127 126 139 138 138 140 142 142 120 131 131 132 144 139 139 139 138 137 
for k=4 to 10
95 111 123 155 168 215 254 315 341 399 90 103 123 123 119 136 157 158 185 216 91 103 113 113 115 126 128 152 163 159 96 93 99 99 99 106 106 125 126 128 114 123 118 122 117 116 114 128 126 143 117 112 107 106 105 107 102 123 128 137 119 118 111 114 128 126 125 139 141 157 115 114 110 115 121 111 139 148 144 143 115 112 115 117 140 136 140 137 142 147 116 127 129 133 152 153 156 157 161 161 124 136 151 148 157 154 152 156 162 163 127 131 131 125 136 137 132 150 153 159 133 129 127 125 138 142 140 139 145 158 129 123 140 143 149 149 144 143 145 144 126 128 132 133 130 130 134 133 145 146 118 117 116 114 113 141 141 154 154 151 116 117 115 114 119 143 142 143 155 153 120 131 127 126 139 138 138 140 142 142 120 131 131 132 144 139 139 139 138 137 134 133 133 144 145 144 145 144 144 143 129 154 151 149 147 148 148 146 149 149 139 137 137 137 141 153 151 154 154 154 109 109 109 120 118 129 144 154 153 152 110 110 107 107 116 117 117 130 130 130 
for k=5 to 10
95 111 123 155 168 215 254 315 341 399 90 103 123 123 119 136 157 158 185 216 91 103 113 113 115 126 128 152 163 159 96 93 99 99 99 106 106 125 126 128 114 123 118 122 117 116 114 128 126 143 117 112 107 106 105 107 102 123 128 137 119 118 111 114 128 126 125 139 141 157 115 114 110 115 121 111 139 148 144 143 115 112 115 117 140 136 140 137 142 147 116 127 129 133 152 153 156 157 161 161 124 136 151 148 157 154 152 156 162 163 127 131 131 125 136 137 132 150 153 159 133 129 127 125 138 142 140 139 145 158 129 123 140 143 149 149 144 143 145 144 126 128 132 133 130 130 134 133 145 146 118 117 116 114 113 141 141 154 154 151 116 117 115 114 119 143 142 143 155 153 120 131 127 126 139 138 138 140 142 142 120 131 131 132 144 139 139 139 138 137 134 133 133 144 145 144 145 144 144 143 129 154 151 149 147 148 148 146 149 149 139 137 137 137 141 153 151 154 154 154 109 109 109 120 118 129 144 154 153 152 110 110 107 107 116 117 117 130 130 130 108 108 107 105 105 116 120 117 116 115 108 105 104 104 104 104 103 103 118 120 106 105 105 104 104 104 103 103 102 102 109 109 109 108 107 106 103 103 103 103 109 104 103 103 103 105 104 104 104 103 
for k=6 to 10
95 111 123 155 168 215 254 315 341 399 90 103 123 123 119 136 157 158 185 216 91 103 113 113 115 126 128 152 163 159 96 93 99 99 99 106 106 125 126 128 114 123 118 122 117 116 114 128 126 143 117 112 107 106 105 107 102 123 128 137 119 118 111 114 128 126 125 139 141 157 115 114 110 115 121 111 139 148 144 143 115 112 115 117 140 136 140 137 142 147 116 127 129 133 152 153 156 157 161 161 124 136 151 148 157 154 152 156 162 163 127 131 131 125 136 137 132 150 153 159 133 129 127 125 138 142 140 139 145 158 129 123 140 143 149 149 144 143 145 144 126 128 132 133 130 130 134 133 145 146 118 117 116 114 113 141 141 154 154 151 116 117 115 114 119 143 142 143 155 153 120 131 127 126 139 138 138 140 142 142 120 131 131 132 144 139 139 139 138 137 134 133 133 144 145 144 145 144 144 143 129 154 151 149 147 148 148 146 149 149 139 137 137 137 141 153 151 154 154 154 109 109 109 120 118 129 144 154 153 152 110 110 107 107 116 117 117 130 130 130 108 108 107 105 105 116 120 117 116 115 108 105 104 104 104 104 103 103 118 120 106 105 105 104 104 104 103 103 102 102 109 109 109 108 107 106 103 103 103 103 109 104 103 103 103 105 104 104 104 103 110 109 108 107 106 105 105 104 104 104 109 107 105 105 104 102 102 102 100 100 103 103 103 106 106 105 105 103 101 101 102 102 103 100 100 100 100 100 103 103 100 100 99 99 98 98 97 97 97 98 