

number of patterns found lowerbound

size threshold = 10
107 125 137 174 190 239 289 353 396 472 102 115 135 135 131 148 177 178 209 243 103 115 125 125 127 138 140 164 175 171 108 105 111 111 111 118 118 137 138 140 
size threshold = 20
104 122 134 171 187 236 285 349 384 458 99 112 132 132 128 145 174 175 206 240 100 112 122 122 124 135 137 161 172 168 105 102 108 108 108 115 115 134 135 137 
size threshold = 30
101 118 130 166 182 231 279 343 377 449 96 109 129 129 125 142 170 171 202 236 97 109 119 119 121 132 134 158 169 165 102 99 105 105 105 112 112 131 132 134 
size threshold = 40
100 116 128 161 176 224 266 328 360 425 95 108 128 128 124 141 167 168 195 228 96 108 118 118 120 131 133 157 168 164 101 98 104 104 104 111 111 130 131 133 
size threshold = 50
95 111 123 155 168 215 254 315 341 399 90 103 123 123 119 136 157 158 185 216 91 103 113 113 115 126 128 152 163 159 96 93 99 99 99 106 106 125 126 128 
size threshold = 60
92 105 117 146 159 206 232 290 312 358 87 100 120 120 116 133 151 152 177 207 88 100 110 110 112 123 125 148 159 155 93 90 96 96 96 103 103 122 122 124 
size threshold = 70
87 101 113 141 153 194 216 270 291 325 84 97 115 115 111 128 145 146 168 198 85 96 106 106 108 117 119 141 152 148 90 87 93 93 93 100 100 119 118 120 
size threshold = 80
86 99 111 137 147 188 202 254 272 303 84 97 114 114 110 127 142 143 162 192 85 95 105 105 107 116 118 138 149 144 90 87 93 93 93 100 100 118 116 120 
size threshold = 90
85 94 105 128 131 165 175 221 237 266 83 96 110 109 105 122 135 136 152 179 84 93 102 101 103 110 111 130 141 139 89 86 92 92 92 98 98 115 114 118 
size threshold = 100
81 91 101 120 117 144 151 194 210 234 81 94 106 105 101 117 125 126 141 164 82 90 99 98 100 106 107 124 135 133 86 84 90 90 90 96 96 112 111 115 