execution time
40 0.11105704307556152 0.5793538093566895
90 0.17545080184936523 1.918468952178955
140 0.26158833503723145 3.376901865005493
190 0.35878491401672363 4.843520164489746
240 0.5088391304016113 6.543137788772583
290 0.6214330196380615 8.976202964782715
340 0.5765142440795898 10.187236785888672


number of patterns visited
40 3188 19346
90 8793 67232
140 13917 130287
190 19089 203244
240 24328 283433
290 28894 366167
340 33768 450640


number of patterns found, lowerbound
40 12 
 [[0, -1, -1, -1, -1, -1, -1], [-1, 0, -1, -1, -1, -1, -1], [-1, 1, -1, -1, -1, -1, -1], [-1, -1, -1, 0, -1, -1, -1], [-1, -1, -1, 1, -1, -1, -1], [-1, -1, -1, -1, 0, -1, -1], [-1, -1, -1, -1, 1, -1, -1], [-1, -1, -1, -1, -1, 0, -1], [-1, -1, -1, -1, -1, -1, 1], [-1, -1, -1, -1, -1, -1, 2], [-1, -1, -1, -1, -1, -1, 3], [-1, -1, -1, -1, -1, -1, 4]]
90 12 
 [[0, -1, -1, -1, -1, -1, -1], [-1, 0, -1, -1, -1, -1, -1], [-1, 1, -1, -1, -1, -1, -1], [-1, -1, -1, 0, -1, -1, -1], [-1, -1, -1, 1, -1, -1, -1], [-1, -1, -1, -1, 0, -1, -1], [-1, -1, -1, -1, 1, -1, -1], [-1, -1, -1, -1, -1, 0, -1], [-1, -1, -1, -1, -1, -1, 1], [-1, -1, -1, -1, -1, -1, 2], [-1, -1, -1, -1, -1, -1, 3], [-1, -1, -1, -1, -1, -1, 4]]
140 12 
 [[0, -1, -1, -1, -1, -1, -1], [-1, 0, -1, -1, -1, -1, -1], [-1, 1, -1, -1, -1, -1, -1], [-1, -1, -1, 0, -1, -1, -1], [-1, -1, -1, 1, -1, -1, -1], [-1, -1, -1, -1, 0, -1, -1], [-1, -1, -1, -1, 1, -1, -1], [-1, -1, -1, -1, -1, 0, -1], [-1, -1, -1, -1, -1, -1, 1], [-1, -1, -1, -1, -1, -1, 2], [-1, -1, -1, -1, -1, -1, 3], [-1, -1, -1, -1, -1, -1, 4]]
190 12 
 [[0, -1, -1, -1, -1, -1, -1], [-1, 0, -1, -1, -1, -1, -1], [-1, 1, -1, -1, -1, -1, -1], [-1, -1, -1, 0, -1, -1, -1], [-1, -1, -1, 1, -1, -1, -1], [-1, -1, -1, -1, 0, -1, -1], [-1, -1, -1, -1, 1, -1, -1], [-1, -1, -1, -1, -1, 0, -1], [-1, -1, -1, -1, -1, -1, 1], [-1, -1, -1, -1, -1, -1, 2], [-1, -1, -1, -1, -1, -1, 3], [-1, -1, -1, -1, -1, -1, 4]]
240 12 
 [[0, -1, -1, -1, -1, -1, -1], [-1, 0, -1, -1, -1, -1, -1], [-1, 1, -1, -1, -1, -1, -1], [-1, -1, -1, 0, -1, -1, -1], [-1, -1, -1, 1, -1, -1, -1], [-1, -1, -1, -1, 0, -1, -1], [-1, -1, -1, -1, 1, -1, -1], [-1, -1, -1, -1, -1, 0, -1], [-1, -1, -1, -1, -1, -1, 1], [-1, -1, -1, -1, -1, -1, 2], [-1, -1, -1, -1, -1, -1, 3], [-1, -1, -1, -1, -1, -1, 4]]
290 12 
 [[0, -1, -1, -1, -1, -1, -1], [-1, 0, -1, -1, -1, -1, -1], [-1, 1, -1, -1, -1, -1, -1], [-1, -1, -1, 0, -1, -1, -1], [-1, -1, -1, 1, -1, -1, -1], [-1, -1, -1, -1, 0, -1, -1], [-1, -1, -1, -1, 1, -1, -1], [-1, -1, -1, -1, -1, 0, -1], [-1, -1, -1, -1, -1, -1, 1], [-1, -1, -1, -1, -1, -1, 2], [-1, -1, -1, -1, -1, -1, 3], [-1, -1, -1, -1, -1, -1, 4]]
340 12 
 [[0, -1, -1, -1, -1, -1, -1], [-1, 0, -1, -1, -1, -1, -1], [-1, 1, -1, -1, -1, -1, -1], [-1, -1, -1, 0, -1, -1, -1], [-1, -1, -1, 1, -1, -1, -1], [-1, -1, -1, -1, 0, -1, -1], [-1, -1, -1, -1, 1, -1, -1], [-1, -1, -1, -1, -1, 0, -1], [-1, -1, -1, -1, -1, -1, 1], [-1, -1, -1, -1, -1, -1, 2], [-1, -1, -1, -1, -1, -1, 3], [-1, -1, -1, -1, -1, -1, 4]]


number of patterns found, upperbound
40 0 
 []
90 3 
 [[0, -1, 0, 0, 1, 0, -1], [0, 0, 0, -1, -1, -1, -1], [-1, -1, 0, -1, -1, -1, 4]]
140 11 
 [[0, -1, 0, 0, 1, 0, -1], [0, -1, 0, -1, -1, 0, 4], [0, -1, 0, 0, -1, -1, 4], [-1, -1, 0, 0, -1, 0, 4], [0, 0, 0, 0, -1, 0, -1], [0, 1, 0, 0, -1, -1, -1], [0, 1, 0, -1, -1, 0, -1], [-1, 1, 0, 0, -1, 0, -1], [-1, 0, 0, -1, 1, -1, -1], [0, 0, -1, -1, 1, -1, -1], [0, 1, -1, 0, -1, 0, -1]]
190 13 
 [[0, -1, 0, 0, 1, 0, -1], [0, 0, 0, 0, -1, 0, -1], [0, -1, 0, 0, -1, 0, 4], [0, 1, 0, 0, -1, 0, -1], [0, 0, 0, -1, 1, 0, -1], [0, 1, 0, 0, 1, -1, -1], [0, 1, 0, -1, 1, 0, -1], [0, -1, 0, -1, 0, -1, -1], [-1, 1, -1, 0, 1, 0, -1], [0, 0, 0, 0, 1, -1, -1], [0, -1, 0, -1, 1, 0, 4], [-1, 0, 0, 0, 1, 0, -1], [0, 0, -1, 0, 1, 0, -1]]
240 11 
 [[0, 0, 0, 0, 1, 0, -1], [0, 1, 0, 0, 1, 0, -1], [0, -1, 0, 0, 0, -1, -1], [0, -1, 0, -1, -1, 0, 2], [0, -1, -1, 0, -1, -1, 2], [0, -1, -1, -1, -1, -1, 3], [-1, -1, 0, -1, -1, -1, 3], [0, -1, 0, 0, 1, 0, 4], [-1, 0, 0, -1, -1, -1, 4], [-1, -1, 0, 0, -1, -1, 2], [0, -1, 0, -1, 0, 0, -1]]
290 13 
 [[0, 0, 0, 0, 1, 0, -1], [0, 1, 0, 0, 1, 0, -1], [0, -1, 0, 0, 1, 0, 4], [0, -1, 0, -1, -1, -1, 3], [0, 0, 0, -1, -1, -1, 4], [0, -1, 0, 0, 0, 0, -1], [-1, -1, -1, 0, -1, -1, 3], [-1, 0, 0, -1, -1, 0, 4], [-1, -1, 0, -1, -1, 0, 3], [-1, -1, -1, -1, 1, -1, 3], [0, -1, 0, 0, -1, 0, 2], [-1, -1, 0, -1, 1, -1, 2], [-1, -1, 0, 1, -1, 0, -1]]
340 20 
 [[0, 0, 0, 0, 1, 0, -1], [0, 1, 0, 0, 1, 0, -1], [0, -1, 0, 0, 1, 0, 4], [0, -1, 0, 0, 0, 0, -1], [0, -1, 0, 0, -1, 0, 2], [-1, -1, 0, 1, -1, 0, -1], [0, 0, 0, -1, -1, 0, 4], [-1, 0, 0, -1, 0, -1, -1], [0, 0, 0, 0, -1, -1, 4], [0, -1, -1, -1, 1, -1, 3], [-1, -1, 0, -1, 1, -1, 3], [0, -1, 0, -1, 1, 0, 2], [0, 1, 0, -1, -1, -1, 4], [0, -1, 0, -1, -1, 0, 3], [-1, -1, -1, 0, -1, 0, 3], [0, -1, 0, 0, -1, -1, 3], [-1, -1, -1, -1, 1, 0, 3], [0, -1, 0, 1, -1, -1, -1], [-1, -1, -1, 1, 1, 0, -1], [-1, 1, 0, -1, -1, 0, 4]]
