overall accuracy: 0.7788666666666667
execution time
3 0.13825511932373047 0.11771011352539062
4 0.16966605186462402 0.1578049659729004
5 0.18505120277404785 0.27745938301086426
6 0.4173450469970703 1.8344409465789795
7 1.2224271297454834 29.30839228630066
8 0.13825511932373047
9 0.16966605186462402
10 0.18505120277404785
11 0.4173450469970703


number of patterns checked
3 98.0 143.0
4 274.0 719.0
5 673.0 2879.0
6 4633.0 34559.0
7 17943.0 414719.0
8 98.0
9 274.0
10 673.0
11 4633.0


number of patterns found
3 12 
 [[-1, -1, -1, 1, -1, 3], [-1, -1, 3, -1, -1, 3], [-1, -1, 3, 1, 0, 4], [-1, -1, 2, -1, -1, 3], [-1, 2, 3, -1, 0, 4], [-1, 1, -1, -1, 1, 3], [-1, 1, 3, -1, 1, 4], [1, -1, -1, -1, 1, 4], [1, -1, -1, -1, 1, 3], [1, -1, -1, 2, -1, 4], [1, 2, -1, -1, -1, 4], [0, 1, -1, -1, -1, 3]]
4 38 
 [[-1, -1, -1, -1, -1, -1, 6], [-1, -1, -1, -1, -1, -1, 5], [-1, -1, -1, -1, -1, 3, 4], [-1, -1, -1, -1, 1, 3, 1], [-1, -1, -1, 1, -1, 3, -1], [-1, -1, 3, -1, -1, 3, -1], [-1, -1, 3, -1, 0, -1, 4], [-1, -1, 3, 1, 0, 4, -1], [-1, -1, 2, -1, -1, 3, -1], [-1, -1, 2, -1, -1, 1, 4], [-1, -1, 2, 2, 0, -1, 4], [-1, -1, 1, -1, 0, 4, 2], [-1, 2, -1, -1, -1, 1, 4], [-1, 2, -1, 1, 0, -1, 4], [-1, 2, 3, -1, -1, 4, 2], [-1, 2, 3, -1, 0, 4, -1], [-1, 2, 3, 1, -1, -1, 4], [-1, 2, 2, -1, -1, -1, 4], [-1, 2, 1, -1, -1, 4, 2], [-1, 1, -1, -1, 1, 4, 2], [-1, 1, -1, -1, 1, 3, -1], [-1, 1, -1, 2, 1, -1, 4], [-1, 1, 3, -1, 1, 4, -1], [-1, 1, 3, 2, -1, -1, 4], [1, -1, -1, -1, -1, 4, 2], [1, -1, -1, -1, 1, -1, 4], [1, -1, -1, -1, 1, 4, -1], [1, -1, -1, -1, 1, 3, -1], [1, -1, -1, 2, -1, 4, -1], [1, 2, -1, -1, -1, 4, -1], [1, 1, -1, -1, -1, 3, 0], [0, -1, -1, -1, -1, 1, 4], [0, -1, -1, 1, 0, -1, 4], [0, -1, 2, -1, 0, -1, 4], [0, -1, 1, -1, 1, -1, 4], [0, 2, -1, -1, 0, -1, 4], [0, 1, -1, -1, -1, 3, -1], [0, 1, 3, -1, -1, -1, 4]]
5 79 
 [[-1, -1, -1, -1, -1, -1, -1, 5], [-1, -1, -1, -1, -1, -1, 6, -1], [-1, -1, -1, -1, -1, -1, 5, -1], [-1, -1, -1, -1, -1, 4, 4, 2], [-1, -1, -1, -1, -1, 3, -1, 4], [-1, -1, -1, -1, -1, 3, 4, -1], [-1, -1, -1, -1, -1, 1, 4, 4], [-1, -1, -1, -1, 1, -1, 1, 4], [-1, -1, -1, -1, 1, 3, -1, 2], [-1, -1, -1, -1, 1, 3, 1, -1], [-1, -1, -1, -1, 1, 1, -1, 4], [-1, -1, -1, 2, -1, -1, 4, 1], [-1, -1, -1, 1, -1, 3, -1, -1], [-1, -1, -1, 1, 0, -1, 4, 2], [-1, -1, -1, 1, 0, -1, 2, 4], [-1, -1, -1, 1, 0, 2, -1, 4], [-1, -1, 3, -1, -1, -1, -1, 4], [-1, -1, 3, -1, -1, -1, 4, 2], [-1, -1, 3, -1, -1, 3, -1, -1], [-1, -1, 3, -1, 0, -1, 4, -1], [-1, -1, 3, 1, 0, 4, -1, -1], [-1, -1, 2, -1, -1, -1, 4, 1], [-1, -1, 2, -1, -1, 3, -1, -1], [-1, -1, 2, -1, -1, 1, 4, -1], [-1, -1, 2, 2, -1, -1, 4, 2], [-1, -1, 2, 2, -1, 4, -1, 4], [-1, -1, 2, 2, 0, -1, 4, -1], [-1, -1, 1, -1, -1, -1, 4, 2], [-1, -1, 1, -1, -1, -1, 2, 4], [-1, -1, 1, -1, -1, 4, -1, 2], [-1, -1, 1, -1, 0, 4, 2, -1], [-1, -1, 1, -1, 0, 2, -1, 4], [-1, -1, 1, 2, -1, 1, -1, 4], [-1, 2, -1, -1, -1, -1, 4, 1], [-1, 2, -1, -1, -1, 1, 4, -1], [-1, 2, -1, 1, 0, -1, -1, 4], [-1, 2, -1, 1, 0, -1, 4, -1], [-1, 2, 3, -1, -1, 4, -1, 2], [-1, 2, 3, -1, -1, 4, 2, -1], [-1, 2, 3, -1, 0, 4, -1, -1], [-1, 2, 3, 1, -1, -1, 4, -1], [-1, 2, 2, -1, -1, -1, 4, -1], [-1, 2, 2, -1, 0, 4, -1, 4], [-1, 2, 1, -1, -1, 4, 2, -1], [-1, 2, 1, -1, -1, 2, -1, 4], [-1, 1, -1, -1, -1, -1, 4, 2], [-1, 1, -1, -1, -1, 4, -1, 2], [-1, 1, -1, -1, -1, 3, -1, 0], [-1, 1, -1, -1, -1, 1, -1, 4], [-1, 1, -1, -1, 1, 4, 2, -1], [-1, 1, -1, -1, 1, 3, -1, -1], [-1, 1, -1, 2, 1, -1, 4, -1], [-1, 1, 3, -1, 1, 4, -1, -1], [-1, 1, 3, 2, -1, -1, 4, -1], [1, -1, -1, -1, -1, -1, 4, 2], [1, -1, -1, -1, -1, 4, -1, 2], [1, -1, -1, -1, -1, 4, 2, -1], [1, -1, -1, -1, 1, -1, 4, -1], [1, -1, -1, -1, 1, 4, -1, -1], [1, -1, -1, -1, 1, 3, -1, -1], [1, -1, -1, 2, -1, 4, -1, -1], [1, 2, -1, -1, -1, 4, -1, -1], [1, 2, -1, -1, 1, -1, -1, 4], [1, 1, -1, -1, -1, 3, 0, -1], [0, -1, -1, -1, -1, -1, 4, 1], [0, -1, -1, -1, -1, 1, -1, 4], [0, -1, -1, -1, -1, 1, 4, -1], [0, -1, -1, -1, 0, 3, 0, 0], [0, -1, -1, 1, 0, -1, -1, 4], [0, -1, -1, 1, 0, -1, 4, -1], [0, -1, 2, -1, 0, -1, 4, -1], [0, -1, 1, -1, -1, 2, -1, 4], [0, -1, 1, -1, 1, -1, 4, -1], [0, -1, 1, 1, -1, -1, -1, 4], [0, 2, -1, -1, 0, -1, -1, 4], [0, 2, -1, -1, 0, -1, 4, -1], [0, 2, -1, -1, 0, 3, -1, 0], [0, 1, -1, -1, -1, 3, -1, -1], [0, 1, 3, -1, -1, -1, 4, -1]]
6 139 
 [[-1, -1, -1, -1, -1, -1, -1, 5, -1], [-1, -1, -1, -1, -1, -1, -1, 1, 4], [-1, -1, -1, -1, -1, -1, 6, -1, -1], [-1, -1, -1, -1, -1, -1, 5, -1, -1], [-1, -1, -1, -1, -1, -1, 4, -1, 0], [-1, -1, -1, -1, -1, -1, 2, 4, 4], [-1, -1, -1, -1, -1, -1, 1, -1, 4], [-1, -1, -1, -1, -1, 5, -1, -1, 2], [-1, -1, -1, -1, -1, 4, 4, 2, -1], [-1, -1, -1, -1, -1, 3, -1, -1, 4], [-1, -1, -1, -1, -1, 3, -1, 4, -1], [-1, -1, -1, -1, -1, 3, 4, -1, -1], [-1, -1, -1, -1, -1, 3, 0, -1, 0], [-1, -1, -1, -1, -1, 2, -1, 4, 4], [-1, -1, -1, -1, -1, 1, -1, -1, 4], [-1, -1, -1, -1, -1, 1, -1, 4, 2], [-1, -1, -1, -1, -1, 1, 4, 4, -1], [-1, -1, -1, -1, 1, -1, 1, 4, -1], [-1, -1, -1, -1, 1, 4, 2, 2, 2], [-1, -1, -1, -1, 1, 3, -1, -1, 0], [-1, -1, -1, -1, 1, 3, -1, 2, -1], [-1, -1, -1, -1, 1, 3, 1, -1, -1], [-1, -1, -1, -1, 1, 1, -1, 4, -1], [-1, -1, -1, -1, 0, -1, 4, -1, 2], [-1, -1, -1, -1, 0, 4, -1, -1, 2], [-1, -1, -1, 2, -1, -1, 4, -1, 2], [-1, -1, -1, 2, -1, -1, 4, 1, -1], [-1, -1, -1, 2, -1, 4, -1, -1, 2], [-1, -1, -1, 1, -1, -1, -1, -1, 5], [-1, -1, -1, 1, -1, -1, -1, 4, 1], [-1, -1, -1, 1, -1, 3, -1, -1, -1], [-1, -1, -1, 1, 0, -1, 4, 2, -1], [-1, -1, -1, 1, 0, -1, 2, 4, -1], [-1, -1, -1, 1, 0, 2, -1, 4, -1], [-1, -1, 3, -1, -1, -1, -1, -1, 4], [-1, -1, 3, -1, -1, -1, -1, 4, -1], [-1, -1, 3, -1, -1, -1, 4, 2, -1], [-1, -1, 3, -1, -1, 3, -1, -1, -1], [-1, -1, 3, -1, 0, -1, 4, -1, -1], [-1, -1, 3, 1, -1, -1, 4, -1, 2], [-1, -1, 3, 1, 0, 4, -1, -1, -1], [-1, -1, 2, -1, -1, -1, 4, -1, 2], [-1, -1, 2, -1, -1, -1, 4, -1, 1], [-1, -1, 2, -1, -1, -1, 4, 1, -1], [-1, -1, 2, -1, -1, 4, -1, -1, 2], [-1, -1, 2, -1, -1, 3, -1, -1, -1], [-1, -1, 2, -1, -1, 1, 4, -1, -1], [-1, -1, 2, 2, -1, -1, 4, 2, -1], [-1, -1, 2, 2, -1, 4, -1, 4, -1], [-1, -1, 2, 2, 0, -1, 4, -1, -1], [-1, -1, 1, -1, -1, -1, 4, 2, -1], [-1, -1, 1, -1, -1, -1, 2, 4, -1], [-1, -1, 1, -1, -1, 4, -1, 2, -1], [-1, -1, 1, -1, -1, 4, 2, -1, 2], [-1, -1, 1, -1, 0, 4, 2, -1, -1], [-1, -1, 1, -1, 0, 2, -1, 4, -1], [-1, -1, 1, 2, -1, 1, -1, 4, -1], [-1, 2, -1, -1, -1, -1, -1, 4, 4], [-1, 2, -1, -1, -1, -1, 4, -1, 1], [-1, 2, -1, -1, -1, -1, 4, 1, -1], [-1, 2, -1, -1, -1, 1, 4, -1, -1], [-1, 2, -1, 1, 0, -1, -1, -1, 4], [-1, 2, -1, 1, 0, -1, -1, 4, -1], [-1, 2, -1, 1, 0, -1, 4, -1, -1], [-1, 2, 3, -1, -1, 4, -1, 2, -1], [-1, 2, 3, -1, -1, 4, 2, -1, -1], [-1, 2, 3, -1, 0, 4, -1, -1, -1], [-1, 2, 3, 1, -1, -1, 4, -1, -1], [-1, 2, 2, -1, -1, -1, 4, -1, -1], [-1, 2, 2, -1, 0, 4, -1, 4, -1], [-1, 2, 2, 2, 0, -1, -1, -1, 4], [-1, 2, 1, -1, -1, -1, 2, -1, 4], [-1, 2, 1, -1, -1, 4, 2, -1, -1], [-1, 2, 1, -1, -1, 2, -1, -1, 4], [-1, 2, 1, -1, -1, 2, -1, 4, -1], [-1, 2, 1, 1, -1, -1, -1, -1, 4], [-1, 1, -1, -1, -1, -1, 4, -1, 2], [-1, 1, -1, -1, -1, -1, 4, 2, -1], [-1, 1, -1, -1, -1, 4, -1, -1, 2], [-1, 1, -1, -1, -1, 4, -1, 2, -1], [-1, 1, -1, -1, -1, 3, -1, -1, 0], [-1, 1, -1, -1, -1, 3, -1, 0, -1], [-1, 1, -1, -1, -1, 1, -1, 4, -1], [-1, 1, -1, -1, 1, 4, 2, -1, -1], [-1, 1, -1, -1, 1, 3, -1, -1, -1], [-1, 1, -1, -1, 1, 2, -1, -1, 4], [-1, 1, -1, -1, 0, 3, -1, -1, 2], [-1, 1, -1, 2, -1, 3, -1, -1, 2], [-1, 1, -1, 2, 1, -1, 4, -1, -1], [-1, 1, -1, 2, 0, -1, -1, 4, 2], [-1, 1, 3, -1, 1, 4, -1, -1, -1], [-1, 1, 3, 2, -1, -1, 4, -1, -1], [-1, 1, 2, 2, -1, -1, -1, 4, 2], [1, -1, -1, -1, -1, -1, 4, 2, -1], [1, -1, -1, -1, -1, 4, -1, -1, 2], [1, -1, -1, -1, -1, 4, -1, 2, -1], [1, -1, -1, -1, -1, 4, 2, -1, -1], [1, -1, -1, -1, 1, -1, -1, -1, 4], [1, -1, -1, -1, 1, -1, 4, -1, -1], [1, -1, -1, -1, 1, 4, -1, -1, -1], [1, -1, -1, -1, 1, 3, -1, -1, -1], [1, -1, -1, 2, -1, 4, -1, -1, -1], [1, 2, -1, -1, -1, 4, -1, -1, -1], [1, 2, -1, -1, 1, -1, -1, 4, -1], [1, 2, -1, 2, -1, -1, -1, -1, 4], [1, 1, -1, -1, -1, 3, 0, -1, -1], [0, -1, -1, -1, -1, -1, -1, 4, 1], [0, -1, -1, -1, -1, -1, 4, -1, 1], [0, -1, -1, -1, -1, -1, 4, 4, 2], [0, -1, -1, -1, -1, -1, 4, 1, -1], [0, -1, -1, -1, -1, 4, -1, 4, 2], [0, -1, -1, -1, -1, 1, -1, 4, -1], [0, -1, -1, -1, -1, 1, 4, -1, -1], [0, -1, -1, -1, 1, 2, -1, -1, 4], [0, -1, -1, -1, 0, -1, -1, 4, 4], [0, -1, -1, -1, 0, 3, -1, -1, 0], [0, -1, -1, -1, 0, 3, 0, 0, -1], [0, -1, -1, 1, -1, -1, 2, -1, 4], [0, -1, -1, 1, -1, 2, -1, -1, 4], [0, -1, -1, 1, 0, -1, -1, -1, 4], [0, -1, -1, 1, 0, -1, -1, 4, -1], [0, -1, -1, 1, 0, -1, 4, -1, -1], [0, -1, 3, -1, -1, -1, 4, -1, 2], [0, -1, 2, -1, 0, -1, 4, -1, -1], [0, -1, 1, -1, -1, 2, -1, 4, -1], [0, -1, 1, -1, 1, -1, 4, -1, -1], [0, -1, 1, 1, -1, -1, -1, -1, 4], [0, -1, 1, 1, -1, -1, -1, 4, -1], [0, 2, -1, -1, -1, 3, -1, -1, 0], [0, 2, -1, -1, -1, 2, 2, -1, 4], [0, 2, -1, -1, 0, -1, -1, -1, 4], [0, 2, -1, -1, 0, -1, -1, 4, -1], [0, 2, -1, -1, 0, -1, 4, -1, -1], [0, 2, -1, -1, 0, 3, -1, 0, -1], [0, 1, -1, -1, -1, 3, -1, -1, -1], [0, 1, -1, -1, 1, -1, 2, -1, 4], [0, 1, -1, 2, -1, -1, -1, 4, 4], [0, 1, 3, -1, -1, -1, 4, -1, -1], [0, 1, 2, -1, -1, 2, -1, -1, 4]]
7 236 
 [[-1, -1, -1, -1, -1, -1, -1, -1, -1, 5], [-1, -1, -1, -1, -1, -1, -1, -1, 5, 4], [-1, -1, -1, -1, -1, -1, -1, -1, 4, 1], [-1, -1, -1, -1, -1, -1, -1, -1, 1, 4], [-1, -1, -1, -1, -1, -1, -1, 5, -1, -1], [-1, -1, -1, -1, -1, -1, -1, 4, -1, 1], [-1, -1, -1, -1, -1, -1, -1, 4, 4, 2], [-1, -1, -1, -1, -1, -1, -1, 1, -1, 4], [-1, -1, -1, -1, -1, -1, -1, 1, 4, -1], [-1, -1, -1, -1, -1, -1, 6, -1, -1, -1], [-1, -1, -1, -1, -1, -1, 5, -1, -1, -1], [-1, -1, -1, -1, -1, -1, 4, -1, -1, 0], [-1, -1, -1, -1, -1, -1, 4, -1, 4, 2], [-1, -1, -1, -1, -1, -1, 4, -1, 2, 4], [-1, -1, -1, -1, -1, -1, 4, -1, 0, -1], [-1, -1, -1, -1, -1, -1, 4, 4, -1, 2], [-1, -1, -1, -1, -1, -1, 4, 2, -1, 4], [-1, -1, -1, -1, -1, -1, 2, -1, 4, 4], [-1, -1, -1, -1, -1, -1, 2, 4, -1, 4], [-1, -1, -1, -1, -1, -1, 2, 4, 4, -1], [-1, -1, -1, -1, -1, -1, 1, -1, -1, 4], [-1, -1, -1, -1, -1, -1, 1, -1, 4, -1], [-1, -1, -1, -1, -1, 5, -1, -1, 2, -1], [-1, -1, -1, -1, -1, 4, -1, -1, 2, 4], [-1, -1, -1, -1, -1, 4, 4, 2, -1, -1], [-1, -1, -1, -1, -1, 3, -1, -1, -1, 4], [-1, -1, -1, -1, -1, 3, -1, -1, -1, 0], [-1, -1, -1, -1, -1, 3, -1, -1, 4, -1], [-1, -1, -1, -1, -1, 3, -1, 4, -1, -1], [-1, -1, -1, -1, -1, 3, 4, -1, -1, -1], [-1, -1, -1, -1, -1, 3, 0, -1, 0, -1], [-1, -1, -1, -1, -1, 2, -1, -1, 4, 4], [-1, -1, -1, -1, -1, 2, -1, 4, -1, 4], [-1, -1, -1, -1, -1, 2, -1, 4, 4, -1], [-1, -1, -1, -1, -1, 1, -1, -1, -1, 4], [-1, -1, -1, -1, -1, 1, -1, -1, 4, -1], [-1, -1, -1, -1, -1, 1, -1, 4, 2, -1], [-1, -1, -1, -1, -1, 1, 4, 4, -1, -1], [-1, -1, -1, -1, 1, -1, 1, 4, -1, -1], [-1, -1, -1, -1, 1, -1, 1, 1, 2, 2], [-1, -1, -1, -1, 1, 4, -1, 2, 2, 2], [-1, -1, -1, -1, 1, 4, 2, -1, -1, 2], [-1, -1, -1, -1, 1, 4, 2, 2, 2, -1], [-1, -1, -1, -1, 1, 3, -1, -1, 0, -1], [-1, -1, -1, -1, 1, 3, -1, 2, -1, -1], [-1, -1, -1, -1, 1, 3, 1, -1, -1, -1], [-1, -1, -1, -1, 1, 1, -1, 4, -1, -1], [-1, -1, -1, -1, 0, -1, 4, -1, -1, 2], [-1, -1, -1, -1, 0, -1, 4, -1, 2, -1], [-1, -1, -1, -1, 0, 4, -1, -1, 2, -1], [-1, -1, -1, -1, 0, 4, -1, 4, -1, 2], [-1, -1, -1, -1, 0, 4, -1, 2, -1, 4], [-1, -1, -1, 2, -1, -1, 4, -1, -1, 2], [-1, -1, -1, 2, -1, -1, 4, -1, 2, -1], [-1, -1, -1, 2, -1, -1, 4, 1, -1, -1], [-1, -1, -1, 2, -1, 4, -1, -1, 2, -1], [-1, -1, -1, 2, -1, 4, -1, 4, -1, 2], [-1, -1, -1, 2, 0, 4, -1, -1, 4, 2], [-1, -1, -1, 1, -1, -1, -1, -1, 5, -1], [-1, -1, -1, 1, -1, -1, -1, -1, 2, 0], [-1, -1, -1, 1, -1, -1, -1, 4, 1, -1], [-1, -1, -1, 1, -1, 3, -1, -1, -1, -1], [-1, -1, -1, 1, 0, -1, 4, 2, -1, -1], [-1, -1, -1, 1, 0, -1, 2, 4, -1, -1], [-1, -1, -1, 1, 0, 4, 2, -1, -1, 2], [-1, -1, -1, 1, 0, 2, -1, 4, -1, -1], [-1, -1, 3, -1, -1, -1, -1, -1, 4, -1], [-1, -1, 3, -1, -1, -1, -1, 4, -1, -1], [-1, -1, 3, -1, -1, -1, 4, -1, -1, 2], [-1, -1, 3, -1, -1, -1, 4, 2, -1, -1], [-1, -1, 3, -1, -1, 3, -1, -1, -1, -1], [-1, -1, 3, -1, 0, -1, -1, -1, -1, 4], [-1, -1, 3, -1, 0, -1, 4, -1, -1, -1], [-1, -1, 3, 1, -1, -1, 4, -1, 2, -1], [-1, -1, 3, 1, 0, 4, -1, -1, -1, -1], [-1, -1, 2, -1, -1, -1, 4, -1, -1, 2], [-1, -1, 2, -1, -1, -1, 4, -1, -1, 1], [-1, -1, 2, -1, -1, -1, 4, -1, 2, -1], [-1, -1, 2, -1, -1, -1, 4, -1, 1, -1], [-1, -1, 2, -1, -1, -1, 4, 1, -1, -1], [-1, -1, 2, -1, -1, 4, -1, -1, 2, -1], [-1, -1, 2, -1, -1, 4, -1, 4, -1, 2], [-1, -1, 2, -1, -1, 3, -1, -1, -1, -1], [-1, -1, 2, -1, -1, 1, 4, -1, -1, -1], [-1, -1, 2, -1, 0, -1, 1, -1, 0, 0], [-1, -1, 2, -1, 0, 4, -1, -1, -1, 2], [-1, -1, 2, 2, -1, -1, 4, 2, -1, -1], [-1, -1, 2, 2, -1, 4, -1, -1, -1, 2], [-1, -1, 2, 2, -1, 4, -1, 4, -1, -1], [-1, -1, 2, 2, 0, -1, -1, -1, 4, 4], [-1, -1, 2, 2, 0, -1, 4, -1, -1, -1], [-1, -1, 2, 1, -1, 4, 2, -1, -1, 2], [-1, -1, 2, 1, 1, -1, -1, 4, -1, 4], [-1, -1, 1, -1, -1, -1, 4, 2, -1, -1], [-1, -1, 1, -1, -1, -1, 2, 4, -1, -1], [-1, -1, 1, -1, -1, 4, -1, 2, -1, -1], [-1, -1, 1, -1, -1, 4, 2, -1, -1, 2], [-1, -1, 1, -1, -1, 4, 2, -1, 2, -1], [-1, -1, 1, -1, 1, -1, -1, -1, -1, 4], [-1, -1, 1, -1, 0, 4, 2, -1, -1, -1], [-1, -1, 1, -1, 0, 2, -1, 4, -1, -1], [-1, -1, 1, 2, -1, 1, -1, 4, -1, -1], [-1, -1, 1, 2, 0, 3, -1, -1, -1, 2], [-1, -1, 1, 1, -1, -1, -1, -1, 4, 4], [-1, -1, 1, 1, -1, -1, 4, -1, -1, 4], [-1, 2, -1, -1, -1, -1, -1, 4, 4, -1], [-1, 2, -1, -1, -1, -1, 4, -1, 1, -1], [-1, 2, -1, -1, -1, -1, 4, 1, -1, -1], [-1, 2, -1, -1, -1, 4, -1, -1, 4, 2], [-1, 2, -1, -1, -1, 1, 4, -1, -1, -1], [-1, 2, -1, 1, -1, -1, -1, 4, -1, 4], [-1, 2, -1, 1, -1, -1, 4, -1, -1, 4], [-1, 2, -1, 1, 0, -1, -1, -1, 4, -1], [-1, 2, -1, 1, 0, -1, -1, 4, -1, -1], [-1, 2, -1, 1, 0, -1, 4, -1, -1, -1], [-1, 2, -1, 1, 0, 4, -1, -1, -1, 2], [-1, 2, 3, -1, -1, 4, -1, 2, -1, -1], [-1, 2, 3, -1, -1, 4, 2, -1, -1, -1], [-1, 2, 3, -1, 0, 4, -1, -1, -1, -1], [-1, 2, 3, 1, -1, -1, 4, -1, -1, -1], [-1, 2, 2, -1, -1, -1, 4, -1, -1, -1], [-1, 2, 2, -1, 0, 4, -1, 4, -1, -1], [-1, 2, 2, 2, 0, -1, -1, -1, 4, -1], [-1, 2, 2, 2, 0, -1, -1, 4, -1, 4], [-1, 2, 2, 1, 1, -1, -1, -1, 4, 4], [-1, 2, 1, -1, -1, -1, -1, -1, 4, 2], [-1, 2, 1, -1, -1, -1, 2, -1, -1, 4], [-1, 2, 1, -1, -1, -1, 2, -1, 4, -1], [-1, 2, 1, -1, -1, 4, 2, -1, -1, -1], [-1, 2, 1, -1, -1, 2, -1, -1, 4, -1], [-1, 2, 1, -1, -1, 2, -1, 4, -1, -1], [-1, 2, 1, 1, -1, -1, -1, -1, 4, -1], [-1, 1, -1, -1, -1, -1, 4, -1, -1, 2], [-1, 1, -1, -1, -1, -1, 4, -1, 2, -1], [-1, 1, -1, -1, -1, -1, 4, 2, -1, -1], [-1, 1, -1, -1, -1, 4, -1, -1, 2, -1], [-1, 1, -1, -1, -1, 4, -1, 2, -1, -1], [-1, 1, -1, -1, -1, 3, -1, -1, 2, 2], [-1, 1, -1, -1, -1, 3, -1, -1, 0, -1], [-1, 1, -1, -1, -1, 3, -1, 0, -1, -1], [-1, 1, -1, -1, -1, 1, -1, 4, -1, -1], [-1, 1, -1, -1, 1, -1, 2, -1, -1, 4], [-1, 1, -1, -1, 1, 4, -1, -1, -1, 2], [-1, 1, -1, -1, 1, 4, 2, -1, -1, -1], [-1, 1, -1, -1, 1, 3, -1, -1, -1, -1], [-1, 1, -1, -1, 1, 2, -1, -1, -1, 4], [-1, 1, -1, -1, 1, 2, -1, -1, 4, -1], [-1, 1, -1, -1, 0, 3, -1, -1, -1, 2], [-1, 1, -1, -1, 0, 3, -1, -1, 2, -1], [-1, 1, -1, 2, -1, 4, -1, -1, -1, 2], [-1, 1, -1, 2, -1, 3, -1, -1, 2, -1], [-1, 1, -1, 2, 1, -1, 4, -1, -1, -1], [-1, 1, -1, 2, 0, -1, -1, 4, 2, -1], [-1, 1, -1, 1, -1, 1, 1, 1, -1, 2], [-1, 1, 3, -1, -1, -1, -1, -1, -1, 4], [-1, 1, 3, -1, -1, 4, -1, -1, -1, 2], [-1, 1, 3, -1, 1, 4, -1, -1, -1, -1], [-1, 1, 3, 2, -1, -1, 4, -1, -1, -1], [-1, 1, 2, -1, 0, -1, -1, 4, -1, 2], [-1, 1, 2, 2, -1, -1, -1, 4, -1, 2], [-1, 1, 2, 2, -1, -1, -1, 4, 2, -1], [1, -1, -1, -1, -1, -1, 4, 2, -1, -1], [1, -1, -1, -1, -1, 4, -1, -1, -1, 2], [1, -1, -1, -1, -1, 4, -1, -1, 2, -1], [1, -1, -1, -1, -1, 4, -1, 2, -1, -1], [1, -1, -1, -1, -1, 4, 2, -1, -1, -1], [1, -1, -1, -1, 1, -1, -1, -1, -1, 4], [1, -1, -1, -1, 1, -1, -1, -1, 4, -1], [1, -1, -1, -1, 1, -1, 4, -1, -1, -1], [1, -1, -1, -1, 1, 4, -1, -1, -1, -1], [1, -1, -1, -1, 1, 3, -1, -1, -1, -1], [1, -1, -1, 2, -1, 4, -1, -1, -1, -1], [1, 2, -1, -1, -1, -1, -1, -1, 4, 4], [1, 2, -1, -1, -1, -1, 4, -1, -1, 2], [1, 2, -1, -1, -1, 4, -1, -1, -1, -1], [1, 2, -1, -1, 1, -1, -1, 4, -1, -1], [1, 2, -1, 2, -1, -1, -1, -1, 4, -1], [1, 2, -1, 1, -1, -1, -1, -1, -1, 4], [1, 1, -1, -1, -1, 3, 0, -1, -1, -1], [1, 1, -1, 1, -1, 1, -1, -1, -1, 2], [0, -1, -1, -1, -1, -1, -1, 4, 1, -1], [0, -1, -1, -1, -1, -1, 4, -1, 1, -1], [0, -1, -1, -1, -1, -1, 4, 4, 2, -1], [0, -1, -1, -1, -1, -1, 4, 1, -1, -1], [0, -1, -1, -1, -1, 4, -1, 4, 2, -1], [0, -1, -1, -1, -1, 4, 4, -1, 2, 2], [0, -1, -1, -1, -1, 1, -1, 4, -1, -1], [0, -1, -1, -1, -1, 1, 4, -1, -1, -1], [0, -1, -1, -1, 1, 2, -1, -1, -1, 4], [0, -1, -1, -1, 1, 2, -1, -1, 4, -1], [0, -1, -1, -1, 0, -1, -1, -1, 2, 0], [0, -1, -1, -1, 0, -1, -1, 4, 4, -1], [0, -1, -1, -1, 0, 3, -1, -1, 0, -1], [0, -1, -1, -1, 0, 3, 0, 0, -1, -1], [0, -1, -1, 1, -1, -1, 2, -1, 4, -1], [0, -1, -1, 1, -1, 2, -1, -1, 4, -1], [0, -1, -1, 1, 0, -1, -1, -1, 4, -1], [0, -1, -1, 1, 0, -1, -1, 4, -1, -1], [0, -1, -1, 1, 0, -1, 4, -1, -1, -1], [0, -1, -1, 1, 0, 2, -1, -1, -1, 0], [0, -1, 3, -1, -1, -1, 4, -1, 2, -1], [0, -1, 3, 2, -1, -1, -1, -1, -1, 4], [0, -1, 2, -1, -1, -1, -1, -1, 2, 0], [0, -1, 2, -1, 0, -1, -1, -1, 4, 4], [0, -1, 2, -1, 0, -1, 4, -1, -1, -1], [0, -1, 2, 1, -1, 2, -1, -1, -1, 0], [0, -1, 1, -1, -1, -1, -1, -1, 2, 4], [0, -1, 1, -1, -1, 2, -1, 4, -1, -1], [0, -1, 1, -1, 1, -1, 4, -1, -1, -1], [0, -1, 1, -1, 0, 3, -1, -1, -1, 2], [0, -1, 1, 1, -1, -1, -1, -1, -1, 4], [0, -1, 1, 1, -1, -1, -1, -1, 4, -1], [0, -1, 1, 1, -1, -1, -1, 4, -1, -1], [0, 2, -1, -1, -1, -1, 4, -1, -1, 1], [0, 2, -1, -1, -1, 4, -1, 4, -1, 2], [0, 2, -1, -1, -1, 3, -1, -1, 0, -1], [0, 2, -1, -1, -1, 2, 2, -1, 4, -1], [0, 2, -1, -1, 0, -1, -1, -1, 4, -1], [0, 2, -1, -1, 0, -1, -1, 4, -1, -1], [0, 2, -1, -1, 0, -1, 4, -1, -1, -1], [0, 2, -1, -1, 0, 3, -1, 0, -1, -1], [0, 2, 2, 1, 0, -1, -1, -1, -1, 0], [0, 2, 1, -1, -1, -1, -1, 4, -1, 2], [0, 2, 1, 2, -1, 3, -1, -1, -1, 2], [0, 1, -1, -1, -1, 4, -1, -1, -1, 2], [0, 1, -1, -1, -1, 3, -1, -1, -1, -1], [0, 1, -1, -1, 1, -1, 2, -1, 4, -1], [0, 1, -1, 2, -1, -1, -1, 4, -1, 2], [0, 1, -1, 2, -1, -1, -1, 4, 4, -1], [0, 1, -1, 2, -1, 2, -1, -1, -1, 4], [0, 1, 3, -1, -1, -1, 4, -1, -1, -1], [0, 1, 2, -1, -1, -1, 2, -1, -1, 4], [0, 1, 2, -1, -1, 2, -1, -1, -1, 4], [0, 1, 2, -1, -1, 2, -1, -1, 4, -1], [0, 1, 1, -1, -1, -1, -1, 4, -1, 4], [0, 1, 1, -1, -1, -1, 4, -1, -1, 4]]
