overall accuracy: 0.7788666666666667
execution time
10 1.6148860454559326
20 1.31895112991333
30 1.1112630367279053
40 0.9204678535461426
50 0.8448278903961182
60 0.8198151588439941
70 0.7732040882110596
80 0.7237029075622559
90 0.696491003036499
100 0.6327259540557861


number of calculations
10 30076.0
20 24892.0
30 22073.0
40 19832.0
50 17943.0
60 16539.0
70 15624.0
80 14713.0
90 14048.0
100 13254.0


number of patterns found
10 125 
 [[-2, -2, -2, -2, -2, -2, 6], [-2, -2, -2, -2, -2, -2, 5], [-2, -2, -2, -2, -2, 7, -2], [-2, -2, -2, -2, -2, 6, -2], [-2, -2, -2, -2, -2, 3, 4], [-2, -2, -2, -2, 2, -2, 1], [-2, -2, -2, -2, 2, -2, 0], [-2, -2, -2, -2, 2, 3, -2], [-2, -2, -2, -2, 1, 3, 1], [-2, -2, -2, -2, 1, 1, 4], [-2, -2, -2, 3, -2, -2, 4], [-2, -2, -2, 3, -2, 4, -2], [-2, -2, -2, 3, -2, 3, -2], [-2, -2, -2, 2, 1, 4, 2], [-2, -2, -2, 1, -2, -2, 7], [-2, -2, -2, 1, -2, 3, -2], [-2, -2, -2, 1, 0, 5, 4], [-2, -2, 6, -2, -2, -2, -2], [-2, -2, 3, -2, -2, 4, 1], [-2, -2, 3, -2, -2, 3, -2], [-2, -2, 3, -2, 2, -2, 4], [-2, -2, 3, -2, 1, 5, -2], [-2, -2, 3, -2, 0, -2, 4], [-2, -2, 3, 2, -2, 4, 2], [-2, -2, 3, 1, 0, 4, -2], [-2, -2, 2, -2, -2, 3, -2], [-2, -2, 2, -2, -2, 1, 4], [-2, -2, 2, 2, 0, -2, 4], [-2, -2, 2, 1, -2, 5, 4], [-2, -2, 2, 1, 2, 1, -2], [-2, -2, 2, 1, 1, 4, 2], [-2, -2, 2, 1, 0, 5, -2], [-2, -2, 1, -2, 1, 5, -2], [-2, -2, 1, -2, 0, 4, 2], [-2, -2, 1, 3, -2, -2, -2], [-2, -2, 1, 2, 1, -2, 4], [-2, -2, 1, 2, 1, 4, -2], [-2, -2, 1, 1, -2, 5, -2], [-2, -2, 1, 1, -2, 4, 1], [-2, -2, 1, 1, -2, 1, 4], [-2, -2, 1, 1, 2, 1, -2], [-2, 2, -2, -2, -2, 1, 4], [-2, 2, -2, -2, 2, 4, -2], [-2, 2, -2, -2, 1, 4, 1], [-2, 2, -2, 1, -2, 5, -2], [-2, 2, -2, 1, 0, -2, 4], [-2, 2, 3, -2, -2, 4, 2], [-2, 2, 3, -2, 0, 4, -2], [-2, 2, 3, 2, 1, -2, 0], [-2, 2, 3, 2, 1, 1, 1], [-2, 2, 3, 1, -2, -2, 4], [-2, 2, 2, -2, -2, -2, 4], [-2, 2, 1, -2, -2, 4, 2], [-2, 2, 1, -2, 2, -2, -2], [-2, 2, 1, 1, -2, 2, 1], [-2, 2, 1, 1, 0, 4, -2], [-2, 1, -2, -2, 1, 4, 2], [-2, 1, -2, -2, 1, 3, -2], [-2, 1, -2, 3, 1, 2, 2], [-2, 1, -2, 2, 2, -2, 2], [-2, 1, -2, 2, 2, 2, -2], [-2, 1, -2, 2, 1, -2, 4], [-2, 1, -2, 2, 1, 4, -2], [-2, 1, -2, 1, -2, 1, 4], [-2, 1, 3, -2, -2, 5, -2], [-2, 1, 3, -2, 1, 4, -2], [-2, 1, 3, 2, -2, -2, 4], [-2, 1, 2, -2, 2, 1, -2], [-2, 1, 2, 3, 1, -2, 2], [-2, 1, 2, 3, 1, 2, -2], [-2, 1, 2, 1, -2, 4, 2], [3, 2, -2, -2, 0, -2, -2], [2, -2, -2, -2, 0, 4, -2], [2, -2, -2, 1, -2, 2, 1], [2, -2, 2, -2, -2, -2, 4], [2, 2, -2, -2, -2, 4, -2], [2, 2, -2, 1, 1, 1, 1], [2, 2, 1, -2, 1, 1, 1], [2, 2, 1, 1, 1, -2, 1], [2, 2, 1, 1, 1, 1, -2], [2, 1, -2, -2, 0, -2, 4], [1, -2, -2, -2, -2, 4, 2], [1, -2, -2, -2, 1, -2, 4], [1, -2, -2, -2, 1, 4, -2], [1, -2, -2, -2, 1, 3, -2], [1, -2, -2, 2, -2, 4, -2], [1, -2, -2, 1, 2, 1, -2], [1, -2, 3, 2, 1, -2, 0], [1, -2, 3, 2, 1, 0, -2], [1, -2, 3, 1, -2, 4, -2], [1, -2, 2, -2, 2, -2, -2], [1, -2, 2, -2, 0, 2, 1], [1, -2, 2, 2, -2, -2, 4], [1, 2, -2, -2, -2, 4, -2], [1, 2, -2, 1, 0, 2, 1], [1, 2, 3, -2, -2, -2, 4], [1, 2, 3, 2, -2, -2, 0], [1, 2, 3, 2, 1, -2, -2], [1, 2, 2, 2, 1, -2, 1], [1, 1, -2, -2, -2, 3, 1], [1, 1, -2, -2, -2, 3, 0], [1, 1, 2, 1, -2, 4, 4], [1, 1, 1, 2, 1, -2, 1], [1, 1, 1, 2, 1, 1, -2], [0, -2, -2, -2, -2, 1, 4], [0, -2, -2, 1, -2, 5, 4], [0, -2, -2, 1, 0, -2, 4], [0, -2, -2, 1, 0, 5, -2], [0, -2, 3, -2, -2, 5, -2], [0, -2, 3, 2, 1, 1, 1], [0, -2, 2, -2, 0, -2, 4], [0, -2, 1, -2, 1, -2, 4], [0, -2, 1, 1, 0, 4, -2], [0, 2, -2, -2, 0, -2, 4], [0, 2, 3, 2, 1, -2, 1], [0, 2, 1, -2, -2, 5, 4], [0, 1, -2, -2, -2, 3, -2], [0, 1, -2, -2, -2, 0, 1], [0, 1, 3, -2, -2, -2, 4], [0, 1, 3, -2, -2, 2, 1], [0, 1, 2, 3, -2, -2, -2], [0, 1, 1, -2, 1, -2, 0], [0, 1, 1, -2, 1, 4, -2], [0, 1, 1, 1, -2, -2, 4], [0, 1, 1, 1, -2, -2, 0]]
20 79 
 [[-2, -2, -2, -2, -2, -2, 6], [-2, -2, -2, -2, -2, -2, 5], [-2, -2, -2, -2, -2, 6, -2], [-2, -2, -2, -2, -2, 3, 4], [-2, -2, -2, -2, 2, -2, 1], [-2, -2, -2, -2, 2, -2, 0], [-2, -2, -2, -2, 2, 3, -2], [-2, -2, -2, -2, 1, 3, 1], [-2, -2, -2, -2, 1, 1, 4], [-2, -2, -2, 3, -2, -2, 4], [-2, -2, -2, 3, -2, 3, -2], [-2, -2, -2, 2, 1, 4, 2], [-2, -2, -2, 1, -2, 3, -2], [-2, -2, -2, 1, 0, 5, 4], [-2, -2, 6, -2, -2, -2, -2], [-2, -2, 3, -2, -2, 3, -2], [-2, -2, 3, -2, 0, -2, 4], [-2, -2, 3, 2, -2, 4, 2], [-2, -2, 3, 1, 0, 4, -2], [-2, -2, 2, -2, -2, 3, -2], [-2, -2, 2, -2, -2, 1, 4], [-2, -2, 2, 2, 0, -2, 4], [-2, -2, 2, 1, -2, 5, 4], [-2, -2, 2, 1, 1, 4, 2], [-2, -2, 2, 1, 0, 5, -2], [-2, -2, 1, -2, 0, 4, 2], [-2, -2, 1, 3, -2, -2, -2], [-2, -2, 1, 2, 1, -2, 4], [-2, -2, 1, 1, -2, 1, 4], [-2, 2, -2, -2, -2, 1, 4], [-2, 2, -2, 1, -2, 5, -2], [-2, 2, -2, 1, 0, -2, 4], [-2, 2, 3, -2, -2, 4, 2], [-2, 2, 3, -2, 0, 4, -2], [-2, 2, 3, 2, 1, -2, 0], [-2, 2, 3, 2, 1, 1, 1], [-2, 2, 3, 1, -2, -2, 4], [-2, 2, 2, -2, -2, -2, 4], [-2, 2, 1, -2, -2, 4, 2], [-2, 2, 1, 1, 0, 4, -2], [-2, 1, -2, -2, 1, 4, 2], [-2, 1, -2, -2, 1, 3, -2], [-2, 1, -2, 3, 1, 2, 2], [-2, 1, -2, 2, 1, -2, 4], [-2, 1, -2, 2, 1, 4, -2], [-2, 1, -2, 1, -2, 1, 4], [-2, 1, 3, -2, 1, 4, -2], [-2, 1, 3, 2, -2, -2, 4], [-2, 1, 2, 1, -2, 4, 2], [2, 2, -2, 1, 1, 1, 1], [2, 2, 1, -2, 1, 1, 1], [1, -2, -2, -2, -2, 4, 2], [1, -2, -2, -2, 1, -2, 4], [1, -2, -2, -2, 1, 4, -2], [1, -2, -2, -2, 1, 3, -2], [1, -2, -2, 2, -2, 4, -2], [1, -2, 2, 2, -2, -2, 4], [1, 2, -2, -2, -2, 4, -2], [1, 2, 3, 2, -2, -2, 0], [1, 2, 3, 2, 1, -2, -2], [1, 1, -2, -2, -2, 3, 1], [1, 1, -2, -2, -2, 3, 0], [0, -2, -2, -2, -2, 1, 4], [0, -2, -2, 1, -2, 5, 4], [0, -2, -2, 1, 0, -2, 4], [0, -2, -2, 1, 0, 5, -2], [0, -2, 3, -2, -2, 5, -2], [0, -2, 3, 2, 1, 1, 1], [0, -2, 2, -2, 0, -2, 4], [0, -2, 1, -2, 1, -2, 4], [0, -2, 1, 1, 0, 4, -2], [0, 2, -2, -2, 0, -2, 4], [0, 1, -2, -2, -2, 3, -2], [0, 1, 3, -2, -2, -2, 4], [0, 1, 2, 3, -2, -2, -2], [0, 1, 1, -2, 1, -2, 0], [0, 1, 1, -2, 1, 4, -2], [0, 1, 1, 1, -2, -2, 4], [0, 1, 1, 1, -2, -2, 0]]
30 60 
 [[-2, -2, -2, -2, -2, -2, 6], [-2, -2, -2, -2, -2, -2, 5], [-2, -2, -2, -2, -2, 6, -2], [-2, -2, -2, -2, -2, 3, 4], [-2, -2, -2, -2, 2, -2, 1], [-2, -2, -2, -2, 1, 3, 1], [-2, -2, -2, -2, 1, 1, 4], [-2, -2, -2, 2, 1, 4, 2], [-2, -2, -2, 1, -2, 3, -2], [-2, -2, -2, 1, 0, 5, 4], [-2, -2, 3, -2, -2, 3, -2], [-2, -2, 3, -2, 0, -2, 4], [-2, -2, 3, 2, -2, 4, 2], [-2, -2, 3, 1, 0, 4, -2], [-2, -2, 2, -2, -2, 3, -2], [-2, -2, 2, -2, -2, 1, 4], [-2, -2, 2, 2, 0, -2, 4], [-2, -2, 2, 1, -2, 5, 4], [-2, -2, 2, 1, 1, 4, 2], [-2, -2, 1, -2, 0, 4, 2], [-2, -2, 1, 3, -2, -2, -2], [-2, 2, -2, -2, -2, 1, 4], [-2, 2, -2, 1, -2, 5, -2], [-2, 2, -2, 1, 0, -2, 4], [-2, 2, 3, -2, -2, 4, 2], [-2, 2, 3, -2, 0, 4, -2], [-2, 2, 3, 1, -2, -2, 4], [-2, 2, 2, -2, -2, -2, 4], [-2, 2, 1, -2, -2, 4, 2], [-2, 2, 1, 1, 0, 4, -2], [-2, 1, -2, -2, 1, 4, 2], [-2, 1, -2, -2, 1, 3, -2], [-2, 1, -2, 2, 1, -2, 4], [-2, 1, -2, 2, 1, 4, -2], [-2, 1, 3, -2, 1, 4, -2], [-2, 1, 3, 2, -2, -2, 4], [-2, 1, 2, 1, -2, 4, 2], [2, 2, -2, 1, 1, 1, 1], [1, -2, -2, -2, -2, 4, 2], [1, -2, -2, -2, 1, -2, 4], [1, -2, -2, -2, 1, 4, -2], [1, -2, -2, -2, 1, 3, -2], [1, -2, -2, 2, -2, 4, -2], [1, -2, 2, 2, -2, -2, 4], [1, 2, -2, -2, -2, 4, -2], [1, 2, 3, 2, 1, -2, -2], [1, 1, -2, -2, -2, 3, 1], [1, 1, -2, -2, -2, 3, 0], [0, -2, -2, -2, -2, 1, 4], [0, -2, -2, 1, -2, 5, 4], [0, -2, -2, 1, 0, -2, 4], [0, -2, -2, 1, 0, 5, -2], [0, -2, 2, -2, 0, -2, 4], [0, -2, 1, -2, 1, -2, 4], [0, -2, 1, 1, 0, 4, -2], [0, 2, -2, -2, 0, -2, 4], [0, 1, -2, -2, -2, 3, -2], [0, 1, 3, -2, -2, -2, 4], [0, 1, 1, 1, -2, -2, 4], [0, 1, 1, 1, -2, -2, 0]]
40 44 
 [[-2, -2, -2, -2, -2, -2, 6], [-2, -2, -2, -2, -2, -2, 5], [-2, -2, -2, -2, -2, 3, 4], [-2, -2, -2, -2, 1, 3, 1], [-2, -2, -2, -2, 1, 1, 4], [-2, -2, -2, 1, -2, 3, -2], [-2, -2, 3, -2, -2, 3, -2], [-2, -2, 3, -2, 0, -2, 4], [-2, -2, 3, 2, -2, 4, 2], [-2, -2, 3, 1, 0, 4, -2], [-2, -2, 2, -2, -2, 3, -2], [-2, -2, 2, -2, -2, 1, 4], [-2, -2, 2, 2, 0, -2, 4], [-2, -2, 1, -2, 0, 4, 2], [-2, 2, -2, -2, -2, 1, 4], [-2, 2, -2, 1, 0, -2, 4], [-2, 2, 3, -2, -2, 4, 2], [-2, 2, 3, -2, 0, 4, -2], [-2, 2, 3, 1, -2, -2, 4], [-2, 2, 2, -2, -2, -2, 4], [-2, 2, 1, -2, -2, 4, 2], [-2, 1, -2, -2, 1, 4, 2], [-2, 1, -2, -2, 1, 3, -2], [-2, 1, -2, 2, 1, -2, 4], [-2, 1, -2, 2, 1, 4, -2], [-2, 1, 3, -2, 1, 4, -2], [-2, 1, 3, 2, -2, -2, 4], [1, -2, -2, -2, -2, 4, 2], [1, -2, -2, -2, 1, -2, 4], [1, -2, -2, -2, 1, 4, -2], [1, -2, -2, -2, 1, 3, -2], [1, -2, -2, 2, -2, 4, -2], [1, -2, 2, 2, -2, -2, 4], [1, 2, -2, -2, -2, 4, -2], [1, 2, 3, 2, 1, -2, -2], [1, 1, -2, -2, -2, 3, 0], [0, -2, -2, -2, -2, 1, 4], [0, -2, -2, 1, -2, 5, 4], [0, -2, -2, 1, 0, -2, 4], [0, -2, 2, -2, 0, -2, 4], [0, -2, 1, -2, 1, -2, 4], [0, 2, -2, -2, 0, -2, 4], [0, 1, -2, -2, -2, 3, -2], [0, 1, 3, -2, -2, -2, 4]]
50 38 
 [[-2, -2, -2, -2, -2, -2, 6], [-2, -2, -2, -2, -2, -2, 5], [-2, -2, -2, -2, -2, 3, 4], [-2, -2, -2, -2, 1, 3, 1], [-2, -2, -2, 1, -2, 3, -2], [-2, -2, 3, -2, -2, 3, -2], [-2, -2, 3, -2, 0, -2, 4], [-2, -2, 3, 1, 0, 4, -2], [-2, -2, 2, -2, -2, 3, -2], [-2, -2, 2, -2, -2, 1, 4], [-2, -2, 2, 2, 0, -2, 4], [-2, -2, 1, -2, 0, 4, 2], [-2, 2, -2, -2, -2, 1, 4], [-2, 2, -2, 1, 0, -2, 4], [-2, 2, 3, -2, -2, 4, 2], [-2, 2, 3, -2, 0, 4, -2], [-2, 2, 3, 1, -2, -2, 4], [-2, 2, 2, -2, -2, -2, 4], [-2, 2, 1, -2, -2, 4, 2], [-2, 1, -2, -2, 1, 4, 2], [-2, 1, -2, -2, 1, 3, -2], [-2, 1, -2, 2, 1, -2, 4], [-2, 1, 3, -2, 1, 4, -2], [-2, 1, 3, 2, -2, -2, 4], [1, -2, -2, -2, -2, 4, 2], [1, -2, -2, -2, 1, -2, 4], [1, -2, -2, -2, 1, 4, -2], [1, -2, -2, -2, 1, 3, -2], [1, -2, -2, 2, -2, 4, -2], [1, 2, -2, -2, -2, 4, -2], [1, 1, -2, -2, -2, 3, 0], [0, -2, -2, -2, -2, 1, 4], [0, -2, -2, 1, 0, -2, 4], [0, -2, 2, -2, 0, -2, 4], [0, -2, 1, -2, 1, -2, 4], [0, 2, -2, -2, 0, -2, 4], [0, 1, -2, -2, -2, 3, -2], [0, 1, 3, -2, -2, -2, 4]]
60 36 
 [[-2, -2, -2, -2, -2, -2, 5], [-2, -2, -2, -2, -2, 3, 4], [-2, -2, -2, -2, 1, 3, 1], [-2, -2, -2, 1, -2, 3, -2], [-2, -2, 3, -2, -2, 3, -2], [-2, -2, 3, -2, 0, -2, 4], [-2, -2, 3, 1, 0, 4, -2], [-2, -2, 2, -2, -2, 3, -2], [-2, -2, 2, -2, -2, 1, 4], [-2, -2, 2, 2, 0, -2, 4], [-2, -2, 1, -2, 0, 4, 2], [-2, 2, -2, -2, -2, 1, 4], [-2, 2, -2, 1, 0, -2, 4], [-2, 2, 3, -2, 0, 4, -2], [-2, 2, 3, 1, -2, -2, 4], [-2, 2, 2, -2, -2, -2, 4], [-2, 2, 1, -2, -2, 4, 2], [-2, 1, -2, -2, 1, 4, 2], [-2, 1, -2, -2, 1, 3, -2], [-2, 1, -2, 2, 1, -2, 4], [-2, 1, 3, -2, 1, 4, -2], [-2, 1, 3, 2, -2, -2, 4], [1, -2, -2, -2, -2, 4, 2], [1, -2, -2, -2, 1, -2, 4], [1, -2, -2, -2, 1, 4, -2], [1, -2, -2, -2, 1, 3, -2], [1, -2, -2, 2, -2, 4, -2], [1, 2, -2, -2, -2, 4, -2], [1, 1, -2, -2, -2, 3, 0], [0, -2, -2, -2, -2, 1, 4], [0, -2, -2, 1, 0, -2, 4], [0, -2, 2, -2, 0, -2, 4], [0, -2, 1, -2, 1, -2, 4], [0, 2, -2, -2, 0, -2, 4], [0, 1, -2, -2, -2, 3, -2], [0, 1, 3, -2, -2, -2, 4]]
70 30 
 [[-2, -2, -2, -2, -2, -2, 5], [-2, -2, -2, -2, -2, 3, 4], [-2, -2, -2, -2, 1, 3, 1], [-2, -2, -2, 1, -2, 3, -2], [-2, -2, 3, -2, -2, 3, -2], [-2, -2, 3, -2, 0, -2, 4], [-2, -2, 2, -2, -2, 3, -2], [-2, -2, 2, -2, -2, 1, 4], [-2, -2, 2, 2, 0, -2, 4], [-2, -2, 1, -2, 0, 4, 2], [-2, 2, -2, -2, -2, 1, 4], [-2, 2, -2, 1, 0, -2, 4], [-2, 2, 3, -2, 0, 4, -2], [-2, 2, 3, 1, -2, -2, 4], [-2, 2, 2, -2, -2, -2, 4], [-2, 1, -2, -2, 1, 4, 2], [-2, 1, -2, -2, 1, 3, -2], [-2, 1, 3, 2, -2, -2, 4], [1, -2, -2, -2, -2, 4, 2], [1, -2, -2, -2, 1, -2, 4], [1, -2, -2, -2, 1, 3, -2], [1, -2, -2, 2, -2, 4, -2], [1, 2, -2, -2, -2, 4, -2], [1, 1, -2, -2, -2, 3, 0], [0, -2, -2, -2, -2, 1, 4], [0, -2, -2, 1, 0, -2, 4], [0, -2, 2, -2, 0, -2, 4], [0, 2, -2, -2, 0, -2, 4], [0, 1, -2, -2, -2, 3, -2], [0, 1, 3, -2, -2, -2, 4]]
80 25 
 [[-2, -2, -2, -2, -2, -2, 5], [-2, -2, -2, -2, -2, 3, 4], [-2, -2, -2, -2, 1, 3, 1], [-2, -2, -2, 1, -2, 3, -2], [-2, -2, 3, -2, -2, 3, -2], [-2, -2, 3, -2, 0, -2, 4], [-2, -2, 2, -2, -2, 3, -2], [-2, -2, 2, 2, 0, -2, 4], [-2, -2, 1, -2, 0, 4, 2], [-2, 2, -2, -2, -2, 1, 4], [-2, 2, -2, 1, 0, -2, 4], [-2, 2, 3, 1, -2, -2, 4], [-2, 2, 2, -2, -2, -2, 4], [-2, 1, -2, -2, 1, 3, -2], [1, -2, -2, -2, 1, -2, 4], [1, -2, -2, -2, 1, 3, -2], [1, -2, -2, 2, -2, 4, -2], [1, 2, -2, -2, -2, 4, -2], [1, 1, -2, -2, -2, 3, 0], [0, -2, -2, -2, -2, 1, 4], [0, -2, -2, 1, 0, -2, 4], [0, -2, 2, -2, 0, -2, 4], [0, 2, -2, -2, 0, -2, 4], [0, 1, -2, -2, -2, 3, -2], [0, 1, 3, -2, -2, -2, 4]]
90 22 
 [[-2, -2, -2, -2, -2, -2, 5], [-2, -2, -2, -2, -2, 3, 4], [-2, -2, -2, 1, -2, 3, -2], [-2, -2, 3, -2, -2, 3, -2], [-2, -2, 3, -2, 0, -2, 4], [-2, -2, 2, -2, -2, 3, -2], [-2, -2, 2, 2, 0, -2, 4], [-2, -2, 1, -2, 0, 4, 2], [-2, 2, -2, -2, -2, 1, 4], [-2, 2, -2, 1, 0, -2, 4], [-2, 2, 3, 1, -2, -2, 4], [-2, 2, 2, -2, -2, -2, 4], [-2, 1, -2, -2, 1, 3, -2], [1, -2, -2, -2, 1, 3, -2], [1, 2, -2, -2, -2, 4, -2], [1, 1, -2, -2, -2, 3, 0], [0, -2, -2, -2, -2, 1, 4], [0, -2, -2, 1, 0, -2, 4], [0, -2, 2, -2, 0, -2, 4], [0, 2, -2, -2, 0, -2, 4], [0, 1, -2, -2, -2, 3, -2], [0, 1, 3, -2, -2, -2, 4]]
100 21 
 [[-2, -2, -2, -2, -2, -2, 5], [-2, -2, -2, -2, -2, 3, 4], [-2, -2, -2, 1, -2, 3, -2], [-2, -2, 3, -2, -2, 3, -2], [-2, -2, 3, -2, 0, -2, 4], [-2, -2, 2, -2, -2, 3, -2], [-2, -2, 2, 2, 0, -2, 4], [-2, 2, -2, -2, -2, 1, 4], [-2, 2, -2, 1, 0, -2, 4], [-2, 2, 3, 1, -2, -2, 4], [-2, 2, 2, -2, -2, -2, 4], [-2, 1, -2, -2, 1, 3, -2], [1, -2, -2, -2, 1, 3, -2], [1, 2, -2, -2, -2, 4, -2], [1, 1, -2, -2, -2, 3, 0], [0, -2, -2, -2, -2, 1, 4], [0, -2, -2, 1, 0, -2, 4], [0, -2, 2, -2, 0, -2, 4], [0, 2, -2, -2, 0, -2, 4], [0, 1, -2, -2, -2, 3, -2], [0, 1, 3, -2, -2, -2, 4]]
