

number of patterns found lowerbound

num att = 3, for k=10 to 50
4 4 4 4 4 4 4 4 4 4 4 4 4 4 4 4 4 4 4 4 3 3 3 3 3 3 3 3 3 3 3 3 4 4 4 4 4 4 3 3 
num att = 4, for k=10 to 50
8 8 7 7 7 7 7 7 7 7 7 7 7 7 7 7 7 7 7 7 6 6 7 6 8 7 7 7 7 6 6 6 8 8 8 8 9 9 8 8 
num att = 5, for k=10 to 50
8 8 7 7 7 7 7 7 7 7 7 7 7 7 7 7 7 7 7 7 6 6 7 6 8 7 7 7 7 6 6 6 8 8 8 8 9 9 8 8 
num att = 6, for k=10 to 50
9 9 9 9 9 9 9 9 9 8 9 9 10 10 10 10 9 9 9 9 9 8 11 8 13 11 12 13 10 9 9 8 11 12 12 12 13 12 12 11 
num att = 7, for k=10 to 50
9 9 9 9 9 9 9 9 9 8 9 9 10 10 10 10 9 9 9 9 9 8 11 8 13 11 12 13 10 9 9 8 11 12 12 12 13 12 12 11 
num att = 8, for k=10 to 50
9 9 9 9 9 9 9 9 9 8 9 9 10 10 10 10 9 9 9 9 9 8 11 8 13 11 12 13 10 9 9 8 11 12 12 12 13 12 12 11 
num att = 9, for k=10 to 50
11 11 11 11 11 11 11 11 11 10 11 11 12 12 12 12 11 11 11 11 11 10 13 10 15 13 14 15 12 11 11 10 13 14 14 14 15 14 14 13 
num att = 10, for k=10 to 50
13 13 14 15 15 15 15 16 16 15 17 15 18 18 18 18 15 15 15 14 15 12 17 13 21 18 19 20 17 14 14 14 18 19 20 20 22 22 21 21 
num att = 11, for k=10 to 50
13 13 14 15 15 15 15 16 16 15 17 15 18 18 18 18 15 15 15 14 15 12 17 13 21 18 19 20 17 14 14 14 18 19 20 20 22 22 21 21 
num att = 12, for k=10 to 50
14 14 15 17 17 17 17 18 18 16 18 18 20 29 28 20 23 21 23 21 23 19 27 21 32 28 30 31 29 24 24 25 31 28 29 29 33 33 36 36 
num att = 13, for k=10 to 50
15 15 19 22 22 22 20 21 20 21 20 21 23 37 37 25 28 24 27 26 32 26 36 31 47 38 41 43 36 31 30 31 38 36 37 35 39 38 41 43 
num att = 14, for k=10 to 50
15 15 19 22 22 22 20 21 20 21 20 21 23 37 37 25 28 24 27 26 32 26 36 31 47 38 41 43 36 31 30 31 38 36 37 35 39 38 41 43 