

number of patterns found lowerbound

for k=0 to 10
20 29 31 36 30 33 36 33 45 36 41 37 30 36 36 34 34 37 35 31 43 34 46 49 38 46 44 39 35 30 37 31 27 26 28 23 22 27 19 19 
for k=1 to 10
20 29 31 36 30 33 36 33 45 36 41 37 30 36 36 34 34 37 35 31 43 34 46 49 38 46 44 39 35 30 37 31 27 26 28 23 22 27 19 19 19 26 22 27 26 26 27 29 22 27 27 24 21 29 20 21 22 22 19 22 30 26 37 31 32 35 34 32 34 26 21 20 20 25 23 23 26 37 20 28 27 27 26 29 32 23 21 21 22 24 
for k=2 to 10
20 29 31 36 30 33 36 33 45 36 41 37 30 36 36 34 34 37 35 31 43 34 46 49 38 46 44 39 35 30 37 31 27 26 28 23 22 27 19 19 19 26 22 27 26 26 27 29 22 27 27 24 21 29 20 21 22 22 19 22 30 26 37 31 32 35 34 32 34 26 21 20 20 25 23 23 26 37 20 28 27 27 26 29 32 23 21 21 22 24 24 24 20 23 23 22 18 17 17 22 27 24 25 24 24 23 31 32 34 38 34 36 35 30 32 35 33 38 39 40 45 49 46 44 42 39 39 42 40 42 45 43 42 44 42 38 33 34 35 35 
for k=3 to 10
20 29 31 36 30 33 36 33 45 36 41 37 30 36 36 34 34 37 35 31 43 34 46 49 38 46 44 39 35 30 37 31 27 26 28 23 22 27 19 19 19 26 22 27 26 26 27 29 22 27 27 24 21 29 20 21 22 22 19 22 30 26 37 31 32 35 34 32 34 26 21 20 20 25 23 23 26 37 20 28 27 27 26 29 32 23 21 21 22 24 24 24 20 23 23 22 18 17 17 22 27 24 25 24 24 23 31 32 34 38 34 36 35 30 32 35 33 38 39 40 45 49 46 44 42 39 39 42 40 42 45 43 42 44 42 38 33 34 35 35 33 32 31 33 36 35 32 34 30 33 33 36 38 35 33 34 31 32 36 34 32 32 28 27 29 31 29 29 31 29 33 30 28 26 24 24 24 25 23 23 21 21 22 21 21 20 18 17 20 22 
for k=4 to 10
20 29 31 36 30 33 36 33 45 36 41 37 30 36 36 34 34 37 35 31 43 34 46 49 38 46 44 39 35 30 37 31 27 26 28 23 22 27 19 19 19 26 22 27 26 26 27 29 22 27 27 24 21 29 20 21 22 22 19 22 30 26 37 31 32 35 34 32 34 26 21 20 20 25 23 23 26 37 20 28 27 27 26 29 32 23 21 21 22 24 24 24 20 23 23 22 18 17 17 22 27 24 25 24 24 23 31 32 34 38 34 36 35 30 32 35 33 38 39 40 45 49 46 44 42 39 39 42 40 42 45 43 42 44 42 38 33 34 35 35 33 32 31 33 36 35 32 34 30 33 33 36 38 35 33 34 31 32 36 34 32 32 28 27 29 31 29 29 31 29 33 30 28 26 24 24 24 25 23 23 21 21 22 21 21 20 18 17 20 22 23 21 20 20 20 23 25 26 26 31 32 26 25 21 18 16 19 17 19 19 20 16 16 14 14 12 10 13 17 13 14 14 14 17 18 15 15 13 14 11 11 11 11 14 11 11 10 15 15 15 
for k=5 to 10
20 29 31 36 30 33 36 33 45 36 41 37 30 36 36 34 34 37 35 31 43 34 46 49 38 46 44 39 35 30 37 31 27 26 28 23 22 27 19 19 19 26 22 27 26 26 27 29 22 27 27 24 21 29 20 21 22 22 19 22 30 26 37 31 32 35 34 32 34 26 21 20 20 25 23 23 26 37 20 28 27 27 26 29 32 23 21 21 22 24 24 24 20 23 23 22 18 17 17 22 27 24 25 24 24 23 31 32 34 38 34 36 35 30 32 35 33 38 39 40 45 49 46 44 42 39 39 42 40 42 45 43 42 44 42 38 33 34 35 35 33 32 31 33 36 35 32 34 30 33 33 36 38 35 33 34 31 32 36 34 32 32 28 27 29 31 29 29 31 29 33 30 28 26 24 24 24 25 23 23 21 21 22 21 21 20 18 17 20 22 23 21 20 20 20 23 25 26 26 31 32 26 25 21 18 16 19 17 19 19 20 16 16 14 14 12 10 13 17 13 14 14 14 17 18 15 15 13 14 11 11 11 11 14 11 11 10 15 15 15 16 16 13 12 13 11 8 8 7 7 11 12 7 6 7 8 11 12 11 11 10 8 8 8 7 7 8 8 6 7 6 8 7 7 7 8 4 6 6 4 4 4 3 2 2 3 3 6 6 6 
for k=6 to 10
20 29 31 36 30 33 36 33 45 36 41 37 30 36 36 34 34 37 35 31 43 34 46 49 38 46 44 39 35 30 37 31 27 26 28 23 22 27 19 19 19 26 22 27 26 26 27 29 22 27 27 24 21 29 20 21 22 22 19 22 30 26 37 31 32 35 34 32 34 26 21 20 20 25 23 23 26 37 20 28 27 27 26 29 32 23 21 21 22 24 24 24 20 23 23 22 18 17 17 22 27 24 25 24 24 23 31 32 34 38 34 36 35 30 32 35 33 38 39 40 45 49 46 44 42 39 39 42 40 42 45 43 42 44 42 38 33 34 35 35 33 32 31 33 36 35 32 34 30 33 33 36 38 35 33 34 31 32 36 34 32 32 28 27 29 31 29 29 31 29 33 30 28 26 24 24 24 25 23 23 21 21 22 21 21 20 18 17 20 22 23 21 20 20 20 23 25 26 26 31 32 26 25 21 18 16 19 17 19 19 20 16 16 14 14 12 10 13 17 13 14 14 14 17 18 15 15 13 14 11 11 11 11 14 11 11 10 15 15 15 16 16 13 12 13 11 8 8 7 7 11 12 7 6 7 8 11 12 11 11 10 8 8 8 7 7 8 8 6 7 6 8 7 7 7 8 4 6 6 4 4 4 3 2 2 3 3 6 6 6 5 5 5 5 8 8 10 9 8 8 6 5 5 4 3 1 1 1 1 1 1 1 0 2 1 1 2 2 1 0 0 0 0 0 0 0 0 0 0 0 0 0 0 0 0 0 0 0 0 0 