

number of patterns found lowerbound

size threshold = 10
84 102 118 108 105 109 126 133 157 130 127 123 113 115 129 141 145 158 146 139 152 134 166 153 130 155 139 131 152 155 160 155 145 148 156 160 143 160 128 123 
size threshold = 20
33 48 58 61 61 68 78 81 89 80 83 78 75 83 90 105 101 106 100 97 110 83 113 100 79 103 84 75 78 71 77 79 66 68 71 70 67 74 57 54 
size threshold = 30
20 32 39 47 50 58 67 68 71 56 57 53 50 58 52 57 56 60 61 58 68 50 79 77 60 76 63 57 53 45 52 53 45 44 49 41 37 42 31 31 
size threshold = 40
18 30 37 41 39 38 42 41 45 37 42 38 37 44 44 50 44 46 44 40 48 37 54 57 44 56 47 43 39 34 39 34 30 29 33 26 25 31 20 19 
size threshold = 50
18 27 29 31 26 30 32 30 36 31 37 34 28 34 33 32 30 33 32 29 40 32 44 47 36 44 41 37 33 28 35 29 25 24 26 21 20 25 17 17 
size threshold = 60
15 23 23 25 23 26 29 26 24 23 25 27 24 30 27 27 25 27 22 22 28 24 34 38 27 30 26 24 21 20 22 20 19 19 20 17 16 17 12 13 
size threshold = 70
15 20 21 25 23 23 25 20 19 22 24 27 24 27 23 24 25 26 21 20 24 22 29 31 22 26 23 21 19 18 18 17 18 19 18 17 16 16 11 13 
size threshold = 80
15 19 19 20 17 20 20 18 18 20 21 23 20 23 19 20 21 21 18 16 20 19 24 26 20 22 19 19 18 14 14 14 12 14 15 15 14 16 11 12 
size threshold = 90
13 16 15 14 12 17 18 16 15 14 15 17 17 20 17 14 17 17 15 15 19 15 20 22 16 18 15 14 13 10 10 10 9 11 11 11 11 13 9 9 
size threshold = 100
11 13 13 13 11 16 15 14 14 14 15 16 14 17 16 13 14 14 13 13 17 13 18 21 15 17 15 14 13 9 8 8 9 11 11 11 10 12 9 9 