

number of attributes = 3
3 attributes: ['limit_bal', 'sex', 'education']
False_positive_error_rate_balance, original_thf = 0.1735446414561431, Thf = 0.3735446414561431
newalg, time = 0.1120920181274414 s, num_calculation = 97
0 patterns with low accuracy:
 []


number of attributes = 4
4 attributes: ['limit_bal', 'sex', 'education', 'marriage']
False_positive_error_rate_balance, original_thf = 0.1735446414561431, Thf = 0.3735446414561431
newalg, time = 0.15480899810791016 s, num_calculation = 305
0 patterns with low accuracy:
 []


number of attributes = 5
5 attributes: ['limit_bal', 'sex', 'education', 'marriage', 'age']
False_positive_error_rate_balance, original_thf = 0.1735446414561431, Thf = 0.3735446414561431
newalg, time = 0.20748496055603027 s, num_calculation = 764
0 patterns with low accuracy:
 []


number of attributes = 6
6 attributes: ['limit_bal', 'sex', 'education', 'marriage', 'age', 'pay_0']
False_positive_error_rate_balance, original_thf = 0.1735446414561431, Thf = 0.3735446414561431
newalg, time = 0.47537684440612793 s, num_calculation = 5483
9 patterns with low accuracy:
 [[-1, -1, -1, -1, -1, 5], [-1, -1, -1, -1, -1, 4], [-1, -1, -1, 1, 1, 3], [-1, -1, 3, -1, -1, 3], [-1, -1, 2, -1, 1, 3], [-1, 1, -1, -1, 1, 3], [-1, 1, 2, -1, -1, 3], [0, -1, -1, 1, -1, 3], [0, 1, -1, -1, -1, 3]]


number of attributes = 7
7 attributes: ['limit_bal', 'sex', 'education', 'marriage', 'age', 'pay_0', 'pay_2']
False_positive_error_rate_balance, original_thf = 0.1735446414561431, Thf = 0.3735446414561431
newalg, time = 1.714487075805664 s, num_calculation = 21290
12 patterns with low accuracy:
 [[-1, -1, -1, -1, -1, -1, 6], [-1, -1, -1, -1, -1, -1, 5], [-1, -1, -1, -1, -1, -1, 4], [-1, -1, -1, -1, -1, 5, -1], [-1, -1, -1, -1, -1, 4, -1], [-1, -1, -1, 1, 1, 3, -1], [-1, -1, 3, -1, -1, 3, -1], [-1, -1, 2, -1, 1, 3, -1], [-1, 1, -1, -1, 1, 3, -1], [-1, 1, 2, -1, -1, 3, -1], [0, -1, -1, 1, -1, 3, -1], [0, 1, -1, -1, -1, 3, -1]]


number of attributes = 8
8 attributes: ['limit_bal', 'sex', 'education', 'marriage', 'age', 'pay_0', 'pay_2', 'pay_3']
False_positive_error_rate_balance, original_thf = 0.1735446414561431, Thf = 0.3735446414561431
newalg, time = 8.023218870162964 s, num_calculation = 59317
18 patterns with low accuracy:
 [[-1, -1, -1, -1, -1, -1, -1, 5], [-1, -1, -1, -1, -1, -1, -1, 4], [-1, -1, -1, -1, -1, -1, 6, -1], [-1, -1, -1, -1, -1, -1, 5, -1], [-1, -1, -1, -1, -1, -1, 4, -1], [-1, -1, -1, -1, -1, 5, -1, -1], [-1, -1, -1, -1, -1, 4, -1, -1], [-1, -1, -1, -1, 1, 3, -1, 2], [-1, -1, -1, 1, 1, 3, -1, -1], [-1, -1, 3, -1, -1, 3, -1, -1], [-1, -1, 2, -1, 1, 3, -1, -1], [-1, -1, 2, 1, -1, 3, -1, 0], [-1, 1, -1, -1, -1, 3, -1, 2], [-1, 1, -1, -1, 1, 3, -1, -1], [-1, 1, 2, -1, -1, 3, -1, -1], [1, 1, -1, 1, -1, 3, -1, 0], [0, -1, -1, 1, -1, 3, -1, -1], [0, 1, -1, -1, -1, 3, -1, -1]]


number of attributes = 9
9 attributes: ['limit_bal', 'sex', 'education', 'marriage', 'age', 'pay_0', 'pay_2', 'pay_3', 'pay_4']
False_positive_error_rate_balance, original_thf = 0.1735446414561431, Thf = 0.3735446414561431
newalg, time = 20.073158264160156 s, num_calculation = 139257
24 patterns with low accuracy:
 [[-1, -1, -1, -1, -1, -1, -1, -1, 5], [-1, -1, -1, -1, -1, -1, -1, -1, 4], [-1, -1, -1, -1, -1, -1, -1, 5, -1], [-1, -1, -1, -1, -1, -1, -1, 4, -1], [-1, -1, -1, -1, -1, -1, 6, -1, -1], [-1, -1, -1, -1, -1, -1, 5, -1, -1], [-1, -1, -1, -1, -1, -1, 4, -1, -1], [-1, -1, -1, -1, -1, 5, -1, -1, -1], [-1, -1, -1, -1, -1, 4, -1, -1, -1], [-1, -1, -1, -1, 1, 3, -1, 2, -1], [-1, -1, -1, 1, 1, 3, -1, -1, -1], [-1, -1, 3, -1, -1, 3, -1, -1, -1], [-1, -1, 2, -1, 1, 3, -1, -1, -1], [-1, -1, 2, 1, -1, 3, -1, -1, 0], [-1, -1, 2, 1, -1, 3, -1, 0, -1], [-1, 1, -1, -1, -1, 3, -1, -1, 2], [-1, 1, -1, -1, -1, 3, -1, 2, -1], [-1, 1, -1, -1, 1, 3, -1, -1, -1], [-1, 1, 2, -1, -1, 3, -1, -1, -1], [1, 1, -1, -1, -1, 3, -1, -1, 0], [1, 1, -1, 1, -1, 3, -1, 0, -1], [0, -1, -1, 1, -1, 3, -1, -1, -1], [0, 2, 2, -1, -1, 3, -1, -1, 0], [0, 1, -1, -1, -1, 3, -1, -1, -1]]


number of attributes = 10
10 attributes: ['limit_bal', 'sex', 'education', 'marriage', 'age', 'pay_0', 'pay_2', 'pay_3', 'pay_4', 'pay_5']
False_positive_error_rate_balance, original_thf = 0.1735446414561431, Thf = 0.3735446414561431
newalg, time = 54.74646496772766 s, num_calculation = 313007
37 patterns with low accuracy:
 [[-1, -1, -1, -1, -1, -1, -1, -1, -1, 5], [-1, -1, -1, -1, -1, -1, -1, -1, -1, 4], [-1, -1, -1, -1, -1, -1, -1, -1, 5, -1], [-1, -1, -1, -1, -1, -1, -1, -1, 4, -1], [-1, -1, -1, -1, -1, -1, -1, 5, -1, -1], [-1, -1, -1, -1, -1, -1, -1, 4, -1, -1], [-1, -1, -1, -1, -1, -1, 6, -1, -1, -1], [-1, -1, -1, -1, -1, -1, 5, -1, -1, -1], [-1, -1, -1, -1, -1, -1, 4, -1, -1, -1], [-1, -1, -1, -1, -1, 5, -1, -1, -1, -1], [-1, -1, -1, -1, -1, 4, -1, -1, -1, -1], [-1, -1, -1, -1, 1, 3, -1, 2, -1, -1], [-1, -1, -1, 1, 1, 3, -1, -1, -1, -1], [-1, -1, 3, -1, -1, 3, -1, -1, -1, -1], [-1, -1, 2, -1, -1, 3, -1, -1, 0, 0], [-1, -1, 2, -1, -1, 3, 0, 0, -1, 0], [-1, -1, 2, -1, 1, 3, -1, -1, -1, -1], [-1, -1, 2, 1, -1, 3, -1, -1, -1, 0], [-1, -1, 2, 1, -1, 3, -1, -1, 0, -1], [-1, -1, 2, 1, -1, 3, -1, 0, -1, -1], [-1, 1, -1, -1, -1, 3, -1, -1, -1, 2], [-1, 1, -1, -1, -1, 3, -1, -1, 2, -1], [-1, 1, -1, -1, -1, 3, -1, 2, -1, -1], [-1, 1, -1, -1, 1, 3, -1, -1, -1, -1], [-1, 1, -1, 1, -1, 3, -1, 0, -1, 0], [-1, 1, -1, 1, -1, 3, 0, -1, -1, 0], [-1, 1, 2, -1, -1, 3, -1, -1, -1, -1], [1, -1, -1, -1, 1, 3, -1, -1, -1, 0], [1, -1, 2, -1, -1, 3, -1, -1, -1, 0], [1, 1, -1, -1, -1, 3, -1, -1, -1, 0], [1, 1, -1, -1, -1, 3, -1, -1, 0, -1], [1, 1, -1, 1, -1, 3, -1, 0, -1, -1], [0, -1, -1, 1, -1, 3, -1, -1, -1, -1], [0, -1, 1, 2, 0, 3, -1, -1, -1, 2], [0, 2, 2, -1, -1, 3, -1, -1, -1, 0], [0, 2, 2, -1, -1, 3, -1, -1, 0, -1], [0, 1, -1, -1, -1, 3, -1, -1, -1, -1]]


number of attributes = 11
11 attributes: ['limit_bal', 'sex', 'education', 'marriage', 'age', 'pay_0', 'pay_2', 'pay_3', 'pay_4', 'pay_5', 'pay_6']
False_positive_error_rate_balance, original_thf = 0.1735446414561431, Thf = 0.3735446414561431
newalg, time = 141.714702129364 s, num_calculation = 714958
59 patterns with low accuracy:
 [[-1, -1, -1, -1, -1, -1, -1, -1, -1, -1, 5], [-1, -1, -1, -1, -1, -1, -1, -1, -1, -1, 4], [-1, -1, -1, -1, -1, -1, -1, -1, -1, 5, -1], [-1, -1, -1, -1, -1, -1, -1, -1, -1, 4, -1], [-1, -1, -1, -1, -1, -1, -1, -1, 5, -1, -1], [-1, -1, -1, -1, -1, -1, -1, -1, 4, -1, -1], [-1, -1, -1, -1, -1, -1, -1, 5, -1, -1, -1], [-1, -1, -1, -1, -1, -1, -1, 4, -1, -1, -1], [-1, -1, -1, -1, -1, -1, 6, -1, -1, -1, -1], [-1, -1, -1, -1, -1, -1, 5, -1, -1, -1, -1], [-1, -1, -1, -1, -1, -1, 4, -1, -1, -1, -1], [-1, -1, -1, -1, -1, 5, -1, -1, -1, -1, -1], [-1, -1, -1, -1, -1, 4, -1, -1, -1, -1, -1], [-1, -1, -1, -1, 1, 3, -1, 2, -1, -1, -1], [-1, -1, -1, -1, 1, 3, 1, -1, -1, -1, 1], [-1, -1, -1, 1, 1, 3, -1, -1, -1, -1, -1], [-1, -1, 3, -1, -1, 3, -1, -1, -1, -1, -1], [-1, -1, 2, -1, -1, 3, -1, -1, -1, -1, 0], [-1, -1, 2, -1, -1, 3, -1, -1, 0, 0, -1], [-1, -1, 2, -1, -1, 3, 0, 0, -1, 0, -1], [-1, -1, 2, -1, 1, 3, -1, -1, -1, -1, -1], [-1, -1, 2, 1, -1, 3, -1, -1, -1, 0, -1], [-1, -1, 2, 1, -1, 3, -1, -1, 0, -1, -1], [-1, -1, 2, 1, -1, 3, -1, 0, -1, -1, -1], [-1, 1, -1, -1, -1, 3, -1, -1, -1, 2, -1], [-1, 1, -1, -1, -1, 3, -1, -1, 2, -1, -1], [-1, 1, -1, -1, -1, 3, -1, 2, -1, -1, -1], [-1, 1, -1, -1, 1, 3, -1, -1, -1, -1, -1], [-1, 1, -1, 1, -1, 3, -1, -1, -1, -1, 2], [-1, 1, -1, 1, -1, 3, -1, -1, 0, -1, 0], [-1, 1, -1, 1, -1, 3, -1, 0, -1, -1, 0], [-1, 1, -1, 1, -1, 3, -1, 0, -1, 0, -1], [-1, 1, -1, 1, -1, 3, 0, -1, -1, -1, 0], [-1, 1, -1, 1, -1, 3, 0, -1, -1, 0, -1], [-1, 1, -1, 1, 1, -1, -1, -1, -1, 2, 1], [-1, 1, 2, -1, -1, 3, -1, -1, -1, -1, -1], [1, -1, -1, -1, -1, 3, -1, 0, -1, -1, 0], [1, -1, -1, -1, -1, 3, 0, -1, -1, -1, 0], [1, -1, -1, -1, 1, 3, -1, -1, -1, -1, 0], [1, -1, -1, -1, 1, 3, -1, -1, -1, 0, -1], [1, -1, -1, 2, -1, 3, -1, -1, -1, 0, 0], [1, -1, -1, 2, -1, 3, -1, -1, 0, -1, 0], [1, -1, 2, -1, -1, 3, -1, -1, -1, 0, -1], [1, 1, -1, -1, -1, 3, -1, -1, -1, -1, 0], [1, 1, -1, -1, -1, 3, -1, -1, -1, 0, -1], [1, 1, -1, -1, -1, 3, -1, -1, 0, -1, -1], [1, 1, -1, 1, -1, 3, -1, 0, -1, -1, -1], [0, -1, -1, 1, -1, 3, -1, -1, -1, -1, -1], [0, -1, -1, 1, 1, -1, -1, -1, -1, 2, 1], [0, -1, 2, 1, -1, -1, -1, -1, 2, -1, 0], [0, -1, 1, 2, 0, 3, -1, -1, -1, 2, -1], [0, 2, 2, -1, -1, 3, -1, -1, -1, 0, -1], [0, 2, 2, -1, -1, 3, -1, -1, 0, -1, -1], [0, 1, -1, -1, -1, 3, -1, -1, -1, -1, -1], [0, 1, -1, -1, 0, -1, -1, -1, 2, 1, 1], [0, 1, -1, -1, 0, -1, -1, 2, -1, 1, 1], [0, 1, -1, 1, -1, -1, -1, -1, -1, 2, 1], [0, 1, -1, 1, -1, -1, -1, -1, 2, -1, 1], [0, 1, -1, 1, -1, -1, -1, 2, -1, -1, 1]]


number of attributes = 12
12 attributes: ['limit_bal', 'sex', 'education', 'marriage', 'age', 'pay_0', 'pay_2', 'pay_3', 'pay_4', 'pay_5', 'pay_6', 'bill_amt1']
False_positive_error_rate_balance, original_thf = 0.1735446414561431, Thf = 0.3735446414561431
newalg, time = 248.12514901161194 s, num_calculation = 1089208
79 patterns with low accuracy:
 [[-1, -1, -1, -1, -1, -1, -1, -1, -1, -1, 5, -1], [-1, -1, -1, -1, -1, -1, -1, -1, -1, -1, 4, -1], [-1, -1, -1, -1, -1, -1, -1, -1, -1, 5, -1, -1], [-1, -1, -1, -1, -1, -1, -1, -1, -1, 4, -1, -1], [-1, -1, -1, -1, -1, -1, -1, -1, 5, -1, -1, -1], [-1, -1, -1, -1, -1, -1, -1, -1, 4, -1, -1, -1], [-1, -1, -1, -1, -1, -1, -1, 5, -1, -1, -1, -1], [-1, -1, -1, -1, -1, -1, -1, 4, -1, -1, -1, -1], [-1, -1, -1, -1, -1, -1, 6, -1, -1, -1, -1, -1], [-1, -1, -1, -1, -1, -1, 5, -1, -1, -1, -1, -1], [-1, -1, -1, -1, -1, -1, 4, -1, -1, -1, -1, -1], [-1, -1, -1, -1, -1, 5, -1, -1, -1, -1, -1, -1], [-1, -1, -1, -1, -1, 4, -1, -1, -1, -1, -1, -1], [-1, -1, -1, -1, 1, 3, -1, -1, -1, -1, 2, 1], [-1, -1, -1, -1, 1, 3, -1, -1, -1, 2, -1, 1], [-1, -1, -1, -1, 1, 3, -1, -1, 2, -1, -1, 1], [-1, -1, -1, -1, 1, 3, -1, 2, -1, -1, -1, -1], [-1, -1, -1, -1, 1, 3, -1, 1, -1, -1, 1, 1], [-1, -1, -1, -1, 1, 3, 1, -1, -1, -1, 1, -1], [-1, -1, -1, 1, -1, 3, -1, -1, -1, -1, 0, 1], [-1, -1, -1, 1, -1, 3, -1, -1, -1, 0, -1, 1], [-1, -1, -1, 1, -1, 3, -1, 2, -1, -1, -1, 1], [-1, -1, -1, 1, 1, 3, -1, -1, -1, -1, -1, -1], [-1, -1, 3, -1, -1, 3, -1, -1, -1, -1, -1, -1], [-1, -1, 2, -1, -1, 3, -1, -1, -1, -1, 0, -1], [-1, -1, 2, -1, -1, 3, -1, -1, -1, 0, -1, 1], [-1, -1, 2, -1, -1, 3, -1, -1, 0, 0, -1, -1], [-1, -1, 2, -1, -1, 3, 0, 0, -1, 0, -1, -1], [-1, -1, 2, -1, 1, 3, -1, -1, -1, -1, -1, -1], [-1, -1, 2, 1, -1, 3, -1, -1, -1, -1, -1, 1], [-1, -1, 2, 1, -1, 3, -1, -1, -1, 0, -1, -1], [-1, -1, 2, 1, -1, 3, -1, -1, 0, -1, -1, -1], [-1, -1, 2, 1, -1, 3, -1, 0, -1, -1, -1, -1], [-1, 1, -1, -1, -1, 3, -1, -1, -1, -1, -1, 1], [-1, 1, -1, -1, -1, 3, -1, -1, -1, 2, -1, -1], [-1, 1, -1, -1, -1, 3, -1, -1, 2, -1, -1, -1], [-1, 1, -1, -1, -1, 3, -1, 2, -1, -1, -1, -1], [-1, 1, -1, -1, 1, 3, -1, -1, -1, -1, -1, -1], [-1, 1, -1, 1, -1, 3, -1, -1, -1, -1, 2, -1], [-1, 1, -1, 1, -1, 3, -1, -1, 0, -1, 0, -1], [-1, 1, -1, 1, -1, 3, -1, 0, -1, -1, 0, -1], [-1, 1, -1, 1, -1, 3, -1, 0, -1, 0, -1, -1], [-1, 1, -1, 1, -1, 3, 0, -1, -1, -1, 0, -1], [-1, 1, -1, 1, -1, 3, 0, -1, -1, 0, -1, -1], [-1, 1, -1, 1, 1, -1, -1, -1, -1, 2, 1, -1], [-1, 1, 2, -1, -1, 3, -1, -1, -1, -1, -1, -1], [1, -1, -1, -1, -1, 3, -1, -1, 0, -1, 0, 1], [1, -1, -1, -1, -1, 3, -1, -1, 0, 0, -1, 1], [1, -1, -1, -1, -1, 3, -1, 0, -1, -1, 0, -1], [1, -1, -1, -1, -1, 3, -1, 0, -1, 0, -1, 1], [1, -1, -1, -1, -1, 3, 0, -1, -1, -1, 0, -1], [1, -1, -1, -1, 1, 3, -1, -1, -1, -1, -1, 1], [1, -1, -1, -1, 1, 3, -1, -1, -1, -1, 0, -1], [1, -1, -1, -1, 1, 3, -1, -1, -1, 0, -1, -1], [1, -1, -1, 2, -1, 3, -1, -1, -1, 0, 0, -1], [1, -1, -1, 2, -1, 3, -1, -1, 0, -1, 0, -1], [1, -1, 2, -1, -1, 3, -1, -1, -1, 0, -1, -1], [1, -1, 2, -1, -1, 3, -1, -1, 0, -1, -1, 1], [1, -1, 2, -1, -1, 3, -1, 0, -1, -1, -1, 1], [1, 1, -1, -1, -1, 3, -1, -1, -1, -1, 0, -1], [1, 1, -1, -1, -1, 3, -1, -1, -1, 0, -1, -1], [1, 1, -1, -1, -1, 3, -1, -1, 0, -1, -1, -1], [1, 1, -1, 1, -1, 3, -1, 0, -1, -1, -1, -1], [0, -1, -1, -1, -1, 3, -1, -1, -1, 2, -1, 1], [0, -1, -1, -1, 1, 3, -1, -1, -1, -1, -1, 1], [0, -1, -1, 1, -1, 3, -1, -1, -1, -1, -1, -1], [0, -1, -1, 1, 1, -1, -1, -1, -1, 2, 1, -1], [0, -1, 2, -1, -1, 3, -1, -1, -1, -1, -1, 1], [0, -1, 2, 1, -1, -1, -1, -1, 2, -1, 0, -1], [0, -1, 1, 2, 0, 3, -1, -1, -1, 2, -1, -1], [0, 2, 2, -1, -1, 3, -1, -1, -1, 0, -1, -1], [0, 2, 2, -1, -1, 3, -1, -1, 0, -1, -1, -1], [0, 1, -1, -1, -1, 3, -1, -1, -1, -1, -1, -1], [0, 1, -1, -1, 0, -1, -1, -1, 2, 1, 1, -1], [0, 1, -1, -1, 0, -1, -1, 2, -1, 1, 1, -1], [0, 1, -1, 1, -1, -1, -1, -1, -1, 2, 1, -1], [0, 1, -1, 1, -1, -1, -1, -1, 2, -1, 1, -1], [0, 1, -1, 1, -1, -1, -1, 2, -1, -1, 1, -1], [0, 1, -1, 1, 0, -1, -1, -1, -1, -1, 1, 1]]


number of attributes = 13
13 attributes: ['limit_bal', 'sex', 'education', 'marriage', 'age', 'pay_0', 'pay_2', 'pay_3', 'pay_4', 'pay_5', 'pay_6', 'bill_amt1', 'bill_amt2']
False_positive_error_rate_balance, original_thf = 0.1735446414561431, Thf = 0.3735446414561431
newalg, time = 404.21110105514526 s, num_calculation = 1697684
80 patterns with low accuracy:
 [[-1, -1, -1, -1, -1, -1, -1, -1, -1, -1, 5, -1, -1], [-1, -1, -1, -1, -1, -1, -1, -1, -1, -1, 4, -1, -1], [-1, -1, -1, -1, -1, -1, -1, -1, -1, 5, -1, -1, -1], [-1, -1, -1, -1, -1, -1, -1, -1, -1, 4, -1, -1, -1], [-1, -1, -1, -1, -1, -1, -1, -1, 5, -1, -1, -1, -1], [-1, -1, -1, -1, -1, -1, -1, -1, 4, -1, -1, -1, -1], [-1, -1, -1, -1, -1, -1, -1, 5, -1, -1, -1, -1, -1], [-1, -1, -1, -1, -1, -1, -1, 4, -1, -1, -1, -1, -1], [-1, -1, -1, -1, -1, -1, 6, -1, -1, -1, -1, -1, -1], [-1, -1, -1, -1, -1, -1, 5, -1, -1, -1, -1, -1, -1], [-1, -1, -1, -1, -1, -1, 4, -1, -1, -1, -1, -1, -1], [-1, -1, -1, -1, -1, 5, -1, -1, -1, -1, -1, -1, -1], [-1, -1, -1, -1, -1, 4, -1, -1, -1, -1, -1, -1, -1], [-1, -1, -1, -1, 1, 3, -1, -1, -1, -1, 2, 1, -1], [-1, -1, -1, -1, 1, 3, -1, -1, -1, 2, -1, 1, -1], [-1, -1, -1, -1, 1, 3, -1, -1, 2, -1, -1, 1, -1], [-1, -1, -1, -1, 1, 3, -1, 2, -1, -1, -1, -1, -1], [-1, -1, -1, -1, 1, 3, -1, 1, -1, -1, 1, 1, -1], [-1, -1, -1, -1, 1, 3, 1, -1, -1, -1, 1, -1, -1], [-1, -1, -1, 1, -1, 3, -1, -1, -1, -1, 0, 1, -1], [-1, -1, -1, 1, -1, 3, -1, -1, -1, 0, -1, 1, -1], [-1, -1, -1, 1, -1, 3, -1, 2, -1, -1, -1, 1, -1], [-1, -1, -1, 1, 1, 3, -1, -1, -1, -1, -1, -1, -1], [-1, -1, 3, -1, -1, 3, -1, -1, -1, -1, -1, -1, -1], [-1, -1, 2, -1, -1, 3, -1, -1, -1, -1, 0, -1, -1], [-1, -1, 2, -1, -1, 3, -1, -1, -1, 0, -1, 1, -1], [-1, -1, 2, -1, -1, 3, -1, -1, 0, 0, -1, -1, -1], [-1, -1, 2, -1, -1, 3, 0, 0, -1, 0, -1, -1, -1], [-1, -1, 2, -1, 1, 3, -1, -1, -1, -1, -1, -1, -1], [-1, -1, 2, 1, -1, 3, -1, -1, -1, -1, -1, 1, -1], [-1, -1, 2, 1, -1, 3, -1, -1, -1, 0, -1, -1, -1], [-1, -1, 2, 1, -1, 3, -1, -1, 0, -1, -1, -1, -1], [-1, -1, 2, 1, -1, 3, -1, 0, -1, -1, -1, -1, -1], [-1, 1, -1, -1, -1, 3, -1, -1, -1, -1, -1, 1, -1], [-1, 1, -1, -1, -1, 3, -1, -1, -1, 2, -1, -1, -1], [-1, 1, -1, -1, -1, 3, -1, -1, 2, -1, -1, -1, -1], [-1, 1, -1, -1, -1, 3, -1, 2, -1, -1, -1, -1, -1], [-1, 1, -1, -1, 1, 3, -1, -1, -1, -1, -1, -1, -1], [-1, 1, -1, 1, -1, 3, -1, -1, -1, -1, -1, -1, 0], [-1, 1, -1, 1, -1, 3, -1, -1, -1, -1, 2, -1, -1], [-1, 1, -1, 1, -1, 3, -1, -1, 0, -1, 0, -1, -1], [-1, 1, -1, 1, -1, 3, -1, 0, -1, -1, 0, -1, -1], [-1, 1, -1, 1, -1, 3, -1, 0, -1, 0, -1, -1, -1], [-1, 1, -1, 1, -1, 3, 0, -1, -1, -1, 0, -1, -1], [-1, 1, -1, 1, -1, 3, 0, -1, -1, 0, -1, -1, -1], [-1, 1, -1, 1, 1, -1, -1, -1, -1, 2, 1, -1, -1], [-1, 1, 2, -1, -1, 3, -1, -1, -1, -1, -1, -1, -1], [1, -1, -1, -1, -1, 3, -1, -1, 0, -1, 0, 1, -1], [1, -1, -1, -1, -1, 3, -1, -1, 0, 0, -1, 1, -1], [1, -1, -1, -1, -1, 3, -1, 0, -1, -1, 0, -1, -1], [1, -1, -1, -1, -1, 3, -1, 0, -1, 0, -1, 1, -1], [1, -1, -1, -1, -1, 3, 0, -1, -1, -1, 0, -1, -1], [1, -1, -1, -1, 1, 3, -1, -1, -1, -1, -1, 1, -1], [1, -1, -1, -1, 1, 3, -1, -1, -1, -1, 0, -1, -1], [1, -1, -1, -1, 1, 3, -1, -1, -1, 0, -1, -1, -1], [1, -1, -1, 2, -1, 3, -1, -1, -1, 0, 0, -1, -1], [1, -1, -1, 2, -1, 3, -1, -1, 0, -1, 0, -1, -1], [1, -1, 2, -1, -1, 3, -1, -1, -1, 0, -1, -1, -1], [1, -1, 2, -1, -1, 3, -1, -1, 0, -1, -1, 1, -1], [1, -1, 2, -1, -1, 3, -1, 0, -1, -1, -1, 1, -1], [1, 1, -1, -1, -1, 3, -1, -1, -1, -1, 0, -1, -1], [1, 1, -1, -1, -1, 3, -1, -1, -1, 0, -1, -1, -1], [1, 1, -1, -1, -1, 3, -1, -1, 0, -1, -1, -1, -1], [1, 1, -1, 1, -1, 3, -1, 0, -1, -1, -1, -1, -1], [0, -1, -1, -1, -1, 3, -1, -1, -1, 2, -1, 1, -1], [0, -1, -1, -1, 1, 3, -1, -1, -1, -1, -1, 1, -1], [0, -1, -1, 1, -1, 3, -1, -1, -1, -1, -1, -1, -1], [0, -1, -1, 1, 1, -1, -1, -1, -1, 2, 1, -1, -1], [0, -1, 2, -1, -1, 3, -1, -1, -1, -1, -1, 1, -1], [0, -1, 2, 1, -1, -1, -1, -1, 2, -1, 0, -1, -1], [0, -1, 1, 2, 0, 3, -1, -1, -1, 2, -1, -1, -1], [0, 2, 2, -1, -1, 3, -1, -1, -1, 0, -1, -1, -1], [0, 2, 2, -1, -1, 3, -1, -1, 0, -1, -1, -1, -1], [0, 1, -1, -1, -1, 3, -1, -1, -1, -1, -1, -1, -1], [0, 1, -1, -1, 0, -1, -1, -1, 2, 1, 1, -1, -1], [0, 1, -1, -1, 0, -1, -1, 2, -1, 1, 1, -1, -1], [0, 1, -1, 1, -1, -1, -1, -1, -1, 2, 1, -1, -1], [0, 1, -1, 1, -1, -1, -1, -1, 2, -1, 1, -1, -1], [0, 1, -1, 1, -1, -1, -1, 2, -1, -1, 1, -1, -1], [0, 1, -1, 1, 0, -1, -1, -1, -1, -1, 1, 1, -1]]


number of attributes = 14
14 attributes: ['limit_bal', 'sex', 'education', 'marriage', 'age', 'pay_0', 'pay_2', 'pay_3', 'pay_4', 'pay_5', 'pay_6', 'bill_amt1', 'bill_amt2', 'bill_amt3']
False_positive_error_rate_balance, original_thf = 0.1735446414561431, Thf = 0.3735446414561431
newalg overtime
newalg, time = 600.0003042221069 s, num_calculation = 2286286
71 patterns with low accuracy:
 [[-1, -1, -1, -1, -1, -1, -1, -1, -1, -1, 5, -1, -1, -1], [-1, -1, -1, -1, -1, -1, -1, -1, -1, -1, 4, -1, -1, -1], [-1, -1, -1, -1, -1, -1, -1, -1, -1, 5, -1, -1, -1, -1], [-1, -1, -1, -1, -1, -1, -1, -1, -1, 4, -1, -1, -1, -1], [-1, -1, -1, -1, -1, -1, -1, -1, 5, -1, -1, -1, -1, -1], [-1, -1, -1, -1, -1, -1, -1, -1, 4, -1, -1, -1, -1, -1], [-1, -1, -1, -1, -1, -1, -1, 5, -1, -1, -1, -1, -1, -1], [-1, -1, -1, -1, -1, -1, -1, 4, -1, -1, -1, -1, -1, -1], [-1, -1, -1, -1, -1, -1, 6, -1, -1, -1, -1, -1, -1, -1], [-1, -1, -1, -1, -1, -1, 5, -1, -1, -1, -1, -1, -1, -1], [-1, -1, -1, -1, -1, -1, 4, -1, -1, -1, -1, -1, -1, -1], [-1, -1, -1, -1, -1, 5, -1, -1, -1, -1, -1, -1, -1, -1], [-1, -1, -1, -1, -1, 4, -1, -1, -1, -1, -1, -1, -1, -1], [-1, -1, -1, -1, 1, 3, -1, -1, -1, -1, 2, 1, -1, -1], [-1, -1, -1, -1, 1, 3, -1, -1, -1, 2, -1, 1, -1, -1], [-1, -1, -1, -1, 1, 3, -1, -1, 2, -1, -1, 1, -1, -1], [-1, -1, -1, -1, 1, 3, -1, 2, -1, -1, -1, -1, -1, -1], [-1, -1, -1, -1, 1, 3, -1, 1, -1, -1, 1, 1, -1, -1], [-1, -1, -1, -1, 1, 3, 1, -1, -1, -1, 1, -1, -1, -1], [-1, -1, -1, 1, -1, 3, -1, -1, -1, -1, 0, 1, -1, -1], [-1, -1, -1, 1, -1, 3, -1, -1, -1, 0, -1, 1, -1, -1], [-1, -1, -1, 1, -1, 3, -1, 2, -1, -1, -1, 1, -1, -1], [-1, -1, -1, 1, 1, 3, -1, -1, -1, -1, -1, -1, -1, -1], [-1, -1, 3, -1, -1, 3, -1, -1, -1, -1, -1, -1, -1, -1], [-1, -1, 2, -1, -1, 3, -1, -1, -1, -1, 0, -1, -1, -1], [-1, -1, 2, -1, -1, 3, -1, -1, -1, 0, -1, 1, -1, -1], [-1, -1, 2, -1, -1, 3, -1, -1, 0, 0, -1, -1, -1, -1], [-1, -1, 2, -1, -1, 3, 0, 0, -1, 0, -1, -1, -1, -1], [-1, -1, 2, -1, 1, 3, -1, -1, -1, -1, -1, -1, -1, -1], [-1, -1, 2, 1, -1, 3, -1, -1, -1, -1, -1, 1, -1, -1], [-1, -1, 2, 1, -1, 3, -1, -1, -1, 0, -1, -1, -1, -1], [-1, -1, 2, 1, -1, 3, -1, -1, 0, -1, -1, -1, -1, -1], [-1, -1, 2, 1, -1, 3, -1, 0, -1, -1, -1, -1, -1, -1], [-1, 1, -1, -1, -1, 3, -1, -1, -1, -1, -1, 1, -1, -1], [-1, 1, -1, -1, -1, 3, -1, -1, -1, 2, -1, -1, -1, -1], [-1, 1, -1, -1, -1, 3, -1, -1, 2, -1, -1, -1, -1, -1], [-1, 1, -1, -1, -1, 3, -1, 2, -1, -1, -1, -1, -1, -1], [-1, 1, -1, -1, 1, 3, -1, -1, -1, -1, -1, -1, -1, -1], [-1, 1, -1, 1, -1, 3, -1, -1, -1, -1, -1, -1, 0, -1], [-1, 1, -1, 1, -1, 3, -1, -1, -1, -1, 2, -1, -1, -1], [-1, 1, -1, 1, -1, 3, -1, -1, 0, -1, 0, -1, -1, -1], [-1, 1, -1, 1, -1, 3, -1, 0, -1, -1, 0, -1, -1, -1], [-1, 1, -1, 1, -1, 3, -1, 0, -1, 0, -1, -1, -1, -1], [-1, 1, -1, 1, -1, 3, 0, -1, -1, -1, 0, -1, -1, -1], [-1, 1, -1, 1, -1, 3, 0, -1, -1, 0, -1, -1, -1, -1], [-1, 1, -1, 1, 1, -1, -1, -1, -1, 2, 1, -1, -1, -1], [-1, 1, 2, -1, -1, 3, -1, -1, -1, -1, -1, -1, -1, -1], [1, -1, -1, -1, -1, 3, -1, -1, 0, -1, 0, 1, -1, -1], [1, -1, -1, -1, -1, 3, -1, -1, 0, 0, -1, 1, -1, -1], [1, -1, -1, -1, -1, 3, -1, 0, -1, -1, 0, -1, -1, -1], [1, -1, -1, -1, -1, 3, -1, 0, -1, 0, -1, 1, -1, -1], [1, -1, -1, -1, -1, 3, 0, -1, -1, -1, 0, -1, -1, -1], [1, -1, -1, -1, 1, 3, -1, -1, -1, -1, -1, 1, -1, -1], [1, -1, -1, -1, 1, 3, -1, -1, -1, -1, 0, -1, -1, -1], [1, -1, -1, -1, 1, 3, -1, -1, -1, 0, -1, -1, -1, -1], [1, -1, -1, 2, -1, 3, -1, -1, -1, 0, 0, -1, -1, -1], [1, -1, -1, 2, -1, 3, -1, -1, 0, -1, 0, -1, -1, -1], [1, -1, 2, -1, -1, 3, -1, -1, -1, 0, -1, -1, -1, -1], [1, -1, 2, -1, -1, 3, -1, -1, 0, -1, -1, 1, -1, -1], [1, -1, 2, -1, -1, 3, -1, 0, -1, -1, -1, 1, -1, -1], [1, 1, -1, -1, -1, 3, -1, -1, -1, -1, 0, -1, -1, -1], [1, 1, -1, -1, -1, 3, -1, -1, -1, 0, -1, -1, -1, -1], [1, 1, -1, -1, -1, 3, -1, -1, 0, -1, -1, -1, -1, -1], [1, 1, -1, 1, -1, 3, -1, 0, -1, -1, -1, -1, -1, -1], [0, -1, -1, -1, -1, 3, -1, -1, -1, 2, -1, 1, -1, -1], [0, -1, -1, -1, 1, 3, -1, -1, -1, -1, -1, 1, -1, -1], [0, -1, -1, 1, -1, 3, -1, -1, -1, -1, -1, -1, -1, -1], [0, -1, -1, 1, 1, -1, -1, -1, -1, 2, 1, -1, -1, -1], [0, -1, 2, -1, -1, 3, -1, -1, -1, -1, -1, 1, -1, -1], [0, -1, 2, 1, -1, -1, -1, -1, 2, -1, 0, -1, -1, -1], [0, -1, 1, 2, 0, 3, -1, -1, -1, 2, -1, -1, -1, -1]]


number of attributes = 15
15 attributes: ['limit_bal', 'sex', 'education', 'marriage', 'age', 'pay_0', 'pay_2', 'pay_3', 'pay_4', 'pay_5', 'pay_6', 'bill_amt1', 'bill_amt2', 'bill_amt3', 'bill_amt4']
False_positive_error_rate_balance, original_thf = 0.1735446414561431, Thf = 0.3735446414561431
newalg overtime
newalg, time = 600.0003361701965 s, num_calculation = 2312992
57 patterns with low accuracy:
 [[-1, -1, -1, -1, -1, -1, -1, -1, -1, -1, 5, -1, -1, -1, -1], [-1, -1, -1, -1, -1, -1, -1, -1, -1, -1, 4, -1, -1, -1, -1], [-1, -1, -1, -1, -1, -1, -1, -1, -1, 5, -1, -1, -1, -1, -1], [-1, -1, -1, -1, -1, -1, -1, -1, -1, 4, -1, -1, -1, -1, -1], [-1, -1, -1, -1, -1, -1, -1, -1, 5, -1, -1, -1, -1, -1, -1], [-1, -1, -1, -1, -1, -1, -1, -1, 4, -1, -1, -1, -1, -1, -1], [-1, -1, -1, -1, -1, -1, -1, 5, -1, -1, -1, -1, -1, -1, -1], [-1, -1, -1, -1, -1, -1, -1, 4, -1, -1, -1, -1, -1, -1, -1], [-1, -1, -1, -1, -1, -1, 6, -1, -1, -1, -1, -1, -1, -1, -1], [-1, -1, -1, -1, -1, -1, 5, -1, -1, -1, -1, -1, -1, -1, -1], [-1, -1, -1, -1, -1, -1, 4, -1, -1, -1, -1, -1, -1, -1, -1], [-1, -1, -1, -1, -1, 5, -1, -1, -1, -1, -1, -1, -1, -1, -1], [-1, -1, -1, -1, -1, 4, -1, -1, -1, -1, -1, -1, -1, -1, -1], [-1, -1, -1, -1, 1, 3, -1, -1, -1, -1, -1, 1, -1, -1, 1], [-1, -1, -1, -1, 1, 3, -1, -1, -1, -1, 2, 1, -1, -1, -1], [-1, -1, -1, -1, 1, 3, -1, -1, -1, 2, -1, 1, -1, -1, -1], [-1, -1, -1, -1, 1, 3, -1, -1, 2, -1, -1, -1, -1, -1, 1], [-1, -1, -1, -1, 1, 3, -1, -1, 2, -1, -1, 1, -1, -1, -1], [-1, -1, -1, -1, 1, 3, -1, 2, -1, -1, -1, -1, -1, -1, -1], [-1, -1, -1, -1, 1, 3, -1, 1, -1, -1, 1, 1, -1, -1, -1], [-1, -1, -1, -1, 1, 3, 1, -1, -1, -1, 1, -1, -1, -1, -1], [-1, -1, -1, 1, -1, 3, -1, -1, -1, -1, 0, 1, -1, -1, -1], [-1, -1, -1, 1, -1, 3, -1, -1, -1, 0, -1, 1, -1, -1, -1], [-1, -1, -1, 1, -1, 3, -1, -1, 0, -1, 0, -1, -1, -1, 1], [-1, -1, -1, 1, -1, 3, -1, 2, -1, -1, -1, -1, 0, -1, 1], [-1, -1, -1, 1, -1, 3, -1, 2, -1, -1, -1, 1, -1, -1, -1], [-1, -1, -1, 1, -1, 3, 0, 0, -1, 0, 0, -1, -1, -1, 1], [-1, -1, -1, 1, 1, 3, -1, -1, -1, -1, -1, -1, -1, -1, -1], [-1, -1, 3, -1, -1, 3, -1, -1, -1, -1, -1, -1, -1, -1, -1], [-1, -1, 2, -1, -1, 3, -1, -1, -1, -1, 0, -1, -1, -1, -1], [-1, -1, 2, -1, -1, 3, -1, -1, -1, 0, -1, -1, -1, -1, 1], [-1, -1, 2, -1, -1, 3, -1, -1, -1, 0, -1, 1, -1, -1, -1], [-1, -1, 2, -1, -1, 3, -1, -1, 0, 0, -1, -1, -1, -1, -1], [-1, -1, 2, -1, -1, 3, 0, 0, -1, 0, -1, -1, -1, -1, -1], [-1, -1, 2, -1, 1, 3, -1, -1, -1, -1, -1, -1, -1, -1, -1], [-1, -1, 2, 1, -1, -1, -1, -1, 2, -1, 0, 1, -1, -1, 1], [-1, -1, 2, 1, -1, 3, -1, -1, -1, -1, -1, 1, -1, -1, -1], [-1, -1, 2, 1, -1, 3, -1, -1, -1, 0, -1, -1, -1, -1, -1], [-1, -1, 2, 1, -1, 3, -1, -1, 0, -1, -1, -1, -1, -1, -1], [-1, -1, 2, 1, -1, 3, -1, 0, -1, -1, -1, -1, -1, -1, -1], [-1, 1, -1, -1, -1, 3, -1, -1, -1, -1, -1, 1, -1, -1, -1], [-1, 1, -1, -1, -1, 3, -1, -1, -1, 2, -1, -1, -1, -1, -1], [-1, 1, -1, -1, -1, 3, -1, -1, 2, -1, -1, -1, -1, -1, -1], [-1, 1, -1, -1, -1, 3, -1, 2, -1, -1, -1, -1, -1, -1, -1], [-1, 1, -1, -1, -1, 3, 0, -1, 0, -1, 0, -1, -1, -1, 1], [-1, 1, -1, -1, -1, 3, 0, 0, -1, 0, 0, -1, -1, -1, 1], [-1, 1, -1, -1, 1, -1, -1, -1, -1, 2, 1, -1, -1, -1, 1], [-1, 1, -1, -1, 1, 3, -1, -1, -1, -1, -1, -1, -1, -1, -1], [-1, 1, -1, 1, -1, 3, -1, -1, -1, -1, -1, -1, -1, -1, 1], [-1, 1, -1, 1, -1, 3, -1, -1, -1, -1, -1, -1, 0, -1, -1], [-1, 1, -1, 1, -1, 3, -1, -1, -1, -1, 2, -1, -1, -1, -1], [-1, 1, -1, 1, -1, 3, -1, -1, 0, -1, 0, -1, -1, -1, -1], [-1, 1, -1, 1, -1, 3, -1, 0, -1, -1, 0, -1, -1, -1, -1], [-1, 1, -1, 1, -1, 3, -1, 0, -1, 0, -1, -1, -1, -1, -1], [-1, 1, -1, 1, -1, 3, 0, -1, -1, -1, 0, -1, -1, -1, -1], [-1, 1, -1, 1, -1, 3, 0, -1, -1, 0, -1, -1, -1, -1, -1], [-1, 1, -1, 1, 1, -1, -1, -1, -1, 2, 1, -1, -1, -1, -1]]


number of attributes = 16
16 attributes: ['limit_bal', 'sex', 'education', 'marriage', 'age', 'pay_0', 'pay_2', 'pay_3', 'pay_4', 'pay_5', 'pay_6', 'bill_amt1', 'bill_amt2', 'bill_amt3', 'bill_amt4', 'bill_amt5']
False_positive_error_rate_balance, original_thf = 0.1735446414561431, Thf = 0.3735446414561431
newalg overtime
newalg, time = 600.000501871109 s, num_calculation = 1961780
40 patterns with low accuracy:
 [[-1, -1, -1, -1, -1, -1, -1, -1, -1, -1, 5, -1, -1, -1, -1, -1], [-1, -1, -1, -1, -1, -1, -1, -1, -1, -1, 4, -1, -1, -1, -1, -1], [-1, -1, -1, -1, -1, -1, -1, -1, -1, 5, -1, -1, -1, -1, -1, -1], [-1, -1, -1, -1, -1, -1, -1, -1, -1, 4, -1, -1, -1, -1, -1, -1], [-1, -1, -1, -1, -1, -1, -1, -1, 5, -1, -1, -1, -1, -1, -1, -1], [-1, -1, -1, -1, -1, -1, -1, -1, 4, -1, -1, -1, -1, -1, -1, -1], [-1, -1, -1, -1, -1, -1, -1, 5, -1, -1, -1, -1, -1, -1, -1, -1], [-1, -1, -1, -1, -1, -1, -1, 4, -1, -1, -1, -1, -1, -1, -1, -1], [-1, -1, -1, -1, -1, -1, 6, -1, -1, -1, -1, -1, -1, -1, -1, -1], [-1, -1, -1, -1, -1, -1, 5, -1, -1, -1, -1, -1, -1, -1, -1, -1], [-1, -1, -1, -1, -1, -1, 4, -1, -1, -1, -1, -1, -1, -1, -1, -1], [-1, -1, -1, -1, -1, 5, -1, -1, -1, -1, -1, -1, -1, -1, -1, -1], [-1, -1, -1, -1, -1, 4, -1, -1, -1, -1, -1, -1, -1, -1, -1, -1], [-1, -1, -1, -1, 1, 3, -1, -1, -1, -1, -1, 1, -1, -1, 1, -1], [-1, -1, -1, -1, 1, 3, -1, -1, -1, -1, 2, 1, -1, -1, -1, -1], [-1, -1, -1, -1, 1, 3, -1, -1, -1, 2, -1, 1, -1, -1, -1, -1], [-1, -1, -1, -1, 1, 3, -1, -1, 2, -1, -1, -1, -1, -1, 1, -1], [-1, -1, -1, -1, 1, 3, -1, -1, 2, -1, -1, 1, -1, -1, -1, -1], [-1, -1, -1, -1, 1, 3, -1, 2, -1, -1, -1, -1, -1, -1, -1, -1], [-1, -1, -1, -1, 1, 3, -1, 1, -1, -1, 1, 1, -1, -1, -1, -1], [-1, -1, -1, -1, 1, 3, 1, -1, -1, -1, 1, -1, -1, -1, -1, -1], [-1, -1, -1, 1, -1, 3, -1, -1, -1, -1, 0, 1, -1, -1, -1, -1], [-1, -1, -1, 1, -1, 3, -1, -1, -1, 0, -1, 1, -1, -1, -1, -1], [-1, -1, -1, 1, -1, 3, -1, -1, 0, -1, 0, -1, -1, -1, 1, -1], [-1, -1, -1, 1, -1, 3, -1, 2, -1, -1, -1, -1, 0, -1, 1, -1], [-1, -1, -1, 1, -1, 3, -1, 2, -1, -1, -1, 1, -1, -1, -1, -1], [-1, -1, -1, 1, -1, 3, 0, 0, -1, 0, 0, -1, -1, -1, 1, -1], [-1, -1, -1, 1, 1, 3, -1, -1, -1, -1, -1, -1, -1, -1, -1, -1], [-1, -1, 3, -1, -1, 3, -1, -1, -1, -1, -1, -1, -1, -1, -1, -1], [-1, -1, 2, -1, -1, 3, -1, -1, -1, -1, 0, -1, -1, -1, -1, -1], [-1, -1, 2, -1, -1, 3, -1, -1, -1, 0, -1, -1, -1, -1, 1, -1], [-1, -1, 2, -1, -1, 3, -1, -1, -1, 0, -1, 1, -1, -1, -1, -1], [-1, -1, 2, -1, -1, 3, -1, -1, 0, 0, -1, -1, -1, -1, -1, -1], [-1, -1, 2, -1, -1, 3, 0, 0, -1, 0, -1, -1, -1, -1, -1, -1], [-1, -1, 2, -1, 1, 3, -1, -1, -1, -1, -1, -1, -1, -1, -1, -1], [-1, -1, 2, 1, -1, -1, -1, -1, 2, -1, 0, 1, -1, -1, 1, -1], [-1, -1, 2, 1, -1, 3, -1, -1, -1, -1, -1, 1, -1, -1, -1, -1], [-1, -1, 2, 1, -1, 3, -1, -1, -1, 0, -1, -1, -1, -1, -1, -1], [-1, -1, 2, 1, -1, 3, -1, -1, 0, -1, -1, -1, -1, -1, -1, -1], [-1, -1, 2, 1, -1, 3, -1, 0, -1, -1, -1, -1, -1, -1, -1, -1]]


number of attributes = 17
17 attributes: ['limit_bal', 'sex', 'education', 'marriage', 'age', 'pay_0', 'pay_2', 'pay_3', 'pay_4', 'pay_5', 'pay_6', 'bill_amt1', 'bill_amt2', 'bill_amt3', 'bill_amt4', 'bill_amt5', 'bill_amt6']
False_positive_error_rate_balance, original_thf = 0.1735446414561431, Thf = 0.3735446414561431
newalg overtime
newalg, time = 600.0002639293671 s, num_calculation = 1883928
32 patterns with low accuracy:
 [[-1, -1, -1, -1, -1, -1, -1, -1, -1, -1, 5, -1, -1, -1, -1, -1, -1], [-1, -1, -1, -1, -1, -1, -1, -1, -1, -1, 4, -1, -1, -1, -1, -1, -1], [-1, -1, -1, -1, -1, -1, -1, -1, -1, 5, -1, -1, -1, -1, -1, -1, -1], [-1, -1, -1, -1, -1, -1, -1, -1, -1, 4, -1, -1, -1, -1, -1, -1, -1], [-1, -1, -1, -1, -1, -1, -1, -1, 5, -1, -1, -1, -1, -1, -1, -1, -1], [-1, -1, -1, -1, -1, -1, -1, -1, 4, -1, -1, -1, -1, -1, -1, -1, -1], [-1, -1, -1, -1, -1, -1, -1, 5, -1, -1, -1, -1, -1, -1, -1, -1, -1], [-1, -1, -1, -1, -1, -1, -1, 4, -1, -1, -1, -1, -1, -1, -1, -1, -1], [-1, -1, -1, -1, -1, -1, 6, -1, -1, -1, -1, -1, -1, -1, -1, -1, -1], [-1, -1, -1, -1, -1, -1, 5, -1, -1, -1, -1, -1, -1, -1, -1, -1, -1], [-1, -1, -1, -1, -1, -1, 4, -1, -1, -1, -1, -1, -1, -1, -1, -1, -1], [-1, -1, -1, -1, -1, 5, -1, -1, -1, -1, -1, -1, -1, -1, -1, -1, -1], [-1, -1, -1, -1, -1, 4, -1, -1, -1, -1, -1, -1, -1, -1, -1, -1, -1], [-1, -1, -1, -1, 1, 3, -1, -1, -1, -1, -1, 1, -1, -1, -1, -1, 1], [-1, -1, -1, -1, 1, 3, -1, -1, -1, -1, -1, 1, -1, -1, 1, -1, -1], [-1, -1, -1, -1, 1, 3, -1, -1, -1, -1, 2, 1, -1, -1, -1, -1, -1], [-1, -1, -1, -1, 1, 3, -1, -1, -1, 2, -1, 1, -1, -1, -1, -1, -1], [-1, -1, -1, -1, 1, 3, -1, -1, 2, -1, -1, -1, -1, -1, 1, -1, -1], [-1, -1, -1, -1, 1, 3, -1, -1, 2, -1, -1, 1, -1, -1, -1, -1, -1], [-1, -1, -1, -1, 1, 3, -1, 2, -1, -1, -1, -1, -1, -1, -1, -1, -1], [-1, -1, -1, -1, 1, 3, -1, 1, -1, -1, 1, 1, -1, -1, -1, -1, -1], [-1, -1, -1, -1, 1, 3, 1, -1, -1, -1, 1, -1, -1, -1, -1, -1, -1], [-1, -1, -1, 1, -1, 3, -1, -1, -1, -1, 0, 1, -1, -1, -1, -1, -1], [-1, -1, -1, 1, -1, 3, -1, -1, -1, 0, -1, 1, -1, -1, -1, -1, -1], [-1, -1, -1, 1, -1, 3, -1, -1, 0, -1, 0, -1, -1, -1, -1, -1, 1], [-1, -1, -1, 1, -1, 3, -1, -1, 0, -1, 0, -1, -1, -1, 1, -1, -1], [-1, -1, -1, 1, -1, 3, -1, 2, -1, -1, -1, -1, 0, -1, 1, -1, -1], [-1, -1, -1, 1, -1, 3, -1, 2, -1, -1, -1, 1, -1, -1, -1, -1, -1], [-1, -1, -1, 1, -1, 3, 0, 0, -1, 0, 0, -1, -1, -1, -1, -1, 1], [-1, -1, -1, 1, -1, 3, 0, 0, -1, 0, 0, -1, -1, -1, 1, -1, -1], [-1, -1, -1, 1, 1, 3, -1, -1, -1, -1, -1, -1, -1, -1, -1, -1, -1], [-1, -1, 3, -1, -1, 3, -1, -1, -1, -1, -1, -1, -1, -1, -1, -1, -1]]


number of attributes = 18
18 attributes: ['limit_bal', 'sex', 'education', 'marriage', 'age', 'pay_0', 'pay_2', 'pay_3', 'pay_4', 'pay_5', 'pay_6', 'bill_amt1', 'bill_amt2', 'bill_amt3', 'bill_amt4', 'bill_amt5', 'bill_amt6', 'pay_amt1']
False_positive_error_rate_balance, original_thf = 0.1735446414561431, Thf = 0.3735446414561431
newalg overtime
newalg, time = 600.0003221035004 s, num_calculation = 1925248
22 patterns with low accuracy:
 [[-1, -1, -1, -1, -1, -1, -1, -1, -1, -1, 5, -1, -1, -1, -1, -1, -1, -1], [-1, -1, -1, -1, -1, -1, -1, -1, -1, -1, 4, -1, -1, -1, -1, -1, -1, -1], [-1, -1, -1, -1, -1, -1, -1, -1, -1, 5, -1, -1, -1, -1, -1, -1, -1, -1], [-1, -1, -1, -1, -1, -1, -1, -1, -1, 4, -1, -1, -1, -1, -1, -1, -1, -1], [-1, -1, -1, -1, -1, -1, -1, -1, 5, -1, -1, -1, -1, -1, -1, -1, -1, -1], [-1, -1, -1, -1, -1, -1, -1, -1, 4, -1, -1, -1, -1, -1, -1, -1, -1, -1], [-1, -1, -1, -1, -1, -1, -1, 5, -1, -1, -1, -1, -1, -1, -1, -1, -1, -1], [-1, -1, -1, -1, -1, -1, -1, 4, -1, -1, -1, -1, -1, -1, -1, -1, -1, -1], [-1, -1, -1, -1, -1, -1, 6, -1, -1, -1, -1, -1, -1, -1, -1, -1, -1, -1], [-1, -1, -1, -1, -1, -1, 5, -1, -1, -1, -1, -1, -1, -1, -1, -1, -1, -1], [-1, -1, -1, -1, -1, -1, 4, -1, -1, -1, -1, -1, -1, -1, -1, -1, -1, -1], [-1, -1, -1, -1, -1, 5, -1, -1, -1, -1, -1, -1, -1, -1, -1, -1, -1, -1], [-1, -1, -1, -1, -1, 4, -1, -1, -1, -1, -1, -1, -1, -1, -1, -1, -1, -1], [-1, -1, -1, -1, 1, 3, -1, -1, -1, -1, -1, 1, -1, -1, -1, -1, 1, -1], [-1, -1, -1, -1, 1, 3, -1, -1, -1, -1, -1, 1, -1, -1, 1, -1, -1, -1], [-1, -1, -1, -1, 1, 3, -1, -1, -1, -1, 2, 1, -1, -1, -1, -1, -1, -1], [-1, -1, -1, -1, 1, 3, -1, -1, -1, 2, -1, 1, -1, -1, -1, -1, -1, -1], [-1, -1, -1, -1, 1, 3, -1, -1, 2, -1, -1, -1, -1, -1, 1, -1, -1, -1], [-1, -1, -1, -1, 1, 3, -1, -1, 2, -1, -1, 1, -1, -1, -1, -1, -1, -1], [-1, -1, -1, -1, 1, 3, -1, 2, -1, -1, -1, -1, -1, -1, -1, -1, -1, -1], [-1, -1, -1, -1, 1, 3, -1, 1, -1, -1, 1, 1, -1, -1, -1, -1, -1, -1], [-1, -1, -1, -1, 1, 3, 1, -1, -1, -1, 1, -1, -1, -1, -1, -1, -1, -1]]


number of attributes = 19
19 attributes: ['limit_bal', 'sex', 'education', 'marriage', 'age', 'pay_0', 'pay_2', 'pay_3', 'pay_4', 'pay_5', 'pay_6', 'bill_amt1', 'bill_amt2', 'bill_amt3', 'bill_amt4', 'bill_amt5', 'bill_amt6', 'pay_amt1', 'pay_amt2']
False_positive_error_rate_balance, original_thf = 0.1735446414561431, Thf = 0.3735446414561431
newalg overtime
newalg, time = 600.0018351078033 s, num_calculation = 1489760
13 patterns with low accuracy:
 [[-1, -1, -1, -1, -1, -1, -1, -1, -1, -1, 5, -1, -1, -1, -1, -1, -1, -1, -1], [-1, -1, -1, -1, -1, -1, -1, -1, -1, -1, 4, -1, -1, -1, -1, -1, -1, -1, -1], [-1, -1, -1, -1, -1, -1, -1, -1, -1, 5, -1, -1, -1, -1, -1, -1, -1, -1, -1], [-1, -1, -1, -1, -1, -1, -1, -1, -1, 4, -1, -1, -1, -1, -1, -1, -1, -1, -1], [-1, -1, -1, -1, -1, -1, -1, -1, 5, -1, -1, -1, -1, -1, -1, -1, -1, -1, -1], [-1, -1, -1, -1, -1, -1, -1, -1, 4, -1, -1, -1, -1, -1, -1, -1, -1, -1, -1], [-1, -1, -1, -1, -1, -1, -1, 5, -1, -1, -1, -1, -1, -1, -1, -1, -1, -1, -1], [-1, -1, -1, -1, -1, -1, -1, 4, -1, -1, -1, -1, -1, -1, -1, -1, -1, -1, -1], [-1, -1, -1, -1, -1, -1, 6, -1, -1, -1, -1, -1, -1, -1, -1, -1, -1, -1, -1], [-1, -1, -1, -1, -1, -1, 5, -1, -1, -1, -1, -1, -1, -1, -1, -1, -1, -1, -1], [-1, -1, -1, -1, -1, -1, 4, -1, -1, -1, -1, -1, -1, -1, -1, -1, -1, -1, -1], [-1, -1, -1, -1, -1, 5, -1, -1, -1, -1, -1, -1, -1, -1, -1, -1, -1, -1, -1], [-1, -1, -1, -1, -1, 4, -1, -1, -1, -1, -1, -1, -1, -1, -1, -1, -1, -1, -1]]


number of attributes = 20
20 attributes: ['limit_bal', 'sex', 'education', 'marriage', 'age', 'pay_0', 'pay_2', 'pay_3', 'pay_4', 'pay_5', 'pay_6', 'bill_amt1', 'bill_amt2', 'bill_amt3', 'bill_amt4', 'bill_amt5', 'bill_amt6', 'pay_amt1', 'pay_amt2', 'pay_amt3']
False_positive_error_rate_balance, original_thf = 0.1735446414561431, Thf = 0.3735446414561431
newalg overtime
newalg, time = 600.0002720355988 s, num_calculation = 2071247
13 patterns with low accuracy:
 [[-1, -1, -1, -1, -1, -1, -1, -1, -1, -1, 5, -1, -1, -1, -1, -1, -1, -1, -1, -1], [-1, -1, -1, -1, -1, -1, -1, -1, -1, -1, 4, -1, -1, -1, -1, -1, -1, -1, -1, -1], [-1, -1, -1, -1, -1, -1, -1, -1, -1, 5, -1, -1, -1, -1, -1, -1, -1, -1, -1, -1], [-1, -1, -1, -1, -1, -1, -1, -1, -1, 4, -1, -1, -1, -1, -1, -1, -1, -1, -1, -1], [-1, -1, -1, -1, -1, -1, -1, -1, 5, -1, -1, -1, -1, -1, -1, -1, -1, -1, -1, -1], [-1, -1, -1, -1, -1, -1, -1, -1, 4, -1, -1, -1, -1, -1, -1, -1, -1, -1, -1, -1], [-1, -1, -1, -1, -1, -1, -1, 5, -1, -1, -1, -1, -1, -1, -1, -1, -1, -1, -1, -1], [-1, -1, -1, -1, -1, -1, -1, 4, -1, -1, -1, -1, -1, -1, -1, -1, -1, -1, -1, -1], [-1, -1, -1, -1, -1, -1, 6, -1, -1, -1, -1, -1, -1, -1, -1, -1, -1, -1, -1, -1], [-1, -1, -1, -1, -1, -1, 5, -1, -1, -1, -1, -1, -1, -1, -1, -1, -1, -1, -1, -1], [-1, -1, -1, -1, -1, -1, 4, -1, -1, -1, -1, -1, -1, -1, -1, -1, -1, -1, -1, -1], [-1, -1, -1, -1, -1, 5, -1, -1, -1, -1, -1, -1, -1, -1, -1, -1, -1, -1, -1, -1], [-1, -1, -1, -1, -1, 4, -1, -1, -1, -1, -1, -1, -1, -1, -1, -1, -1, -1, -1, -1]]


number of attributes = 21
21 attributes: ['limit_bal', 'sex', 'education', 'marriage', 'age', 'pay_0', 'pay_2', 'pay_3', 'pay_4', 'pay_5', 'pay_6', 'bill_amt1', 'bill_amt2', 'bill_amt3', 'bill_amt4', 'bill_amt5', 'bill_amt6', 'pay_amt1', 'pay_amt2', 'pay_amt3', 'pay_amt4']
False_positive_error_rate_balance, original_thf = 0.1735446414561431, Thf = 0.3735446414561431
newalg overtime
newalg, time = 600.00230884552 s, num_calculation = 1788177
11 patterns with low accuracy:
 [[-1, -1, -1, -1, -1, -1, -1, -1, -1, -1, 5, -1, -1, -1, -1, -1, -1, -1, -1, -1, -1], [-1, -1, -1, -1, -1, -1, -1, -1, -1, -1, 4, -1, -1, -1, -1, -1, -1, -1, -1, -1, -1], [-1, -1, -1, -1, -1, -1, -1, -1, -1, 5, -1, -1, -1, -1, -1, -1, -1, -1, -1, -1, -1], [-1, -1, -1, -1, -1, -1, -1, -1, -1, 4, -1, -1, -1, -1, -1, -1, -1, -1, -1, -1, -1], [-1, -1, -1, -1, -1, -1, -1, -1, 5, -1, -1, -1, -1, -1, -1, -1, -1, -1, -1, -1, -1], [-1, -1, -1, -1, -1, -1, -1, -1, 4, -1, -1, -1, -1, -1, -1, -1, -1, -1, -1, -1, -1], [-1, -1, -1, -1, -1, -1, -1, 5, -1, -1, -1, -1, -1, -1, -1, -1, -1, -1, -1, -1, -1], [-1, -1, -1, -1, -1, -1, -1, 4, -1, -1, -1, -1, -1, -1, -1, -1, -1, -1, -1, -1, -1], [-1, -1, -1, -1, -1, -1, 6, -1, -1, -1, -1, -1, -1, -1, -1, -1, -1, -1, -1, -1, -1], [-1, -1, -1, -1, -1, -1, 5, -1, -1, -1, -1, -1, -1, -1, -1, -1, -1, -1, -1, -1, -1], [-1, -1, -1, -1, -1, -1, 4, -1, -1, -1, -1, -1, -1, -1, -1, -1, -1, -1, -1, -1, -1]]

