execution time
50000 1.4645750522613525 16.426167011260986
55000 2.2994959354400635 23.785654067993164
60000 4.303925037384033 33.44362497329712
65000 4.419989109039307 34.85592293739319
70000 5.574983835220337 37.560113191604614
75000 6.940160036087036 41.729175090789795
80000 8.353652000427246 45.38395595550537
85000 9.701056957244873 49.415363073349
90000 12.523471117019653 52.60168099403381
95000 12.844053030014038 54.604231119155884
100000 14.538477897644043 57.94071173667908


number of patterns visited
50000 6812.0 78335.0
55000 8119.0 78335.0
60000 9389.0 78335.0
65000 11084.0 78335.0
70000 13279.0 78335.0
75000 14712.0 78335.0
80000 16299.0 78335.0
85000 17877.0 78335.0
90000 18913.0 78335.0
95000 20477.0 78335.0
100000 22020.0 78335.0


overall accuracy and delta fairness value
0.77976 0.57976
0.7519272727272728 0.5519272727272728
0.7326666666666667 0.5326666666666666
0.7137538461538462 0.5137538461538462
0.7016571428571429 0.5016571428571428
0.6856533333333333 0.4856533333333333
0.6735249999999999 0.4735249999999999
0.6620235294117647 0.46202352941176467
0.6536888888888889 0.45368888888888886
0.6482526315789474 0.4482526315789474
0.64002 0.44002
