overall accuracy: 0.808058024855159
execution time
0.05 0.789452075958252
0.1 1.000981092453003
0.15 1.2138941287994385
0.2 1.320878028869629
0.25 1.2128047943115234
0.3 1.1176390647888184


number of calculations
0.05 7022.0
0.1 10407.0
0.15 12276.0
0.2 13922.0
0.25 13527.0
0.3 13020.0


number of patterns found
0.05 25 
 [[-2, -2, -2, -2, -2, -2, 5], [-2, -2, -2, -2, -2, -2, 0], [-2, -2, -2, -2, -2, 4, -2], [-2, -2, -2, -2, -2, 3, -2], [-2, -2, -2, -2, -2, 1, -2], [-2, -2, -2, -2, -2, 0, -2], [-2, -2, -2, -2, 1, 5, -2], [-2, -2, -2, 1, 1, -2, -2], [-2, -2, 6, -2, 1, -2, -2], [-2, -2, 2, -2, -2, -2, -2], [-2, 15, -2, -2, 1, -2, -2], [-2, 12, -2, -2, -2, -2, -2], [-2, 10, -2, -2, -2, -2, -2], [-2, 9, -2, -2, -2, -2, -2], [-2, 8, -2, -2, 1, -2, -2], [-2, 8, -2, 4, -2, -2, -2], [-2, 7, -2, -2, 1, -2, -2], [-2, 7, -2, 4, -2, -2, -2], [2, -2, -2, -2, -2, -2, -2], [1, -2, -2, -2, 1, -2, -2], [1, -2, -2, 4, -2, -2, -2], [1, -2, -2, 1, -2, -2, -2], [1, 15, -2, -2, -2, -2, -2], [1, 8, -2, -2, -2, -2, -2], [1, 7, -2, -2, -2, -2, -2]]
0.1 66 
 [[-2, -2, -2, -2, -2, -2, 5], [-2, -2, -2, -2, -2, -2, 0], [-2, -2, -2, -2, 1, 3, -2], [-2, -2, -2, -2, 1, 1, -2], [-2, -2, -2, -2, 1, 0, -2], [-2, -2, -2, 4, 1, 5, -2], [-2, -2, -2, 2, -2, 4, -2], [-2, -2, 6, -2, 1, -2, -2], [-2, -2, 2, -2, -2, -2, -2], [-2, -2, 0, 4, 0, 1, 1], [-2, 15, -2, -2, 1, 4, -2], [-2, 15, -2, 4, -2, 1, -2], [-2, 15, 0, 4, 1, -2, 4], [-2, 12, -2, -2, 1, 4, -2], [-2, 12, -2, -2, 1, 2, 1], [-2, 12, -2, 4, -2, 5, -2], [-2, 12, -2, 1, -2, -2, -2], [-2, 12, 4, -2, 1, 2, -2], [-2, 12, 0, -2, 0, -2, 1], [-2, 11, -2, -2, -2, 3, -2], [-2, 11, -2, -2, 1, 5, -2], [-2, 11, -2, 4, -2, 0, -2], [-2, 10, -2, -2, -2, -2, -2], [-2, 9, -2, -2, -2, 4, -2], [-2, 9, -2, -2, -2, 0, -2], [-2, 9, -2, -2, 1, 5, -2], [-2, 9, -2, -2, 0, 1, 1], [-2, 9, -2, 4, -2, 1, -2], [-2, 9, -2, 2, 1, -2, -2], [-2, 9, -2, 1, 1, -2, -2], [-2, 9, 0, -2, -2, -2, 1], [-2, 9, 0, -2, -2, 2, 4], [-2, 9, 0, -2, 1, -2, -2], [-2, 8, -2, -2, -2, 1, -2], [-2, 8, -2, -2, 1, -2, -2], [-2, 7, -2, -2, -2, 4, -2], [-2, 7, -2, -2, -2, 1, -2], [-2, 7, -2, -2, 1, -2, -2], [2, -2, -2, -2, -2, 5, -2], [2, -2, -2, -2, -2, 3, -2], [2, -2, -2, -2, 1, -2, -2], [2, -2, -2, 4, -2, 1, -2], [2, -2, -2, 4, -2, 0, -2], [2, -2, -2, 1, -2, -2, -2], [2, 15, -2, -2, -2, 4, -2], [2, 15, -2, -2, -2, 1, -2], [2, 12, -2, -2, -2, -2, -2], [2, 9, -2, -2, -2, -2, -2], [2, 7, -2, -2, -2, -2, -2], [1, -2, -2, -2, -2, 3, 1], [1, -2, -2, -2, -2, 0, -2], [1, -2, -2, -2, 1, 5, -2], [1, -2, -2, -2, 0, 1, 1], [1, -2, -2, 4, -2, 1, -2], [1, -2, -2, 1, 1, -2, -2], [1, 15, -2, -2, -2, 4, -2], [1, 15, -2, -2, -2, 3, -2], [1, 15, -2, -2, 1, -2, -2], [1, 12, -2, -2, -2, 2, 1], [1, 12, -2, -2, 1, -2, 1], [1, 12, 4, -2, -2, 2, -2], [1, 12, 4, -2, 1, -2, -2], [1, 9, -2, -2, -2, -2, -2], [1, 8, -2, 4, -2, -2, -2], [1, 7, -2, 4, -2, -2, -2], [0, 12, -2, -2, 1, 2, -2]]
0.15 65 
 [[-2, -2, -2, -2, -2, -2, 5], [-2, -2, -2, -2, -2, 5, 0], [-2, -2, -2, -2, -2, 1, 0], [-2, -2, -2, -2, -2, 0, 0], [-2, -2, -2, 1, -2, -2, 0], [-2, -2, 2, -2, -2, 5, -2], [-2, -2, 2, -2, -2, 1, -2], [-2, -2, 2, -2, -2, 0, -2], [-2, -2, 2, 2, 0, -2, -2], [-2, -2, 2, 1, -2, -2, -2], [-2, 15, -2, -2, -2, -2, 0], [-2, 15, -2, -2, 1, 1, -2], [-2, 15, 2, -2, -2, -2, -2], [-2, 12, -2, 1, -2, -2, -2], [-2, 12, 4, 4, 1, 2, 1], [-2, 11, -2, -2, -2, 3, 0], [-2, 11, -2, -2, 1, 3, -2], [-2, 11, -2, 4, 1, 0, -2], [-2, 11, 2, -2, -2, 3, -2], [-2, 11, 2, -2, 0, -2, -2], [-2, 10, -2, -2, -2, -2, -2], [-2, 9, -2, -2, -2, 0, -2], [-2, 9, -2, -2, 1, 5, -2], [-2, 9, -2, -2, 1, 1, -2], [-2, 9, -2, 2, -2, -2, 0], [-2, 9, 2, -2, -2, 4, -2], [-2, 9, 2, -2, 0, -2, -2], [-2, 9, 2, 2, -2, -2, -2], [-2, 8, -2, -2, -2, -2, 0], [-2, 8, -2, -2, -2, 1, -2], [-2, 8, 2, -2, -2, -2, -2], [-2, 7, -2, -2, -2, -2, 0], [-2, 7, 2, -2, -2, -2, -2], [2, -2, -2, -2, 1, 5, -2], [2, -2, -2, 4, 1, 0, -2], [2, -2, -2, 1, 1, -2, -2], [2, -2, 2, -2, 0, -2, -2], [2, 15, -2, -2, 1, -2, -2], [2, 12, -2, -2, -2, 1, -2], [2, 12, 0, -2, -2, -2, -2], [2, 11, -2, -2, -2, -2, 0], [2, 11, -2, -2, -2, 3, -2], [2, 11, 2, -2, -2, -2, -2], [2, 9, -2, -2, -2, 1, -2], [2, 9, 0, -2, -2, -2, -2], [2, 8, -2, -2, 1, -2, -2], [2, 7, -2, -2, -2, -2, -2], [1, -2, -2, 4, 1, 1, -2], [1, -2, 4, -2, 0, 1, 1], [1, -2, 2, -2, 0, 4, -2], [1, -2, 2, -2, 0, 2, -2], [1, 12, -2, -2, -2, 2, 1], [1, 12, 4, -2, -2, 2, -2], [1, 12, 4, -2, 1, -2, -2], [1, 11, -2, -2, -2, -2, 0], [1, 11, -2, -2, -2, 3, -2], [1, 11, -2, -2, -2, 0, -2], [1, 11, 2, -2, -2, -2, -2], [1, 9, -2, -2, -2, 4, 0], [1, 9, -2, -2, 1, 4, -2], [1, 8, -2, -2, 1, -2, -2], [1, 7, -2, -2, 1, -2, -2], [0, 12, 2, -2, -2, -2, -2], [0, 9, -2, -2, -2, -2, 0], [0, 9, 2, -2, -2, -2, -2]]
0.2 69 
 [[-2, -2, -2, -2, -2, 5, 5], [-2, -2, -2, 1, -2, 2, 0], [-2, 15, -2, -2, -2, 1, 0], [-2, 15, -2, 4, 1, 1, -2], [-2, 15, 2, -2, -2, 5, -2], [-2, 15, 2, -2, -2, 1, -2], [-2, 12, -2, 1, -2, -2, -2], [-2, 12, 2, 4, -2, 5, -2], [-2, 11, -2, -2, -2, 3, 0], [-2, 11, -2, -2, -2, 0, 0], [-2, 11, -2, 4, -2, -2, 5], [-2, 11, -2, 4, -2, 5, 0], [-2, 11, -2, 1, -2, -2, 0], [-2, 11, 2, -2, -2, 3, -2], [-2, 11, 2, -2, -2, 0, -2], [-2, 11, 2, 4, -2, 5, -2], [-2, 11, 2, 4, 0, 2, -2], [-2, 10, -2, -2, -2, -2, 1], [-2, 10, -2, -2, 0, -2, -2], [-2, 10, 4, -2, -2, -2, -2], [-2, 9, -2, -2, -2, 5, 0], [-2, 9, -2, -2, -2, 1, 0], [-2, 9, -2, 1, -2, -2, 0], [-2, 9, 2, -2, -2, 5, -2], [-2, 9, 2, -2, -2, 0, -2], [-2, 9, 2, -2, 1, 1, -2], [-2, 9, 2, 4, -2, 2, 5], [-2, 9, 2, 1, -2, -2, -2], [-2, 8, -2, -2, -2, -2, 0], [-2, 8, -2, -2, 1, 1, -2], [-2, 8, -2, 4, -2, 1, -2], [-2, 8, 2, -2, 1, -2, -2], [-2, 7, -2, -2, -2, -2, 0], [-2, 7, 2, -2, -2, -2, -2], [2, 11, -2, -2, -2, -2, 5], [2, 11, -2, -2, 1, 3, -2], [2, 11, 2, -2, 0, -2, -2], [2, 11, 2, 4, -2, 2, -2], [2, 8, -2, 4, 1, -2, -2], [2, 8, 2, 4, -2, -2, -2], [2, 7, -2, -2, 1, -2, -2], [1, -2, -2, 4, -2, 1, 0], [1, -2, 2, 4, 1, 1, -2], [1, 15, -2, -2, 1, 1, -2], [1, 15, -2, 4, -2, 2, 0], [1, 15, -2, 2, -2, -2, 0], [1, 15, 2, 4, 1, 2, -2], [1, 15, 2, 2, -2, -2, -2], [1, 12, -2, -2, 1, 2, 1], [1, 12, 4, -2, -2, 2, 1], [1, 12, 4, 4, -2, 2, -2], [1, 12, 4, 4, 1, -2, -2], [1, 11, -2, -2, -2, -2, 5], [1, 11, -2, -2, 1, 0, -2], [1, 11, -2, 4, -2, 0, -2], [1, 11, 2, -2, 0, 2, -2], [1, 11, 2, 4, -2, 1, -2], [1, 11, 2, 4, 0, -2, -2], [1, 9, -2, -2, -2, 0, -2], [1, 9, 2, -2, 1, 4, -2], [1, 9, 2, 4, -2, 4, -2], [1, 8, -2, -2, -2, 1, -2], [1, 8, 2, -2, -2, -2, -2], [0, -2, -2, -2, -2, 1, 0], [0, -2, 2, -2, -2, 5, -2], [0, -2, 2, -2, 1, 1, -2], [0, 12, 2, -2, -2, -2, -2], [0, 9, -2, -2, -2, -2, 5], [0, 9, 2, -2, -2, -2, -2]]
0.25 32 
 [[-2, 15, -2, -2, -2, 1, 0], [-2, 15, 2, -2, 1, 1, -2], [-2, 15, 2, 4, -2, 1, -2], [-2, 11, -2, 4, -2, 0, 0], [-2, 11, 2, 4, -2, 0, -2], [-2, 10, -2, -2, -2, -2, 1], [-2, 10, -2, 4, 0, -2, -2], [-2, 10, 4, -2, -2, -2, -2], [-2, 9, -2, 4, -2, 5, 0], [-2, 9, -2, 1, -2, -2, 0], [-2, 9, 2, 4, 1, 5, -2], [-2, 9, 2, 1, -2, 2, -2], [2, 11, -2, -2, -2, -2, 5], [2, 11, 2, -2, 0, -2, -2], [2, 8, -2, 4, -2, -2, 0], [2, 8, 2, 4, 1, -2, -2], [2, 7, -2, -2, -2, -2, 0], [2, 7, 2, -2, -2, -2, -2], [1, 15, -2, 4, 1, 1, -2], [1, 11, -2, -2, -2, 0, 0], [1, 11, -2, -2, 1, 0, -2], [1, 11, -2, 4, -2, 2, 5], [1, 11, 2, -2, -2, 0, -2], [1, 8, -2, -2, -2, 2, 0], [1, 8, 2, -2, 1, 2, -2], [1, 7, -2, -2, -2, 2, 0], [1, 7, 2, -2, -2, -2, -2], [0, -2, -2, -2, -2, 1, 0], [0, -2, 2, -2, -2, 5, -2], [0, 12, 2, -2, -2, -2, -2], [0, 9, -2, -2, -2, -2, 5], [0, 9, 2, -2, 0, -2, -2]]
0.3 7 
 [[-2, 15, -2, 4, -2, 1, 0], [-2, 15, 2, 4, 1, 1, -2], [-2, 10, -2, -2, -2, -2, 1], [-2, 10, 4, -2, -2, -2, -2], [2, 11, -2, 4, -2, -2, 5], [1, 11, -2, -2, -2, 0, 0], [1, 11, 2, -2, -2, 0, -2]]
