overall accuracy: 0.808058024855159
execution time
10 3.008228063583374
20 2.1045138835906982
30 1.7073829174041748
40 1.4732108116149902
50 1.2344801425933838
60 1.118988037109375
70 1.0259318351745605
80 0.9287679195404053
90 0.9082889556884766
100 0.887120246887207


number of calculations
10 33124.0
20 22876.0
30 18866.0
40 15967.0
50 13922.0
60 12438.0
70 11176.0
80 10235.0
90 9420.0
100 8686.0


number of patterns found
10 217 
 [[-2, -2, -2, -2, -2, 5, 5], [-2, -2, -2, -2, -2, 0, 5], [-2, -2, -2, 2, -2, 4, 0], [-2, -2, -2, 2, -2, 3, -2], [-2, -2, -2, 2, -2, 1, 5], [-2, -2, -2, 1, -2, 4, -2], [-2, -2, -2, 1, -2, 2, 0], [-2, -2, -2, 1, -2, 1, 0], [-2, -2, -2, 1, 1, 1, -2], [-2, -2, 3, -2, -2, 4, 1], [-2, -2, 2, -2, 0, 0, -2], [-2, -2, 2, 2, -2, 4, -2], [-2, -2, 2, 2, 0, 1, -2], [-2, -2, 2, 1, -2, 1, -2], [-2, -2, 1, -2, -2, -2, 5], [-2, -2, 1, -2, 0, -2, -2], [-2, 15, -2, -2, -2, 4, 5], [-2, 15, -2, -2, -2, 1, 0], [-2, 15, -2, 4, 1, 1, -2], [-2, 15, -2, 2, -2, -2, 5], [-2, 15, 2, -2, -2, 5, -2], [-2, 15, 2, -2, -2, 1, -2], [-2, 15, 2, -2, 0, 4, -2], [-2, 15, 2, 3, -2, 2, -2], [-2, 15, 2, 2, 0, -2, -2], [-2, 15, 2, 1, 1, 2, -2], [-2, 14, 4, 4, 1, 2, 1], [-2, 12, -2, -2, -2, 3, 1], [-2, 12, -2, 4, -2, 5, 0], [-2, 12, -2, 1, -2, -2, -2], [-2, 12, 4, -2, 1, 4, -2], [-2, 12, 3, -2, -2, -2, -2], [-2, 12, 2, 4, -2, 5, -2], [-2, 12, 0, -2, -2, 1, 1], [-2, 12, 0, 2, -2, -2, -2], [-2, 11, -2, -2, -2, 3, 0], [-2, 11, -2, -2, -2, 1, 5], [-2, 11, -2, -2, -2, 0, 0], [-2, 11, -2, 4, -2, -2, 5], [-2, 11, -2, 4, -2, 5, 0], [-2, 11, -2, 1, -2, -2, 0], [-2, 11, 2, -2, -2, 3, -2], [-2, 11, 2, -2, -2, 0, -2], [-2, 11, 2, -2, 0, 1, -2], [-2, 11, 2, 4, -2, 5, -2], [-2, 11, 2, 4, 0, 2, -2], [-2, 10, -2, -2, -2, -2, 1], [-2, 10, -2, -2, -2, 4, -2], [-2, 10, -2, -2, -2, 3, -2], [-2, 10, -2, -2, -2, 1, -2], [-2, 10, -2, -2, 0, -2, -2], [-2, 10, -2, 1, -2, -2, -2], [-2, 10, 4, -2, -2, -2, -2], [-2, 10, 0, -2, -2, -2, -2], [-2, 9, -2, -2, -2, 5, 0], [-2, 9, -2, -2, -2, 1, 0], [-2, 9, -2, -2, 1, 0, 1], [-2, 9, -2, 4, -2, 4, 5], [-2, 9, -2, 4, -2, 0, 1], [-2, 9, -2, 1, -2, -2, 0], [-2, 9, -2, 1, -2, 0, -2], [-2, 9, 6, -2, 1, -2, -2], [-2, 9, 4, 4, 1, 0, -2], [-2, 9, 3, -2, 1, -2, -2], [-2, 9, 2, -2, -2, 5, -2], [-2, 9, 2, -2, -2, 0, -2], [-2, 9, 2, -2, 1, 1, -2], [-2, 9, 2, -2, 0, 4, -2], [-2, 9, 2, 4, -2, 2, 5], [-2, 9, 2, 1, -2, -2, -2], [-2, 9, 0, -2, -2, 1, 1], [-2, 9, 0, -2, 1, 2, 4], [-2, 9, 0, 2, -2, -2, -2], [-2, 9, 0, 1, -2, 2, -2], [-2, 8, -2, -2, -2, -2, 0], [-2, 8, -2, -2, 1, 5, -2], [-2, 8, -2, -2, 1, 1, -2], [-2, 8, -2, 4, -2, 1, -2], [-2, 8, 4, -2, -2, 1, 1], [-2, 8, 2, -2, -2, 5, -2], [-2, 8, 2, -2, -2, 1, -2], [-2, 8, 2, -2, 1, -2, -2], [-2, 8, 2, 1, -2, -2, -2], [-2, 7, -2, -2, -2, -2, 5], [-2, 7, -2, -2, -2, -2, 0], [-2, 7, -2, -2, 1, 4, -2], [-2, 7, -2, -2, 0, 0, -2], [-2, 7, 2, -2, -2, -2, -2], [-2, 6, 2, 2, -2, -2, -2], [-2, 0, -2, 2, -2, -2, 0], [-2, 0, 2, 2, -2, -2, -2], [2, -2, -2, -2, -2, 1, 5], [2, -2, -2, -2, 1, 5, 1], [2, -2, -2, 2, -2, -2, 5], [2, -2, -2, 1, -2, -2, 4], [2, -2, -2, 1, -2, 1, -2], [2, -2, 4, -2, -2, 5, -2], [2, -2, 2, -2, 0, 1, -2], [2, -2, 2, 2, 0, -2, -2], [2, 15, -2, -2, -2, 5, 0], [2, 15, -2, -2, -2, 0, 0], [2, 15, -2, -2, 1, 5, -2], [2, 15, -2, -2, 1, 1, -2], [2, 15, 4, -2, 1, -2, 1], [2, 15, 4, 4, 1, 2, -2], [2, 15, 2, -2, 1, 0, -2], [2, 15, 2, 4, -2, 0, -2], [2, 15, 2, 2, -2, -2, -2], [2, 12, -2, -2, -2, 5, -2], [2, 12, -2, -2, 0, 1, 1], [2, 12, -2, 4, -2, 1, 0], [2, 12, 2, 4, 1, 1, -2], [2, 12, 0, -2, -2, 1, -2], [2, 12, 0, -2, 0, -2, 4], [2, 11, -2, -2, -2, -2, 5], [2, 11, -2, -2, -2, 5, 0], [2, 11, -2, -2, 1, 5, -2], [2, 11, -2, -2, 1, 3, -2], [2, 11, -2, 1, -2, -2, -2], [2, 11, 2, -2, -2, 5, -2], [2, 11, 2, -2, 0, -2, -2], [2, 11, 2, 4, -2, 2, -2], [2, 10, -2, -2, 1, 2, -2], [2, 9, -2, -2, -2, 5, -2], [2, 9, -2, -2, -2, 0, 0], [2, 9, -2, -2, 1, -2, 4], [2, 9, -2, -2, 1, 1, -2], [2, 9, -2, -2, 1, 0, -2], [2, 9, -2, 4, -2, -2, 5], [2, 9, -2, 4, -2, 1, -2], [2, 9, -2, 2, -2, -2, -2], [2, 9, -2, 1, -2, -2, -2], [2, 9, 2, -2, -2, 1, -2], [2, 9, 2, 4, 0, -2, -2], [2, 9, 0, -2, -2, -2, 4], [2, 9, 0, -2, 1, 2, -2], [2, 8, -2, -2, 1, 4, -2], [2, 8, -2, 4, 1, -2, -2], [2, 8, 2, 4, -2, -2, -2], [2, 7, -2, -2, -2, 1, -2], [2, 7, -2, -2, 1, -2, -2], [1, -2, -2, -2, 0, 3, 1], [1, -2, -2, 4, -2, 1, 0], [1, -2, -2, 2, -2, 4, 1], [1, -2, -2, 2, -2, 0, 0], [1, -2, -2, 2, 0, 4, -2], [1, -2, -2, 1, -2, -2, 5], [1, -2, -2, 1, -2, 0, -2], [1, -2, 6, -2, 1, -2, -2], [1, -2, 2, 4, -2, 2, 3], [1, -2, 2, 4, 1, -2, 3], [1, -2, 2, 4, 1, 1, -2], [1, -2, 2, 2, -2, 0, -2], [1, 15, -2, -2, 1, 1, -2], [1, 15, -2, 4, -2, 2, 0], [1, 15, -2, 2, -2, -2, 0], [1, 15, 6, -2, -2, 2, -2], [1, 15, 2, 4, 1, 2, -2], [1, 15, 2, 2, -2, -2, -2], [1, 12, -2, -2, -2, 1, 5], [1, 12, -2, -2, 1, 2, 1], [1, 12, -2, 4, -2, -2, 3], [1, 12, -2, 2, -2, -2, 0], [1, 12, 4, -2, -2, 2, 1], [1, 12, 4, -2, 1, 2, -2], [1, 12, 4, 4, -2, 2, -2], [1, 12, 4, 4, 1, -2, -2], [1, 12, 2, -2, 0, 1, -2], [1, 12, 2, 2, -2, -2, -2], [1, 11, -2, -2, -2, -2, 5], [1, 11, -2, -2, 1, 0, -2], [1, 11, -2, 4, -2, 0, -2], [1, 11, -2, 0, -2, 2, 0], [1, 11, 2, -2, 0, 2, -2], [1, 11, 2, 4, -2, 1, -2], [1, 11, 2, 4, 0, -2, -2], [1, 11, 2, 0, -2, 2, -2], [1, 9, -2, -2, -2, 3, 1], [1, 9, -2, -2, -2, 1, 1], [1, 9, -2, -2, -2, 0, -2], [1, 9, -2, 3, -2, -2, -2], [1, 9, 6, 4, -2, -2, -2], [1, 9, 4, -2, -2, 1, -2], [1, 9, 3, -2, 0, 2, -2], [1, 9, 2, -2, 1, 4, -2], [1, 9, 2, 4, -2, 4, -2], [1, 8, -2, -2, -2, 5, -2], [1, 8, -2, -2, -2, 1, -2], [1, 8, -2, 1, -2, -2, -2], [1, 8, 2, -2, -2, -2, -2], [1, 7, -2, -2, -2, 4, -2], [1, 4, -2, -2, -2, 4, 0], [1, 4, -2, -2, 1, 4, -2], [1, 4, 2, -2, -2, 4, -2], [1, 2, -2, 4, -2, 2, 0], [0, -2, -2, -2, -2, 1, 0], [0, -2, -2, 1, -2, -2, 0], [0, -2, 2, -2, -2, 5, -2], [0, -2, 2, -2, 1, 1, -2], [0, -2, 2, -2, 0, 4, -2], [0, -2, 2, 1, -2, -2, -2], [0, 15, -2, -2, -2, 4, 0], [0, 15, 2, -2, -2, 4, -2], [0, 14, -2, -2, 1, -2, 1], [0, 14, -2, 4, -2, -2, 0], [0, 14, -2, 4, 1, -2, -2], [0, 14, 4, -2, 1, 2, -2], [0, 14, 2, 4, -2, -2, -2], [0, 12, -2, -2, -2, -2, 5], [0, 12, -2, -2, -2, -2, 0], [0, 12, 2, -2, -2, -2, -2], [0, 10, -2, -2, -2, -2, -2], [0, 9, -2, -2, -2, -2, 5], [0, 9, 2, -2, -2, -2, -2], [0, 8, -2, -2, -2, -2, 5], [0, 2, -2, -2, -2, -2, 0], [0, 2, 2, 4, -2, -2, -2]]
20 139 
 [[-2, -2, -2, -2, -2, 5, 5], [-2, -2, -2, -2, -2, 0, 5], [-2, -2, -2, 2, -2, 4, 0], [-2, -2, -2, 1, -2, 4, -2], [-2, -2, -2, 1, -2, 2, 0], [-2, -2, -2, 1, 1, 1, -2], [-2, -2, 2, -2, 0, 0, -2], [-2, -2, 2, 2, -2, 4, -2], [-2, 15, -2, -2, -2, 4, 5], [-2, 15, -2, -2, -2, 1, 0], [-2, 15, -2, 4, 1, 1, -2], [-2, 15, 2, -2, -2, 5, -2], [-2, 15, 2, -2, -2, 1, -2], [-2, 15, 2, -2, 0, 4, -2], [-2, 15, 2, 1, 1, 2, -2], [-2, 12, -2, 4, -2, 5, 0], [-2, 12, -2, 1, -2, -2, -2], [-2, 12, 2, 4, -2, 5, -2], [-2, 12, 0, -2, -2, 1, 1], [-2, 11, -2, -2, -2, 3, 0], [-2, 11, -2, -2, -2, 0, 0], [-2, 11, -2, 4, -2, -2, 5], [-2, 11, -2, 4, -2, 5, 0], [-2, 11, -2, 1, -2, -2, 0], [-2, 11, 2, -2, -2, 3, -2], [-2, 11, 2, -2, -2, 0, -2], [-2, 11, 2, 4, -2, 5, -2], [-2, 11, 2, 4, 0, 2, -2], [-2, 10, -2, -2, -2, -2, 1], [-2, 10, -2, -2, -2, 4, -2], [-2, 10, -2, -2, -2, 3, -2], [-2, 10, -2, -2, 0, -2, -2], [-2, 10, -2, 1, -2, -2, -2], [-2, 10, 4, -2, -2, -2, -2], [-2, 10, 0, -2, -2, -2, -2], [-2, 9, -2, -2, -2, 5, 0], [-2, 9, -2, -2, -2, 1, 0], [-2, 9, -2, -2, 1, 0, 1], [-2, 9, -2, 4, -2, 4, 5], [-2, 9, -2, 4, -2, 0, 1], [-2, 9, -2, 1, -2, -2, 0], [-2, 9, 2, -2, -2, 5, -2], [-2, 9, 2, -2, -2, 0, -2], [-2, 9, 2, -2, 1, 1, -2], [-2, 9, 2, -2, 0, 4, -2], [-2, 9, 2, 4, -2, 2, 5], [-2, 9, 2, 1, -2, -2, -2], [-2, 9, 0, -2, 1, 2, 4], [-2, 9, 0, 2, -2, -2, -2], [-2, 8, -2, -2, -2, -2, 0], [-2, 8, -2, -2, 1, 5, -2], [-2, 8, -2, -2, 1, 1, -2], [-2, 8, -2, 4, -2, 1, -2], [-2, 8, 2, -2, -2, 1, -2], [-2, 8, 2, -2, 1, -2, -2], [-2, 7, -2, -2, -2, -2, 5], [-2, 7, -2, -2, -2, -2, 0], [-2, 7, -2, -2, 1, 4, -2], [-2, 7, 2, -2, -2, -2, -2], [2, -2, -2, -2, -2, 1, 5], [2, -2, 2, -2, 0, 1, -2], [2, -2, 2, 2, 0, -2, -2], [2, 15, -2, -2, -2, 0, 0], [2, 15, -2, -2, 1, 5, -2], [2, 15, -2, -2, 1, 1, -2], [2, 15, 2, -2, 1, 0, -2], [2, 15, 2, 4, -2, 0, -2], [2, 12, -2, -2, -2, 5, -2], [2, 12, -2, 4, -2, 1, 0], [2, 12, 2, 4, 1, 1, -2], [2, 11, -2, -2, -2, -2, 5], [2, 11, -2, -2, -2, 5, 0], [2, 11, -2, -2, 1, 5, -2], [2, 11, -2, -2, 1, 3, -2], [2, 11, -2, 1, -2, -2, -2], [2, 11, 2, -2, -2, 5, -2], [2, 11, 2, -2, 0, -2, -2], [2, 11, 2, 4, -2, 2, -2], [2, 10, -2, -2, 1, 2, -2], [2, 9, -2, -2, -2, 5, -2], [2, 9, -2, -2, 1, 1, -2], [2, 9, -2, 4, -2, -2, 5], [2, 9, -2, 4, -2, 1, -2], [2, 9, -2, 2, -2, -2, -2], [2, 9, -2, 1, -2, -2, -2], [2, 9, 2, -2, -2, 1, -2], [2, 9, 2, 4, 0, -2, -2], [2, 9, 0, -2, -2, -2, 4], [2, 9, 0, -2, 1, 2, -2], [2, 8, -2, 4, 1, -2, -2], [2, 8, 2, 4, -2, -2, -2], [2, 7, -2, -2, 1, -2, -2], [1, -2, -2, 4, -2, 1, 0], [1, -2, -2, 2, -2, 0, 0], [1, -2, -2, 1, -2, -2, 5], [1, -2, -2, 1, -2, 0, -2], [1, -2, 6, -2, 1, -2, -2], [1, -2, 2, 4, 1, 1, -2], [1, -2, 2, 2, -2, 0, -2], [1, 15, -2, -2, 1, 1, -2], [1, 15, -2, 4, -2, 2, 0], [1, 15, -2, 2, -2, -2, 0], [1, 15, 6, -2, -2, 2, -2], [1, 15, 2, 4, 1, 2, -2], [1, 15, 2, 2, -2, -2, -2], [1, 12, -2, -2, -2, 1, 5], [1, 12, -2, -2, 1, 2, 1], [1, 12, 4, -2, -2, 2, 1], [1, 12, 4, -2, 1, 2, -2], [1, 12, 4, 4, -2, 2, -2], [1, 12, 4, 4, 1, -2, -2], [1, 12, 2, -2, 0, 1, -2], [1, 11, -2, -2, -2, -2, 5], [1, 11, -2, -2, 1, 0, -2], [1, 11, -2, 4, -2, 0, -2], [1, 11, 2, -2, 0, 2, -2], [1, 11, 2, 4, -2, 1, -2], [1, 11, 2, 4, 0, -2, -2], [1, 9, -2, -2, -2, 1, 1], [1, 9, -2, -2, -2, 0, -2], [1, 9, 4, -2, -2, 1, -2], [1, 9, 2, -2, 1, 4, -2], [1, 9, 2, 4, -2, 4, -2], [1, 8, -2, -2, -2, 5, -2], [1, 8, -2, -2, -2, 1, -2], [1, 8, 2, -2, -2, -2, -2], [1, 7, -2, -2, -2, 4, -2], [1, 2, -2, 4, -2, 2, 0], [0, -2, -2, -2, -2, 1, 0], [0, -2, -2, 1, -2, -2, 0], [0, -2, 2, -2, -2, 5, -2], [0, -2, 2, -2, 1, 1, -2], [0, -2, 2, 1, -2, -2, -2], [0, 15, 2, -2, -2, 4, -2], [0, 14, -2, 4, 1, -2, -2], [0, 12, -2, -2, -2, -2, 0], [0, 12, 2, -2, -2, -2, -2], [0, 9, -2, -2, -2, -2, 5], [0, 9, 2, -2, -2, -2, -2]]
30 97 
 [[-2, -2, -2, -2, -2, 5, 5], [-2, -2, -2, -2, -2, 0, 5], [-2, -2, -2, 1, -2, 4, -2], [-2, -2, -2, 1, -2, 2, 0], [-2, -2, 2, -2, 0, 0, -2], [-2, 15, -2, -2, -2, 1, 0], [-2, 15, -2, 4, 1, 1, -2], [-2, 15, 2, -2, -2, 5, -2], [-2, 15, 2, -2, -2, 1, -2], [-2, 12, -2, 4, -2, 5, 0], [-2, 12, -2, 1, -2, -2, -2], [-2, 12, 2, 4, -2, 5, -2], [-2, 11, -2, -2, -2, 3, 0], [-2, 11, -2, -2, -2, 0, 0], [-2, 11, -2, 4, -2, -2, 5], [-2, 11, -2, 4, -2, 5, 0], [-2, 11, -2, 1, -2, -2, 0], [-2, 11, 2, -2, -2, 3, -2], [-2, 11, 2, -2, -2, 0, -2], [-2, 11, 2, 4, -2, 5, -2], [-2, 11, 2, 4, 0, 2, -2], [-2, 10, -2, -2, -2, -2, 1], [-2, 10, -2, -2, -2, 4, -2], [-2, 10, -2, -2, 0, -2, -2], [-2, 10, 4, -2, -2, -2, -2], [-2, 10, 0, -2, -2, -2, -2], [-2, 9, -2, -2, -2, 5, 0], [-2, 9, -2, -2, -2, 1, 0], [-2, 9, -2, 4, -2, 0, 1], [-2, 9, -2, 1, -2, -2, 0], [-2, 9, 2, -2, -2, 5, -2], [-2, 9, 2, -2, -2, 0, -2], [-2, 9, 2, -2, 1, 1, -2], [-2, 9, 2, 4, -2, 2, 5], [-2, 9, 2, 1, -2, -2, -2], [-2, 9, 0, 2, -2, -2, -2], [-2, 8, -2, -2, -2, -2, 0], [-2, 8, -2, -2, 1, 1, -2], [-2, 8, -2, 4, -2, 1, -2], [-2, 8, 2, -2, -2, 1, -2], [-2, 8, 2, -2, 1, -2, -2], [-2, 7, -2, -2, -2, -2, 5], [-2, 7, -2, -2, -2, -2, 0], [-2, 7, -2, -2, 1, 4, -2], [-2, 7, 2, -2, -2, -2, -2], [2, 15, -2, -2, 1, 1, -2], [2, 12, -2, -2, -2, 5, -2], [2, 12, -2, 4, -2, 1, 0], [2, 12, 2, 4, 1, 1, -2], [2, 11, -2, -2, -2, -2, 5], [2, 11, -2, -2, 1, 3, -2], [2, 11, -2, 1, -2, -2, -2], [2, 11, 2, -2, 0, -2, -2], [2, 11, 2, 4, -2, 2, -2], [2, 10, -2, -2, 1, 2, -2], [2, 9, -2, -2, -2, 5, -2], [2, 9, -2, -2, 1, 1, -2], [2, 9, -2, 4, -2, 1, -2], [2, 9, 2, -2, -2, 1, -2], [2, 9, 0, -2, 1, 2, -2], [2, 8, -2, 4, 1, -2, -2], [2, 8, 2, 4, -2, -2, -2], [2, 7, -2, -2, 1, -2, -2], [1, -2, -2, 4, -2, 1, 0], [1, -2, 2, 4, 1, 1, -2], [1, 15, -2, -2, 1, 1, -2], [1, 15, -2, 4, -2, 2, 0], [1, 15, -2, 2, -2, -2, 0], [1, 15, 2, 4, 1, 2, -2], [1, 15, 2, 2, -2, -2, -2], [1, 12, -2, -2, 1, 2, 1], [1, 12, 4, -2, -2, 2, 1], [1, 12, 4, -2, 1, 2, -2], [1, 12, 4, 4, -2, 2, -2], [1, 12, 4, 4, 1, -2, -2], [1, 11, -2, -2, -2, -2, 5], [1, 11, -2, -2, 1, 0, -2], [1, 11, -2, 4, -2, 0, -2], [1, 11, 2, -2, 0, 2, -2], [1, 11, 2, 4, -2, 1, -2], [1, 11, 2, 4, 0, -2, -2], [1, 9, -2, -2, -2, 1, 1], [1, 9, -2, -2, -2, 0, -2], [1, 9, 4, -2, -2, 1, -2], [1, 9, 2, -2, 1, 4, -2], [1, 9, 2, 4, -2, 4, -2], [1, 8, -2, -2, -2, 1, -2], [1, 8, 2, -2, -2, -2, -2], [0, -2, -2, -2, -2, 1, 0], [0, -2, -2, 1, -2, -2, 0], [0, -2, 2, -2, -2, 5, -2], [0, -2, 2, -2, 1, 1, -2], [0, -2, 2, 1, -2, -2, -2], [0, 12, -2, -2, -2, -2, 0], [0, 12, 2, -2, -2, -2, -2], [0, 9, -2, -2, -2, -2, 5], [0, 9, 2, -2, -2, -2, -2]]
40 77 
 [[-2, -2, -2, -2, -2, 5, 5], [-2, -2, -2, 1, -2, 4, -2], [-2, -2, -2, 1, -2, 2, 0], [-2, 15, -2, -2, -2, 1, 0], [-2, 15, -2, 4, 1, 1, -2], [-2, 15, 2, -2, -2, 5, -2], [-2, 15, 2, -2, -2, 1, -2], [-2, 12, -2, 4, -2, 5, 0], [-2, 12, -2, 1, -2, -2, -2], [-2, 12, 2, 4, -2, 5, -2], [-2, 11, -2, -2, -2, 3, 0], [-2, 11, -2, -2, -2, 0, 0], [-2, 11, -2, 4, -2, -2, 5], [-2, 11, -2, 4, -2, 5, 0], [-2, 11, -2, 1, -2, -2, 0], [-2, 11, 2, -2, -2, 3, -2], [-2, 11, 2, -2, -2, 0, -2], [-2, 11, 2, 4, -2, 5, -2], [-2, 11, 2, 4, 0, 2, -2], [-2, 10, -2, -2, -2, -2, 1], [-2, 10, -2, -2, 0, -2, -2], [-2, 10, 4, -2, -2, -2, -2], [-2, 9, -2, -2, -2, 5, 0], [-2, 9, -2, -2, -2, 1, 0], [-2, 9, -2, 1, -2, -2, 0], [-2, 9, 2, -2, -2, 5, -2], [-2, 9, 2, -2, -2, 0, -2], [-2, 9, 2, -2, 1, 1, -2], [-2, 9, 2, 4, -2, 2, 5], [-2, 9, 2, 1, -2, -2, -2], [-2, 8, -2, -2, -2, -2, 0], [-2, 8, -2, -2, 1, 1, -2], [-2, 8, -2, 4, -2, 1, -2], [-2, 8, 2, -2, 1, -2, -2], [-2, 7, -2, -2, -2, -2, 5], [-2, 7, -2, -2, -2, -2, 0], [-2, 7, 2, -2, -2, -2, -2], [2, 11, -2, -2, -2, -2, 5], [2, 11, -2, -2, 1, 3, -2], [2, 11, 2, -2, 0, -2, -2], [2, 11, 2, 4, -2, 2, -2], [2, 9, -2, 4, -2, 1, -2], [2, 8, -2, 4, 1, -2, -2], [2, 8, 2, 4, -2, -2, -2], [2, 7, -2, -2, 1, -2, -2], [1, -2, -2, 4, -2, 1, 0], [1, -2, 2, 4, 1, 1, -2], [1, 15, -2, -2, 1, 1, -2], [1, 15, -2, 4, -2, 2, 0], [1, 15, -2, 2, -2, -2, 0], [1, 15, 2, 4, 1, 2, -2], [1, 15, 2, 2, -2, -2, -2], [1, 12, -2, -2, 1, 2, 1], [1, 12, 4, -2, -2, 2, 1], [1, 12, 4, -2, 1, 2, -2], [1, 12, 4, 4, -2, 2, -2], [1, 12, 4, 4, 1, -2, -2], [1, 11, -2, -2, -2, -2, 5], [1, 11, -2, -2, 1, 0, -2], [1, 11, -2, 4, -2, 0, -2], [1, 11, 2, -2, 0, 2, -2], [1, 11, 2, 4, -2, 1, -2], [1, 11, 2, 4, 0, -2, -2], [1, 9, -2, -2, -2, 1, 1], [1, 9, -2, -2, -2, 0, -2], [1, 9, 4, -2, -2, 1, -2], [1, 9, 2, -2, 1, 4, -2], [1, 9, 2, 4, -2, 4, -2], [1, 8, -2, -2, -2, 1, -2], [1, 8, 2, -2, -2, -2, -2], [0, -2, -2, -2, -2, 1, 0], [0, -2, 2, -2, -2, 5, -2], [0, -2, 2, -2, 1, 1, -2], [0, -2, 2, 1, -2, -2, -2], [0, 12, 2, -2, -2, -2, -2], [0, 9, -2, -2, -2, -2, 5], [0, 9, 2, -2, -2, -2, -2]]
50 69 
 [[-2, -2, -2, -2, -2, 5, 5], [-2, -2, -2, 1, -2, 2, 0], [-2, 15, -2, -2, -2, 1, 0], [-2, 15, -2, 4, 1, 1, -2], [-2, 15, 2, -2, -2, 5, -2], [-2, 15, 2, -2, -2, 1, -2], [-2, 12, -2, 1, -2, -2, -2], [-2, 12, 2, 4, -2, 5, -2], [-2, 11, -2, -2, -2, 3, 0], [-2, 11, -2, -2, -2, 0, 0], [-2, 11, -2, 4, -2, -2, 5], [-2, 11, -2, 4, -2, 5, 0], [-2, 11, -2, 1, -2, -2, 0], [-2, 11, 2, -2, -2, 3, -2], [-2, 11, 2, -2, -2, 0, -2], [-2, 11, 2, 4, -2, 5, -2], [-2, 11, 2, 4, 0, 2, -2], [-2, 10, -2, -2, -2, -2, 1], [-2, 10, -2, -2, 0, -2, -2], [-2, 10, 4, -2, -2, -2, -2], [-2, 9, -2, -2, -2, 5, 0], [-2, 9, -2, -2, -2, 1, 0], [-2, 9, -2, 1, -2, -2, 0], [-2, 9, 2, -2, -2, 5, -2], [-2, 9, 2, -2, -2, 0, -2], [-2, 9, 2, -2, 1, 1, -2], [-2, 9, 2, 4, -2, 2, 5], [-2, 9, 2, 1, -2, -2, -2], [-2, 8, -2, -2, -2, -2, 0], [-2, 8, -2, -2, 1, 1, -2], [-2, 8, -2, 4, -2, 1, -2], [-2, 8, 2, -2, 1, -2, -2], [-2, 7, -2, -2, -2, -2, 0], [-2, 7, 2, -2, -2, -2, -2], [2, 11, -2, -2, -2, -2, 5], [2, 11, -2, -2, 1, 3, -2], [2, 11, 2, -2, 0, -2, -2], [2, 11, 2, 4, -2, 2, -2], [2, 8, -2, 4, 1, -2, -2], [2, 8, 2, 4, -2, -2, -2], [2, 7, -2, -2, 1, -2, -2], [1, -2, -2, 4, -2, 1, 0], [1, -2, 2, 4, 1, 1, -2], [1, 15, -2, -2, 1, 1, -2], [1, 15, -2, 4, -2, 2, 0], [1, 15, -2, 2, -2, -2, 0], [1, 15, 2, 4, 1, 2, -2], [1, 15, 2, 2, -2, -2, -2], [1, 12, -2, -2, 1, 2, 1], [1, 12, 4, -2, -2, 2, 1], [1, 12, 4, 4, -2, 2, -2], [1, 12, 4, 4, 1, -2, -2], [1, 11, -2, -2, -2, -2, 5], [1, 11, -2, -2, 1, 0, -2], [1, 11, -2, 4, -2, 0, -2], [1, 11, 2, -2, 0, 2, -2], [1, 11, 2, 4, -2, 1, -2], [1, 11, 2, 4, 0, -2, -2], [1, 9, -2, -2, -2, 0, -2], [1, 9, 2, -2, 1, 4, -2], [1, 9, 2, 4, -2, 4, -2], [1, 8, -2, -2, -2, 1, -2], [1, 8, 2, -2, -2, -2, -2], [0, -2, -2, -2, -2, 1, 0], [0, -2, 2, -2, -2, 5, -2], [0, -2, 2, -2, 1, 1, -2], [0, 12, 2, -2, -2, -2, -2], [0, 9, -2, -2, -2, -2, 5], [0, 9, 2, -2, -2, -2, -2]]
60 59 
 [[-2, -2, -2, -2, -2, 5, 5], [-2, -2, -2, 1, -2, 2, 0], [-2, 15, -2, -2, -2, 1, 0], [-2, 15, -2, 4, 1, 1, -2], [-2, 15, 2, -2, -2, 5, -2], [-2, 15, 2, -2, -2, 1, -2], [-2, 12, -2, 1, -2, -2, -2], [-2, 11, -2, -2, -2, 3, 0], [-2, 11, -2, -2, -2, 0, 0], [-2, 11, -2, 4, -2, -2, 5], [-2, 11, -2, 4, -2, 5, 0], [-2, 11, 2, -2, -2, 3, -2], [-2, 11, 2, -2, -2, 0, -2], [-2, 11, 2, 4, -2, 5, -2], [-2, 11, 2, 4, 0, 2, -2], [-2, 10, -2, -2, -2, -2, 1], [-2, 9, -2, -2, -2, 5, 0], [-2, 9, -2, -2, -2, 1, 0], [-2, 9, -2, 1, -2, -2, 0], [-2, 9, 2, -2, -2, 5, -2], [-2, 9, 2, -2, -2, 0, -2], [-2, 9, 2, -2, 1, 1, -2], [-2, 9, 2, 4, -2, 2, 5], [-2, 9, 2, 1, -2, -2, -2], [-2, 8, -2, -2, -2, -2, 0], [-2, 8, -2, 4, -2, 1, -2], [-2, 8, 2, -2, 1, -2, -2], [-2, 7, -2, -2, -2, -2, 0], [-2, 7, 2, -2, -2, -2, -2], [2, 11, -2, -2, -2, -2, 5], [2, 11, -2, -2, 1, 3, -2], [2, 11, 2, -2, 0, -2, -2], [2, 11, 2, 4, -2, 2, -2], [2, 8, -2, 4, 1, -2, -2], [2, 8, 2, 4, -2, -2, -2], [2, 7, -2, -2, 1, -2, -2], [1, -2, -2, 4, -2, 1, 0], [1, -2, 2, 4, 1, 1, -2], [1, 15, -2, -2, 1, 1, -2], [1, 15, -2, 4, -2, 2, 0], [1, 15, -2, 2, -2, -2, 0], [1, 15, 2, 4, 1, 2, -2], [1, 15, 2, 2, -2, -2, -2], [1, 12, -2, -2, 1, 2, 1], [1, 12, 4, -2, -2, 2, 1], [1, 12, 4, 4, -2, 2, -2], [1, 12, 4, 4, 1, -2, -2], [1, 11, -2, -2, -2, -2, 5], [1, 11, -2, -2, 1, 0, -2], [1, 11, -2, 4, -2, 0, -2], [1, 11, 2, -2, 0, 2, -2], [1, 11, 2, 4, -2, 1, -2], [1, 11, 2, 4, 0, -2, -2], [1, 9, -2, -2, -2, 0, -2], [1, 9, 2, -2, 1, 4, -2], [1, 9, 2, 4, -2, 4, -2], [1, 8, 2, -2, -2, -2, -2], [0, -2, 2, -2, 1, 1, -2], [0, 9, 2, -2, -2, -2, -2]]
70 49 
 [[-2, -2, -2, 1, -2, 2, 0], [-2, 15, -2, -2, -2, 1, 0], [-2, 15, -2, 4, 1, 1, -2], [-2, 15, 2, -2, -2, 1, -2], [-2, 11, -2, -2, -2, 3, 0], [-2, 11, -2, -2, -2, 0, 0], [-2, 11, -2, 4, -2, -2, 5], [-2, 11, -2, 4, -2, 5, 0], [-2, 11, 2, -2, -2, 3, -2], [-2, 11, 2, -2, -2, 0, -2], [-2, 11, 2, 4, -2, 5, -2], [-2, 11, 2, 4, 0, 2, -2], [-2, 10, -2, -2, -2, -2, 1], [-2, 9, -2, -2, -2, 5, 0], [-2, 9, -2, -2, -2, 1, 0], [-2, 9, 2, -2, -2, 5, -2], [-2, 9, 2, -2, -2, 0, -2], [-2, 9, 2, -2, 1, 1, -2], [-2, 9, 2, 4, -2, 2, 5], [-2, 9, 2, 1, -2, -2, -2], [-2, 8, -2, -2, -2, -2, 0], [-2, 8, 2, -2, 1, -2, -2], [-2, 7, -2, -2, -2, -2, 0], [-2, 7, 2, -2, -2, -2, -2], [2, 11, 2, -2, 0, -2, -2], [2, 11, 2, 4, -2, 2, -2], [2, 8, -2, 4, 1, -2, -2], [2, 8, 2, 4, -2, -2, -2], [1, -2, -2, 4, -2, 1, 0], [1, -2, 2, 4, 1, 1, -2], [1, 15, -2, -2, 1, 1, -2], [1, 15, -2, 4, -2, 2, 0], [1, 15, -2, 2, -2, -2, 0], [1, 15, 2, 4, 1, 2, -2], [1, 15, 2, 2, -2, -2, -2], [1, 12, 4, -2, -2, 2, 1], [1, 12, 4, 4, -2, 2, -2], [1, 12, 4, 4, 1, -2, -2], [1, 11, -2, -2, -2, -2, 5], [1, 11, -2, -2, 1, 0, -2], [1, 11, -2, 4, -2, 0, -2], [1, 11, 2, -2, 0, 2, -2], [1, 11, 2, 4, -2, 1, -2], [1, 11, 2, 4, 0, -2, -2], [1, 9, -2, -2, -2, 0, -2], [1, 9, 2, -2, 1, 4, -2], [1, 9, 2, 4, -2, 4, -2], [1, 8, 2, -2, -2, -2, -2], [0, 9, 2, -2, -2, -2, -2]]
80 42 
 [[-2, -2, -2, 1, -2, 2, 0], [-2, 15, -2, -2, -2, 1, 0], [-2, 15, -2, 4, 1, 1, -2], [-2, 15, 2, -2, -2, 1, -2], [-2, 11, -2, -2, -2, 3, 0], [-2, 11, -2, -2, -2, 0, 0], [-2, 11, -2, 4, -2, -2, 5], [-2, 11, 2, -2, -2, 3, -2], [-2, 11, 2, -2, -2, 0, -2], [-2, 11, 2, 4, -2, 5, -2], [-2, 11, 2, 4, 0, 2, -2], [-2, 9, -2, -2, -2, 5, 0], [-2, 9, -2, -2, -2, 1, 0], [-2, 9, 2, -2, -2, 5, -2], [-2, 9, 2, -2, -2, 0, -2], [-2, 9, 2, -2, 1, 1, -2], [-2, 9, 2, 4, -2, 2, 5], [-2, 9, 2, 1, -2, -2, -2], [-2, 8, -2, -2, -2, -2, 0], [-2, 8, 2, -2, 1, -2, -2], [-2, 7, -2, -2, -2, -2, 0], [-2, 7, 2, -2, -2, -2, -2], [2, 11, 2, 4, -2, 2, -2], [2, 8, -2, 4, 1, -2, -2], [1, -2, -2, 4, -2, 1, 0], [1, -2, 2, 4, 1, 1, -2], [1, 15, -2, -2, 1, 1, -2], [1, 15, -2, 4, -2, 2, 0], [1, 15, 2, 4, 1, 2, -2], [1, 15, 2, 2, -2, -2, -2], [1, 12, 4, -2, -2, 2, 1], [1, 12, 4, 4, -2, 2, -2], [1, 11, -2, -2, -2, -2, 5], [1, 11, -2, 4, -2, 0, -2], [1, 11, 2, -2, 0, 2, -2], [1, 11, 2, 4, -2, 1, -2], [1, 11, 2, 4, 0, -2, -2], [1, 9, -2, -2, -2, 0, -2], [1, 9, 2, -2, 1, 4, -2], [1, 9, 2, 4, -2, 4, -2], [1, 8, 2, -2, -2, -2, -2], [0, 9, 2, -2, -2, -2, -2]]
90 35 
 [[-2, -2, -2, 1, -2, 2, 0], [-2, 15, -2, -2, -2, 1, 0], [-2, 15, -2, 4, 1, 1, -2], [-2, 15, 2, -2, -2, 1, -2], [-2, 11, -2, -2, -2, 3, 0], [-2, 11, -2, 4, -2, -2, 5], [-2, 11, 2, -2, -2, 3, -2], [-2, 11, 2, -2, -2, 0, -2], [-2, 11, 2, 4, 0, 2, -2], [-2, 9, -2, -2, -2, 5, 0], [-2, 9, -2, -2, -2, 1, 0], [-2, 9, 2, -2, -2, 5, -2], [-2, 9, 2, -2, 1, 1, -2], [-2, 9, 2, 4, -2, 2, 5], [-2, 8, -2, -2, -2, -2, 0], [-2, 8, 2, -2, 1, -2, -2], [-2, 7, -2, -2, -2, -2, 0], [-2, 7, 2, -2, -2, -2, -2], [2, 11, 2, 4, -2, 2, -2], [1, -2, -2, 4, -2, 1, 0], [1, -2, 2, 4, 1, 1, -2], [1, 15, -2, -2, 1, 1, -2], [1, 15, -2, 4, -2, 2, 0], [1, 15, 2, 4, 1, 2, -2], [1, 12, 4, -2, -2, 2, 1], [1, 12, 4, 4, -2, 2, -2], [1, 11, -2, -2, -2, -2, 5], [1, 11, -2, 4, -2, 0, -2], [1, 11, 2, -2, 0, 2, -2], [1, 11, 2, 4, 0, -2, -2], [1, 9, -2, -2, -2, 0, -2], [1, 9, 2, -2, 1, 4, -2], [1, 9, 2, 4, -2, 4, -2], [1, 8, 2, -2, -2, -2, -2], [0, 9, 2, -2, -2, -2, -2]]
100 29 
 [[-2, -2, -2, 1, -2, 2, 0], [-2, 15, -2, -2, -2, 1, 0], [-2, 15, -2, 4, 1, 1, -2], [-2, 15, 2, -2, -2, 1, -2], [-2, 11, -2, -2, -2, 3, 0], [-2, 11, -2, 4, -2, -2, 5], [-2, 11, 2, -2, -2, 3, -2], [-2, 11, 2, 4, 0, 2, -2], [-2, 9, -2, -2, -2, 1, 0], [-2, 9, 2, -2, -2, 5, -2], [-2, 9, 2, -2, 1, 1, -2], [-2, 9, 2, 4, -2, 2, 5], [-2, 8, -2, -2, -2, -2, 0], [-2, 8, 2, -2, 1, -2, -2], [-2, 7, -2, -2, -2, -2, 0], [-2, 7, 2, -2, -2, -2, -2], [2, 11, 2, 4, -2, 2, -2], [1, -2, -2, 4, -2, 1, 0], [1, -2, 2, 4, 1, 1, -2], [1, 15, -2, -2, 1, 1, -2], [1, 15, -2, 4, -2, 2, 0], [1, 15, 2, 4, 1, 2, -2], [1, 11, -2, -2, -2, -2, 5], [1, 11, 2, -2, 0, 2, -2], [1, 11, 2, 4, 0, -2, -2], [1, 9, 2, -2, 1, 4, -2], [1, 9, 2, 4, -2, 4, -2], [1, 8, 2, -2, -2, -2, -2], [0, 9, 2, -2, -2, -2, -2]]
