execution time
3 0.25479602813720703 0.2485487461090088
4 0.35375428199768066 0.37021803855895996
5 0.4558591842651367 0.9222798347473145
6 0.5969500541687012 2.081707000732422
7 0.25479602813720703
8 0.35375428199768066
9 0.4558591842651367
10 0.5969500541687012
11 1.9675090312957764


number of patterns checked
3 34.0 74.0
4 221.0 599.0
5 548.0 3599.0
6 826.0 10799.0
7 34.0
8 221.0
9 548.0
10 826.0
11 3733.0


number of patterns found
3 2 
 [[-1, -1, 1, -1, 0, 1], [-1, 1, 0, -1, 1, -1]]
4 8 
 [[-1, -1, -1, 1, -1, -1, 1], [-1, -1, -1, 0, -1, 0, 1], [-1, -1, 1, 0, -1, -1, 1], [-1, 1, 0, 0, 1, -1, -1], [0, 2, -1, -1, -1, 0, 1], [0, 2, 1, 0, -1, -1, -1], [0, 1, -1, -1, -1, -1, 1], [0, 1, 0, -1, 1, -1, -1]]
5 6 
 [[-1, -1, -1, 1, -1, -1, 1, 0], [-1, -1, -1, 0, -1, 0, 1, -1], [-1, -1, 1, 0, -1, -1, 1, -1], [-1, 1, 0, -1, 1, -1, -1, -1], [0, 2, 1, -1, -1, -1, 1, -1], [0, 1, -1, -1, -1, -1, 1, -1]]
6 7 
 [[-1, -1, -1, 1, -1, -1, 1, 0, -1], [-1, -1, -1, 0, -1, 0, 1, -1, -1], [-1, -1, 1, 0, -1, -1, 1, -1, -1], [-1, 1, 0, -1, 1, -1, -1, -1, -1], [0, 2, 1, -1, -1, -1, 1, -1, -1], [0, 2, 1, 0, -1, -1, -1, -1, -1], [0, 1, -1, -1, -1, -1, 1, -1, -1]]
