execution time
0.05 13.999704837799072
0.1 17.27001714706421
0.15 18.148300886154175
0.2 19.22598910331726
0.25 18.074541807174683
0.3 17.333898067474365


number of calculations
0.05 26695.0
0.1 28877.0
0.15 30324.0
0.2 31748.0
0.25 32125.0
0.3 32125.0


number of patterns found
0.05 15 
 [[-1, -1, -1, -1, -1, -1, 10, -1, -1, -1, -1], [-1, -1, -1, -1, -1, -1, 9, -1, -1, -1, -1], [-1, -1, -1, -1, -1, -1, 8, -1, -1, -1, -1], [-1, -1, -1, -1, 1, -1, -1, -1, -1, -1, -1], [-1, -1, -1, 1, -1, -1, 1, -1, -1, -1, -1], [-1, -1, -1, 0, -1, 0, 1, -1, -1, -1, -1], [-1, -1, 1, 0, -1, -1, 1, -1, -1, -1, -1], [-1, -1, 0, -1, -1, 0, -1, -1, -1, -1, -1], [-1, 2, -1, 0, -1, 0, -1, -1, -1, -1, -1], [-1, 2, 1, 0, -1, -1, -1, -1, -1, -1, -1], [0, -1, -1, -1, -1, 0, 1, -1, -1, -1, -1], [0, -1, -1, 0, -1, 0, -1, -1, -1, -1, -1], [0, -1, 0, 0, -1, -1, -1, -1, -1, -1, -1], [0, 2, 1, -1, -1, -1, -1, -1, -1, -1, -1], [0, 1, -1, -1, -1, -1, 1, -1, -1, -1, -1]]
0.1 14 
 [[-1, -1, -1, -1, -1, -1, 10, -1, -1, -1, -1], [-1, -1, -1, -1, -1, -1, 8, -1, -1, -1, -1], [-1, -1, -1, -1, 1, -1, -1, -1, -1, -1, -1], [-1, -1, -1, 1, -1, -1, 1, -1, -1, -1, -1], [-1, -1, -1, 0, -1, 0, 1, -1, -1, -1, -1], [-1, -1, 1, 0, -1, -1, 1, -1, -1, -1, -1], [-1, 2, 1, 0, -1, -1, -1, -1, -1, -1, -1], [-1, 1, -1, -1, -1, 0, 9, -1, -1, -1, -1], [0, -1, -1, -1, -1, 0, 9, -1, -1, -1, -1], [0, -1, 0, -1, -1, -1, 9, -1, -1, -1, -1], [0, 2, -1, -1, -1, 0, 1, -1, -1, -1, -1], [0, 2, 1, -1, -1, -1, 1, -1, -1, -1, -1], [0, 2, 1, -1, -1, 0, -1, -1, -1, -1, -1], [0, 1, -1, -1, -1, -1, 1, -1, -1, -1, -1]]
0.15 11 
 [[-1, -1, -1, -1, -1, -1, 10, -1, -1, -1, -1], [-1, -1, -1, 1, -1, -1, 1, 0, -1, -1, -1], [-1, -1, -1, 0, -1, 0, 1, -1, -1, -1, -1], [-1, -1, -1, 0, 1, -1, -1, -1, -1, -1, -1], [-1, -1, 1, 0, -1, -1, 1, -1, -1, -1, -1], [-1, -1, 0, -1, 1, -1, -1, -1, -1, -1, -1], [-1, 1, -1, -1, 1, -1, -1, -1, -1, -1, -1], [0, 2, 1, -1, -1, -1, 1, -1, -1, -1, -1], [0, 2, 1, -1, -1, 0, -1, -1, -1, -1, -1], [0, 2, 1, 0, -1, -1, -1, -1, -1, -1, -1], [0, 1, -1, -1, -1, -1, 1, -1, -1, -1, -1]]
0.2 7 
 [[-1, -1, -1, 1, -1, -1, 1, 0, -1, -1, -1], [-1, -1, -1, 0, -1, 0, 1, -1, -1, -1, -1], [-1, -1, 1, 0, -1, -1, 1, -1, -1, -1, -1], [-1, 1, 0, -1, 1, -1, -1, -1, -1, -1, -1], [0, 2, 1, -1, -1, -1, 1, -1, -1, -1, -1], [0, 2, 1, 0, -1, -1, -1, -1, -1, -1, -1], [0, 1, -1, -1, -1, -1, 1, -1, -1, -1, -1]]
0.25 4 
 [[-1, -1, -1, 1, -1, -1, 1, 0, -1, -1, -1], [-1, -1, 1, 0, -1, -1, 1, -1, -1, -1, -1], [0, 2, 1, -1, -1, -1, 1, -1, -1, -1, -1], [0, 1, -1, -1, -1, -1, 1, -1, -1, -1, -1]]
0.3 4 
 [[-1, -1, -1, 1, -1, -1, 1, 0, -1, -1, -1], [-1, -1, 1, 0, -1, -1, 1, -1, -1, -1, -1], [0, 2, 1, -1, -1, -1, 1, -1, -1, -1, -1], [0, 1, -1, -1, -1, -1, 1, -1, -1, -1, -1]]
