execution time
10 1.2902371883392334 6.565783977508545
20 0.9008488655090332 6.320811033248901
30 0.8262758255004883 6.357463836669922
40 0.7308940887451172 6.452574014663696
50 0.7332980632781982 6.275243043899536
60 0.5850021839141846 6.364104986190796
70 0.6988809108734131 6.164421081542969
80 0.5098052024841309 5.954678058624268
90 0.4777390956878662 6.445592880249023
100 0.46898412704467773 6.324743986129761


number of calculations
10 16099.0 118799.0
20 13692.0 118799.0
30 11839.0 118799.0
40 10583.0 118799.0
50 9408.0 118799.0
60 8628.0 118799.0
70 8096.0 118799.0
80 7621.0 118799.0
90 7232.0 118799.0
100 6821.0 118799.0


number of patterns found
10 84 
 [[-1, -1, -1, -1, -1, -1, 9], [-1, -1, -1, -1, -1, -1, 8], [-1, -1, -1, -1, -1, 1, 10], [-1, -1, -1, -1, -1, 1, 5], [-1, -1, -1, -1, -1, 0, 6], [-1, -1, -1, -1, 2, -1, -1], [-1, -1, -1, -1, 1, -1, -1], [-1, -1, -1, 6, -1, 0, -1], [-1, -1, -1, 5, -1, -1, 7], [-1, -1, -1, 5, -1, -1, 5], [-1, -1, -1, 5, -1, -1, 4], [-1, -1, -1, 4, -1, -1, 5], [-1, -1, -1, 4, -1, -1, 4], [-1, -1, -1, 4, -1, -1, 3], [-1, -1, -1, 2, -1, -1, 6], [-1, -1, -1, 1, -1, -1, 6], [-1, -1, -1, 1, -1, 0, 4], [-1, -1, -1, 0, -1, -1, 5], [-1, -1, 3, -1, -1, -1, 10], [-1, -1, 3, -1, -1, -1, 5], [-1, -1, 3, -1, -1, -1, 4], [-1, -1, 3, -1, -1, 0, 7], [-1, -1, 3, -1, -1, 0, 3], [-1, -1, 3, 1, -1, -1, 2], [-1, -1, 2, -1, -1, -1, 6], [-1, -1, 2, -1, -1, -1, 5], [-1, -1, 2, 2, -1, 0, -1], [-1, -1, 2, 0, -1, -1, 10], [-1, -1, 1, -1, -1, -1, 7], [-1, -1, 1, -1, -1, -1, 5], [-1, -1, 1, 4, -1, -1, -1], [-1, -1, 1, 1, -1, -1, 4], [-1, -1, 0, -1, -1, 0, 10], [-1, -1, 0, 6, -1, -1, -1], [-1, -1, 0, 0, -1, 1, 7], [-1, -1, 0, 0, -1, 1, 3], [-1, 2, -1, -1, -1, -1, 10], [-1, 2, -1, -1, -1, -1, 7], [-1, 2, -1, -1, -1, -1, 6], [-1, 2, -1, -1, -1, 1, 3], [-1, 2, -1, 4, -1, -1, -1], [-1, 2, 2, -1, -1, -1, 3], [-1, 2, 0, 0, -1, -1, 3], [-1, 2, 0, 0, -1, 0, 2], [-1, 1, -1, -1, -1, -1, 5], [-1, 1, -1, 6, -1, -1, -1], [-1, 1, -1, 1, -1, -1, 4], [-1, 1, 2, -1, -1, -1, 10], [-1, 1, 1, -1, -1, 1, 4], [-1, 1, 1, 5, -1, 1, -1], [-1, 1, 1, 2, -1, -1, -1], [-1, 1, 0, 1, -1, 0, 2], [-1, 1, 0, 0, -1, 1, 6], [-1, 0, -1, -1, -1, -1, 5], [-1, 0, -1, -1, -1, 1, -1], [1, 2, -1, -1, -1, 0, 3], [1, 2, 2, -1, 0, 0, -1], [1, 1, 1, 1, -1, 0, -1], [0, -1, -1, -1, -1, -1, 10], [0, -1, -1, -1, -1, -1, 6], [0, -1, -1, -1, -1, -1, 5], [0, -1, -1, 6, -1, -1, -1], [0, -1, -1, 4, -1, 1, -1], [0, -1, -1, 1, 0, -1, 4], [0, -1, 2, 4, -1, -1, -1], [0, -1, 1, -1, -1, 1, 4], [0, -1, 1, 5, -1, -1, 2], [0, -1, 0, -1, -1, 1, 7], [0, -1, 0, -1, -1, 1, 3], [0, -1, 0, 5, -1, 0, -1], [0, -1, 0, 2, -1, 1, -1], [0, -1, 0, 0, -1, -1, 7], [0, 3, 0, 5, -1, -1, -1], [0, 2, -1, 0, -1, -1, 3], [0, 2, 0, -1, -1, -1, 3], [0, 2, 0, -1, -1, -1, 2], [0, 1, -1, 5, -1, -1, 1], [0, 1, -1, 5, -1, 0, -1], [0, 1, -1, 4, -1, -1, -1], [0, 1, 3, -1, -1, 0, 2], [0, 1, 1, 5, -1, -1, -1], [0, 1, 1, 1, -1, 1, -1], [0, 1, 0, 1, -1, -1, 2], [0, 0, 1, -1, -1, -1, -1]]
20 64 
 [[-1, -1, -1, -1, -1, -1, 9], [-1, -1, -1, -1, -1, -1, 8], [-1, -1, -1, -1, -1, 1, 10], [-1, -1, -1, -1, -1, 1, 5], [-1, -1, -1, -1, -1, 0, 6], [-1, -1, -1, -1, 2, -1, -1], [-1, -1, -1, -1, 1, -1, -1], [-1, -1, -1, 6, -1, 0, -1], [-1, -1, -1, 5, -1, -1, 4], [-1, -1, -1, 4, -1, -1, 5], [-1, -1, -1, 4, -1, -1, 4], [-1, -1, -1, 1, -1, -1, 6], [-1, -1, -1, 1, -1, 0, 4], [-1, -1, -1, 0, -1, -1, 5], [-1, -1, 3, -1, -1, -1, 5], [-1, -1, 3, -1, -1, -1, 4], [-1, -1, 3, -1, -1, 0, 3], [-1, -1, 3, 1, -1, -1, 2], [-1, -1, 2, -1, -1, -1, 6], [-1, -1, 2, -1, -1, -1, 5], [-1, -1, 2, 0, -1, -1, 10], [-1, -1, 1, -1, -1, -1, 7], [-1, -1, 1, -1, -1, -1, 5], [-1, -1, 1, 4, -1, -1, -1], [-1, -1, 0, -1, -1, 0, 10], [-1, -1, 0, 0, -1, 1, 7], [-1, -1, 0, 0, -1, 1, 3], [-1, 2, -1, -1, -1, -1, 10], [-1, 2, -1, -1, -1, -1, 7], [-1, 2, -1, -1, -1, -1, 6], [-1, 2, -1, -1, -1, 1, 3], [-1, 2, -1, 4, -1, -1, -1], [-1, 2, 0, 0, -1, -1, 3], [-1, 2, 0, 0, -1, 0, 2], [-1, 1, -1, -1, -1, -1, 5], [-1, 1, -1, 6, -1, -1, -1], [-1, 1, -1, 1, -1, -1, 4], [-1, 1, 1, -1, -1, 1, 4], [-1, 1, 1, 2, -1, -1, -1], [-1, 1, 0, 0, -1, 1, 6], [-1, 0, -1, -1, -1, -1, 5], [-1, 0, -1, -1, -1, 1, -1], [0, -1, -1, -1, -1, -1, 10], [0, -1, -1, -1, -1, -1, 6], [0, -1, -1, -1, -1, -1, 5], [0, -1, -1, 6, -1, -1, -1], [0, -1, -1, 4, -1, 1, -1], [0, -1, -1, 1, 0, -1, 4], [0, -1, 1, -1, -1, 1, 4], [0, -1, 1, 5, -1, -1, 2], [0, -1, 0, -1, -1, 1, 7], [0, -1, 0, -1, -1, 1, 3], [0, -1, 0, 5, -1, 0, -1], [0, -1, 0, 0, -1, -1, 7], [0, 2, -1, 0, -1, -1, 3], [0, 2, 0, -1, -1, -1, 3], [0, 2, 0, -1, -1, -1, 2], [0, 1, -1, 5, -1, 0, -1], [0, 1, -1, 4, -1, -1, -1], [0, 1, 3, -1, -1, 0, 2], [0, 1, 1, 5, -1, -1, -1], [0, 1, 1, 1, -1, 1, -1], [0, 1, 0, 1, -1, -1, 2], [0, 0, 1, -1, -1, -1, -1]]
30 47 
 [[-1, -1, -1, -1, -1, -1, 9], [-1, -1, -1, -1, -1, -1, 8], [-1, -1, -1, -1, -1, 1, 10], [-1, -1, -1, -1, -1, 1, 5], [-1, -1, -1, -1, -1, 0, 6], [-1, -1, -1, -1, 2, -1, -1], [-1, -1, -1, -1, 1, -1, -1], [-1, -1, -1, 1, -1, -1, 6], [-1, -1, -1, 1, -1, 0, 4], [-1, -1, -1, 0, -1, -1, 5], [-1, -1, 3, -1, -1, -1, 4], [-1, -1, 2, -1, -1, -1, 6], [-1, -1, 2, -1, -1, -1, 5], [-1, -1, 1, -1, -1, -1, 7], [-1, -1, 1, -1, -1, -1, 5], [-1, -1, 1, 4, -1, -1, -1], [-1, -1, 0, -1, -1, 0, 10], [-1, -1, 0, 0, -1, 1, 7], [-1, -1, 0, 0, -1, 1, 3], [-1, 2, -1, -1, -1, -1, 7], [-1, 2, -1, -1, -1, -1, 6], [-1, 2, -1, -1, -1, 1, 3], [-1, 2, -1, 4, -1, -1, -1], [-1, 2, 0, 0, -1, -1, 3], [-1, 2, 0, 0, -1, 0, 2], [-1, 1, -1, -1, -1, -1, 5], [-1, 1, -1, 1, -1, -1, 4], [-1, 1, 1, -1, -1, 1, 4], [-1, 1, 0, 0, -1, 1, 6], [-1, 0, -1, -1, -1, 1, -1], [0, -1, -1, -1, -1, -1, 10], [0, -1, -1, -1, -1, -1, 6], [0, -1, -1, -1, -1, -1, 5], [0, -1, -1, 4, -1, 1, -1], [0, -1, -1, 1, 0, -1, 4], [0, -1, 1, -1, -1, 1, 4], [0, -1, 0, -1, -1, 1, 7], [0, -1, 0, -1, -1, 1, 3], [0, -1, 0, 5, -1, 0, -1], [0, -1, 0, 0, -1, -1, 7], [0, 2, -1, 0, -1, -1, 3], [0, 2, 0, -1, -1, -1, 3], [0, 2, 0, -1, -1, -1, 2], [0, 1, -1, 5, -1, 0, -1], [0, 1, -1, 4, -1, -1, -1], [0, 1, 1, 5, -1, -1, -1], [0, 0, 1, -1, -1, -1, -1]]
40 35 
 [[-1, -1, -1, -1, -1, -1, 9], [-1, -1, -1, -1, -1, -1, 8], [-1, -1, -1, -1, -1, 1, 10], [-1, -1, -1, -1, -1, 1, 5], [-1, -1, -1, -1, -1, 0, 6], [-1, -1, -1, -1, 2, -1, -1], [-1, -1, -1, -1, 1, -1, -1], [-1, -1, -1, 0, -1, -1, 5], [-1, -1, 3, -1, -1, -1, 4], [-1, -1, 2, -1, -1, -1, 5], [-1, -1, 1, -1, -1, -1, 7], [-1, -1, 1, -1, -1, -1, 5], [-1, -1, 1, 4, -1, -1, -1], [-1, -1, 0, -1, -1, 0, 10], [-1, -1, 0, 0, -1, 1, 7], [-1, -1, 0, 0, -1, 1, 3], [-1, 2, -1, -1, -1, -1, 7], [-1, 2, -1, -1, -1, -1, 6], [-1, 2, -1, -1, -1, 1, 3], [-1, 1, -1, -1, -1, -1, 5], [-1, 1, 1, -1, -1, 1, 4], [-1, 1, 0, 0, -1, 1, 6], [-1, 0, -1, -1, -1, 1, -1], [0, -1, -1, -1, -1, -1, 10], [0, -1, -1, -1, -1, -1, 6], [0, -1, -1, -1, -1, -1, 5], [0, -1, -1, 4, -1, 1, -1], [0, -1, 1, -1, -1, 1, 4], [0, -1, 0, -1, -1, 1, 7], [0, -1, 0, -1, -1, 1, 3], [0, -1, 0, 0, -1, -1, 7], [0, 2, -1, 0, -1, -1, 3], [0, 2, 0, -1, -1, -1, 3], [0, 2, 0, -1, -1, -1, 2], [0, 1, -1, 4, -1, -1, -1]]
50 30 
 [[-1, -1, -1, -1, -1, -1, 9], [-1, -1, -1, -1, -1, -1, 8], [-1, -1, -1, -1, -1, 1, 10], [-1, -1, -1, -1, -1, 1, 5], [-1, -1, -1, -1, -1, 0, 6], [-1, -1, -1, -1, 2, -1, -1], [-1, -1, -1, -1, 1, -1, -1], [-1, -1, -1, 0, -1, -1, 5], [-1, -1, 2, -1, -1, -1, 5], [-1, -1, 1, -1, -1, -1, 7], [-1, -1, 1, -1, -1, -1, 5], [-1, -1, 1, 4, -1, -1, -1], [-1, -1, 0, -1, -1, 0, 10], [-1, -1, 0, 0, -1, 1, 7], [-1, -1, 0, 0, -1, 1, 3], [-1, 2, -1, -1, -1, -1, 7], [-1, 2, -1, -1, -1, -1, 6], [-1, 1, -1, -1, -1, -1, 5], [-1, 1, 1, -1, -1, 1, 4], [-1, 1, 0, 0, -1, 1, 6], [0, -1, -1, -1, -1, -1, 10], [0, -1, -1, -1, -1, -1, 6], [0, -1, -1, -1, -1, -1, 5], [0, -1, -1, 4, -1, 1, -1], [0, -1, 1, -1, -1, 1, 4], [0, -1, 0, -1, -1, 1, 7], [0, -1, 0, -1, -1, 1, 3], [0, -1, 0, 0, -1, -1, 7], [0, 2, -1, 0, -1, -1, 3], [0, 1, -1, 4, -1, -1, -1]]
60 29 
 [[-1, -1, -1, -1, -1, -1, 9], [-1, -1, -1, -1, -1, -1, 8], [-1, -1, -1, -1, -1, 1, 10], [-1, -1, -1, -1, -1, 1, 5], [-1, -1, -1, -1, -1, 0, 6], [-1, -1, -1, -1, 2, -1, -1], [-1, -1, -1, -1, 1, -1, -1], [-1, -1, -1, 0, -1, -1, 5], [-1, -1, 1, -1, -1, -1, 7], [-1, -1, 1, -1, -1, -1, 5], [-1, -1, 1, 4, -1, -1, -1], [-1, -1, 0, -1, -1, 0, 10], [-1, -1, 0, 0, -1, 1, 7], [-1, -1, 0, 0, -1, 1, 3], [-1, 2, -1, -1, -1, -1, 7], [-1, 2, -1, -1, -1, -1, 6], [-1, 1, -1, -1, -1, -1, 5], [-1, 1, 1, -1, -1, 1, 4], [-1, 1, 0, 0, -1, 1, 6], [0, -1, -1, -1, -1, -1, 10], [0, -1, -1, -1, -1, -1, 6], [0, -1, -1, -1, -1, -1, 5], [0, -1, -1, 4, -1, 1, -1], [0, -1, 1, -1, -1, 1, 4], [0, -1, 0, -1, -1, 1, 7], [0, -1, 0, -1, -1, 1, 3], [0, -1, 0, 0, -1, -1, 7], [0, 2, -1, 0, -1, -1, 3], [0, 1, -1, 4, -1, -1, -1]]
70 27 
 [[-1, -1, -1, -1, -1, -1, 9], [-1, -1, -1, -1, -1, -1, 8], [-1, -1, -1, -1, -1, 1, 10], [-1, -1, -1, -1, -1, 1, 5], [-1, -1, -1, -1, -1, 0, 6], [-1, -1, -1, -1, 2, -1, -1], [-1, -1, -1, -1, 1, -1, -1], [-1, -1, -1, 0, -1, -1, 5], [-1, -1, 1, -1, -1, -1, 7], [-1, -1, 1, -1, -1, -1, 5], [-1, -1, 1, 4, -1, -1, -1], [-1, -1, 0, -1, -1, 0, 10], [-1, -1, 0, 0, -1, 1, 7], [-1, -1, 0, 0, -1, 1, 3], [-1, 2, -1, -1, -1, -1, 7], [-1, 2, -1, -1, -1, -1, 6], [-1, 1, -1, -1, -1, -1, 5], [-1, 1, 1, -1, -1, 1, 4], [-1, 1, 0, 0, -1, 1, 6], [0, -1, -1, -1, -1, -1, 10], [0, -1, -1, -1, -1, -1, 6], [0, -1, -1, -1, -1, -1, 5], [0, -1, 1, -1, -1, 1, 4], [0, -1, 0, -1, -1, 1, 7], [0, -1, 0, -1, -1, 1, 3], [0, -1, 0, 0, -1, -1, 7], [0, 1, -1, 4, -1, -1, -1]]
80 22 
 [[-1, -1, -1, -1, -1, -1, 9], [-1, -1, -1, -1, -1, -1, 8], [-1, -1, -1, -1, -1, 1, 10], [-1, -1, -1, -1, -1, 1, 5], [-1, -1, -1, -1, -1, 0, 6], [-1, -1, -1, -1, 2, -1, -1], [-1, -1, -1, -1, 1, -1, -1], [-1, -1, -1, 0, -1, -1, 5], [-1, -1, 1, -1, -1, -1, 7], [-1, -1, 1, -1, -1, -1, 5], [-1, -1, 0, -1, -1, 0, 10], [-1, -1, 0, 0, -1, 1, 7], [-1, 2, -1, -1, -1, -1, 7], [-1, 2, -1, -1, -1, -1, 6], [-1, 1, -1, -1, -1, -1, 5], [0, -1, -1, -1, -1, -1, 10], [0, -1, -1, -1, -1, -1, 6], [0, -1, -1, -1, -1, -1, 5], [0, -1, 1, -1, -1, 1, 4], [0, -1, 0, -1, -1, 1, 7], [0, -1, 0, 0, -1, -1, 7], [0, 1, -1, 4, -1, -1, -1]]
90 17 
 [[-1, -1, -1, -1, -1, -1, 9], [-1, -1, -1, -1, -1, -1, 8], [-1, -1, -1, -1, -1, 1, 5], [-1, -1, -1, -1, -1, 0, 6], [-1, -1, -1, -1, 2, -1, -1], [-1, -1, -1, -1, 1, -1, -1], [-1, -1, -1, 0, -1, -1, 5], [-1, -1, 1, -1, -1, -1, 7], [-1, -1, 1, -1, -1, -1, 5], [-1, -1, 0, -1, -1, 0, 10], [-1, 2, -1, -1, -1, -1, 6], [-1, 1, -1, -1, -1, -1, 5], [0, -1, -1, -1, -1, -1, 10], [0, -1, -1, -1, -1, -1, 6], [0, -1, -1, -1, -1, -1, 5], [0, -1, 0, 0, -1, -1, 7], [0, 1, -1, 4, -1, -1, -1]]
100 17 
 [[-1, -1, -1, -1, -1, -1, 9], [-1, -1, -1, -1, -1, -1, 8], [-1, -1, -1, -1, -1, 1, 5], [-1, -1, -1, -1, -1, 0, 6], [-1, -1, -1, -1, 2, -1, -1], [-1, -1, -1, -1, 1, -1, -1], [-1, -1, -1, 0, -1, -1, 5], [-1, -1, 1, -1, -1, -1, 7], [-1, -1, 1, -1, -1, -1, 5], [-1, -1, 0, -1, -1, 0, 10], [-1, 2, -1, -1, -1, -1, 6], [-1, 1, -1, -1, -1, -1, 5], [0, -1, -1, -1, -1, -1, 10], [0, -1, -1, -1, -1, -1, 6], [0, -1, -1, -1, -1, -1, 5], [0, -1, 0, 0, -1, -1, 7], [0, 1, -1, 4, -1, -1, -1]]
