execution time
10 7.928072929382324 25.44760012626648
20 6.212377071380615 19.225852966308594
30 5.442811012268066 20.044227838516235
40 5.277077674865723 19.052982091903687
50 6.010643243789673 20.495229959487915
60 4.587056875228882 12.909418821334839
70 4.240437030792236 11.727872133255005
80 3.8600728511810303 13.514472007751465
90 4.731780052185059 15.544248104095459
100 5.037258148193359 14.495782136917114


number of patterns visited
10 425450 671242
20 346010 546622
30 308594 490262
40 278274 437198
50 254972 397600
60 239972 371778
70 223548 348580
80 216996 336700
90 214924 332960
100 206217 320050


number of patterns found, lowerbound
10 40 
 [[[1, -1, -1, -1, -1, -1, -1, -1, -1], [-1, 1, -1, -1, -1, -1, -1, -1, -1], [-1, -1, 1, -1, -1, -1, -1, -1, -1], [-1, -1, -1, 1, -1, -1, -1, -1, -1], [-1, -1, -1, -1, -1, 1, -1, -1, -1]], [[1, -1, -1, -1, -1, -1, -1, -1, -1], [-1, 1, -1, -1, -1, -1, -1, -1, -1], [-1, -1, 1, -1, -1, -1, -1, -1, -1], [-1, -1, -1, 1, -1, -1, -1, -1, -1]], [[1, -1, -1, -1, -1, -1, -1, -1, -1], [-1, 1, -1, -1, -1, -1, -1, -1, -1], [-1, -1, 1, -1, -1, -1, -1, -1, -1], [-1, -1, -1, 1, -1, -1, -1, -1, -1]], [[1, -1, -1, -1, -1, -1, -1, -1, -1], [-1, 1, -1, -1, -1, -1, -1, -1, -1], [-1, -1, 1, -1, -1, -1, -1, -1, -1], [-1, -1, -1, 1, -1, -1, -1, -1, -1]], [[1, -1, -1, -1, -1, -1, -1, -1, -1], [-1, 1, -1, -1, -1, -1, -1, -1, -1], [-1, -1, 1, -1, -1, -1, -1, -1, -1], [-1, -1, -1, 1, -1, -1, -1, -1, -1], [-1, -1, -1, 0, -1, 1, -1, -1, -1]], [[1, -1, -1, -1, -1, -1, -1, -1, -1], [-1, 1, -1, -1, -1, -1, -1, -1, -1], [-1, -1, 1, -1, -1, -1, -1, -1, -1], [-1, -1, -1, 1, -1, -1, -1, -1, -1], [-1, -1, -1, 0, -1, 1, -1, -1, -1]], [[1, -1, -1, -1, -1, -1, -1, -1, -1], [-1, 1, -1, -1, -1, -1, -1, -1, -1], [-1, -1, 1, -1, -1, -1, -1, -1, -1], [-1, -1, -1, 1, -1, -1, -1, -1, -1], [-1, -1, -1, -1, -1, 1, -1, -1, -1]], [[1, -1, -1, -1, -1, -1, -1, -1, -1], [-1, 1, -1, -1, -1, -1, -1, -1, -1], [-1, -1, 1, -1, -1, -1, -1, -1, -1], [-1, -1, -1, 1, -1, -1, -1, -1, -1]], [[1, -1, -1, -1, -1, -1, -1, -1, -1], [-1, 1, -1, -1, -1, -1, -1, -1, -1], [-1, -1, 1, -1, -1, -1, -1, -1, -1], [-1, -1, -1, 1, -1, -1, -1, -1, -1], [-1, -1, -1, 0, -1, 1, -1, -1, -1]], [[1, -1, -1, -1, -1, -1, -1, -1, -1], [-1, 1, -1, -1, -1, -1, -1, -1, -1], [-1, -1, 1, -1, -1, -1, -1, -1, -1], [-1, -1, -1, 1, -1, -1, -1, -1, -1]], [[1, -1, -1, -1, -1, -1, -1, -1, -1], [-1, -1, 1, -1, -1, -1, -1, -1, -1], [-1, -1, -1, 1, -1, -1, -1, -1, -1]], [[1, -1, -1, -1, -1, -1, -1, -1, -1], [-1, -1, 1, -1, -1, -1, -1, -1, -1], [-1, -1, -1, 1, -1, -1, -1, -1, -1]], [[1, -1, -1, -1, -1, -1, -1, -1, -1], [-1, -1, 1, -1, -1, -1, -1, -1, -1]], [[1, -1, -1, -1, -1, -1, -1, -1, -1], [-1, -1, 1, -1, -1, -1, -1, -1, -1], [-1, 1, -1, 0, -1, -1, -1, -1, -1]], [[1, -1, -1, -1, -1, -1, -1, -1, -1], [-1, -1, 1, -1, -1, -1, -1, -1, -1], [-1, 1, -1, 0, -1, -1, -1, -1, -1]], [[1, -1, -1, -1, -1, -1, -1, -1, -1], [-1, -1, 1, -1, -1, -1, -1, -1, -1], [-1, 1, -1, 0, -1, -1, -1, -1, -1]], [[1, -1, -1, -1, -1, -1, -1, -1, -1], [-1, -1, 1, -1, -1, -1, -1, -1, -1], [-1, 1, -1, 0, -1, -1, -1, -1, -1]], [[1, -1, -1, -1, -1, -1, -1, -1, -1], [-1, -1, 1, -1, -1, -1, -1, -1, -1], [-1, 1, -1, 0, -1, -1, -1, -1, -1]], [[1, -1, -1, -1, -1, -1, -1, -1, -1], [-1, -1, 1, -1, -1, -1, -1, -1, -1], [-1, 1, -1, 0, -1, -1, -1, -1, -1]], [[1, -1, -1, -1, -1, -1, -1, -1, -1], [-1, -1, 1, -1, -1, -1, -1, -1, -1]], [[1, -1, -1, -1, -1, -1, -1, -1, -1], [-1, -1, 1, -1, -1, -1, -1, -1, -1]], [[1, -1, -1, -1, -1, -1, -1, -1, -1], [-1, -1, 1, -1, -1, -1, -1, -1, -1], [-1, -1, -1, 0, -1, 1, -1, -1, -1]], [[1, -1, -1, -1, -1, -1, -1, -1, -1], [-1, -1, 1, -1, -1, -1, -1, -1, -1]], [[1, -1, -1, -1, -1, -1, -1, -1, -1], [-1, -1, 1, -1, -1, -1, -1, -1, -1]], [[1, -1, -1, -1, -1, -1, -1, -1, -1], [-1, -1, 1, -1, -1, -1, -1, -1, -1]], [[1, -1, -1, -1, -1, -1, -1, -1, -1], [-1, -1, 1, -1, -1, -1, -1, -1, -1]], [[1, -1, -1, -1, -1, -1, -1, -1, -1], [-1, -1, 1, -1, -1, -1, -1, -1, -1]], [[1, -1, -1, -1, -1, -1, -1, -1, -1], [-1, -1, 1, -1, -1, -1, -1, -1, -1]], [[1, -1, -1, -1, -1, -1, -1, -1, -1], [-1, -1, 1, -1, -1, -1, -1, -1, -1]], [[1, -1, -1, -1, -1, -1, -1, -1, -1], [-1, -1, 1, -1, -1, -1, -1, -1, -1]], [[1, -1, -1, -1, -1, -1, -1, -1, -1], [-1, -1, 1, -1, -1, -1, -1, -1, -1]], [[1, -1, -1, -1, -1, -1, -1, -1, -1], [-1, -1, 1, -1, -1, -1, -1, -1, -1]], [[1, -1, -1, -1, -1, -1, -1, -1, -1], [-1, -1, 1, -1, -1, -1, -1, -1, -1]], [[1, -1, -1, -1, -1, -1, -1, -1, -1], [-1, -1, 1, -1, -1, -1, -1, -1, -1]], [[1, -1, -1, -1, -1, -1, -1, -1, -1], [-1, -1, 1, -1, -1, -1, -1, -1, -1]], [[1, -1, -1, -1, -1, -1, -1, -1, -1], [-1, -1, 1, -1, -1, -1, -1, -1, -1]], [[1, -1, -1, -1, -1, -1, -1, -1, -1], [-1, -1, 1, -1, -1, -1, -1, -1, -1]], [[1, -1, -1, -1, -1, -1, -1, -1, -1], [-1, -1, 1, -1, -1, -1, -1, -1, -1]], [[1, -1, -1, -1, -1, -1, -1, -1, -1], [-1, -1, 1, -1, -1, -1, -1, -1, -1]], [[1, -1, -1, -1, -1, -1, -1, -1, -1], [-1, -1, 1, -1, -1, -1, -1, -1, -1]]]
20 40 
 [[[1, -1, -1, -1, -1, -1, -1, -1, -1], [-1, 1, -1, -1, -1, -1, -1, -1, -1], [-1, -1, 1, -1, -1, -1, -1, -1, -1], [-1, -1, -1, 1, -1, -1, -1, -1, -1], [-1, -1, -1, -1, -1, 1, -1, -1, -1]], [[1, -1, -1, -1, -1, -1, -1, -1, -1], [-1, 1, -1, -1, -1, -1, -1, -1, -1], [-1, -1, 1, -1, -1, -1, -1, -1, -1], [-1, -1, -1, 1, -1, -1, -1, -1, -1]], [[1, -1, -1, -1, -1, -1, -1, -1, -1], [-1, 1, -1, -1, -1, -1, -1, -1, -1], [-1, -1, 1, -1, -1, -1, -1, -1, -1], [-1, -1, -1, 1, -1, -1, -1, -1, -1]], [[1, -1, -1, -1, -1, -1, -1, -1, -1], [-1, 1, -1, -1, -1, -1, -1, -1, -1], [-1, -1, 1, -1, -1, -1, -1, -1, -1], [-1, -1, -1, 1, -1, -1, -1, -1, -1]], [[1, -1, -1, -1, -1, -1, -1, -1, -1], [-1, 1, -1, -1, -1, -1, -1, -1, -1], [-1, -1, 1, -1, -1, -1, -1, -1, -1], [-1, -1, -1, 1, -1, -1, -1, -1, -1], [-1, -1, -1, 0, -1, 1, -1, -1, -1]], [[1, -1, -1, -1, -1, -1, -1, -1, -1], [-1, 1, -1, -1, -1, -1, -1, -1, -1], [-1, -1, 1, -1, -1, -1, -1, -1, -1], [-1, -1, -1, 1, -1, -1, -1, -1, -1], [-1, -1, -1, 0, -1, 1, -1, -1, -1]], [[1, -1, -1, -1, -1, -1, -1, -1, -1], [-1, 1, -1, -1, -1, -1, -1, -1, -1], [-1, -1, 1, -1, -1, -1, -1, -1, -1], [-1, -1, -1, 1, -1, -1, -1, -1, -1], [-1, -1, -1, -1, -1, 1, -1, -1, -1]], [[1, -1, -1, -1, -1, -1, -1, -1, -1], [-1, 1, -1, -1, -1, -1, -1, -1, -1], [-1, -1, 1, -1, -1, -1, -1, -1, -1], [-1, -1, -1, 1, -1, -1, -1, -1, -1]], [[1, -1, -1, -1, -1, -1, -1, -1, -1], [-1, 1, -1, -1, -1, -1, -1, -1, -1], [-1, -1, 1, -1, -1, -1, -1, -1, -1], [-1, -1, -1, 1, -1, -1, -1, -1, -1], [-1, -1, -1, 0, -1, 1, -1, -1, -1]], [[1, -1, -1, -1, -1, -1, -1, -1, -1], [-1, 1, -1, -1, -1, -1, -1, -1, -1], [-1, -1, 1, -1, -1, -1, -1, -1, -1], [-1, -1, -1, 1, -1, -1, -1, -1, -1]], [[1, -1, -1, -1, -1, -1, -1, -1, -1], [-1, -1, 1, -1, -1, -1, -1, -1, -1], [-1, -1, -1, 1, -1, -1, -1, -1, -1]], [[1, -1, -1, -1, -1, -1, -1, -1, -1], [-1, -1, 1, -1, -1, -1, -1, -1, -1], [-1, -1, -1, 1, -1, -1, -1, -1, -1]], [[1, -1, -1, -1, -1, -1, -1, -1, -1], [-1, -1, 1, -1, -1, -1, -1, -1, -1]], [[1, -1, -1, -1, -1, -1, -1, -1, -1], [-1, -1, 1, -1, -1, -1, -1, -1, -1], [-1, 1, -1, 0, -1, -1, -1, -1, -1]], [[1, -1, -1, -1, -1, -1, -1, -1, -1], [-1, -1, 1, -1, -1, -1, -1, -1, -1], [-1, 1, -1, 0, -1, -1, -1, -1, -1]], [[1, -1, -1, -1, -1, -1, -1, -1, -1], [-1, -1, 1, -1, -1, -1, -1, -1, -1], [-1, 1, -1, 0, -1, -1, -1, -1, -1]], [[1, -1, -1, -1, -1, -1, -1, -1, -1], [-1, -1, 1, -1, -1, -1, -1, -1, -1], [-1, 1, -1, 0, -1, -1, -1, -1, -1]], [[1, -1, -1, -1, -1, -1, -1, -1, -1], [-1, -1, 1, -1, -1, -1, -1, -1, -1], [-1, 1, -1, 0, -1, -1, -1, -1, -1]], [[1, -1, -1, -1, -1, -1, -1, -1, -1], [-1, -1, 1, -1, -1, -1, -1, -1, -1], [-1, 1, -1, 0, -1, -1, -1, -1, -1]], [[1, -1, -1, -1, -1, -1, -1, -1, -1], [-1, -1, 1, -1, -1, -1, -1, -1, -1]], [[1, -1, -1, -1, -1, -1, -1, -1, -1], [-1, -1, 1, -1, -1, -1, -1, -1, -1]], [[1, -1, -1, -1, -1, -1, -1, -1, -1], [-1, -1, 1, -1, -1, -1, -1, -1, -1], [-1, -1, -1, 0, -1, 1, -1, -1, -1]], [[1, -1, -1, -1, -1, -1, -1, -1, -1], [-1, -1, 1, -1, -1, -1, -1, -1, -1]], [[1, -1, -1, -1, -1, -1, -1, -1, -1], [-1, -1, 1, -1, -1, -1, -1, -1, -1]], [[1, -1, -1, -1, -1, -1, -1, -1, -1], [-1, -1, 1, -1, -1, -1, -1, -1, -1]], [[1, -1, -1, -1, -1, -1, -1, -1, -1], [-1, -1, 1, -1, -1, -1, -1, -1, -1]], [[1, -1, -1, -1, -1, -1, -1, -1, -1], [-1, -1, 1, -1, -1, -1, -1, -1, -1]], [[1, -1, -1, -1, -1, -1, -1, -1, -1], [-1, -1, 1, -1, -1, -1, -1, -1, -1]], [[1, -1, -1, -1, -1, -1, -1, -1, -1], [-1, -1, 1, -1, -1, -1, -1, -1, -1]], [[1, -1, -1, -1, -1, -1, -1, -1, -1], [-1, -1, 1, -1, -1, -1, -1, -1, -1]], [[1, -1, -1, -1, -1, -1, -1, -1, -1], [-1, -1, 1, -1, -1, -1, -1, -1, -1]], [[1, -1, -1, -1, -1, -1, -1, -1, -1], [-1, -1, 1, -1, -1, -1, -1, -1, -1]], [[1, -1, -1, -1, -1, -1, -1, -1, -1], [-1, -1, 1, -1, -1, -1, -1, -1, -1]], [[1, -1, -1, -1, -1, -1, -1, -1, -1], [-1, -1, 1, -1, -1, -1, -1, -1, -1]], [[1, -1, -1, -1, -1, -1, -1, -1, -1], [-1, -1, 1, -1, -1, -1, -1, -1, -1]], [[1, -1, -1, -1, -1, -1, -1, -1, -1], [-1, -1, 1, -1, -1, -1, -1, -1, -1]], [[1, -1, -1, -1, -1, -1, -1, -1, -1], [-1, -1, 1, -1, -1, -1, -1, -1, -1]], [[1, -1, -1, -1, -1, -1, -1, -1, -1], [-1, -1, 1, -1, -1, -1, -1, -1, -1]], [[1, -1, -1, -1, -1, -1, -1, -1, -1], [-1, -1, 1, -1, -1, -1, -1, -1, -1]], [[1, -1, -1, -1, -1, -1, -1, -1, -1], [-1, -1, 1, -1, -1, -1, -1, -1, -1]]]
30 40 
 [[[1, -1, -1, -1, -1, -1, -1, -1, -1], [-1, 1, -1, -1, -1, -1, -1, -1, -1], [-1, -1, 1, -1, -1, -1, -1, -1, -1], [-1, -1, -1, 1, -1, -1, -1, -1, -1], [-1, -1, -1, -1, -1, 1, -1, -1, -1]], [[1, -1, -1, -1, -1, -1, -1, -1, -1], [-1, 1, -1, -1, -1, -1, -1, -1, -1], [-1, -1, 1, -1, -1, -1, -1, -1, -1], [-1, -1, -1, 1, -1, -1, -1, -1, -1]], [[1, -1, -1, -1, -1, -1, -1, -1, -1], [-1, 1, -1, -1, -1, -1, -1, -1, -1], [-1, -1, 1, -1, -1, -1, -1, -1, -1], [-1, -1, -1, 1, -1, -1, -1, -1, -1]], [[1, -1, -1, -1, -1, -1, -1, -1, -1], [-1, 1, -1, -1, -1, -1, -1, -1, -1], [-1, -1, 1, -1, -1, -1, -1, -1, -1], [-1, -1, -1, 1, -1, -1, -1, -1, -1]], [[1, -1, -1, -1, -1, -1, -1, -1, -1], [-1, 1, -1, -1, -1, -1, -1, -1, -1], [-1, -1, 1, -1, -1, -1, -1, -1, -1], [-1, -1, -1, 1, -1, -1, -1, -1, -1], [-1, -1, -1, 0, -1, 1, -1, -1, -1]], [[1, -1, -1, -1, -1, -1, -1, -1, -1], [-1, 1, -1, -1, -1, -1, -1, -1, -1], [-1, -1, 1, -1, -1, -1, -1, -1, -1], [-1, -1, -1, 1, -1, -1, -1, -1, -1], [-1, -1, -1, 0, -1, 1, -1, -1, -1]], [[1, -1, -1, -1, -1, -1, -1, -1, -1], [-1, 1, -1, -1, -1, -1, -1, -1, -1], [-1, -1, 1, -1, -1, -1, -1, -1, -1], [-1, -1, -1, 1, -1, -1, -1, -1, -1], [-1, -1, -1, -1, -1, 1, -1, -1, -1]], [[1, -1, -1, -1, -1, -1, -1, -1, -1], [-1, 1, -1, -1, -1, -1, -1, -1, -1], [-1, -1, 1, -1, -1, -1, -1, -1, -1], [-1, -1, -1, 1, -1, -1, -1, -1, -1]], [[1, -1, -1, -1, -1, -1, -1, -1, -1], [-1, 1, -1, -1, -1, -1, -1, -1, -1], [-1, -1, 1, -1, -1, -1, -1, -1, -1], [-1, -1, -1, 1, -1, -1, -1, -1, -1], [-1, -1, -1, 0, -1, 1, -1, -1, -1]], [[1, -1, -1, -1, -1, -1, -1, -1, -1], [-1, 1, -1, -1, -1, -1, -1, -1, -1], [-1, -1, 1, -1, -1, -1, -1, -1, -1], [-1, -1, -1, 1, -1, -1, -1, -1, -1]], [[1, -1, -1, -1, -1, -1, -1, -1, -1], [-1, -1, 1, -1, -1, -1, -1, -1, -1], [-1, -1, -1, 1, -1, -1, -1, -1, -1]], [[1, -1, -1, -1, -1, -1, -1, -1, -1], [-1, -1, 1, -1, -1, -1, -1, -1, -1], [-1, -1, -1, 1, -1, -1, -1, -1, -1]], [[1, -1, -1, -1, -1, -1, -1, -1, -1], [-1, -1, 1, -1, -1, -1, -1, -1, -1]], [[1, -1, -1, -1, -1, -1, -1, -1, -1], [-1, -1, 1, -1, -1, -1, -1, -1, -1], [-1, 1, -1, 0, -1, -1, -1, -1, -1]], [[1, -1, -1, -1, -1, -1, -1, -1, -1], [-1, -1, 1, -1, -1, -1, -1, -1, -1], [-1, 1, -1, 0, -1, -1, -1, -1, -1]], [[1, -1, -1, -1, -1, -1, -1, -1, -1], [-1, -1, 1, -1, -1, -1, -1, -1, -1], [-1, 1, -1, 0, -1, -1, -1, -1, -1]], [[1, -1, -1, -1, -1, -1, -1, -1, -1], [-1, -1, 1, -1, -1, -1, -1, -1, -1], [-1, 1, -1, 0, -1, -1, -1, -1, -1]], [[1, -1, -1, -1, -1, -1, -1, -1, -1], [-1, -1, 1, -1, -1, -1, -1, -1, -1], [-1, 1, -1, 0, -1, -1, -1, -1, -1]], [[1, -1, -1, -1, -1, -1, -1, -1, -1], [-1, -1, 1, -1, -1, -1, -1, -1, -1], [-1, 1, -1, 0, -1, -1, -1, -1, -1]], [[1, -1, -1, -1, -1, -1, -1, -1, -1], [-1, -1, 1, -1, -1, -1, -1, -1, -1]], [[1, -1, -1, -1, -1, -1, -1, -1, -1], [-1, -1, 1, -1, -1, -1, -1, -1, -1]], [[1, -1, -1, -1, -1, -1, -1, -1, -1], [-1, -1, 1, -1, -1, -1, -1, -1, -1], [-1, -1, -1, 0, -1, 1, -1, -1, -1]], [[1, -1, -1, -1, -1, -1, -1, -1, -1], [-1, -1, 1, -1, -1, -1, -1, -1, -1]], [[1, -1, -1, -1, -1, -1, -1, -1, -1], [-1, -1, 1, -1, -1, -1, -1, -1, -1]], [[1, -1, -1, -1, -1, -1, -1, -1, -1], [-1, -1, 1, -1, -1, -1, -1, -1, -1]], [[1, -1, -1, -1, -1, -1, -1, -1, -1], [-1, -1, 1, -1, -1, -1, -1, -1, -1]], [[1, -1, -1, -1, -1, -1, -1, -1, -1], [-1, -1, 1, -1, -1, -1, -1, -1, -1]], [[1, -1, -1, -1, -1, -1, -1, -1, -1], [-1, -1, 1, -1, -1, -1, -1, -1, -1]], [[1, -1, -1, -1, -1, -1, -1, -1, -1], [-1, -1, 1, -1, -1, -1, -1, -1, -1]], [[1, -1, -1, -1, -1, -1, -1, -1, -1], [-1, -1, 1, -1, -1, -1, -1, -1, -1]], [[1, -1, -1, -1, -1, -1, -1, -1, -1], [-1, -1, 1, -1, -1, -1, -1, -1, -1]], [[1, -1, -1, -1, -1, -1, -1, -1, -1], [-1, -1, 1, -1, -1, -1, -1, -1, -1]], [[1, -1, -1, -1, -1, -1, -1, -1, -1], [-1, -1, 1, -1, -1, -1, -1, -1, -1]], [[1, -1, -1, -1, -1, -1, -1, -1, -1], [-1, -1, 1, -1, -1, -1, -1, -1, -1]], [[1, -1, -1, -1, -1, -1, -1, -1, -1], [-1, -1, 1, -1, -1, -1, -1, -1, -1]], [[1, -1, -1, -1, -1, -1, -1, -1, -1], [-1, -1, 1, -1, -1, -1, -1, -1, -1]], [[1, -1, -1, -1, -1, -1, -1, -1, -1], [-1, -1, 1, -1, -1, -1, -1, -1, -1]], [[1, -1, -1, -1, -1, -1, -1, -1, -1], [-1, -1, 1, -1, -1, -1, -1, -1, -1]], [[1, -1, -1, -1, -1, -1, -1, -1, -1], [-1, -1, 1, -1, -1, -1, -1, -1, -1]], [[1, -1, -1, -1, -1, -1, -1, -1, -1], [-1, -1, 1, -1, -1, -1, -1, -1, -1]]]
40 40 
 [[[1, -1, -1, -1, -1, -1, -1, -1, -1], [-1, 1, -1, -1, -1, -1, -1, -1, -1], [-1, -1, 1, -1, -1, -1, -1, -1, -1], [-1, -1, -1, 1, -1, -1, -1, -1, -1], [-1, -1, -1, -1, -1, 1, -1, -1, -1]], [[1, -1, -1, -1, -1, -1, -1, -1, -1], [-1, 1, -1, -1, -1, -1, -1, -1, -1], [-1, -1, 1, -1, -1, -1, -1, -1, -1], [-1, -1, -1, 1, -1, -1, -1, -1, -1]], [[1, -1, -1, -1, -1, -1, -1, -1, -1], [-1, 1, -1, -1, -1, -1, -1, -1, -1], [-1, -1, 1, -1, -1, -1, -1, -1, -1], [-1, -1, -1, 1, -1, -1, -1, -1, -1]], [[1, -1, -1, -1, -1, -1, -1, -1, -1], [-1, 1, -1, -1, -1, -1, -1, -1, -1], [-1, -1, 1, -1, -1, -1, -1, -1, -1], [-1, -1, -1, 1, -1, -1, -1, -1, -1]], [[1, -1, -1, -1, -1, -1, -1, -1, -1], [-1, 1, -1, -1, -1, -1, -1, -1, -1], [-1, -1, 1, -1, -1, -1, -1, -1, -1], [-1, -1, -1, 1, -1, -1, -1, -1, -1], [-1, -1, -1, 0, -1, 1, -1, -1, -1]], [[1, -1, -1, -1, -1, -1, -1, -1, -1], [-1, 1, -1, -1, -1, -1, -1, -1, -1], [-1, -1, 1, -1, -1, -1, -1, -1, -1], [-1, -1, -1, 1, -1, -1, -1, -1, -1], [-1, -1, -1, 0, -1, 1, -1, -1, -1]], [[1, -1, -1, -1, -1, -1, -1, -1, -1], [-1, 1, -1, -1, -1, -1, -1, -1, -1], [-1, -1, 1, -1, -1, -1, -1, -1, -1], [-1, -1, -1, 1, -1, -1, -1, -1, -1], [-1, -1, -1, -1, -1, 1, -1, -1, -1]], [[1, -1, -1, -1, -1, -1, -1, -1, -1], [-1, 1, -1, -1, -1, -1, -1, -1, -1], [-1, -1, 1, -1, -1, -1, -1, -1, -1], [-1, -1, -1, 1, -1, -1, -1, -1, -1]], [[1, -1, -1, -1, -1, -1, -1, -1, -1], [-1, 1, -1, -1, -1, -1, -1, -1, -1], [-1, -1, 1, -1, -1, -1, -1, -1, -1], [-1, -1, -1, 1, -1, -1, -1, -1, -1], [-1, -1, -1, 0, -1, 1, -1, -1, -1]], [[1, -1, -1, -1, -1, -1, -1, -1, -1], [-1, 1, -1, -1, -1, -1, -1, -1, -1], [-1, -1, 1, -1, -1, -1, -1, -1, -1], [-1, -1, -1, 1, -1, -1, -1, -1, -1]], [[1, -1, -1, -1, -1, -1, -1, -1, -1], [-1, -1, 1, -1, -1, -1, -1, -1, -1], [-1, -1, -1, 1, -1, -1, -1, -1, -1]], [[1, -1, -1, -1, -1, -1, -1, -1, -1], [-1, -1, 1, -1, -1, -1, -1, -1, -1], [-1, -1, -1, 1, -1, -1, -1, -1, -1]], [[1, -1, -1, -1, -1, -1, -1, -1, -1], [-1, -1, 1, -1, -1, -1, -1, -1, -1]], [[1, -1, -1, -1, -1, -1, -1, -1, -1], [-1, -1, 1, -1, -1, -1, -1, -1, -1], [-1, 1, -1, 0, -1, -1, -1, -1, -1]], [[1, -1, -1, -1, -1, -1, -1, -1, -1], [-1, -1, 1, -1, -1, -1, -1, -1, -1], [-1, 1, -1, 0, -1, -1, -1, -1, -1]], [[1, -1, -1, -1, -1, -1, -1, -1, -1], [-1, -1, 1, -1, -1, -1, -1, -1, -1], [-1, 1, -1, 0, -1, -1, -1, -1, -1]], [[1, -1, -1, -1, -1, -1, -1, -1, -1], [-1, -1, 1, -1, -1, -1, -1, -1, -1], [-1, 1, -1, 0, -1, -1, -1, -1, -1]], [[1, -1, -1, -1, -1, -1, -1, -1, -1], [-1, -1, 1, -1, -1, -1, -1, -1, -1], [-1, 1, -1, 0, -1, -1, -1, -1, -1]], [[1, -1, -1, -1, -1, -1, -1, -1, -1], [-1, -1, 1, -1, -1, -1, -1, -1, -1], [-1, 1, -1, 0, -1, -1, -1, -1, -1]], [[1, -1, -1, -1, -1, -1, -1, -1, -1], [-1, -1, 1, -1, -1, -1, -1, -1, -1]], [[1, -1, -1, -1, -1, -1, -1, -1, -1], [-1, -1, 1, -1, -1, -1, -1, -1, -1]], [[1, -1, -1, -1, -1, -1, -1, -1, -1], [-1, -1, 1, -1, -1, -1, -1, -1, -1], [-1, -1, -1, 0, -1, 1, -1, -1, -1]], [[1, -1, -1, -1, -1, -1, -1, -1, -1], [-1, -1, 1, -1, -1, -1, -1, -1, -1]], [[1, -1, -1, -1, -1, -1, -1, -1, -1], [-1, -1, 1, -1, -1, -1, -1, -1, -1]], [[1, -1, -1, -1, -1, -1, -1, -1, -1], [-1, -1, 1, -1, -1, -1, -1, -1, -1]], [[1, -1, -1, -1, -1, -1, -1, -1, -1], [-1, -1, 1, -1, -1, -1, -1, -1, -1]], [[1, -1, -1, -1, -1, -1, -1, -1, -1], [-1, -1, 1, -1, -1, -1, -1, -1, -1]], [[1, -1, -1, -1, -1, -1, -1, -1, -1], [-1, -1, 1, -1, -1, -1, -1, -1, -1]], [[1, -1, -1, -1, -1, -1, -1, -1, -1], [-1, -1, 1, -1, -1, -1, -1, -1, -1]], [[1, -1, -1, -1, -1, -1, -1, -1, -1], [-1, -1, 1, -1, -1, -1, -1, -1, -1]], [[1, -1, -1, -1, -1, -1, -1, -1, -1], [-1, -1, 1, -1, -1, -1, -1, -1, -1]], [[1, -1, -1, -1, -1, -1, -1, -1, -1], [-1, -1, 1, -1, -1, -1, -1, -1, -1]], [[1, -1, -1, -1, -1, -1, -1, -1, -1], [-1, -1, 1, -1, -1, -1, -1, -1, -1]], [[1, -1, -1, -1, -1, -1, -1, -1, -1], [-1, -1, 1, -1, -1, -1, -1, -1, -1]], [[1, -1, -1, -1, -1, -1, -1, -1, -1], [-1, -1, 1, -1, -1, -1, -1, -1, -1]], [[1, -1, -1, -1, -1, -1, -1, -1, -1], [-1, -1, 1, -1, -1, -1, -1, -1, -1]], [[1, -1, -1, -1, -1, -1, -1, -1, -1], [-1, -1, 1, -1, -1, -1, -1, -1, -1]], [[1, -1, -1, -1, -1, -1, -1, -1, -1], [-1, -1, 1, -1, -1, -1, -1, -1, -1]], [[1, -1, -1, -1, -1, -1, -1, -1, -1], [-1, -1, 1, -1, -1, -1, -1, -1, -1]], [[1, -1, -1, -1, -1, -1, -1, -1, -1], [-1, -1, 1, -1, -1, -1, -1, -1, -1]]]
50 40 
 [[[1, -1, -1, -1, -1, -1, -1, -1, -1], [-1, 1, -1, -1, -1, -1, -1, -1, -1], [-1, -1, 1, -1, -1, -1, -1, -1, -1], [-1, -1, -1, 1, -1, -1, -1, -1, -1], [-1, -1, -1, -1, -1, 1, -1, -1, -1]], [[1, -1, -1, -1, -1, -1, -1, -1, -1], [-1, 1, -1, -1, -1, -1, -1, -1, -1], [-1, -1, 1, -1, -1, -1, -1, -1, -1], [-1, -1, -1, 1, -1, -1, -1, -1, -1]], [[1, -1, -1, -1, -1, -1, -1, -1, -1], [-1, 1, -1, -1, -1, -1, -1, -1, -1], [-1, -1, 1, -1, -1, -1, -1, -1, -1], [-1, -1, -1, 1, -1, -1, -1, -1, -1]], [[1, -1, -1, -1, -1, -1, -1, -1, -1], [-1, 1, -1, -1, -1, -1, -1, -1, -1], [-1, -1, 1, -1, -1, -1, -1, -1, -1], [-1, -1, -1, 1, -1, -1, -1, -1, -1]], [[1, -1, -1, -1, -1, -1, -1, -1, -1], [-1, 1, -1, -1, -1, -1, -1, -1, -1], [-1, -1, 1, -1, -1, -1, -1, -1, -1], [-1, -1, -1, 1, -1, -1, -1, -1, -1], [-1, -1, -1, 0, -1, 1, -1, -1, -1]], [[1, -1, -1, -1, -1, -1, -1, -1, -1], [-1, 1, -1, -1, -1, -1, -1, -1, -1], [-1, -1, 1, -1, -1, -1, -1, -1, -1], [-1, -1, -1, 1, -1, -1, -1, -1, -1], [-1, -1, -1, 0, -1, 1, -1, -1, -1]], [[1, -1, -1, -1, -1, -1, -1, -1, -1], [-1, 1, -1, -1, -1, -1, -1, -1, -1], [-1, -1, 1, -1, -1, -1, -1, -1, -1], [-1, -1, -1, 1, -1, -1, -1, -1, -1], [-1, -1, -1, -1, -1, 1, -1, -1, -1]], [[1, -1, -1, -1, -1, -1, -1, -1, -1], [-1, 1, -1, -1, -1, -1, -1, -1, -1], [-1, -1, 1, -1, -1, -1, -1, -1, -1], [-1, -1, -1, 1, -1, -1, -1, -1, -1]], [[1, -1, -1, -1, -1, -1, -1, -1, -1], [-1, 1, -1, -1, -1, -1, -1, -1, -1], [-1, -1, 1, -1, -1, -1, -1, -1, -1], [-1, -1, -1, 1, -1, -1, -1, -1, -1], [-1, -1, -1, 0, -1, 1, -1, -1, -1]], [[1, -1, -1, -1, -1, -1, -1, -1, -1], [-1, 1, -1, -1, -1, -1, -1, -1, -1], [-1, -1, 1, -1, -1, -1, -1, -1, -1], [-1, -1, -1, 1, -1, -1, -1, -1, -1]], [[1, -1, -1, -1, -1, -1, -1, -1, -1], [-1, -1, 1, -1, -1, -1, -1, -1, -1], [-1, -1, -1, 1, -1, -1, -1, -1, -1]], [[1, -1, -1, -1, -1, -1, -1, -1, -1], [-1, -1, 1, -1, -1, -1, -1, -1, -1], [-1, -1, -1, 1, -1, -1, -1, -1, -1]], [[1, -1, -1, -1, -1, -1, -1, -1, -1], [-1, -1, 1, -1, -1, -1, -1, -1, -1]], [[1, -1, -1, -1, -1, -1, -1, -1, -1], [-1, -1, 1, -1, -1, -1, -1, -1, -1], [-1, 1, -1, 0, -1, -1, -1, -1, -1]], [[1, -1, -1, -1, -1, -1, -1, -1, -1], [-1, -1, 1, -1, -1, -1, -1, -1, -1], [-1, 1, -1, 0, -1, -1, -1, -1, -1]], [[1, -1, -1, -1, -1, -1, -1, -1, -1], [-1, -1, 1, -1, -1, -1, -1, -1, -1], [-1, 1, -1, 0, -1, -1, -1, -1, -1]], [[1, -1, -1, -1, -1, -1, -1, -1, -1], [-1, -1, 1, -1, -1, -1, -1, -1, -1], [-1, 1, -1, 0, -1, -1, -1, -1, -1]], [[1, -1, -1, -1, -1, -1, -1, -1, -1], [-1, -1, 1, -1, -1, -1, -1, -1, -1], [-1, 1, -1, 0, -1, -1, -1, -1, -1]], [[1, -1, -1, -1, -1, -1, -1, -1, -1], [-1, -1, 1, -1, -1, -1, -1, -1, -1], [-1, 1, -1, 0, -1, -1, -1, -1, -1]], [[1, -1, -1, -1, -1, -1, -1, -1, -1], [-1, -1, 1, -1, -1, -1, -1, -1, -1]], [[1, -1, -1, -1, -1, -1, -1, -1, -1], [-1, -1, 1, -1, -1, -1, -1, -1, -1]], [[1, -1, -1, -1, -1, -1, -1, -1, -1], [-1, -1, 1, -1, -1, -1, -1, -1, -1], [-1, -1, -1, 0, -1, 1, -1, -1, -1]], [[1, -1, -1, -1, -1, -1, -1, -1, -1], [-1, -1, 1, -1, -1, -1, -1, -1, -1]], [[1, -1, -1, -1, -1, -1, -1, -1, -1], [-1, -1, 1, -1, -1, -1, -1, -1, -1]], [[1, -1, -1, -1, -1, -1, -1, -1, -1], [-1, -1, 1, -1, -1, -1, -1, -1, -1]], [[1, -1, -1, -1, -1, -1, -1, -1, -1], [-1, -1, 1, -1, -1, -1, -1, -1, -1]], [[1, -1, -1, -1, -1, -1, -1, -1, -1], [-1, -1, 1, -1, -1, -1, -1, -1, -1]], [[1, -1, -1, -1, -1, -1, -1, -1, -1], [-1, -1, 1, -1, -1, -1, -1, -1, -1]], [[1, -1, -1, -1, -1, -1, -1, -1, -1], [-1, -1, 1, -1, -1, -1, -1, -1, -1]], [[1, -1, -1, -1, -1, -1, -1, -1, -1], [-1, -1, 1, -1, -1, -1, -1, -1, -1]], [[1, -1, -1, -1, -1, -1, -1, -1, -1], [-1, -1, 1, -1, -1, -1, -1, -1, -1]], [[1, -1, -1, -1, -1, -1, -1, -1, -1], [-1, -1, 1, -1, -1, -1, -1, -1, -1]], [[1, -1, -1, -1, -1, -1, -1, -1, -1], [-1, -1, 1, -1, -1, -1, -1, -1, -1]], [[1, -1, -1, -1, -1, -1, -1, -1, -1], [-1, -1, 1, -1, -1, -1, -1, -1, -1]], [[1, -1, -1, -1, -1, -1, -1, -1, -1], [-1, -1, 1, -1, -1, -1, -1, -1, -1]], [[1, -1, -1, -1, -1, -1, -1, -1, -1], [-1, -1, 1, -1, -1, -1, -1, -1, -1]], [[1, -1, -1, -1, -1, -1, -1, -1, -1], [-1, -1, 1, -1, -1, -1, -1, -1, -1]], [[1, -1, -1, -1, -1, -1, -1, -1, -1], [-1, -1, 1, -1, -1, -1, -1, -1, -1]], [[1, -1, -1, -1, -1, -1, -1, -1, -1], [-1, -1, 1, -1, -1, -1, -1, -1, -1]], [[1, -1, -1, -1, -1, -1, -1, -1, -1], [-1, -1, 1, -1, -1, -1, -1, -1, -1]]]
60 40 
 [[[1, -1, -1, -1, -1, -1, -1, -1, -1], [-1, 1, -1, -1, -1, -1, -1, -1, -1], [-1, -1, 1, -1, -1, -1, -1, -1, -1], [-1, -1, -1, 1, -1, -1, -1, -1, -1], [-1, -1, -1, -1, -1, 1, -1, -1, -1]], [[1, -1, -1, -1, -1, -1, -1, -1, -1], [-1, 1, -1, -1, -1, -1, -1, -1, -1], [-1, -1, 1, -1, -1, -1, -1, -1, -1], [-1, -1, -1, 1, -1, -1, -1, -1, -1]], [[1, -1, -1, -1, -1, -1, -1, -1, -1], [-1, 1, -1, -1, -1, -1, -1, -1, -1], [-1, -1, 1, -1, -1, -1, -1, -1, -1], [-1, -1, -1, 1, -1, -1, -1, -1, -1]], [[1, -1, -1, -1, -1, -1, -1, -1, -1], [-1, 1, -1, -1, -1, -1, -1, -1, -1], [-1, -1, 1, -1, -1, -1, -1, -1, -1], [-1, -1, -1, 1, -1, -1, -1, -1, -1]], [[1, -1, -1, -1, -1, -1, -1, -1, -1], [-1, 1, -1, -1, -1, -1, -1, -1, -1], [-1, -1, 1, -1, -1, -1, -1, -1, -1], [-1, -1, -1, 1, -1, -1, -1, -1, -1], [-1, -1, -1, 0, -1, 1, -1, -1, -1]], [[1, -1, -1, -1, -1, -1, -1, -1, -1], [-1, 1, -1, -1, -1, -1, -1, -1, -1], [-1, -1, 1, -1, -1, -1, -1, -1, -1], [-1, -1, -1, 1, -1, -1, -1, -1, -1], [-1, -1, -1, 0, -1, 1, -1, -1, -1]], [[1, -1, -1, -1, -1, -1, -1, -1, -1], [-1, 1, -1, -1, -1, -1, -1, -1, -1], [-1, -1, 1, -1, -1, -1, -1, -1, -1], [-1, -1, -1, 1, -1, -1, -1, -1, -1], [-1, -1, -1, -1, -1, 1, -1, -1, -1]], [[1, -1, -1, -1, -1, -1, -1, -1, -1], [-1, 1, -1, -1, -1, -1, -1, -1, -1], [-1, -1, 1, -1, -1, -1, -1, -1, -1], [-1, -1, -1, 1, -1, -1, -1, -1, -1]], [[1, -1, -1, -1, -1, -1, -1, -1, -1], [-1, 1, -1, -1, -1, -1, -1, -1, -1], [-1, -1, 1, -1, -1, -1, -1, -1, -1], [-1, -1, -1, 1, -1, -1, -1, -1, -1], [-1, -1, -1, 0, -1, 1, -1, -1, -1]], [[1, -1, -1, -1, -1, -1, -1, -1, -1], [-1, 1, -1, -1, -1, -1, -1, -1, -1], [-1, -1, 1, -1, -1, -1, -1, -1, -1], [-1, -1, -1, 1, -1, -1, -1, -1, -1]], [[1, -1, -1, -1, -1, -1, -1, -1, -1], [-1, -1, 1, -1, -1, -1, -1, -1, -1], [-1, -1, -1, 1, -1, -1, -1, -1, -1]], [[1, -1, -1, -1, -1, -1, -1, -1, -1], [-1, -1, 1, -1, -1, -1, -1, -1, -1], [-1, -1, -1, 1, -1, -1, -1, -1, -1]], [[1, -1, -1, -1, -1, -1, -1, -1, -1], [-1, -1, 1, -1, -1, -1, -1, -1, -1]], [[1, -1, -1, -1, -1, -1, -1, -1, -1], [-1, -1, 1, -1, -1, -1, -1, -1, -1], [-1, 1, -1, 0, -1, -1, -1, -1, -1]], [[1, -1, -1, -1, -1, -1, -1, -1, -1], [-1, -1, 1, -1, -1, -1, -1, -1, -1], [-1, 1, -1, 0, -1, -1, -1, -1, -1]], [[1, -1, -1, -1, -1, -1, -1, -1, -1], [-1, -1, 1, -1, -1, -1, -1, -1, -1], [-1, 1, -1, 0, -1, -1, -1, -1, -1]], [[1, -1, -1, -1, -1, -1, -1, -1, -1], [-1, -1, 1, -1, -1, -1, -1, -1, -1], [-1, 1, -1, 0, -1, -1, -1, -1, -1]], [[1, -1, -1, -1, -1, -1, -1, -1, -1], [-1, -1, 1, -1, -1, -1, -1, -1, -1], [-1, 1, -1, 0, -1, -1, -1, -1, -1]], [[1, -1, -1, -1, -1, -1, -1, -1, -1], [-1, -1, 1, -1, -1, -1, -1, -1, -1], [-1, 1, -1, 0, -1, -1, -1, -1, -1]], [[1, -1, -1, -1, -1, -1, -1, -1, -1], [-1, -1, 1, -1, -1, -1, -1, -1, -1]], [[1, -1, -1, -1, -1, -1, -1, -1, -1], [-1, -1, 1, -1, -1, -1, -1, -1, -1]], [[1, -1, -1, -1, -1, -1, -1, -1, -1], [-1, -1, 1, -1, -1, -1, -1, -1, -1], [-1, -1, -1, 0, -1, 1, -1, -1, -1]], [[1, -1, -1, -1, -1, -1, -1, -1, -1], [-1, -1, 1, -1, -1, -1, -1, -1, -1]], [[1, -1, -1, -1, -1, -1, -1, -1, -1], [-1, -1, 1, -1, -1, -1, -1, -1, -1]], [[1, -1, -1, -1, -1, -1, -1, -1, -1], [-1, -1, 1, -1, -1, -1, -1, -1, -1]], [[1, -1, -1, -1, -1, -1, -1, -1, -1], [-1, -1, 1, -1, -1, -1, -1, -1, -1]], [[1, -1, -1, -1, -1, -1, -1, -1, -1], [-1, -1, 1, -1, -1, -1, -1, -1, -1]], [[1, -1, -1, -1, -1, -1, -1, -1, -1], [-1, -1, 1, -1, -1, -1, -1, -1, -1]], [[1, -1, -1, -1, -1, -1, -1, -1, -1], [-1, -1, 1, -1, -1, -1, -1, -1, -1]], [[1, -1, -1, -1, -1, -1, -1, -1, -1], [-1, -1, 1, -1, -1, -1, -1, -1, -1]], [[1, -1, -1, -1, -1, -1, -1, -1, -1], [-1, -1, 1, -1, -1, -1, -1, -1, -1]], [[1, -1, -1, -1, -1, -1, -1, -1, -1], [-1, -1, 1, -1, -1, -1, -1, -1, -1]], [[1, -1, -1, -1, -1, -1, -1, -1, -1], [-1, -1, 1, -1, -1, -1, -1, -1, -1]], [[1, -1, -1, -1, -1, -1, -1, -1, -1], [-1, -1, 1, -1, -1, -1, -1, -1, -1]], [[1, -1, -1, -1, -1, -1, -1, -1, -1], [-1, -1, 1, -1, -1, -1, -1, -1, -1]], [[1, -1, -1, -1, -1, -1, -1, -1, -1], [-1, -1, 1, -1, -1, -1, -1, -1, -1]], [[1, -1, -1, -1, -1, -1, -1, -1, -1], [-1, -1, 1, -1, -1, -1, -1, -1, -1]], [[1, -1, -1, -1, -1, -1, -1, -1, -1], [-1, -1, 1, -1, -1, -1, -1, -1, -1]], [[1, -1, -1, -1, -1, -1, -1, -1, -1], [-1, -1, 1, -1, -1, -1, -1, -1, -1]], [[1, -1, -1, -1, -1, -1, -1, -1, -1], [-1, -1, 1, -1, -1, -1, -1, -1, -1]]]
70 40 
 [[[1, -1, -1, -1, -1, -1, -1, -1, -1], [-1, 1, -1, -1, -1, -1, -1, -1, -1], [-1, -1, 1, -1, -1, -1, -1, -1, -1], [-1, -1, -1, 1, -1, -1, -1, -1, -1], [-1, -1, -1, -1, -1, 1, -1, -1, -1]], [[1, -1, -1, -1, -1, -1, -1, -1, -1], [-1, 1, -1, -1, -1, -1, -1, -1, -1], [-1, -1, 1, -1, -1, -1, -1, -1, -1], [-1, -1, -1, 1, -1, -1, -1, -1, -1]], [[1, -1, -1, -1, -1, -1, -1, -1, -1], [-1, 1, -1, -1, -1, -1, -1, -1, -1], [-1, -1, 1, -1, -1, -1, -1, -1, -1], [-1, -1, -1, 1, -1, -1, -1, -1, -1]], [[1, -1, -1, -1, -1, -1, -1, -1, -1], [-1, 1, -1, -1, -1, -1, -1, -1, -1], [-1, -1, 1, -1, -1, -1, -1, -1, -1], [-1, -1, -1, 1, -1, -1, -1, -1, -1]], [[1, -1, -1, -1, -1, -1, -1, -1, -1], [-1, 1, -1, -1, -1, -1, -1, -1, -1], [-1, -1, 1, -1, -1, -1, -1, -1, -1], [-1, -1, -1, 1, -1, -1, -1, -1, -1], [-1, -1, -1, 0, -1, 1, -1, -1, -1]], [[1, -1, -1, -1, -1, -1, -1, -1, -1], [-1, 1, -1, -1, -1, -1, -1, -1, -1], [-1, -1, 1, -1, -1, -1, -1, -1, -1], [-1, -1, -1, 1, -1, -1, -1, -1, -1], [-1, -1, -1, 0, -1, 1, -1, -1, -1]], [[1, -1, -1, -1, -1, -1, -1, -1, -1], [-1, 1, -1, -1, -1, -1, -1, -1, -1], [-1, -1, 1, -1, -1, -1, -1, -1, -1], [-1, -1, -1, 1, -1, -1, -1, -1, -1], [-1, -1, -1, -1, -1, 1, -1, -1, -1]], [[1, -1, -1, -1, -1, -1, -1, -1, -1], [-1, 1, -1, -1, -1, -1, -1, -1, -1], [-1, -1, 1, -1, -1, -1, -1, -1, -1], [-1, -1, -1, 1, -1, -1, -1, -1, -1]], [[1, -1, -1, -1, -1, -1, -1, -1, -1], [-1, 1, -1, -1, -1, -1, -1, -1, -1], [-1, -1, 1, -1, -1, -1, -1, -1, -1], [-1, -1, -1, 1, -1, -1, -1, -1, -1], [-1, -1, -1, 0, -1, 1, -1, -1, -1]], [[1, -1, -1, -1, -1, -1, -1, -1, -1], [-1, 1, -1, -1, -1, -1, -1, -1, -1], [-1, -1, 1, -1, -1, -1, -1, -1, -1], [-1, -1, -1, 1, -1, -1, -1, -1, -1]], [[1, -1, -1, -1, -1, -1, -1, -1, -1], [-1, -1, 1, -1, -1, -1, -1, -1, -1], [-1, -1, -1, 1, -1, -1, -1, -1, -1]], [[1, -1, -1, -1, -1, -1, -1, -1, -1], [-1, -1, 1, -1, -1, -1, -1, -1, -1], [-1, -1, -1, 1, -1, -1, -1, -1, -1]], [[1, -1, -1, -1, -1, -1, -1, -1, -1], [-1, -1, 1, -1, -1, -1, -1, -1, -1]], [[1, -1, -1, -1, -1, -1, -1, -1, -1], [-1, -1, 1, -1, -1, -1, -1, -1, -1], [-1, 1, -1, 0, -1, -1, -1, -1, -1]], [[1, -1, -1, -1, -1, -1, -1, -1, -1], [-1, -1, 1, -1, -1, -1, -1, -1, -1], [-1, 1, -1, 0, -1, -1, -1, -1, -1]], [[1, -1, -1, -1, -1, -1, -1, -1, -1], [-1, -1, 1, -1, -1, -1, -1, -1, -1], [-1, 1, -1, 0, -1, -1, -1, -1, -1]], [[1, -1, -1, -1, -1, -1, -1, -1, -1], [-1, -1, 1, -1, -1, -1, -1, -1, -1], [-1, 1, -1, 0, -1, -1, -1, -1, -1]], [[1, -1, -1, -1, -1, -1, -1, -1, -1], [-1, -1, 1, -1, -1, -1, -1, -1, -1], [-1, 1, -1, 0, -1, -1, -1, -1, -1]], [[1, -1, -1, -1, -1, -1, -1, -1, -1], [-1, -1, 1, -1, -1, -1, -1, -1, -1], [-1, 1, -1, 0, -1, -1, -1, -1, -1]], [[1, -1, -1, -1, -1, -1, -1, -1, -1], [-1, -1, 1, -1, -1, -1, -1, -1, -1]], [[1, -1, -1, -1, -1, -1, -1, -1, -1], [-1, -1, 1, -1, -1, -1, -1, -1, -1]], [[1, -1, -1, -1, -1, -1, -1, -1, -1], [-1, -1, 1, -1, -1, -1, -1, -1, -1], [-1, -1, -1, 0, -1, 1, -1, -1, -1]], [[1, -1, -1, -1, -1, -1, -1, -1, -1], [-1, -1, 1, -1, -1, -1, -1, -1, -1]], [[1, -1, -1, -1, -1, -1, -1, -1, -1], [-1, -1, 1, -1, -1, -1, -1, -1, -1]], [[1, -1, -1, -1, -1, -1, -1, -1, -1], [-1, -1, 1, -1, -1, -1, -1, -1, -1]], [[1, -1, -1, -1, -1, -1, -1, -1, -1], [-1, -1, 1, -1, -1, -1, -1, -1, -1]], [[1, -1, -1, -1, -1, -1, -1, -1, -1], [-1, -1, 1, -1, -1, -1, -1, -1, -1]], [[1, -1, -1, -1, -1, -1, -1, -1, -1], [-1, -1, 1, -1, -1, -1, -1, -1, -1]], [[1, -1, -1, -1, -1, -1, -1, -1, -1], [-1, -1, 1, -1, -1, -1, -1, -1, -1]], [[1, -1, -1, -1, -1, -1, -1, -1, -1], [-1, -1, 1, -1, -1, -1, -1, -1, -1]], [[1, -1, -1, -1, -1, -1, -1, -1, -1], [-1, -1, 1, -1, -1, -1, -1, -1, -1]], [[1, -1, -1, -1, -1, -1, -1, -1, -1], [-1, -1, 1, -1, -1, -1, -1, -1, -1]], [[1, -1, -1, -1, -1, -1, -1, -1, -1], [-1, -1, 1, -1, -1, -1, -1, -1, -1]], [[1, -1, -1, -1, -1, -1, -1, -1, -1], [-1, -1, 1, -1, -1, -1, -1, -1, -1]], [[1, -1, -1, -1, -1, -1, -1, -1, -1], [-1, -1, 1, -1, -1, -1, -1, -1, -1]], [[1, -1, -1, -1, -1, -1, -1, -1, -1], [-1, -1, 1, -1, -1, -1, -1, -1, -1]], [[1, -1, -1, -1, -1, -1, -1, -1, -1], [-1, -1, 1, -1, -1, -1, -1, -1, -1]], [[1, -1, -1, -1, -1, -1, -1, -1, -1], [-1, -1, 1, -1, -1, -1, -1, -1, -1]], [[1, -1, -1, -1, -1, -1, -1, -1, -1], [-1, -1, 1, -1, -1, -1, -1, -1, -1]], [[1, -1, -1, -1, -1, -1, -1, -1, -1], [-1, -1, 1, -1, -1, -1, -1, -1, -1]]]
80 40 
 [[[1, -1, -1, -1, -1, -1, -1, -1, -1], [-1, 1, -1, -1, -1, -1, -1, -1, -1], [-1, -1, 1, -1, -1, -1, -1, -1, -1], [-1, -1, -1, 1, -1, -1, -1, -1, -1], [-1, -1, -1, -1, -1, 1, -1, -1, -1]], [[1, -1, -1, -1, -1, -1, -1, -1, -1], [-1, 1, -1, -1, -1, -1, -1, -1, -1], [-1, -1, 1, -1, -1, -1, -1, -1, -1], [-1, -1, -1, 1, -1, -1, -1, -1, -1]], [[1, -1, -1, -1, -1, -1, -1, -1, -1], [-1, 1, -1, -1, -1, -1, -1, -1, -1], [-1, -1, 1, -1, -1, -1, -1, -1, -1], [-1, -1, -1, 1, -1, -1, -1, -1, -1]], [[1, -1, -1, -1, -1, -1, -1, -1, -1], [-1, 1, -1, -1, -1, -1, -1, -1, -1], [-1, -1, 1, -1, -1, -1, -1, -1, -1], [-1, -1, -1, 1, -1, -1, -1, -1, -1]], [[1, -1, -1, -1, -1, -1, -1, -1, -1], [-1, 1, -1, -1, -1, -1, -1, -1, -1], [-1, -1, 1, -1, -1, -1, -1, -1, -1], [-1, -1, -1, 1, -1, -1, -1, -1, -1], [-1, -1, -1, 0, -1, 1, -1, -1, -1]], [[1, -1, -1, -1, -1, -1, -1, -1, -1], [-1, 1, -1, -1, -1, -1, -1, -1, -1], [-1, -1, 1, -1, -1, -1, -1, -1, -1], [-1, -1, -1, 1, -1, -1, -1, -1, -1], [-1, -1, -1, 0, -1, 1, -1, -1, -1]], [[1, -1, -1, -1, -1, -1, -1, -1, -1], [-1, 1, -1, -1, -1, -1, -1, -1, -1], [-1, -1, 1, -1, -1, -1, -1, -1, -1], [-1, -1, -1, 1, -1, -1, -1, -1, -1], [-1, -1, -1, -1, -1, 1, -1, -1, -1]], [[1, -1, -1, -1, -1, -1, -1, -1, -1], [-1, 1, -1, -1, -1, -1, -1, -1, -1], [-1, -1, 1, -1, -1, -1, -1, -1, -1], [-1, -1, -1, 1, -1, -1, -1, -1, -1]], [[1, -1, -1, -1, -1, -1, -1, -1, -1], [-1, 1, -1, -1, -1, -1, -1, -1, -1], [-1, -1, 1, -1, -1, -1, -1, -1, -1], [-1, -1, -1, 1, -1, -1, -1, -1, -1], [-1, -1, -1, 0, -1, 1, -1, -1, -1]], [[1, -1, -1, -1, -1, -1, -1, -1, -1], [-1, 1, -1, -1, -1, -1, -1, -1, -1], [-1, -1, 1, -1, -1, -1, -1, -1, -1], [-1, -1, -1, 1, -1, -1, -1, -1, -1]], [[1, -1, -1, -1, -1, -1, -1, -1, -1], [-1, -1, 1, -1, -1, -1, -1, -1, -1], [-1, -1, -1, 1, -1, -1, -1, -1, -1]], [[1, -1, -1, -1, -1, -1, -1, -1, -1], [-1, -1, 1, -1, -1, -1, -1, -1, -1], [-1, -1, -1, 1, -1, -1, -1, -1, -1]], [[1, -1, -1, -1, -1, -1, -1, -1, -1], [-1, -1, 1, -1, -1, -1, -1, -1, -1]], [[1, -1, -1, -1, -1, -1, -1, -1, -1], [-1, -1, 1, -1, -1, -1, -1, -1, -1], [-1, 1, -1, 0, -1, -1, -1, -1, -1]], [[1, -1, -1, -1, -1, -1, -1, -1, -1], [-1, -1, 1, -1, -1, -1, -1, -1, -1], [-1, 1, -1, 0, -1, -1, -1, -1, -1]], [[1, -1, -1, -1, -1, -1, -1, -1, -1], [-1, -1, 1, -1, -1, -1, -1, -1, -1], [-1, 1, -1, 0, -1, -1, -1, -1, -1]], [[1, -1, -1, -1, -1, -1, -1, -1, -1], [-1, -1, 1, -1, -1, -1, -1, -1, -1], [-1, 1, -1, 0, -1, -1, -1, -1, -1]], [[1, -1, -1, -1, -1, -1, -1, -1, -1], [-1, -1, 1, -1, -1, -1, -1, -1, -1], [-1, 1, -1, 0, -1, -1, -1, -1, -1]], [[1, -1, -1, -1, -1, -1, -1, -1, -1], [-1, -1, 1, -1, -1, -1, -1, -1, -1], [-1, 1, -1, 0, -1, -1, -1, -1, -1]], [[1, -1, -1, -1, -1, -1, -1, -1, -1], [-1, -1, 1, -1, -1, -1, -1, -1, -1]], [[1, -1, -1, -1, -1, -1, -1, -1, -1], [-1, -1, 1, -1, -1, -1, -1, -1, -1]], [[1, -1, -1, -1, -1, -1, -1, -1, -1], [-1, -1, 1, -1, -1, -1, -1, -1, -1], [-1, -1, -1, 0, -1, 1, -1, -1, -1]], [[1, -1, -1, -1, -1, -1, -1, -1, -1], [-1, -1, 1, -1, -1, -1, -1, -1, -1]], [[1, -1, -1, -1, -1, -1, -1, -1, -1], [-1, -1, 1, -1, -1, -1, -1, -1, -1]], [[1, -1, -1, -1, -1, -1, -1, -1, -1], [-1, -1, 1, -1, -1, -1, -1, -1, -1]], [[1, -1, -1, -1, -1, -1, -1, -1, -1], [-1, -1, 1, -1, -1, -1, -1, -1, -1]], [[1, -1, -1, -1, -1, -1, -1, -1, -1], [-1, -1, 1, -1, -1, -1, -1, -1, -1]], [[1, -1, -1, -1, -1, -1, -1, -1, -1], [-1, -1, 1, -1, -1, -1, -1, -1, -1]], [[1, -1, -1, -1, -1, -1, -1, -1, -1], [-1, -1, 1, -1, -1, -1, -1, -1, -1]], [[1, -1, -1, -1, -1, -1, -1, -1, -1], [-1, -1, 1, -1, -1, -1, -1, -1, -1]], [[1, -1, -1, -1, -1, -1, -1, -1, -1], [-1, -1, 1, -1, -1, -1, -1, -1, -1]], [[1, -1, -1, -1, -1, -1, -1, -1, -1], [-1, -1, 1, -1, -1, -1, -1, -1, -1]], [[1, -1, -1, -1, -1, -1, -1, -1, -1], [-1, -1, 1, -1, -1, -1, -1, -1, -1]], [[1, -1, -1, -1, -1, -1, -1, -1, -1], [-1, -1, 1, -1, -1, -1, -1, -1, -1]], [[1, -1, -1, -1, -1, -1, -1, -1, -1], [-1, -1, 1, -1, -1, -1, -1, -1, -1]], [[1, -1, -1, -1, -1, -1, -1, -1, -1], [-1, -1, 1, -1, -1, -1, -1, -1, -1]], [[1, -1, -1, -1, -1, -1, -1, -1, -1], [-1, -1, 1, -1, -1, -1, -1, -1, -1]], [[1, -1, -1, -1, -1, -1, -1, -1, -1], [-1, -1, 1, -1, -1, -1, -1, -1, -1]], [[1, -1, -1, -1, -1, -1, -1, -1, -1], [-1, -1, 1, -1, -1, -1, -1, -1, -1]], [[1, -1, -1, -1, -1, -1, -1, -1, -1], [-1, -1, 1, -1, -1, -1, -1, -1, -1]]]
90 40 
 [[[1, -1, -1, -1, -1, -1, -1, -1, -1], [-1, 1, -1, -1, -1, -1, -1, -1, -1], [-1, -1, 1, -1, -1, -1, -1, -1, -1], [-1, -1, -1, 1, -1, -1, -1, -1, -1], [-1, -1, -1, -1, -1, 1, -1, -1, -1]], [[1, -1, -1, -1, -1, -1, -1, -1, -1], [-1, 1, -1, -1, -1, -1, -1, -1, -1], [-1, -1, 1, -1, -1, -1, -1, -1, -1], [-1, -1, -1, 1, -1, -1, -1, -1, -1]], [[1, -1, -1, -1, -1, -1, -1, -1, -1], [-1, 1, -1, -1, -1, -1, -1, -1, -1], [-1, -1, 1, -1, -1, -1, -1, -1, -1], [-1, -1, -1, 1, -1, -1, -1, -1, -1]], [[1, -1, -1, -1, -1, -1, -1, -1, -1], [-1, 1, -1, -1, -1, -1, -1, -1, -1], [-1, -1, 1, -1, -1, -1, -1, -1, -1], [-1, -1, -1, 1, -1, -1, -1, -1, -1]], [[1, -1, -1, -1, -1, -1, -1, -1, -1], [-1, 1, -1, -1, -1, -1, -1, -1, -1], [-1, -1, 1, -1, -1, -1, -1, -1, -1], [-1, -1, -1, 1, -1, -1, -1, -1, -1], [-1, -1, -1, 0, -1, 1, -1, -1, -1]], [[1, -1, -1, -1, -1, -1, -1, -1, -1], [-1, 1, -1, -1, -1, -1, -1, -1, -1], [-1, -1, 1, -1, -1, -1, -1, -1, -1], [-1, -1, -1, 1, -1, -1, -1, -1, -1], [-1, -1, -1, 0, -1, 1, -1, -1, -1]], [[1, -1, -1, -1, -1, -1, -1, -1, -1], [-1, 1, -1, -1, -1, -1, -1, -1, -1], [-1, -1, 1, -1, -1, -1, -1, -1, -1], [-1, -1, -1, 1, -1, -1, -1, -1, -1], [-1, -1, -1, -1, -1, 1, -1, -1, -1]], [[1, -1, -1, -1, -1, -1, -1, -1, -1], [-1, 1, -1, -1, -1, -1, -1, -1, -1], [-1, -1, 1, -1, -1, -1, -1, -1, -1], [-1, -1, -1, 1, -1, -1, -1, -1, -1]], [[1, -1, -1, -1, -1, -1, -1, -1, -1], [-1, 1, -1, -1, -1, -1, -1, -1, -1], [-1, -1, 1, -1, -1, -1, -1, -1, -1], [-1, -1, -1, 1, -1, -1, -1, -1, -1], [-1, -1, -1, 0, -1, 1, -1, -1, -1]], [[1, -1, -1, -1, -1, -1, -1, -1, -1], [-1, 1, -1, -1, -1, -1, -1, -1, -1], [-1, -1, 1, -1, -1, -1, -1, -1, -1], [-1, -1, -1, 1, -1, -1, -1, -1, -1]], [[1, -1, -1, -1, -1, -1, -1, -1, -1], [-1, -1, 1, -1, -1, -1, -1, -1, -1], [-1, -1, -1, 1, -1, -1, -1, -1, -1]], [[1, -1, -1, -1, -1, -1, -1, -1, -1], [-1, -1, 1, -1, -1, -1, -1, -1, -1], [-1, -1, -1, 1, -1, -1, -1, -1, -1]], [[1, -1, -1, -1, -1, -1, -1, -1, -1], [-1, -1, 1, -1, -1, -1, -1, -1, -1]], [[1, -1, -1, -1, -1, -1, -1, -1, -1], [-1, -1, 1, -1, -1, -1, -1, -1, -1], [-1, 1, -1, 0, -1, -1, -1, -1, -1]], [[1, -1, -1, -1, -1, -1, -1, -1, -1], [-1, -1, 1, -1, -1, -1, -1, -1, -1], [-1, 1, -1, 0, -1, -1, -1, -1, -1]], [[1, -1, -1, -1, -1, -1, -1, -1, -1], [-1, -1, 1, -1, -1, -1, -1, -1, -1], [-1, 1, -1, 0, -1, -1, -1, -1, -1]], [[1, -1, -1, -1, -1, -1, -1, -1, -1], [-1, -1, 1, -1, -1, -1, -1, -1, -1], [-1, 1, -1, 0, -1, -1, -1, -1, -1]], [[1, -1, -1, -1, -1, -1, -1, -1, -1], [-1, -1, 1, -1, -1, -1, -1, -1, -1], [-1, 1, -1, 0, -1, -1, -1, -1, -1]], [[1, -1, -1, -1, -1, -1, -1, -1, -1], [-1, -1, 1, -1, -1, -1, -1, -1, -1], [-1, 1, -1, 0, -1, -1, -1, -1, -1]], [[1, -1, -1, -1, -1, -1, -1, -1, -1], [-1, -1, 1, -1, -1, -1, -1, -1, -1]], [[1, -1, -1, -1, -1, -1, -1, -1, -1], [-1, -1, 1, -1, -1, -1, -1, -1, -1]], [[1, -1, -1, -1, -1, -1, -1, -1, -1], [-1, -1, 1, -1, -1, -1, -1, -1, -1], [-1, -1, -1, 0, -1, 1, -1, -1, -1]], [[1, -1, -1, -1, -1, -1, -1, -1, -1], [-1, -1, 1, -1, -1, -1, -1, -1, -1]], [[1, -1, -1, -1, -1, -1, -1, -1, -1], [-1, -1, 1, -1, -1, -1, -1, -1, -1]], [[1, -1, -1, -1, -1, -1, -1, -1, -1], [-1, -1, 1, -1, -1, -1, -1, -1, -1]], [[1, -1, -1, -1, -1, -1, -1, -1, -1], [-1, -1, 1, -1, -1, -1, -1, -1, -1]], [[1, -1, -1, -1, -1, -1, -1, -1, -1], [-1, -1, 1, -1, -1, -1, -1, -1, -1]], [[1, -1, -1, -1, -1, -1, -1, -1, -1], [-1, -1, 1, -1, -1, -1, -1, -1, -1]], [[1, -1, -1, -1, -1, -1, -1, -1, -1], [-1, -1, 1, -1, -1, -1, -1, -1, -1]], [[1, -1, -1, -1, -1, -1, -1, -1, -1], [-1, -1, 1, -1, -1, -1, -1, -1, -1]], [[1, -1, -1, -1, -1, -1, -1, -1, -1], [-1, -1, 1, -1, -1, -1, -1, -1, -1]], [[1, -1, -1, -1, -1, -1, -1, -1, -1], [-1, -1, 1, -1, -1, -1, -1, -1, -1]], [[1, -1, -1, -1, -1, -1, -1, -1, -1], [-1, -1, 1, -1, -1, -1, -1, -1, -1]], [[1, -1, -1, -1, -1, -1, -1, -1, -1], [-1, -1, 1, -1, -1, -1, -1, -1, -1]], [[1, -1, -1, -1, -1, -1, -1, -1, -1], [-1, -1, 1, -1, -1, -1, -1, -1, -1]], [[1, -1, -1, -1, -1, -1, -1, -1, -1], [-1, -1, 1, -1, -1, -1, -1, -1, -1]], [[1, -1, -1, -1, -1, -1, -1, -1, -1], [-1, -1, 1, -1, -1, -1, -1, -1, -1]], [[1, -1, -1, -1, -1, -1, -1, -1, -1], [-1, -1, 1, -1, -1, -1, -1, -1, -1]], [[1, -1, -1, -1, -1, -1, -1, -1, -1], [-1, -1, 1, -1, -1, -1, -1, -1, -1]], [[1, -1, -1, -1, -1, -1, -1, -1, -1], [-1, -1, 1, -1, -1, -1, -1, -1, -1]]]
100 40 
 [[[1, -1, -1, -1, -1, -1, -1, -1, -1], [-1, 1, -1, -1, -1, -1, -1, -1, -1], [-1, -1, 1, -1, -1, -1, -1, -1, -1], [-1, -1, -1, 1, -1, -1, -1, -1, -1], [-1, -1, -1, -1, -1, 1, -1, -1, -1]], [[1, -1, -1, -1, -1, -1, -1, -1, -1], [-1, 1, -1, -1, -1, -1, -1, -1, -1], [-1, -1, 1, -1, -1, -1, -1, -1, -1], [-1, -1, -1, 1, -1, -1, -1, -1, -1]], [[1, -1, -1, -1, -1, -1, -1, -1, -1], [-1, 1, -1, -1, -1, -1, -1, -1, -1], [-1, -1, 1, -1, -1, -1, -1, -1, -1], [-1, -1, -1, 1, -1, -1, -1, -1, -1]], [[1, -1, -1, -1, -1, -1, -1, -1, -1], [-1, 1, -1, -1, -1, -1, -1, -1, -1], [-1, -1, 1, -1, -1, -1, -1, -1, -1], [-1, -1, -1, 1, -1, -1, -1, -1, -1]], [[1, -1, -1, -1, -1, -1, -1, -1, -1], [-1, 1, -1, -1, -1, -1, -1, -1, -1], [-1, -1, 1, -1, -1, -1, -1, -1, -1], [-1, -1, -1, 1, -1, -1, -1, -1, -1], [-1, -1, -1, 0, -1, 1, -1, -1, -1]], [[1, -1, -1, -1, -1, -1, -1, -1, -1], [-1, 1, -1, -1, -1, -1, -1, -1, -1], [-1, -1, 1, -1, -1, -1, -1, -1, -1], [-1, -1, -1, 1, -1, -1, -1, -1, -1], [-1, -1, -1, 0, -1, 1, -1, -1, -1]], [[1, -1, -1, -1, -1, -1, -1, -1, -1], [-1, 1, -1, -1, -1, -1, -1, -1, -1], [-1, -1, 1, -1, -1, -1, -1, -1, -1], [-1, -1, -1, 1, -1, -1, -1, -1, -1], [-1, -1, -1, -1, -1, 1, -1, -1, -1]], [[1, -1, -1, -1, -1, -1, -1, -1, -1], [-1, 1, -1, -1, -1, -1, -1, -1, -1], [-1, -1, 1, -1, -1, -1, -1, -1, -1], [-1, -1, -1, 1, -1, -1, -1, -1, -1]], [[1, -1, -1, -1, -1, -1, -1, -1, -1], [-1, 1, -1, -1, -1, -1, -1, -1, -1], [-1, -1, 1, -1, -1, -1, -1, -1, -1], [-1, -1, -1, 1, -1, -1, -1, -1, -1], [-1, -1, -1, 0, -1, 1, -1, -1, -1]], [[1, -1, -1, -1, -1, -1, -1, -1, -1], [-1, 1, -1, -1, -1, -1, -1, -1, -1], [-1, -1, 1, -1, -1, -1, -1, -1, -1], [-1, -1, -1, 1, -1, -1, -1, -1, -1]], [[1, -1, -1, -1, -1, -1, -1, -1, -1], [-1, -1, 1, -1, -1, -1, -1, -1, -1], [-1, -1, -1, 1, -1, -1, -1, -1, -1]], [[1, -1, -1, -1, -1, -1, -1, -1, -1], [-1, -1, 1, -1, -1, -1, -1, -1, -1], [-1, -1, -1, 1, -1, -1, -1, -1, -1]], [[1, -1, -1, -1, -1, -1, -1, -1, -1], [-1, -1, 1, -1, -1, -1, -1, -1, -1]], [[1, -1, -1, -1, -1, -1, -1, -1, -1], [-1, -1, 1, -1, -1, -1, -1, -1, -1], [-1, 1, -1, 0, -1, -1, -1, -1, -1]], [[1, -1, -1, -1, -1, -1, -1, -1, -1], [-1, -1, 1, -1, -1, -1, -1, -1, -1], [-1, 1, -1, 0, -1, -1, -1, -1, -1]], [[1, -1, -1, -1, -1, -1, -1, -1, -1], [-1, -1, 1, -1, -1, -1, -1, -1, -1], [-1, 1, -1, 0, -1, -1, -1, -1, -1]], [[1, -1, -1, -1, -1, -1, -1, -1, -1], [-1, -1, 1, -1, -1, -1, -1, -1, -1], [-1, 1, -1, 0, -1, -1, -1, -1, -1]], [[1, -1, -1, -1, -1, -1, -1, -1, -1], [-1, -1, 1, -1, -1, -1, -1, -1, -1], [-1, 1, -1, 0, -1, -1, -1, -1, -1]], [[1, -1, -1, -1, -1, -1, -1, -1, -1], [-1, -1, 1, -1, -1, -1, -1, -1, -1], [-1, 1, -1, 0, -1, -1, -1, -1, -1]], [[1, -1, -1, -1, -1, -1, -1, -1, -1], [-1, -1, 1, -1, -1, -1, -1, -1, -1]], [[1, -1, -1, -1, -1, -1, -1, -1, -1], [-1, -1, 1, -1, -1, -1, -1, -1, -1]], [[1, -1, -1, -1, -1, -1, -1, -1, -1], [-1, -1, 1, -1, -1, -1, -1, -1, -1], [-1, -1, -1, 0, -1, 1, -1, -1, -1]], [[1, -1, -1, -1, -1, -1, -1, -1, -1], [-1, -1, 1, -1, -1, -1, -1, -1, -1]], [[1, -1, -1, -1, -1, -1, -1, -1, -1], [-1, -1, 1, -1, -1, -1, -1, -1, -1]], [[1, -1, -1, -1, -1, -1, -1, -1, -1], [-1, -1, 1, -1, -1, -1, -1, -1, -1]], [[1, -1, -1, -1, -1, -1, -1, -1, -1], [-1, -1, 1, -1, -1, -1, -1, -1, -1]], [[1, -1, -1, -1, -1, -1, -1, -1, -1], [-1, -1, 1, -1, -1, -1, -1, -1, -1]], [[1, -1, -1, -1, -1, -1, -1, -1, -1], [-1, -1, 1, -1, -1, -1, -1, -1, -1]], [[1, -1, -1, -1, -1, -1, -1, -1, -1], [-1, -1, 1, -1, -1, -1, -1, -1, -1]], [[1, -1, -1, -1, -1, -1, -1, -1, -1], [-1, -1, 1, -1, -1, -1, -1, -1, -1]], [[1, -1, -1, -1, -1, -1, -1, -1, -1], [-1, -1, 1, -1, -1, -1, -1, -1, -1]], [[1, -1, -1, -1, -1, -1, -1, -1, -1], [-1, -1, 1, -1, -1, -1, -1, -1, -1]], [[1, -1, -1, -1, -1, -1, -1, -1, -1], [-1, -1, 1, -1, -1, -1, -1, -1, -1]], [[1, -1, -1, -1, -1, -1, -1, -1, -1], [-1, -1, 1, -1, -1, -1, -1, -1, -1]], [[1, -1, -1, -1, -1, -1, -1, -1, -1], [-1, -1, 1, -1, -1, -1, -1, -1, -1]], [[1, -1, -1, -1, -1, -1, -1, -1, -1], [-1, -1, 1, -1, -1, -1, -1, -1, -1]], [[1, -1, -1, -1, -1, -1, -1, -1, -1], [-1, -1, 1, -1, -1, -1, -1, -1, -1]], [[1, -1, -1, -1, -1, -1, -1, -1, -1], [-1, -1, 1, -1, -1, -1, -1, -1, -1]], [[1, -1, -1, -1, -1, -1, -1, -1, -1], [-1, -1, 1, -1, -1, -1, -1, -1, -1]], [[1, -1, -1, -1, -1, -1, -1, -1, -1], [-1, -1, 1, -1, -1, -1, -1, -1, -1]]]
