execution time
3 0.0 0.0
4 1.3138129711151123 1.3275868892669678
5 1.9746510982513428 1.8031229972839355
6 3.115856170654297 13.889442920684814
7 8.79100489616394 213.5033688545227
8 0.0
9 1.3138129711151123
10 1.9746510982513428
11 3.115856170654297


number of patterns checked
3 0.0 0.0
4 69.0 719.0
5 194.0 2879.0
6 4168.0 34559.0
7 11348.0 414719.0
8 0.0
9 69.0
10 194.0
11 4168.0


number of patterns found
3 12 
 [[-1, -1, -1, -1, 0, 2], [-1, -1, 1, -1, -1, 3], [-1, -1, 1, -1, -1, 1], [-1, 2, -1, 1, -1, 1], [-1, 2, 1, -1, -1, 2], [2, -1, -1, 1, 1, -1], [2, -1, 1, -1, 1, -1], [2, 2, -1, -1, 1, -1], [1, -1, -1, -1, -1, 3], [1, -1, -1, 1, -1, 1], [1, -1, 1, 1, 0, -1], [1, 2, -1, -1, -1, 2]]
4 28 
 [[-1, -1, -1, -1, 0, 0, -1], [-1, -1, 3, -1, 1, -1, 1], [-1, -1, 3, 2, -1, -1, 1], [-1, -1, 2, 1, -1, 1, -1], [-1, -1, 1, -1, -1, 1, 1], [-1, 2, -1, 1, -1, 1, 1], [-1, 2, 3, 1, 1, -1, 2], [-1, 1, 2, -1, -1, 3, 4], [-1, 1, 1, -1, 0, 1, -1], [1, -1, -1, -1, -1, 1, 1], [1, -1, -1, 2, 0, -1, 0], [1, -1, -1, 2, 0, 3, -1], [1, -1, 2, -1, 1, -1, 2], [1, -1, 1, -1, -1, -1, 1], [1, 2, -1, -1, -1, -1, 1], [1, 2, -1, -1, 1, -1, 2], [1, 2, -1, 1, -1, 1, -1], [1, 2, 1, -1, -1, 1, -1], [1, 1, -1, 2, -1, -1, 0], [1, 1, -1, 1, 0, -1, 2], [1, 1, 2, -1, 0, -1, 2], [1, 1, 2, 1, -1, -1, 2], [1, 1, 2, 1, 0, -1, -1], [0, -1, -1, 1, -1, 0, -1], [0, -1, 1, 2, 0, 1, -1], [0, 2, -1, -1, -1, 0, -1], [0, 2, -1, 2, -1, -1, 1], [0, 2, 2, -1, 0, 1, -1]]
5 54 
 [[-1, -1, -1, 1, -1, 2, -1, 1], [-1, -1, 3, -1, 1, 1, 1, -1], [-1, -1, 3, 2, 1, -1, 2, -1], [-1, -1, 3, 1, -1, -1, -1, 0], [-1, -1, 3, 1, 1, 2, -1, -1], [-1, -1, 2, 2, 1, -1, -1, 2], [-1, -1, 2, 1, -1, 1, 1, -1], [-1, -1, 1, -1, -1, 4, -1, 4], [-1, -1, 1, -1, -1, 1, 1, 1], [-1, -1, 1, -1, 0, 1, 1, -1], [-1, -1, 1, 1, -1, 1, -1, 1], [-1, 2, -1, 2, 1, -1, -1, 2], [-1, 2, -1, 1, -1, 1, 1, 1], [-1, 2, -1, 1, 0, 1, 1, -1], [-1, 2, 3, -1, 1, -1, 2, 2], [-1, 2, 3, 1, 1, -1, 2, -1], [-1, 2, 2, 1, -1, -1, 1, -1], [-1, 2, 1, -1, -1, 1, -1, 1], [-1, 1, -1, 2, -1, -1, 0, 0], [-1, 1, 3, -1, 1, 2, -1, -1], [-1, 1, 3, -1, 0, -1, 2, 2], [-1, 1, 3, 2, -1, -1, 2, -1], [-1, 1, 2, -1, -1, 1, 1, -1], [-1, 1, 2, 2, -1, -1, 1, -1], [-1, 1, 2, 2, 1, -1, -1, -1], [2, -1, -1, -1, 1, -1, -1, -1], [2, 2, -1, -1, -1, 2, -1, -1], [1, -1, -1, -1, -1, 1, 1, 1], [1, -1, -1, -1, 0, 1, 1, -1], [1, -1, -1, 2, -1, 1, 1, -1], [1, -1, -1, 2, 0, -1, -1, 0], [1, -1, -1, 2, 0, -1, 0, -1], [1, -1, 2, -1, -1, 1, 1, -1], [1, -1, 2, -1, 0, -1, -1, 0], [1, 2, -1, -1, 1, -1, -1, 2], [1, 2, -1, -1, 0, -1, -1, 0], [1, 2, -1, 1, 0, -1, 1, -1], [1, 1, -1, 2, -1, -1, -1, 0], [1, 1, -1, 2, -1, -1, 0, -1], [1, 1, 2, 2, -1, -1, -1, 2], [1, 1, 2, 2, -1, -1, 2, -1], [0, -1, -1, -1, 0, 1, -1, 1], [0, -1, -1, 2, 0, 1, 1, -1], [0, -1, 3, 2, 1, -1, -1, 2], [0, -1, 2, -1, 0, 1, 1, -1], [0, -1, 2, 2, -1, 1, 1, -1], [0, -1, 2, 1, -1, -1, 1, -1], [0, -1, 2, 1, -1, 3, 4, -1], [0, -1, 2, 1, 0, 3, -1, -1], [0, 2, -1, 2, 0, -1, -1, 0], [0, 2, 2, -1, 0, -1, -1, 0], [0, 2, 1, 2, -1, -1, 4, -1], [0, 1, -1, 2, -1, 1, 1, -1], [0, 1, 2, -1, -1, -1, 1, -1]]
6 89 
 [[-1, -1, -1, -1, 0, 2, 2, 2, 2], [-1, -1, -1, 2, -1, -1, -1, 2, 4], [-1, -1, -1, 2, -1, -1, 2, -1, 4], [-1, -1, 3, 2, 1, -1, 2, -1, 2], [-1, -1, 3, 1, 1, -1, 2, -1, 2], [-1, -1, 2, 2, 1, -1, -1, 2, -1], [-1, -1, 2, 2, 1, -1, 2, -1, 2], [-1, -1, 2, 1, 0, 1, 1, -1, 1], [-1, -1, 1, -1, -1, -1, 4, -1, 4], [-1, -1, 1, -1, -1, -1, 4, 4, -1], [-1, -1, 1, -1, -1, 4, -1, 4, -1], [-1, -1, 1, -1, -1, 4, 4, -1, -1], [-1, -1, 1, 2, -1, -1, 0, -1, 0], [-1, -1, 1, 2, -1, 1, 1, -1, 1], [-1, -1, 1, 1, 1, -1, -1, 0, -1], [-1, -1, 1, 1, 1, -1, 0, -1, -1], [-1, -1, 1, 1, 1, 2, -1, 2, -1], [-1, 2, -1, -1, -1, 2, -1, 2, 2], [-1, 2, -1, 2, 1, -1, -1, 2, -1], [-1, 2, -1, 1, 1, -1, 1, -1, 1], [-1, 2, 3, -1, 1, -1, 2, -1, 2], [-1, 2, 3, -1, 1, -1, 2, 2, -1], [-1, 2, 3, 1, -1, -1, 2, 2, 2], [-1, 2, 3, 1, 1, -1, 2, -1, -1], [-1, 2, 2, -1, 0, 1, 1, -1, 1], [-1, 2, 2, 2, -1, 1, 1, -1, 1], [-1, 2, 2, 1, -1, 1, -1, -1, 1], [-1, 2, 1, -1, -1, 2, -1, -1, 2], [-1, 2, 1, -1, 1, 2, -1, -1, -1], [-1, 2, 1, 2, -1, -1, -1, 0, 0], [-1, 2, 1, 2, 0, -1, -1, 0, -1], [-1, 1, -1, 2, -1, -1, 0, -1, 0], [-1, 1, -1, 2, 0, -1, 0, 0, -1], [-1, 1, 3, 2, -1, -1, 2, -1, -1], [-1, 1, 2, 2, 1, -1, -1, -1, -1], [-1, 1, 1, -1, 0, -1, -1, 4, -1], [-1, 1, 1, 2, -1, 2, 2, -1, -1], [-1, 1, 1, 1, -1, -1, 2, 2, 2], [2, -1, -1, -1, -1, 1, 1, -1, 1], [2, -1, 1, -1, -1, 1, 1, -1, -1], [1, -1, -1, -1, 0, 2, -1, 2, 2], [1, -1, -1, 2, 0, -1, -1, -1, 0], [1, -1, -1, 2, 0, 2, 2, -1, -1], [1, -1, -1, 1, 1, 2, -1, -1, -1], [1, -1, -1, 1, 1, 0, -1, -1, -1], [1, -1, 1, -1, 0, 2, -1, -1, 2], [1, -1, 1, 2, -1, -1, -1, -1, 0], [1, -1, 1, 2, -1, -1, -1, 0, -1], [1, -1, 1, 2, -1, 2, 2, -1, -1], [1, -1, 1, 1, -1, -1, 2, -1, 2], [1, 2, -1, -1, 1, -1, -1, 2, -1], [1, 2, -1, -1, 1, -1, 2, -1, 2], [1, 2, -1, -1, 1, 1, -1, -1, 1], [1, 2, -1, -1, 0, 2, -1, 2, -1], [1, 2, -1, 1, 1, -1, -1, -1, 1], [1, 2, -1, 1, 1, -1, 2, -1, -1], [1, 2, 2, -1, -1, 1, 1, -1, 1], [1, 2, 1, -1, -1, 2, -1, -1, -1], [1, 2, 1, -1, 0, -1, -1, -1, 0], [1, 2, 1, 2, -1, -1, -1, -1, 1], [1, 2, 1, 2, -1, -1, 0, -1, -1], [1, 1, -1, 2, -1, -1, -1, -1, 0], [1, 1, -1, 2, -1, -1, -1, 0, -1], [1, 1, -1, 2, -1, 2, 2, -1, -1], [1, 1, 2, 2, -1, -1, -1, 2, -1], [1, 1, 2, 2, -1, -1, 2, -1, -1], [0, -1, -1, 2, 0, 2, -1, -1, 4], [0, -1, -1, 1, 0, 1, -1, -1, 1], [0, -1, 3, -1, 1, -1, 2, -1, 2], [0, -1, 3, 2, 1, -1, -1, 2, 2], [0, -1, 3, 1, -1, -1, 2, -1, 2], [0, -1, 2, -1, -1, 3, -1, 2, -1], [0, -1, 2, -1, 0, -1, -1, 0, -1], [0, -1, 2, -1, 0, -1, 2, -1, 4], [0, -1, 2, 2, -1, -1, -1, 0, -1], [0, -1, 2, 1, -1, -1, 1, -1, 1], [0, -1, 2, 1, -1, 1, -1, -1, 1], [0, -1, 2, 1, 0, -1, -1, -1, 1], [0, 2, -1, -1, -1, -1, -1, 2, 4], [0, 2, -1, 1, -1, -1, 1, -1, 1], [0, 2, -1, 1, 0, -1, -1, 1, 1], [0, 2, 3, 1, -1, 2, 2, -1, -1], [0, 2, 2, -1, 0, 1, -1, -1, 1], [0, 2, 1, 2, -1, -1, -1, 2, 2], [0, 2, 1, 2, -1, -1, 2, -1, 2], [0, 2, 1, 2, 0, -1, 2, 2, -1], [0, 1, -1, 1, 0, -1, 2, 2, 2], [0, 1, 3, 2, 0, -1, -1, 2, -1], [0, 1, 2, -1, -1, -1, 1, 1, -1]]
7 113 
 [[-1, -1, -1, -1, -1, -1, 2, -1, 2, 4], [-1, -1, -1, -1, -1, 5, -1, -1, -1, -1], [-1, -1, -1, -1, -1, 2, -1, 2, 2, 1], [-1, -1, -1, -1, 1, -1, 4, -1, -1, 4], [-1, -1, -1, -1, 1, -1, 4, -1, 4, -1], [-1, -1, -1, -1, 1, 4, -1, -1, 4, -1], [-1, -1, -1, -1, 1, 4, 4, 4, -1, -1], [-1, -1, -1, 2, -1, 4, -1, -1, -1, 4], [-1, -1, -1, 1, -1, 4, 4, 4, -1, 4], [-1, -1, -1, 1, -1, 0, -1, -1, -1, 0], [-1, -1, 3, 2, 1, -1, 2, -1, 2, 2], [-1, -1, 3, 1, 0, -1, 2, 2, -1, 2], [-1, -1, 2, 2, -1, 2, -1, 2, 2, -1], [-1, -1, 2, 2, 1, -1, -1, -1, 2, -1], [-1, -1, 2, 2, 1, -1, -1, 2, -1, -1], [-1, -1, 2, 1, -1, 2, -1, 2, 2, -1], [-1, -1, 1, -1, -1, -1, 4, -1, -1, 4], [-1, -1, 1, -1, -1, -1, 4, 4, -1, -1], [-1, -1, 1, -1, -1, 4, -1, -1, -1, -1], [-1, -1, 1, 2, -1, -1, 0, -1, 0, 0], [-1, -1, 1, 2, -1, -1, 0, 0, -1, 0], [-1, -1, 1, 1, 0, 1, -1, -1, 1, 1], [-1, 2, -1, -1, 0, -1, -1, 2, -1, 4], [-1, 2, -1, -1, 0, -1, 2, -1, -1, 4], [-1, 2, -1, 2, -1, 1, 1, -1, 1, 1], [-1, 2, -1, 1, -1, 2, -1, 2, 2, -1], [-1, 2, -1, 1, 1, 0, -1, 0, -1, -1], [-1, 2, -1, 1, 1, 0, 0, -1, -1, -1], [-1, 2, -1, 1, 0, -1, 1, 1, 1, 1], [-1, 2, 3, -1, 1, -1, 2, -1, -1, 2], [-1, 2, 3, -1, 1, -1, 2, 2, -1, -1], [-1, 2, 3, 1, -1, -1, 2, -1, -1, 2], [-1, 2, 3, 1, -1, -1, 2, 2, 2, -1], [-1, 2, 3, 1, 1, -1, 2, -1, -1, -1], [-1, 2, 2, -1, -1, 2, -1, 2, 2, -1], [-1, 2, 2, -1, 1, -1, -1, 2, 2, 2], [-1, 2, 2, 1, -1, 2, -1, -1, 2, -1], [-1, 2, 2, 1, -1, 0, -1, 0, -1, -1], [-1, 2, 1, 2, -1, -1, -1, 2, -1, 2], [-1, 2, 1, 2, -1, -1, -1, 0, -1, 0], [-1, 2, 1, 2, -1, -1, 2, -1, -1, 2], [-1, 2, 1, 2, 0, -1, 2, 2, 2, -1], [-1, 2, 1, 2, 0, 1, 1, -1, 1, -1], [-1, 2, 1, 1, -1, -1, 1, -1, 1, 1], [-1, 1, -1, -1, -1, 4, -1, -1, -1, 4], [-1, 1, -1, -1, -1, 4, -1, -1, 4, -1], [-1, 1, -1, -1, 0, 1, 1, 1, -1, 1], [-1, 1, -1, 1, -1, -1, -1, 4, 4, -1], [-1, 1, -1, 1, -1, -1, 4, -1, 4, -1], [-1, 1, 3, -1, 0, -1, 2, -1, -1, 2], [-1, 1, 3, -1, 0, -1, 2, 2, -1, -1], [-1, 1, 3, 2, -1, -1, 2, -1, -1, 2], [-1, 1, 2, 2, -1, 2, -1, -1, -1, 2], [-1, 1, 2, 2, -1, 2, -1, -1, 2, -1], [-1, 1, 1, 1, -1, -1, -1, 2, -1, 2], [-1, 1, 1, 1, -1, -1, -1, 2, 2, -1], [-1, 1, 1, 1, -1, -1, 2, -1, -1, 2], [-1, 1, 1, 1, -1, -1, 2, -1, 2, -1], [1, -1, -1, 2, -1, 1, -1, -1, 1, 1], [1, -1, -1, 1, -1, 2, -1, 2, 2, -1], [1, -1, 2, -1, -1, 0, -1, -1, -1, 0], [1, -1, 2, -1, -1, 0, -1, -1, 0, -1], [1, -1, 2, 1, -1, 2, -1, -1, 2, -1], [1, -1, 1, 2, -1, -1, -1, 0, -1, 0], [1, -1, 1, 2, -1, -1, -1, 0, 0, -1], [1, -1, 1, 2, -1, -1, 0, -1, 0, -1], [1, -1, 1, 2, -1, 1, -1, 1, -1, -1], [1, -1, 1, 1, -1, -1, 2, -1, 2, -1], [1, -1, 1, 1, -1, -1, 2, 2, -1, 2], [1, 2, 2, 1, -1, -1, -1, -1, 2, -1], [1, 2, 1, -1, -1, 1, -1, 1, 1, -1], [1, 2, 1, 2, -1, -1, -1, -1, -1, 1], [1, 1, -1, 2, -1, -1, -1, -1, -1, 0], [1, 1, -1, 2, -1, -1, -1, -1, 0, -1], [1, 1, -1, 2, -1, -1, -1, 0, -1, -1], [1, 1, -1, 2, -1, 1, -1, -1, -1, -1], [1, 1, 2, 2, -1, -1, -1, 2, -1, -1], [0, -1, -1, -1, 1, 4, 4, -1, -1, -1], [0, -1, -1, -1, 0, 2, 2, 2, 2, -1], [0, -1, -1, -1, 0, 1, 1, 1, -1, 1], [0, -1, -1, 2, 0, 2, -1, -1, -1, 2], [0, -1, 3, -1, 1, -1, 2, -1, -1, 2], [0, -1, 3, 1, -1, -1, 2, -1, -1, 2], [0, -1, 2, -1, -1, 2, -1, -1, 2, 2], [0, -1, 2, -1, -1, 2, -1, 2, 2, -1], [0, -1, 2, -1, 1, -1, -1, -1, 4, -1], [0, -1, 2, -1, 1, -1, -1, 4, -1, -1], [0, -1, 2, 1, -1, 1, -1, -1, -1, 1], [0, -1, 1, 2, -1, -1, 2, -1, 2, 2], [0, 2, -1, -1, -1, -1, -1, 2, 4, -1], [0, 2, -1, -1, -1, 1, 1, 1, -1, 1], [0, 2, -1, -1, 1, -1, 4, 4, -1, -1], [0, 2, -1, -1, 1, 4, -1, -1, -1, -1], [0, 2, -1, 1, -1, 1, 1, -1, -1, 1], [0, 2, -1, 1, 0, -1, -1, -1, 1, 1], [0, 2, 3, 1, -1, -1, 2, -1, 2, -1], [0, 2, 3, 1, -1, -1, 2, 2, -1, -1], [0, 2, 3, 1, -1, 2, -1, -1, -1, -1], [0, 2, 2, -1, 0, 2, -1, 2, -1, -1], [0, 2, 1, -1, -1, -1, 1, 1, 1, 1], [0, 2, 1, 2, -1, -1, -1, -1, 2, 2], [0, 2, 1, 2, -1, -1, 2, -1, 2, -1], [0, 2, 1, 2, -1, -1, 2, 2, -1, -1], [0, 1, -1, 2, -1, 2, -1, -1, -1, 2], [0, 1, -1, 2, -1, 2, -1, -1, 2, -1], [0, 1, -1, 2, 1, 2, -1, -1, -1, -1], [0, 1, -1, 1, 0, -1, 2, 2, -1, 2], [0, 1, -1, 1, 0, -1, 2, 2, 2, -1], [0, 1, 3, -1, 0, -1, 2, -1, -1, -1], [0, 1, 3, 2, -1, -1, 2, -1, 2, -1], [0, 1, 3, 2, -1, -1, 2, 2, -1, -1], [0, 1, 3, 2, 0, -1, -1, 2, -1, -1], [0, 1, 2, -1, 0, 2, -1, -1, -1, 2]]
