execution time
0.05 935.3467381000519
0.1 1121.9085671901703
0.15 1200.0032079219818
0.2 1200.0072929859161
0.25 1200.0180280208588
0.3 1200.0040879249573


number of calculations
0.05 235832.0
0.1 284893.0
0.15 285839.0
0.2 298676.0
0.25 314592.0
0.3 324579.0


number of patterns found
0.05 202 
 [[-1, -1, -1, -1, -1, -1, -1, -1, -1, -1, 4], [-1, -1, -1, -1, -1, -1, -1, -1, -1, 4, -1], [-1, -1, -1, -1, -1, -1, -1, -1, 4, -1, -1], [-1, -1, -1, -1, -1, -1, -1, 4, -1, -1, -1], [-1, -1, -1, -1, -1, -1, -1, 2, -1, 2, 2], [-1, -1, -1, -1, -1, -1, -1, 2, 2, -1, 2], [-1, -1, -1, -1, -1, -1, 4, -1, -1, -1, -1], [-1, -1, -1, -1, -1, -1, 2, -1, 2, -1, 2], [-1, -1, -1, -1, -1, 5, -1, -1, -1, -1, -1], [-1, -1, -1, -1, -1, 4, -1, -1, -1, -1, -1], [-1, -1, -1, -1, 2, -1, -1, -1, -1, -1, -1], [-1, -1, -1, -1, 1, -1, -1, 2, 2, -1, -1], [-1, -1, -1, -1, 0, -1, -1, 2, -1, -1, 2], [-1, -1, -1, -1, 0, -1, 2, -1, -1, 2, 2], [-1, -1, -1, -1, 0, -1, 2, -1, 0, -1, -1], [-1, -1, -1, -1, 0, -1, 2, 2, -1, 0, -1], [-1, -1, -1, -1, 0, -1, 2, 2, 2, 1, -1], [-1, -1, -1, -1, 0, 1, 1, 1, -1, 1, 1], [-1, -1, -1, 2, -1, -1, -1, -1, 2, -1, 2], [-1, -1, -1, 2, -1, -1, -1, 2, -1, -1, 2], [-1, -1, -1, 2, -1, -1, 2, -1, -1, 2, -1], [-1, -1, -1, 2, -1, -1, 2, 2, -1, 1, -1], [-1, -1, -1, 2, 0, -1, -1, -1, -1, 2, 2], [-1, -1, -1, 2, 0, -1, -1, 2, -1, 2, -1], [-1, -1, -1, 2, 0, -1, 2, -1, -1, -1, 2], [-1, -1, -1, 2, 0, -1, 2, -1, 2, -1, -1], [-1, -1, -1, 2, 0, -1, 2, 2, -1, -1, -1], [-1, -1, -1, 1, -1, -1, -1, 2, -1, -1, 0], [-1, -1, -1, 1, -1, -1, -1, 2, 2, -1, -1], [-1, -1, -1, 1, 1, -1, -1, -1, -1, -1, -1], [-1, -1, -1, 1, 0, 1, 1, 1, -1, 1, -1], [-1, -1, 3, -1, -1, -1, 2, -1, -1, 2, 2], [-1, -1, 3, -1, 1, -1, -1, 2, -1, -1, 2], [-1, -1, 3, -1, 1, -1, -1, 2, -1, 2, -1], [-1, -1, 3, -1, 1, -1, 2, -1, -1, -1, 2], [-1, -1, 3, -1, 1, -1, 2, -1, -1, 2, -1], [-1, -1, 3, -1, 1, -1, 2, -1, 2, -1, -1], [-1, -1, 3, 1, -1, -1, -1, -1, -1, 0, -1], [-1, -1, 3, 1, -1, -1, -1, 0, -1, -1, -1], [-1, -1, 3, 1, -1, -1, 2, -1, -1, -1, 2], [-1, -1, 3, 1, -1, -1, 2, 2, -1, 2, -1], [-1, -1, 2, -1, -1, -1, -1, -1, 2, -1, -1], [-1, -1, 2, -1, -1, -1, -1, 2, -1, -1, -1], [-1, -1, 2, -1, -1, -1, 2, -1, -1, 0, -1], [-1, -1, 2, -1, -1, 1, 1, 1, -1, 1, -1], [-1, -1, 2, -1, 1, -1, -1, -1, -1, -1, -1], [-1, -1, 2, -1, 0, 1, -1, 1, -1, 1, -1], [-1, -1, 2, 2, -1, -1, -1, -1, -1, 2, 2], [-1, -1, 2, 2, -1, -1, 2, -1, -1, -1, -1], [-1, -1, 2, 1, -1, 1, -1, 1, -1, 1, -1], [-1, -1, 2, 1, 0, 1, 1, -1, -1, 1, -1], [-1, -1, 1, -1, -1, -1, -1, -1, 2, 2, 2], [-1, -1, 1, -1, -1, -1, -1, 2, -1, -1, 2], [-1, -1, 1, -1, -1, -1, -1, 2, -1, 2, -1], [-1, -1, 1, -1, -1, -1, 2, -1, -1, 2, -1], [-1, -1, 1, -1, -1, 1, 1, 1, -1, 1, 1], [-1, -1, 1, -1, 1, -1, -1, -1, 2, 2, -1], [-1, -1, 1, -1, 0, -1, 2, -1, -1, -1, 2], [-1, -1, 1, 2, -1, -1, -1, -1, -1, -1, 2], [-1, -1, 1, 2, -1, -1, -1, -1, 2, 2, -1], [-1, -1, 1, 2, 0, -1, -1, -1, -1, 2, -1], [-1, -1, 1, 1, 0, 1, 1, -1, -1, -1, 1], [-1, 2, -1, -1, -1, -1, -1, -1, 2, -1, 2], [-1, 2, -1, -1, -1, -1, -1, 2, -1, -1, 2], [-1, 2, -1, -1, -1, -1, -1, 2, -1, 2, -1], [-1, 2, -1, -1, -1, -1, -1, 2, 2, -1, -1], [-1, 2, -1, -1, -1, -1, 2, -1, 2, 2, -1], [-1, 2, -1, -1, -1, -1, 2, 2, -1, 1, -1], [-1, 2, -1, -1, 1, -1, -1, -1, 2, -1, -1], [-1, 2, -1, -1, 1, -1, -1, 2, -1, -1, -1], [-1, 2, -1, -1, 1, -1, 2, -1, -1, 2, -1], [-1, 2, -1, 2, -1, -1, -1, -1, -1, 2, 2], [-1, 2, -1, 2, -1, -1, -1, -1, 2, 2, -1], [-1, 2, -1, 2, -1, -1, 2, -1, -1, -1, 2], [-1, 2, -1, 2, -1, -1, 2, -1, 2, -1, -1], [-1, 2, -1, 2, 0, -1, -1, -1, -1, -1, 2], [-1, 2, -1, 2, 0, -1, 2, -1, -1, -1, -1], [-1, 2, -1, 2, 0, 1, 1, -1, 1, -1, 1], [-1, 2, -1, 1, -1, -1, -1, 2, -1, -1, -1], [-1, 2, -1, 1, 0, -1, 1, 1, -1, 1, 1], [-1, 2, 3, -1, 1, -1, -1, -1, -1, -1, 2], [-1, 2, 3, -1, 1, -1, -1, -1, -1, 2, -1], [-1, 2, 3, -1, 1, -1, 2, -1, -1, -1, -1], [-1, 2, 3, 1, -1, -1, -1, -1, -1, -1, 2], [-1, 2, 2, -1, -1, -1, -1, -1, -1, 2, 2], [-1, 2, 2, -1, -1, -1, 2, -1, -1, -1, -1], [-1, 2, 2, -1, 0, 1, 1, -1, -1, -1, 1], [-1, 2, 2, -1, 0, 1, 1, -1, -1, 1, -1], [-1, 2, 2, 2, -1, -1, 1, -1, -1, -1, 1], [-1, 2, 2, 2, -1, -1, 1, -1, -1, 1, -1], [-1, 2, 2, 1, -1, -1, -1, -1, -1, -1, 2], [-1, 2, 2, 1, -1, -1, -1, -1, -1, 2, -1], [-1, 2, 1, -1, -1, -1, -1, -1, -1, -1, 2], [-1, 2, 1, -1, -1, -1, -1, -1, 2, 2, -1], [-1, 2, 1, -1, -1, -1, 1, 1, 1, -1, 1], [-1, 2, 1, -1, 1, -1, -1, -1, -1, 0, -1], [-1, 2, 1, -1, 1, 2, -1, -1, -1, -1, -1], [-1, 2, 1, -1, 0, -1, 2, 2, -1, -1, -1], [-1, 2, 1, 2, -1, -1, -1, -1, -1, 2, -1], [-1, 2, 1, 2, -1, -1, -1, -1, 2, -1, -1], [-1, 2, 1, 2, -1, -1, -1, 0, -1, -1, 0], [-1, 2, 1, 2, -1, -1, -1, 0, -1, 0, -1], [-1, 2, 1, 2, -1, -1, 2, -1, -1, -1, -1], [-1, 2, 1, 2, -1, -1, 0, -1, -1, -1, 0], [-1, 2, 1, 2, -1, -1, 0, -1, 0, -1, -1], [-1, 2, 1, 2, 0, -1, -1, 2, -1, -1, -1], [-1, 2, 1, 1, -1, -1, 1, -1, 1, -1, 1], [-1, 2, 1, 1, -1, -1, 1, 1, 1, -1, -1], [-1, 1, -1, -1, -1, -1, -1, 2, -1, -1, 0], [-1, 1, -1, -1, -1, -1, 2, -1, -1, 0, -1], [-1, 1, -1, -1, -1, 1, 1, 1, -1, 1, 1], [-1, 1, -1, -1, 0, -1, 2, -1, -1, 2, -1], [-1, 1, -1, 2, 0, 1, -1, 1, 1, 1, -1], [-1, 1, -1, 1, -1, -1, 2, -1, 2, 2, -1], [-1, 1, -1, 1, 0, -1, -1, 2, -1, 2, -1], [-1, 1, -1, 1, 0, -1, 2, -1, -1, -1, 2], [-1, 1, 3, -1, -1, -1, -1, 2, 2, 2, -1], [-1, 1, 3, -1, -1, -1, 2, -1, 2, 2, -1], [-1, 1, 3, -1, -1, -1, 2, 2, -1, 2, -1], [-1, 1, 3, -1, -1, -1, 2, 2, 2, -1, -1], [-1, 1, 3, -1, 0, -1, -1, -1, -1, 2, 2], [-1, 1, 3, -1, 0, -1, -1, 2, -1, -1, -1], [-1, 1, 3, -1, 0, -1, 2, -1, -1, -1, -1], [-1, 1, 3, 2, -1, -1, -1, -1, -1, 2, 2], [-1, 1, 3, 2, -1, -1, -1, 2, 2, -1, -1], [-1, 1, 3, 2, -1, -1, 2, -1, -1, -1, 2], [-1, 1, 3, 2, -1, -1, 2, -1, 2, -1, -1], [-1, 1, 3, 2, -1, -1, 2, 2, -1, -1, -1], [-1, 1, 3, 1, -1, -1, -1, 2, -1, 2, -1], [-1, 1, 3, 1, -1, -1, 2, -1, -1, 2, -1], [-1, 1, 3, 1, -1, -1, 2, -1, 2, -1, -1], [-1, 1, 3, 1, -1, 2, -1, -1, -1, 2, -1], [-1, 1, 3, 1, 0, -1, -1, -1, -1, -1, -1], [-1, 1, 2, -1, -1, 1, -1, 1, -1, 1, -1], [-1, 1, 2, 2, -1, -1, -1, -1, -1, 2, -1], [-1, 1, 1, -1, 1, -1, -1, -1, -1, 2, -1], [-1, 1, 1, -1, 1, -1, -1, -1, 2, -1, -1], [-1, 1, 1, 1, -1, -1, -1, -1, -1, -1, 2], [-1, 1, 1, 1, -1, -1, -1, -1, -1, 2, -1], [-1, 1, 1, 1, -1, -1, -1, -1, 2, -1, -1], [-1, 1, 1, 1, -1, -1, -1, 2, -1, -1, -1], [2, 1, 1, 1, -1, -1, -1, -1, -1, -1, -1], [1, -1, -1, 1, -1, -1, -1, 2, -1, 2, -1], [1, -1, -1, 1, -1, 0, -1, -1, -1, 0, -1], [1, -1, 2, -1, -1, 1, 1, -1, -1, 1, 1], [1, -1, 2, -1, -1, 0, -1, -1, -1, 0, -1], [1, -1, 1, -1, -1, -1, 2, -1, -1, -1, 2], [1, -1, 1, 2, -1, -1, -1, -1, -1, 2, -1], [1, -1, 1, 2, 0, -1, 2, -1, -1, -1, -1], [1, -1, 1, 1, -1, -1, 2, -1, 2, -1, -1], [1, 2, -1, -1, 1, -1, -1, -1, 1, 1, -1], [1, 2, -1, 2, -1, -1, -1, -1, 1, 1, -1], [1, 2, -1, 2, 0, -1, 1, -1, -1, -1, 1], [1, 2, -1, 2, 0, 1, -1, -1, -1, 1, -1], [1, 2, -1, 1, -1, -1, 1, -1, -1, -1, 1], [1, 2, -1, 1, 0, -1, -1, -1, -1, 0, 0], [1, 2, 2, -1, -1, -1, 1, -1, -1, -1, 1], [1, 2, 1, -1, -1, -1, -1, 0, -1, -1, 0], [1, 2, 1, 2, -1, -1, -1, -1, -1, -1, -1], [1, 2, 1, 1, -1, -1, -1, -1, -1, -1, 0], [1, 1, -1, -1, -1, 1, 1, 1, -1, 1, -1], [1, 1, 2, 2, -1, -1, -1, -1, -1, -1, -1], [0, -1, -1, -1, -1, -1, -1, -1, -1, 2, 2], [0, -1, -1, -1, -1, -1, -1, -1, 2, -1, 2], [0, -1, -1, -1, -1, -1, -1, 2, -1, -1, 2], [0, -1, -1, -1, -1, -1, -1, 2, -1, 2, -1], [0, -1, -1, -1, -1, -1, -1, 2, 2, -1, -1], [0, -1, -1, -1, -1, -1, 2, -1, -1, 2, -1], [0, -1, -1, -1, -1, -1, 2, -1, 0, -1, -1], [0, -1, -1, -1, -1, -1, 2, 2, -1, -1, -1], [0, -1, -1, -1, 1, -1, -1, -1, -1, -1, -1], [0, -1, -1, -1, 0, -1, 2, -1, -1, -1, 2], [0, -1, -1, -1, 0, -1, 2, -1, 2, -1, -1], [0, -1, -1, 2, -1, -1, 2, -1, -1, -1, 2], [0, -1, -1, 2, -1, -1, 2, -1, 2, -1, -1], [0, -1, -1, 2, 0, -1, -1, -1, -1, -1, 2], [0, -1, -1, 2, 0, -1, -1, -1, -1, 2, -1], [0, -1, -1, 2, 0, -1, -1, 2, -1, -1, -1], [0, -1, -1, 2, 0, -1, 2, -1, -1, -1, -1], [0, -1, -1, 1, -1, -1, -1, -1, -1, -1, 2], [0, -1, -1, 1, -1, -1, -1, -1, 2, 2, -1], [0, -1, -1, 1, -1, -1, -1, 2, -1, -1, -1], [0, -1, -1, 1, 0, -1, -1, -1, 1, 1, 1], [0, -1, 3, -1, -1, -1, 2, -1, -1, -1, 2], [0, -1, 3, 1, -1, -1, 2, -1, 2, -1, -1], [0, -1, 2, -1, -1, -1, -1, -1, -1, -1, -1], [0, -1, 1, -1, -1, -1, -1, -1, -1, -1, 2], [0, -1, 1, -1, -1, -1, -1, -1, -1, 2, -1], [0, -1, 1, -1, 0, -1, 1, 1, 1, -1, 1], [0, -1, 1, 2, -1, -1, 1, 1, 1, -1, 1], [0, 2, -1, -1, -1, -1, -1, -1, -1, -1, 2], [0, 2, -1, -1, -1, -1, -1, -1, -1, 2, -1], [0, 2, -1, -1, -1, -1, -1, -1, 2, -1, -1], [0, 2, -1, -1, -1, -1, -1, 2, -1, -1, -1], [0, 2, -1, 2, -1, -1, 2, -1, -1, -1, -1], [0, 2, 1, -1, -1, -1, -1, 1, 1, -1, 1], [0, 2, 1, -1, -1, -1, 1, -1, 1, -1, 1], [0, 2, 1, -1, -1, -1, 1, 1, 1, 1, -1], [0, 2, 1, -1, 0, -1, 1, 1, -1, -1, 1], [0, 1, -1, -1, 0, 1, -1, 1, -1, 1, -1], [0, 1, -1, 1, -1, -1, -1, -1, -1, -1, -1], [0, 1, 3, -1, -1, -1, 2, -1, 2, -1, -1]]
0.1 291 
 [[-1, -1, -1, -1, -1, -1, -1, -1, -1, -1, 4], [-1, -1, -1, -1, -1, -1, -1, -1, -1, 4, -1], [-1, -1, -1, -1, -1, -1, -1, -1, 4, -1, -1], [-1, -1, -1, -1, -1, -1, -1, 4, -1, -1, -1], [-1, -1, -1, -1, -1, -1, 4, -1, -1, -1, -1], [-1, -1, -1, -1, -1, 5, -1, -1, -1, -1, -1], [-1, -1, -1, -1, -1, 4, -1, -1, -1, -1, -1], [-1, -1, -1, -1, 0, -1, 2, 2, -1, 0, -1], [-1, -1, -1, -1, 0, -1, 2, 2, 2, -1, 2], [-1, -1, -1, -1, 0, -1, 2, 2, 2, 1, -1], [-1, -1, -1, -1, 0, 1, 1, 1, -1, 1, 1], [-1, -1, -1, 2, -1, -1, -1, 2, 2, 2, 2], [-1, -1, -1, 2, -1, -1, 2, -1, 2, 2, 2], [-1, -1, -1, 2, -1, -1, 2, 2, -1, 2, 2], [-1, -1, -1, 2, -1, -1, 2, 2, -1, 1, -1], [-1, -1, -1, 2, 0, -1, -1, 2, -1, 2, 2], [-1, -1, -1, 2, 0, -1, 2, -1, -1, 2, 2], [-1, -1, -1, 2, 0, -1, 2, -1, 2, -1, 2], [-1, -1, -1, 2, 0, -1, 2, 2, -1, 2, -1], [-1, -1, -1, 1, -1, -1, -1, 2, -1, -1, 0], [-1, -1, -1, 1, 1, -1, -1, 2, 2, -1, -1], [-1, -1, 3, -1, -1, -1, 2, -1, 2, 2, 2], [-1, -1, 3, -1, 1, -1, -1, 2, -1, -1, 2], [-1, -1, 3, -1, 1, -1, -1, 2, -1, 2, -1], [-1, -1, 3, -1, 1, -1, -1, 2, 2, -1, -1], [-1, -1, 3, -1, 1, -1, 2, -1, -1, 2, 2], [-1, -1, 3, -1, 1, -1, 2, -1, 2, -1, 2], [-1, -1, 3, -1, 1, -1, 2, -1, 2, 2, -1], [-1, -1, 3, 2, -1, -1, -1, 2, 2, -1, 2], [-1, -1, 3, 2, -1, -1, 2, -1, 2, -1, 2], [-1, -1, 3, 2, 1, -1, -1, -1, 2, -1, 2], [-1, -1, 3, 1, -1, -1, -1, 2, -1, 2, 2], [-1, -1, 3, 1, -1, -1, -1, 0, -1, -1, -1], [-1, -1, 3, 1, -1, -1, 2, -1, -1, 2, 2], [-1, -1, 3, 1, -1, -1, 2, -1, 2, -1, 2], [-1, -1, 3, 1, 1, -1, -1, -1, 2, -1, -1], [-1, -1, 3, 1, 1, -1, -1, 2, -1, -1, -1], [-1, -1, 3, 1, 1, -1, 2, -1, -1, -1, 2], [-1, -1, 3, 1, 1, -1, 2, -1, -1, 2, -1], [-1, -1, 3, 1, 1, 2, -1, -1, -1, 2, -1], [-1, -1, 3, 1, 0, -1, 2, 2, -1, -1, 2], [-1, -1, 2, -1, -1, -1, -1, 2, -1, -1, 0], [-1, -1, 2, -1, -1, -1, 2, -1, -1, 0, -1], [-1, -1, 2, -1, -1, -1, 2, 2, 2, -1, 2], [-1, -1, 2, -1, -1, 1, 1, 1, -1, 1, -1], [-1, -1, 2, -1, 1, -1, -1, -1, 2, -1, -1], [-1, -1, 2, -1, 1, 3, -1, -1, -1, -1, -1], [-1, -1, 2, 2, -1, -1, -1, -1, 2, -1, 2], [-1, -1, 2, 2, -1, -1, -1, 2, -1, 2, -1], [-1, -1, 2, 2, -1, -1, 2, -1, -1, 2, 2], [-1, -1, 2, 2, -1, -1, 2, -1, 2, -1, -1], [-1, -1, 2, 2, 1, -1, -1, -1, -1, 2, 2], [-1, -1, 2, 2, 1, -1, -1, 2, -1, -1, -1], [-1, -1, 2, 2, 1, -1, 2, -1, -1, 2, -1], [-1, -1, 2, 2, 0, 1, -1, 1, -1, 1, -1], [-1, -1, 2, 1, 1, 1, -1, -1, -1, 1, -1], [-1, -1, 1, -1, -1, -1, -1, 2, -1, 2, 2], [-1, -1, 1, -1, -1, -1, 2, -1, 2, 2, 2], [-1, -1, 1, -1, -1, -1, 2, 2, -1, 2, -1], [-1, -1, 1, -1, -1, -1, 2, 2, 2, -1, 2], [-1, -1, 1, -1, -1, 1, 1, 1, -1, 1, 1], [-1, -1, 1, -1, 1, -1, -1, -1, 2, 2, 2], [-1, -1, 1, -1, 1, -1, -1, 2, -1, 2, -1], [-1, -1, 1, -1, 1, -1, 2, -1, -1, 2, -1], [-1, -1, 1, -1, 0, -1, 2, 2, -1, -1, 2], [-1, -1, 1, 2, -1, -1, -1, -1, 2, 2, 2], [-1, -1, 1, 2, -1, -1, 2, -1, -1, 2, -1], [-1, -1, 1, 2, -1, -1, 2, -1, 2, -1, 2], [-1, -1, 1, 2, -1, -1, 2, 2, -1, -1, 2], [-1, -1, 1, 2, 0, -1, -1, 2, -1, -1, 2], [-1, -1, 1, 2, 0, -1, 2, -1, -1, -1, 2], [-1, -1, 1, 1, -1, -1, -1, 2, 2, 2, -1], [-1, -1, 1, 1, 1, -1, -1, -1, 2, 2, -1], [-1, -1, 1, 1, 1, -1, -1, 2, -1, -1, -1], [-1, -1, 1, 1, 1, -1, 2, -1, 2, -1, -1], [-1, -1, 1, 1, 0, 1, 1, -1, -1, -1, 1], [-1, 2, -1, -1, -1, -1, -1, 2, 2, 2, 2], [-1, 2, -1, -1, -1, -1, 2, 2, 2, -1, 2], [-1, 2, -1, -1, 1, -1, -1, -1, 2, 2, -1], [-1, 2, -1, -1, 1, -1, -1, 2, -1, -1, -1], [-1, 2, -1, -1, 0, -1, 2, 2, -1, 1, -1], [-1, 2, -1, 2, -1, -1, -1, -1, 2, -1, 2], [-1, 2, -1, 2, -1, -1, -1, 2, -1, 2, 2], [-1, 2, -1, 2, 0, -1, 2, -1, 2, -1, -1], [-1, 2, -1, 2, 0, -1, 2, 2, -1, -1, 2], [-1, 2, -1, 2, 0, 1, 1, -1, 1, -1, 1], [-1, 2, -1, 1, 1, -1, -1, -1, 2, -1, -1], [-1, 2, -1, 1, 1, -1, 2, -1, -1, 2, -1], [-1, 2, -1, 1, 1, 0, -1, -1, -1, -1, -1], [-1, 2, -1, 1, 0, -1, 1, 1, -1, 1, 1], [-1, 2, 3, -1, -1, -1, 2, 2, -1, 2, 2], [-1, 2, 3, -1, 1, -1, -1, -1, -1, 2, -1], [-1, 2, 3, -1, 1, -1, -1, -1, 2, -1, 2], [-1, 2, 3, -1, 1, -1, 2, -1, -1, -1, 2], [-1, 2, 3, -1, 1, -1, 2, -1, 2, -1, -1], [-1, 2, 3, 1, -1, -1, -1, 2, -1, -1, 2], [-1, 2, 3, 1, -1, -1, 2, -1, -1, -1, 2], [-1, 2, 3, 1, 1, -1, -1, -1, -1, -1, -1], [-1, 2, 2, -1, -1, -1, -1, -1, 2, -1, 2], [-1, 2, 2, -1, -1, -1, -1, 2, 2, -1, -1], [-1, 2, 2, -1, -1, -1, 2, -1, 2, -1, -1], [-1, 2, 2, -1, 1, -1, 2, -1, -1, 2, -1], [-1, 2, 2, -1, 0, -1, 2, 2, -1, -1, -1], [-1, 2, 2, -1, 0, 1, 1, -1, -1, 1, -1], [-1, 2, 2, 2, 0, 2, -1, -1, 2, -1, -1], [-1, 2, 2, 1, -1, -1, -1, -1, 2, -1, -1], [-1, 2, 2, 1, -1, -1, -1, 2, -1, -1, -1], [-1, 2, 1, -1, -1, -1, -1, 2, -1, -1, 2], [-1, 2, 1, -1, -1, 2, -1, 2, 2, 2, -1], [-1, 2, 1, -1, 1, 2, -1, -1, -1, -1, -1], [-1, 2, 1, -1, 0, -1, 2, -1, 2, -1, 2], [-1, 2, 1, -1, 0, -1, 1, 1, 1, -1, 1], [-1, 2, 1, 2, -1, -1, -1, -1, -1, -1, 2], [-1, 2, 1, 2, -1, -1, -1, -1, 2, 2, -1], [-1, 2, 1, 2, -1, -1, -1, 2, -1, 2, -1], [-1, 2, 1, 2, -1, -1, -1, 0, -1, -1, 0], [-1, 2, 1, 2, -1, -1, -1, 0, -1, 0, -1], [-1, 2, 1, 2, -1, -1, 2, -1, -1, -1, -1], [-1, 2, 1, 2, -1, -1, 0, -1, -1, -1, 0], [-1, 2, 1, 2, -1, -1, 0, -1, 0, 0, -1], [-1, 2, 1, 2, -1, 2, -1, -1, -1, 2, -1], [-1, 2, 1, 2, 0, -1, -1, -1, -1, 2, -1], [-1, 2, 1, 1, -1, -1, 1, -1, 1, -1, 1], [-1, 2, 1, 1, -1, -1, 1, 1, 1, 1, -1], [-1, 1, -1, -1, -1, -1, -1, 2, -1, -1, 0], [-1, 1, -1, -1, -1, -1, 2, -1, -1, 0, -1], [-1, 1, -1, -1, -1, 1, 1, 1, -1, 1, 1], [-1, 1, -1, -1, 0, -1, 2, -1, -1, 2, 2], [-1, 1, -1, 2, 0, 1, -1, 1, 1, 1, -1], [-1, 1, -1, 1, -1, 2, -1, 2, 2, 2, -1], [-1, 1, -1, 1, 0, -1, -1, 2, -1, 2, -1], [-1, 1, -1, 1, 0, -1, 2, -1, -1, -1, 2], [-1, 1, -1, 1, 0, -1, 2, -1, -1, 2, -1], [-1, 1, -1, 1, 0, -1, 2, 2, 2, -1, -1], [-1, 1, 3, -1, -1, -1, -1, 2, 2, 2, 2], [-1, 1, 3, -1, -1, -1, 2, 2, 2, 2, -1], [-1, 1, 3, -1, -1, 2, -1, 2, 2, 2, -1], [-1, 1, 3, -1, 0, -1, -1, 2, -1, 2, -1], [-1, 1, 3, -1, 0, -1, 2, -1, -1, -1, 2], [-1, 1, 3, -1, 0, -1, 2, -1, -1, 2, -1], [-1, 1, 3, -1, 0, -1, 2, -1, 2, -1, -1], [-1, 1, 3, -1, 0, -1, 2, 2, -1, -1, -1], [-1, 1, 3, 2, -1, -1, -1, -1, 2, 2, 2], [-1, 1, 3, 2, -1, -1, -1, 2, -1, -1, 2], [-1, 1, 3, 2, -1, -1, -1, 2, 2, 2, -1], [-1, 1, 3, 2, -1, -1, 2, -1, -1, -1, 2], [-1, 1, 3, 2, -1, -1, 2, -1, 2, -1, -1], [-1, 1, 3, 2, -1, -1, 2, 2, -1, 2, -1], [-1, 1, 3, 2, 0, -1, -1, 2, 2, -1, -1], [-1, 1, 3, 1, -1, -1, -1, 2, -1, 2, -1], [-1, 1, 3, 1, -1, -1, 2, -1, 2, 2, -1], [-1, 1, 3, 1, -1, 2, -1, -1, -1, 2, -1], [-1, 1, 2, -1, -1, 1, -1, 1, -1, 1, -1], [-1, 1, 2, 2, -1, -1, -1, 2, -1, -1, 2], [-1, 1, 2, 2, -1, -1, -1, 2, 2, -1, -1], [-1, 1, 2, 2, -1, -1, 2, -1, -1, 2, -1], [-1, 1, 2, 2, -1, -1, 2, 2, -1, -1, -1], [-1, 1, 2, 2, 1, -1, -1, -1, -1, -1, -1], [-1, 1, 1, -1, 1, -1, -1, 2, 2, -1, -1], [-1, 1, 1, 1, -1, -1, -1, -1, -1, -1, 2], [-1, 1, 1, 1, -1, -1, -1, -1, 2, -1, -1], [-1, 1, 1, 1, -1, -1, -1, 2, -1, 2, -1], [-1, 1, 1, 1, -1, -1, 2, -1, -1, 2, -1], [-1, 1, 1, 1, 1, -1, -1, -1, -1, 2, -1], [2, 1, 1, 1, -1, -1, -1, -1, -1, -1, -1], [1, -1, -1, 1, -1, 0, -1, -1, -1, 0, -1], [1, -1, -1, 1, 1, -1, -1, 1, -1, 1, -1], [1, -1, 2, -1, -1, 0, -1, -1, -1, 0, -1], [1, -1, 2, 1, 1, 2, 2, -1, -1, -1, -1], [1, -1, 2, 1, 0, -1, -1, 2, -1, -1, 2], [1, -1, 2, 1, 0, -1, -1, 2, -1, 2, -1], [1, -1, 2, 1, 0, -1, -1, 2, 2, -1, -1], [1, -1, 1, -1, -1, -1, 2, -1, 2, -1, 2], [1, -1, 1, -1, -1, -1, 2, -1, 2, 2, -1], [1, -1, 1, -1, 0, 2, -1, 2, -1, -1, 2], [1, -1, 1, 2, -1, -1, -1, -1, -1, -1, 2], [1, -1, 1, 2, 0, -1, -1, -1, -1, 2, -1], [1, -1, 1, 1, -1, -1, -1, 2, -1, -1, 2], [1, -1, 1, 1, -1, -1, -1, 2, -1, 2, -1], [1, -1, 1, 1, -1, -1, 2, -1, -1, 2, -1], [1, 2, -1, -1, 1, -1, -1, -1, 1, 1, -1], [1, 2, -1, 2, -1, -1, 1, -1, 1, 1, 1], [1, 2, -1, 2, -1, 1, -1, -1, 1, 1, -1], [1, 2, -1, 2, 0, -1, 1, -1, -1, -1, 1], [1, 2, -1, 2, 0, 1, -1, -1, -1, 1, -1], [1, 2, -1, 1, -1, -1, -1, 2, 2, -1, 2], [1, 2, -1, 1, -1, -1, -1, 2, 2, 2, -1], [1, 2, -1, 1, -1, -1, 1, 1, 1, -1, 1], [1, 2, -1, 1, 1, -1, -1, -1, -1, -1, 1], [1, 2, -1, 1, 1, -1, -1, -1, -1, 0, -1], [1, 2, -1, 1, 1, -1, -1, 1, -1, -1, -1], [1, 2, -1, 1, 1, -1, 1, -1, -1, -1, -1], [1, 2, -1, 1, 0, -1, -1, 2, 2, -1, -1], [1, 2, 2, -1, -1, -1, 1, -1, -1, -1, 1], [1, 2, 2, 1, -1, -1, 2, -1, -1, -1, 2], [1, 2, 2, 1, -1, -1, 2, -1, -1, 2, -1], [1, 2, 1, -1, -1, -1, -1, 2, -1, 2, -1], [1, 2, 1, -1, -1, -1, 2, -1, -1, -1, 2], [1, 2, 1, -1, -1, -1, 2, -1, -1, 2, -1], [1, 2, 1, -1, -1, 2, -1, -1, -1, -1, 2], [1, 2, 1, 2, -1, -1, -1, -1, -1, 2, -1], [1, 2, 1, 2, -1, -1, -1, -1, -1, 1, -1], [1, 2, 1, 2, -1, -1, -1, 0, 0, -1, -1], [1, 2, 1, 2, -1, -1, 0, 0, -1, -1, -1], [1, 2, 1, 2, 0, -1, -1, -1, -1, -1, -1], [1, 2, 1, 1, -1, -1, -1, -1, -1, -1, 0], [1, 1, -1, -1, -1, 1, 1, 1, -1, 1, -1], [1, 1, 2, 2, -1, -1, -1, -1, -1, -1, -1], [0, -1, -1, -1, -1, -1, -1, 2, -1, 2, 2], [0, -1, -1, -1, -1, -1, -1, 2, 2, -1, 2], [0, -1, -1, -1, -1, -1, 2, -1, 2, -1, 2], [0, -1, -1, -1, -1, -1, 2, -1, 0, -1, -1], [0, -1, -1, -1, 1, -1, -1, 2, 2, -1, -1], [0, -1, -1, -1, 0, -1, 2, -1, -1, 2, 2], [0, -1, -1, -1, 0, -1, 2, 2, -1, -1, 2], [0, -1, -1, -1, 0, -1, 2, 2, -1, 1, -1], [0, -1, -1, 2, -1, -1, -1, 2, -1, -1, 2], [0, -1, -1, 2, -1, -1, 2, -1, -1, 2, -1], [0, -1, -1, 2, 0, -1, 2, -1, -1, -1, 2], [0, -1, -1, 2, 0, -1, 2, -1, 2, -1, -1], [0, -1, -1, 2, 0, -1, 2, 2, -1, -1, -1], [0, -1, -1, 1, 1, -1, -1, -1, -1, 2, -1], [0, -1, -1, 1, 1, -1, -1, -1, 2, -1, -1], [0, -1, -1, 1, 1, -1, -1, 2, -1, -1, -1], [0, -1, -1, 1, 0, -1, -1, -1, 1, 1, 1], [0, -1, 3, -1, -1, -1, 2, -1, -1, 2, 2], [0, -1, 3, -1, -1, -1, 2, 2, -1, -1, 2], [0, -1, 3, -1, 1, -1, 2, -1, -1, -1, 2], [0, -1, 3, -1, 1, -1, 2, -1, -1, 2, -1], [0, -1, 3, -1, 1, -1, 2, 2, -1, -1, -1], [0, -1, 3, 1, -1, -1, 2, -1, -1, -1, 2], [0, -1, 3, 1, -1, -1, 2, -1, -1, 2, -1], [0, -1, 2, -1, -1, -1, -1, -1, 2, -1, 2], [0, -1, 2, -1, -1, -1, -1, 2, 2, -1, -1], [0, -1, 2, -1, -1, -1, -1, 1, -1, -1, 2], [0, -1, 2, -1, -1, 1, -1, 1, -1, 1, -1], [0, -1, 2, -1, 1, -1, -1, -1, -1, -1, -1], [0, -1, 2, -1, 0, -1, 2, 2, -1, 2, -1], [0, -1, 2, 2, -1, -1, -1, -1, -1, 2, 2], [0, -1, 2, 2, -1, -1, 2, -1, -1, -1, 2], [0, -1, 2, 2, -1, -1, 2, 2, -1, -1, -1], [0, -1, 2, 2, 0, -1, 2, -1, -1, -1, -1], [0, -1, 2, 1, -1, 1, 1, -1, -1, 1, -1], [0, -1, 1, -1, -1, -1, -1, 2, -1, -1, 2], [0, -1, 1, -1, -1, 2, -1, 2, 2, 2, -1], [0, -1, 1, -1, 1, -1, -1, -1, -1, 2, -1], [0, -1, 1, 2, -1, -1, 2, -1, -1, -1, 2], [0, -1, 1, 2, -1, -1, 1, 1, 1, -1, 1], [0, -1, 1, 2, -1, 2, -1, -1, -1, 2, -1], [0, -1, 1, 1, -1, 2, -1, 2, 2, -1, -1], [0, 2, -1, -1, -1, -1, -1, -1, 2, -1, 2], [0, 2, -1, -1, -1, -1, 2, 2, -1, -1, 2], [0, 2, -1, -1, 1, -1, -1, -1, -1, -1, 2], [0, 2, -1, -1, 1, -1, -1, -1, -1, 2, -1], [0, 2, -1, -1, 1, -1, -1, -1, 2, -1, -1], [0, 2, -1, 2, -1, -1, -1, -1, -1, 2, 2], [0, 2, -1, 2, -1, -1, 2, -1, -1, -1, 2], [0, 2, -1, 2, -1, -1, 2, -1, 2, -1, -1], [0, 2, -1, 2, 0, -1, 2, -1, -1, -1, -1], [0, 2, -1, 1, 1, -1, -1, -1, -1, -1, -1], [0, 2, 3, -1, 1, -1, 2, -1, -1, -1, -1], [0, 2, 3, 1, 0, -1, -1, -1, -1, -1, 2], [0, 2, 2, -1, -1, -1, -1, -1, -1, 2, -1], [0, 2, 2, -1, -1, -1, -1, -1, 2, -1, -1], [0, 2, 2, -1, -1, -1, -1, 2, -1, -1, -1], [0, 2, 2, -1, -1, -1, 2, -1, -1, -1, 2], [0, 2, 2, -1, -1, 1, 1, -1, -1, 1, -1], [0, 2, 2, 2, -1, -1, 2, -1, -1, -1, -1], [0, 2, 2, 2, 0, -1, -1, 1, -1, -1, -1], [0, 2, 1, -1, -1, -1, 1, -1, 1, -1, 1], [0, 2, 1, -1, -1, -1, 1, 1, 1, 1, -1], [0, 2, 1, -1, -1, 2, 2, 2, 2, -1, -1], [0, 2, 1, -1, 0, -1, 1, 1, -1, -1, 1], [0, 1, -1, -1, 0, -1, -1, 2, -1, 2, -1], [0, 1, -1, -1, 0, -1, 2, -1, -1, 2, -1], [0, 1, -1, 2, 1, -1, -1, -1, 2, 2, 2], [0, 1, -1, 1, -1, -1, -1, 2, 2, 2, -1], [0, 1, -1, 1, -1, -1, 2, 2, 2, -1, -1], [0, 1, -1, 1, 0, 2, -1, 2, 2, -1, -1], [0, 1, 3, -1, -1, -1, -1, 2, 2, 2, -1], [0, 1, 3, -1, -1, -1, 2, -1, 2, -1, -1], [0, 1, 3, -1, -1, -1, 2, 2, -1, 2, -1], [0, 1, 3, -1, -1, 2, -1, 2, 2, -1, -1], [0, 1, 3, -1, 0, -1, -1, 2, -1, -1, 2], [0, 1, 3, -1, 0, -1, 2, -1, -1, -1, -1], [0, 1, 3, 2, -1, -1, -1, -1, 2, -1, 2], [0, 1, 3, 2, -1, -1, -1, 2, 2, -1, -1], [0, 1, 3, 2, -1, -1, 2, 2, -1, -1, -1], [0, 1, 3, 2, 0, -1, -1, 2, -1, -1, -1], [0, 1, 1, -1, -1, -1, -1, 2, -1, 2, -1], [0, 1, 1, -1, -1, -1, 2, -1, -1, 2, 2]]
0.15 246 
 [[-1, -1, -1, -1, -1, -1, -1, -1, -1, 4, 4], [-1, -1, -1, -1, -1, -1, -1, -1, 4, -1, 4], [-1, -1, -1, -1, -1, -1, -1, 4, -1, -1, 4], [-1, -1, -1, -1, -1, -1, -1, 4, -1, 4, -1], [-1, -1, -1, -1, -1, -1, 4, -1, -1, -1, 4], [-1, -1, -1, -1, -1, -1, 4, -1, -1, 4, -1], [-1, -1, -1, -1, -1, -1, 4, -1, 4, -1, -1], [-1, -1, -1, -1, -1, -1, 4, 4, -1, -1, -1], [-1, -1, -1, -1, -1, 5, -1, -1, -1, -1, -1], [-1, -1, -1, -1, -1, 4, -1, -1, -1, -1, -1], [-1, -1, -1, -1, 1, -1, -1, -1, -1, -1, 4], [-1, -1, -1, -1, 1, -1, -1, -1, -1, 4, -1], [-1, -1, -1, -1, 1, -1, -1, -1, 4, -1, -1], [-1, -1, -1, -1, 1, -1, 4, -1, -1, -1, -1], [-1, -1, -1, -1, 0, -1, 2, 2, -1, 0, -1], [-1, -1, -1, 2, 0, -1, 2, 2, -1, 1, -1], [-1, -1, -1, 1, -1, -1, -1, -1, 4, 4, -1], [-1, -1, -1, 1, -1, -1, -1, 4, 4, -1, -1], [-1, -1, -1, 1, -1, -1, 4, -1, -1, -1, -1], [-1, -1, -1, 1, 1, -1, -1, 4, -1, -1, -1], [-1, -1, 3, -1, 1, -1, -1, 2, -1, 2, 2], [-1, -1, 3, -1, 1, -1, -1, 2, 2, -1, 2], [-1, -1, 3, -1, 1, -1, -1, 2, 2, 2, -1], [-1, -1, 3, -1, 1, -1, 2, -1, 2, 2, 2], [-1, -1, 3, 2, -1, -1, 2, -1, 2, 2, 2], [-1, -1, 3, 2, 1, -1, 2, -1, 2, -1, 2], [-1, -1, 3, 2, 1, -1, 2, -1, 2, 2, -1], [-1, -1, 3, 1, -1, -1, -1, 0, 0, -1, -1], [-1, -1, 3, 1, -1, -1, 2, -1, -1, 2, 2], [-1, -1, 3, 1, 1, -1, -1, 2, -1, -1, 2], [-1, -1, 3, 1, 1, -1, -1, 2, -1, 2, -1], [-1, -1, 3, 1, 1, -1, -1, 2, 2, -1, -1], [-1, -1, 3, 1, 1, -1, 2, -1, -1, 2, -1], [-1, -1, 3, 1, 1, -1, 2, -1, 2, -1, -1], [-1, -1, 3, 1, 1, 2, -1, -1, -1, 2, -1], [-1, -1, 3, 1, 0, -1, 2, 2, -1, -1, 2], [-1, -1, 2, -1, -1, -1, -1, -1, -1, -1, 4], [-1, -1, 2, -1, -1, -1, -1, -1, 2, 4, -1], [-1, -1, 2, -1, -1, -1, 2, -1, -1, 0, -1], [-1, -1, 2, -1, -1, 1, 1, 1, -1, 1, -1], [-1, -1, 2, -1, 1, -1, -1, 4, -1, -1, -1], [-1, -1, 2, 2, -1, -1, 2, -1, 2, -1, 2], [-1, -1, 2, 2, 1, -1, -1, -1, 2, -1, -1], [-1, -1, 2, 2, 1, -1, -1, 2, -1, -1, 2], [-1, -1, 2, 2, 1, -1, -1, 2, -1, 2, -1], [-1, -1, 2, 2, 0, 1, -1, 1, -1, 1, -1], [-1, -1, 2, 1, -1, -1, -1, -1, -1, 4, -1], [-1, -1, 2, 1, 1, 2, -1, -1, 2, 2, -1], [-1, -1, 1, -1, -1, -1, -1, -1, 4, 4, -1], [-1, -1, 1, -1, -1, -1, -1, 4, -1, -1, -1], [-1, -1, 1, -1, -1, -1, 4, -1, -1, -1, -1], [-1, -1, 1, -1, -1, -1, 2, 2, 2, 2, 2], [-1, -1, 1, -1, 1, -1, -1, 2, -1, 2, -1], [-1, -1, 1, -1, 1, 1, 1, 1, -1, 1, 1], [-1, -1, 1, 2, -1, -1, 2, -1, -1, 2, 2], [-1, -1, 1, 2, -1, 1, 1, 1, -1, 1, 1], [-1, -1, 1, 2, 0, -1, -1, -1, 4, -1, -1], [-1, -1, 1, 2, 0, 2, 2, -1, -1, 2, -1], [-1, -1, 1, 1, -1, 2, -1, 2, 2, 2, -1], [-1, -1, 1, 1, 1, -1, -1, 2, 2, -1, -1], [-1, -1, 1, 1, 1, -1, 2, -1, -1, 2, -1], [-1, -1, 1, 1, 1, 2, -1, 2, -1, -1, 2], [-1, 2, -1, -1, 1, -1, -1, 4, -1, -1, -1], [-1, 2, -1, -1, 1, -1, -1, 2, -1, 2, -1], [-1, 2, -1, -1, 0, -1, 2, 2, -1, 1, -1], [-1, 2, -1, 2, -1, -1, 2, -1, -1, -1, 4], [-1, 2, -1, 2, 0, -1, -1, 4, 2, 2, -1], [-1, 2, -1, 2, 0, -1, 2, -1, 2, -1, 2], [-1, 2, -1, 2, 0, 1, 1, -1, 1, -1, 1], [-1, 2, -1, 1, 1, -1, -1, 2, -1, -1, -1], [-1, 2, -1, 1, 1, -1, 2, -1, -1, 2, -1], [-1, 2, -1, 1, 0, -1, 1, 1, 1, 1, 1], [-1, 2, 3, -1, 1, -1, -1, -1, 2, -1, 2], [-1, 2, 3, -1, 1, -1, -1, -1, 2, 2, -1], [-1, 2, 3, -1, 1, -1, -1, 2, -1, -1, -1], [-1, 2, 3, -1, 1, -1, 2, -1, -1, -1, 2], [-1, 2, 3, -1, 1, -1, 2, -1, -1, 2, -1], [-1, 2, 3, -1, 1, -1, 2, -1, 2, -1, -1], [-1, 2, 3, 1, -1, -1, 2, -1, 2, -1, 2], [-1, 2, 3, 1, -1, -1, 2, 2, -1, -1, 2], [-1, 2, 3, 1, 1, -1, -1, -1, -1, 2, -1], [-1, 2, 3, 1, 1, -1, -1, -1, 2, -1, -1], [-1, 2, 3, 1, 1, -1, 2, -1, -1, -1, -1], [-1, 2, 2, -1, -1, -1, 2, 2, 2, -1, 2], [-1, 2, 2, -1, 1, -1, -1, 2, 2, -1, -1], [-1, 2, 2, 2, -1, -1, 2, -1, 2, -1, -1], [-1, 2, 2, 2, 0, 2, -1, -1, 2, -1, -1], [-1, 2, 2, 1, -1, -1, -1, 2, 2, -1, -1], [-1, 2, 2, 1, 1, 2, -1, -1, 2, -1, -1], [-1, 2, 1, -1, -1, -1, -1, -1, 4, -1, -1], [-1, 2, 1, -1, -1, -1, -1, 2, 2, 2, 2], [-1, 2, 1, -1, -1, 2, -1, 2, 2, 2, -1], [-1, 2, 1, -1, 0, -1, 2, 2, 2, -1, 2], [-1, 2, 1, 2, -1, -1, -1, -1, 2, -1, 2], [-1, 2, 1, 2, -1, -1, -1, 2, -1, -1, 2], [-1, 2, 1, 2, -1, -1, -1, 0, -1, -1, 0], [-1, 2, 1, 2, -1, -1, 2, -1, -1, -1, 2], [-1, 2, 1, 2, -1, -1, 2, -1, -1, 2, -1], [-1, 2, 1, 2, -1, -1, 0, -1, 0, -1, 0], [-1, 2, 1, 2, -1, -1, 0, -1, 0, 0, -1], [-1, 2, 1, 2, -1, -1, 0, 0, -1, 0, -1], [-1, 2, 1, 2, -1, 2, -1, -1, -1, 2, -1], [-1, 2, 1, 2, 0, -1, -1, -1, -1, 2, 2], [-1, 2, 1, 2, 0, -1, 2, -1, 2, -1, -1], [-1, 2, 1, 2, 0, -1, 2, 2, -1, -1, -1], [-1, 2, 1, 1, -1, -1, 1, -1, 1, -1, 1], [-1, 1, -1, -1, -1, -1, -1, 4, 4, -1, -1], [-1, 1, -1, -1, -1, -1, 4, -1, -1, -1, -1], [-1, 1, -1, -1, -1, -1, 2, -1, -1, 0, -1], [-1, 1, -1, -1, 0, 1, 1, 1, -1, 1, 1], [-1, 1, -1, 2, -1, 1, 1, 1, -1, 1, 1], [-1, 1, -1, 2, 0, 1, -1, 1, 1, 1, -1], [-1, 1, -1, 1, -1, -1, -1, -1, -1, -1, 4], [-1, 1, -1, 1, -1, -1, -1, -1, -1, 4, -1], [-1, 1, -1, 1, -1, -1, -1, -1, 4, -1, -1], [-1, 1, -1, 1, -1, -1, -1, 4, -1, -1, -1], [-1, 1, -1, 1, 1, 2, -1, 2, 2, 2, -1], [-1, 1, -1, 1, 0, -1, 2, -1, -1, 2, 2], [-1, 1, -1, 1, 0, -1, 2, -1, 2, -1, 2], [-1, 1, -1, 1, 0, -1, 2, 2, -1, -1, 2], [-1, 1, -1, 1, 0, -1, 2, 2, -1, 2, -1], [-1, 1, -1, 1, 0, 2, -1, 2, -1, 2, -1], [-1, 1, 3, -1, 0, -1, -1, 2, -1, 2, 2], [-1, 1, 3, -1, 0, -1, -1, 2, 2, 2, -1], [-1, 1, 3, -1, 0, -1, 2, -1, -1, -1, 2], [-1, 1, 3, -1, 0, -1, 2, -1, -1, 2, -1], [-1, 1, 3, -1, 0, -1, 2, -1, 2, -1, -1], [-1, 1, 3, -1, 0, -1, 2, 2, -1, -1, -1], [-1, 1, 3, 2, -1, -1, -1, 2, -1, 2, 2], [-1, 1, 3, 2, -1, -1, -1, 2, 2, -1, 2], [-1, 1, 3, 2, -1, -1, 2, -1, -1, 2, 2], [-1, 1, 3, 2, -1, -1, 2, -1, 2, -1, 2], [-1, 1, 3, 2, -1, -1, 2, -1, 2, 2, -1], [-1, 1, 3, 2, -1, -1, 2, 2, -1, -1, 2], [-1, 1, 3, 2, -1, -1, 2, 2, 2, -1, -1], [-1, 1, 3, 1, -1, 2, -1, -1, -1, 2, -1], [-1, 1, 2, -1, -1, -1, -1, -1, 4, -1, -1], [-1, 1, 2, -1, -1, 1, -1, 1, -1, 1, -1], [-1, 1, 2, 2, -1, -1, -1, 2, -1, 2, -1], [-1, 1, 2, 2, -1, -1, -1, 2, 2, -1, 2], [-1, 1, 2, 2, -1, -1, 2, -1, -1, 2, 2], [-1, 1, 1, -1, -1, -1, 2, 2, -1, 2, 2], [-1, 1, 1, -1, -1, 1, 1, 1, -1, 1, 1], [-1, 1, 1, 1, -1, -1, -1, -1, 2, -1, 2], [-1, 1, 1, 1, -1, -1, -1, 2, -1, -1, 2], [-1, 1, 1, 1, -1, -1, -1, 2, -1, 2, -1], [-1, 1, 1, 1, -1, -1, -1, 2, 2, -1, -1], [-1, 1, 1, 1, -1, -1, 2, -1, -1, -1, 2], [-1, 1, 1, 1, -1, -1, 2, -1, -1, 2, -1], [-1, 1, 1, 1, -1, -1, 2, -1, 2, -1, -1], [-1, 1, 1, 1, 1, -1, -1, -1, -1, 2, 2], [1, -1, -1, -1, -1, -1, -1, -1, -1, 4, -1], [1, -1, -1, -1, 0, -1, -1, 4, -1, -1, -1], [1, -1, -1, 1, -1, 0, -1, -1, -1, 0, -1], [1, -1, 2, -1, -1, 0, -1, -1, -1, 0, -1], [1, -1, 2, 1, 1, 2, 2, -1, -1, -1, -1], [1, -1, 2, 1, 0, -1, -1, 2, 2, -1, -1], [1, -1, 1, -1, 0, 2, -1, 2, -1, -1, 2], [1, -1, 1, 2, 0, -1, -1, -1, -1, -1, 2], [1, -1, 1, 2, 0, -1, -1, -1, -1, 2, -1], [1, -1, 1, 1, -1, -1, -1, 2, -1, 2, -1], [1, -1, 1, 1, -1, -1, -1, 2, 2, -1, 2], [1, -1, 1, 1, -1, -1, 2, -1, -1, 2, -1], [1, -1, 1, 1, -1, -1, 2, -1, 2, -1, 2], [1, 2, -1, -1, 1, -1, -1, -1, 1, 1, -1], [1, 2, -1, 2, -1, -1, 1, -1, 1, 1, 1], [1, 2, -1, 2, 0, -1, 1, -1, -1, -1, 1], [1, 2, -1, 1, -1, -1, 1, 1, 1, -1, 1], [1, 2, -1, 1, 1, -1, -1, -1, -1, -1, 1], [1, 2, -1, 1, 1, -1, -1, -1, -1, 0, -1], [1, 2, 2, -1, -1, -1, -1, 2, 2, -1, 2], [1, 2, 2, -1, -1, -1, -1, 2, 2, 2, -1], [1, 2, 2, -1, -1, -1, 2, 2, 2, -1, -1], [1, 2, 2, 1, -1, -1, -1, 2, -1, -1, 2], [1, 2, 2, 1, -1, -1, -1, 2, -1, 2, -1], [1, 2, 2, 1, -1, -1, 2, -1, 2, -1, -1], [1, 2, 1, -1, -1, 2, -1, -1, -1, -1, 2], [1, 2, 1, 2, -1, -1, -1, -1, -1, -1, 2], [1, 2, 1, 2, -1, -1, -1, -1, -1, 2, -1], [1, 2, 1, 2, -1, -1, -1, -1, -1, 1, -1], [1, 1, -1, -1, -1, 1, 1, 1, -1, 1, -1], [1, 1, 2, 2, -1, -1, -1, 2, -1, -1, -1], [1, 1, 2, 2, -1, -1, 2, -1, -1, -1, -1], [1, 1, 1, -1, -1, -1, 2, -1, 2, -1, 2], [0, -1, -1, -1, 1, -1, -1, 4, -1, -1, -1], [0, -1, -1, -1, 0, 1, 1, 1, -1, 1, 1], [0, -1, -1, 2, -1, -1, -1, 2, 2, 2, 2], [0, -1, -1, 2, -1, -1, 2, -1, -1, 2, 2], [0, -1, -1, 2, 0, -1, -1, 2, -1, 2, 2], [0, -1, -1, 2, 0, -1, 2, -1, 2, -1, 2], [0, -1, -1, 1, 1, -1, -1, 2, 2, -1, -1], [0, -1, 3, -1, -1, -1, 2, -1, 2, 2, 2], [0, -1, 3, -1, -1, -1, 2, 2, -1, 2, 2], [0, -1, 3, -1, 1, -1, -1, 2, -1, -1, 2], [0, -1, 3, -1, 1, -1, -1, 2, -1, 2, -1], [0, -1, 3, -1, 1, -1, 2, -1, -1, 2, -1], [0, -1, 3, -1, 1, -1, 2, -1, 2, -1, 2], [0, -1, 3, -1, 1, -1, 2, 2, 2, -1, -1], [0, -1, 3, 2, -1, -1, -1, 2, 2, -1, 2], [0, -1, 3, 2, -1, -1, 2, -1, 2, -1, 2], [0, -1, 3, 1, -1, -1, 2, -1, -1, -1, 2], [0, -1, 3, 1, 1, -1, 2, 2, -1, -1, -1], [0, -1, 2, -1, -1, -1, -1, 2, -1, -1, 0], [0, -1, 2, -1, -1, -1, 4, -1, -1, -1, -1], [0, -1, 2, -1, 1, -1, -1, -1, 2, -1, -1], [0, -1, 2, -1, 0, 1, -1, 1, -1, 1, -1], [0, -1, 2, 2, -1, -1, -1, 2, -1, 2, 2], [0, -1, 2, 2, -1, -1, -1, 2, 2, -1, 2], [0, -1, 2, 2, -1, -1, 2, 2, -1, 2, -1], [0, -1, 2, 2, 1, -1, -1, -1, -1, 2, -1], [0, -1, 2, 1, -1, 1, 1, -1, -1, 1, -1], [0, -1, 1, -1, -1, -1, -1, 2, -1, 2, 2], [0, -1, 1, -1, -1, 2, -1, 2, 2, 2, -1], [0, -1, 1, -1, 1, -1, -1, -1, -1, 2, -1], [0, -1, 1, 2, -1, -1, 2, -1, -1, 2, -1], [0, -1, 1, 2, -1, 2, -1, -1, -1, 2, -1], [0, -1, 1, 2, 0, -1, 2, 2, -1, -1, 2], [0, -1, 1, 1, -1, 2, -1, 2, 2, -1, -1], [0, 2, -1, -1, -1, -1, 2, 2, -1, -1, 4], [0, 2, -1, -1, 1, -1, -1, -1, 2, -1, 2], [0, 2, -1, -1, 1, -1, -1, -1, 2, 2, -1], [0, 2, -1, -1, 1, -1, -1, 2, -1, -1, -1], [0, 2, -1, -1, 1, -1, 2, -1, -1, 2, -1], [0, 2, -1, 2, -1, -1, -1, 4, 4, -1, -1], [0, 2, -1, 2, -1, -1, -1, 2, -1, 2, 2], [0, 2, -1, 2, -1, -1, -1, 2, 2, -1, 2], [0, 2, -1, 2, -1, -1, 2, -1, 2, -1, 2], [0, 2, -1, 2, 0, -1, 2, -1, -1, 2, -1], [0, 2, -1, 2, 0, -1, 2, -1, 2, -1, -1], [0, 2, -1, 2, 0, 2, -1, -1, -1, 2, 2], [0, 2, -1, 1, -1, -1, -1, -1, -1, -1, 4], [0, 2, -1, 1, 1, -1, -1, -1, -1, 2, -1], [0, 2, -1, 1, 1, -1, -1, -1, 2, -1, -1], [0, 2, 3, -1, 1, -1, -1, -1, -1, 2, 2], [0, 2, 3, 1, -1, -1, -1, 2, -1, 2, 2], [0, 2, 3, 1, 1, -1, -1, -1, -1, -1, -1], [0, 2, 2, -1, -1, -1, 2, -1, 2, -1, -1], [0, 2, 2, -1, -1, 1, 1, -1, -1, 1, -1], [0, 2, 2, -1, 1, -1, -1, -1, -1, 2, -1], [0, 2, 2, 2, -1, -1, -1, -1, 2, -1, 2], [0, 2, 2, 2, -1, -1, 2, -1, -1, 2, -1], [0, 2, 2, 2, 0, -1, 2, -1, -1, -1, 2], [0, 2, 2, 1, -1, -1, -1, 2, -1, -1, -1], [0, 2, 1, -1, -1, -1, -1, -1, -1, 4, -1], [0, 2, 1, -1, -1, -1, 2, 2, 2, -1, 2], [0, 2, 1, -1, -1, -1, 1, 1, 1, -1, 1]]
0.2 205 
 [[-1, -1, -1, -1, -1, -1, 4, -1, -1, -1, 4], [-1, -1, -1, -1, -1, 5, -1, -1, -1, -1, -1], [-1, -1, -1, -1, -1, 4, -1, -1, -1, -1, 4], [-1, -1, -1, -1, -1, 4, -1, -1, -1, 4, -1], [-1, -1, -1, -1, -1, 4, -1, -1, 4, -1, -1], [-1, -1, -1, -1, 1, -1, -1, -1, -1, 4, 4], [-1, -1, -1, -1, 1, -1, -1, -1, 4, -1, 4], [-1, -1, -1, -1, 1, -1, -1, -1, 4, 4, -1], [-1, -1, -1, -1, 1, -1, -1, 4, -1, -1, 4], [-1, -1, -1, -1, 1, -1, -1, 4, -1, 4, -1], [-1, -1, -1, -1, 1, -1, 4, -1, -1, 4, -1], [-1, -1, -1, -1, 1, -1, 4, -1, 4, -1, -1], [-1, -1, -1, -1, 1, -1, 4, 2, -1, -1, -1], [-1, -1, -1, -1, 1, 4, -1, 4, -1, -1, -1], [-1, -1, -1, -1, 1, 4, 4, -1, -1, -1, -1], [-1, -1, -1, 2, -1, -1, 4, -1, 4, 4, -1], [-1, -1, -1, 2, -1, 4, 4, -1, -1, -1, -1], [-1, -1, -1, 1, 1, -1, -1, 4, 4, -1, -1], [-1, -1, 3, -1, 1, -1, -1, 2, 2, 2, 2], [-1, -1, 3, 2, 1, -1, -1, 2, 2, -1, 2], [-1, -1, 3, 2, 1, -1, 2, -1, 2, -1, 2], [-1, -1, 3, 2, 1, -1, 2, -1, 2, 2, -1], [-1, -1, 3, 1, -1, -1, -1, 0, 0, -1, -1], [-1, -1, 3, 1, -1, -1, 2, 2, 2, 2, 2], [-1, -1, 3, 1, 1, -1, -1, 2, -1, 2, -1], [-1, -1, 3, 1, 1, -1, -1, 2, 2, -1, 2], [-1, -1, 3, 1, 1, -1, 2, -1, -1, 2, 2], [-1, -1, 3, 1, 1, -1, 2, -1, 2, 2, -1], [-1, -1, 3, 1, 1, 2, -1, -1, -1, 2, -1], [-1, -1, 3, 1, 0, -1, 2, 2, -1, -1, 2], [-1, -1, 2, -1, -1, -1, -1, -1, 4, -1, 4], [-1, -1, 2, -1, -1, 1, 1, 1, -1, 1, -1], [-1, -1, 2, -1, 1, -1, -1, -1, -1, -1, 4], [-1, -1, 2, -1, 1, -1, -1, 4, -1, -1, -1], [-1, -1, 2, -1, 1, -1, 4, -1, -1, -1, -1], [-1, -1, 2, -1, 0, -1, 2, 2, -1, -1, 4], [-1, -1, 2, 2, 1, -1, -1, -1, 2, -1, 2], [-1, -1, 2, 2, 1, -1, -1, 2, -1, 2, -1], [-1, -1, 2, 2, 0, 1, -1, 1, -1, 1, -1], [-1, -1, 2, 1, -1, -1, -1, -1, -1, -1, 4], [-1, -1, 2, 1, 1, 2, -1, -1, 2, 2, -1], [-1, -1, 1, -1, -1, -1, -1, 4, -1, -1, 4], [-1, -1, 1, -1, -1, -1, -1, 4, -1, 4, -1], [-1, -1, 1, -1, -1, -1, -1, 4, 4, -1, -1], [-1, -1, 1, -1, -1, -1, 4, -1, -1, 4, -1], [-1, -1, 1, -1, -1, -1, 4, -1, 4, -1, -1], [-1, -1, 1, -1, -1, -1, 4, 4, -1, -1, -1], [-1, -1, 1, -1, -1, 4, -1, -1, -1, -1, -1], [-1, -1, 1, -1, 1, -1, -1, 2, 2, 2, -1], [-1, -1, 1, -1, 1, 1, 1, 1, -1, 1, 1], [-1, -1, 1, 2, -1, 1, 1, 1, -1, 1, 1], [-1, -1, 1, 2, 0, 2, 2, -1, -1, 2, -1], [-1, -1, 1, 1, -1, 2, -1, 2, 2, 2, -1], [-1, -1, 1, 1, 1, -1, -1, 2, -1, 2, -1], [-1, -1, 1, 1, 1, -1, -1, 2, 2, -1, -1], [-1, -1, 1, 1, 1, 2, -1, 2, -1, -1, 2], [-1, 2, -1, -1, -1, 4, 4, -1, 2, -1, -1], [-1, 2, -1, -1, 1, -1, -1, -1, -1, -1, 4], [-1, 2, -1, -1, 1, -1, -1, -1, 4, -1, -1], [-1, 2, -1, -1, 1, -1, 4, 4, -1, -1, -1], [-1, 2, -1, -1, 1, 4, -1, -1, -1, -1, -1], [-1, 2, -1, 2, -1, -1, -1, 4, -1, 4, 4], [-1, 2, -1, 2, -1, -1, -1, 4, 4, -1, 4], [-1, 2, -1, 2, -1, -1, 4, -1, -1, 4, -1], [-1, 2, -1, 2, -1, 4, -1, -1, -1, -1, -1], [-1, 2, -1, 2, 0, -1, 2, -1, -1, -1, 4], [-1, 2, -1, 2, 0, 1, 1, -1, 1, -1, 1], [-1, 2, -1, 1, 1, -1, -1, 2, 2, 2, -1], [-1, 2, -1, 1, 0, -1, 1, 1, 1, 1, 1], [-1, 2, 3, -1, 1, -1, -1, 2, -1, -1, -1], [-1, 2, 3, -1, 1, -1, 2, -1, -1, -1, 2], [-1, 2, 3, -1, 1, -1, 2, -1, -1, 2, -1], [-1, 2, 3, -1, 1, -1, 2, -1, 2, -1, -1], [-1, 2, 3, 1, -1, -1, 2, -1, -1, 2, 2], [-1, 2, 3, 1, -1, -1, 2, 2, -1, -1, 2], [-1, 2, 3, 1, 1, -1, -1, -1, 2, -1, -1], [-1, 2, 3, 1, 1, -1, 2, -1, -1, -1, -1], [-1, 2, 2, -1, -1, -1, -1, 2, -1, -1, 4], [-1, 2, 2, -1, -1, -1, 2, -1, -1, -1, 4], [-1, 2, 2, -1, -1, 4, -1, 2, -1, -1, -1], [-1, 2, 2, -1, 1, -1, -1, 2, 2, 2, -1], [-1, 2, 2, 2, 0, 2, -1, -1, 2, -1, -1], [-1, 2, 2, 1, 1, 2, -1, -1, 2, -1, -1], [-1, 2, 1, -1, -1, 2, -1, 2, 2, 2, -1], [-1, 2, 1, -1, 1, -1, -1, 2, -1, 2, -1], [-1, 2, 1, 2, -1, -1, -1, -1, 2, 2, 2], [-1, 2, 1, 2, -1, -1, -1, 2, -1, -1, 2], [-1, 2, 1, 2, -1, -1, -1, 0, -1, -1, 0], [-1, 2, 1, 2, -1, -1, 2, -1, -1, -1, 2], [-1, 2, 1, 2, -1, -1, 2, -1, 2, 2, -1], [-1, 2, 1, 2, -1, -1, 2, 2, -1, 2, -1], [-1, 2, 1, 2, -1, -1, 0, -1, 0, -1, 0], [-1, 2, 1, 2, -1, -1, 0, -1, 0, 0, -1], [-1, 2, 1, 2, -1, -1, 0, 0, -1, 0, -1], [-1, 2, 1, 2, -1, 2, -1, -1, -1, 2, -1], [-1, 2, 1, 1, -1, -1, 1, -1, 1, -1, 1], [-1, 1, -1, -1, -1, -1, -1, 4, 4, 4, 4], [-1, 1, -1, -1, -1, -1, 4, -1, -1, 4, -1], [-1, 1, -1, -1, -1, -1, 4, -1, 4, -1, -1], [-1, 1, -1, -1, -1, 4, -1, 4, -1, -1, -1], [-1, 1, -1, -1, -1, 4, 4, -1, -1, -1, -1], [-1, 1, -1, -1, 0, -1, -1, 4, -1, 4, 4], [-1, 1, -1, -1, 0, -1, -1, 4, 4, -1, 4], [-1, 1, -1, -1, 0, 1, 1, 1, -1, 1, 1], [-1, 1, -1, 2, -1, 1, 1, 1, -1, 1, 1], [-1, 1, -1, 2, 0, 1, -1, 1, 1, 1, -1], [-1, 1, -1, 1, -1, -1, -1, 4, 4, -1, -1], [-1, 1, -1, 1, -1, -1, 4, 4, -1, -1, -1], [-1, 1, -1, 1, 1, 2, -1, 2, 2, 2, -1], [-1, 1, -1, 1, 0, -1, 2, 2, -1, 2, -1], [-1, 1, -1, 1, 0, 2, -1, 2, -1, 2, -1], [-1, 1, 3, -1, 0, -1, -1, 2, 2, 2, 2], [-1, 1, 3, -1, 0, -1, 2, -1, -1, 2, 2], [-1, 1, 3, -1, 0, -1, 2, -1, 2, -1, 2], [-1, 1, 3, -1, 0, -1, 2, -1, 2, 2, -1], [-1, 1, 3, -1, 0, -1, 2, 2, -1, -1, -1], [-1, 1, 3, -1, 0, 2, -1, 2, 2, 2, -1], [-1, 1, 3, 2, -1, -1, -1, 2, 2, -1, 2], [-1, 1, 3, 2, -1, -1, 2, -1, -1, 2, 2], [-1, 1, 3, 2, -1, -1, 2, -1, 2, -1, 2], [-1, 1, 3, 2, -1, -1, 2, -1, 2, 2, -1], [-1, 1, 3, 2, -1, -1, 2, 2, 2, -1, -1], [-1, 1, 3, 2, 0, -1, -1, 2, 2, 2, -1], [-1, 1, 3, 1, -1, 2, -1, -1, -1, 2, -1], [-1, 1, 2, -1, -1, -1, -1, -1, -1, 4, 4], [-1, 1, 2, -1, -1, -1, -1, 4, -1, -1, 4], [-1, 1, 2, -1, -1, 1, -1, 1, -1, 1, -1], [-1, 1, 2, 2, -1, -1, -1, 2, -1, 2, 2], [-1, 1, 2, 1, -1, -1, 4, -1, -1, -1, -1], [-1, 1, 1, -1, -1, 1, 1, 1, -1, 1, 1], [-1, 1, 1, -1, 1, -1, 2, 2, -1, 2, -1], [-1, 1, 1, -1, 0, -1, -1, 4, -1, -1, -1], [-1, 1, 1, -1, 0, -1, 4, -1, -1, -1, -1], [-1, 1, 1, 1, -1, -1, -1, -1, 2, -1, 2], [-1, 1, 1, 1, -1, -1, -1, 2, -1, -1, 2], [-1, 1, 1, 1, -1, -1, -1, 2, -1, 2, -1], [-1, 1, 1, 1, -1, -1, -1, 2, 2, -1, -1], [-1, 1, 1, 1, -1, -1, 2, -1, -1, 2, 2], [-1, 1, 1, 1, -1, -1, 2, -1, 2, 2, -1], [1, -1, -1, 1, -1, 0, -1, -1, -1, 0, -1], [1, -1, 2, -1, -1, 0, -1, -1, -1, 0, -1], [1, -1, 2, 1, 1, 2, 2, -1, -1, -1, -1], [1, -1, 1, -1, 0, 2, -1, 2, -1, -1, 2], [1, -1, 1, 2, 0, 2, -1, -1, -1, -1, 2], [1, -1, 1, 1, -1, -1, -1, 2, -1, 2, -1], [1, -1, 1, 1, -1, -1, -1, 2, 2, -1, 2], [1, -1, 1, 1, -1, -1, 2, -1, 2, -1, 2], [1, -1, 1, 1, -1, -1, 2, -1, 2, 2, -1], [1, 2, -1, -1, 1, -1, -1, -1, 1, 1, -1], [1, 2, -1, 2, -1, -1, 1, -1, 1, 1, 1], [1, 2, -1, 2, 0, -1, 1, -1, -1, -1, 1], [1, 2, -1, 1, -1, -1, 1, 1, 1, -1, 1], [1, 2, -1, 1, 1, -1, -1, -1, -1, -1, 1], [1, 2, -1, 1, 1, -1, -1, -1, -1, 0, -1], [1, 2, 2, 1, -1, -1, -1, 2, -1, -1, 2], [1, 2, 2, 1, -1, -1, -1, 2, -1, 2, -1], [1, 2, 2, 1, -1, -1, -1, 2, 2, -1, -1], [1, 2, 1, -1, -1, 2, -1, -1, -1, -1, 2], [1, 2, 1, 2, -1, -1, -1, -1, -1, -1, 2], [1, 2, 1, 2, -1, -1, -1, -1, -1, 1, -1], [1, 2, 1, 2, -1, -1, -1, 2, -1, 2, -1], [1, 2, 1, 2, -1, -1, 2, -1, -1, 2, -1], [1, 2, 1, 2, 0, -1, -1, -1, -1, 2, -1], [1, 1, -1, -1, -1, 1, 1, 1, -1, 1, -1], [0, -1, -1, -1, 1, -1, 4, -1, -1, -1, -1], [0, -1, -1, -1, 1, 4, -1, -1, -1, -1, -1], [0, -1, -1, -1, 0, 1, 1, 1, -1, 1, 1], [0, -1, -1, 2, -1, 4, -1, 4, -1, -1, -1], [0, -1, -1, 2, -1, 4, -1, 2, -1, -1, 2], [0, -1, -1, 1, 1, 2, -1, 2, 2, 2, -1], [0, -1, 3, -1, 1, -1, -1, 2, -1, 2, 2], [0, -1, 3, -1, 1, -1, -1, 2, 2, -1, 2], [0, -1, 3, -1, 1, 2, -1, 2, 2, 2, -1], [0, -1, 3, 1, -1, -1, 2, -1, -1, 2, 2], [0, -1, 3, 1, 1, -1, -1, 2, 2, -1, -1], [0, -1, 3, 1, 1, -1, 2, -1, -1, 2, -1], [0, -1, 3, 1, 1, -1, 2, -1, 2, -1, -1], [0, -1, 3, 1, 0, -1, 2, -1, -1, -1, 2], [0, -1, 2, -1, 0, 1, -1, 1, -1, 1, -1], [0, -1, 2, 2, 1, -1, -1, -1, -1, 2, 2], [0, -1, 2, 1, -1, 1, 1, -1, -1, 1, -1], [0, -1, 1, -1, -1, 2, -1, 2, 2, 2, -1], [0, -1, 1, -1, 1, -1, -1, 2, -1, 2, -1], [0, -1, 1, 2, -1, -1, -1, 2, -1, 2, 2], [0, -1, 1, 2, -1, -1, 2, -1, -1, 2, 2], [0, -1, 1, 2, -1, -1, 2, -1, 2, 2, -1], [0, -1, 1, 2, -1, 2, -1, -1, -1, 2, -1], [0, -1, 1, 1, -1, 2, -1, 2, 2, -1, -1], [0, 2, -1, -1, -1, 4, -1, 2, -1, -1, -1], [0, 2, -1, -1, 1, -1, -1, -1, -1, 4, -1], [0, 2, -1, -1, 1, -1, -1, 4, -1, -1, -1], [0, 2, -1, -1, 1, -1, -1, 2, -1, 2, -1], [0, 2, -1, -1, 1, -1, -1, 2, 2, -1, 2], [0, 2, -1, 2, -1, -1, -1, -1, 4, -1, 4], [0, 2, -1, 2, -1, -1, 4, -1, 4, -1, -1], [0, 2, -1, 2, -1, -1, 2, -1, -1, -1, 4], [0, 2, -1, 2, 0, -1, 2, -1, 2, -1, 2], [0, 2, -1, 2, 0, 2, -1, -1, -1, 2, 2], [0, 2, -1, 1, 1, -1, -1, -1, 2, 2, -1], [0, 2, -1, 1, 1, -1, -1, 2, -1, -1, -1], [0, 2, -1, 1, 1, -1, 2, -1, -1, 2, -1], [0, 2, -1, 1, 1, 2, -1, -1, 2, -1, -1], [0, 2, 3, -1, 1, -1, -1, -1, 2, -1, 2], [0, 2, 3, -1, 1, -1, -1, -1, 2, 2, -1], [0, 2, 3, 1, -1, -1, 2, -1, -1, -1, 2]]
0.25 120 
 [[-1, -1, -1, -1, 1, -1, 4, -1, -1, 4, 4], [-1, -1, -1, -1, 1, -1, 4, -1, 4, 4, -1], [-1, -1, -1, -1, 1, -1, 4, 4, -1, -1, 4], [-1, -1, -1, -1, 1, 4, -1, -1, 4, -1, -1], [-1, -1, -1, 2, -1, 4, -1, -1, -1, 4, 4], [-1, -1, -1, 2, -1, 4, -1, -1, 4, -1, 4], [-1, -1, -1, 2, -1, 4, -1, -1, 4, 4, -1], [-1, -1, -1, 2, -1, 4, -1, 4, -1, -1, 4], [-1, -1, -1, 2, -1, 4, 4, -1, -1, -1, 4], [-1, -1, 3, 2, 1, -1, -1, 2, 2, -1, 2], [-1, -1, 3, 2, 1, -1, 2, -1, 2, -1, 2], [-1, -1, 3, 2, 1, -1, 2, -1, 2, 2, -1], [-1, -1, 3, 1, 1, -1, -1, 2, 2, 2, 2], [-1, -1, 3, 1, 1, 2, -1, -1, -1, 2, -1], [-1, -1, 3, 1, 0, -1, 2, 2, -1, 2, 2], [-1, -1, 2, -1, -1, 1, 1, 1, -1, 1, -1], [-1, -1, 2, 2, 1, -1, -1, -1, 2, -1, 2], [-1, -1, 2, 2, 1, -1, -1, 2, -1, 2, 2], [-1, -1, 2, 2, 0, 1, -1, 1, -1, 1, -1], [-1, -1, 2, 1, 1, 2, -1, -1, 2, 2, -1], [-1, -1, 1, -1, -1, -1, 4, -1, 4, 4, -1], [-1, -1, 1, -1, -1, -1, 4, 4, -1, 4, -1], [-1, -1, 1, -1, -1, 4, -1, 4, -1, -1, -1], [-1, -1, 1, -1, -1, 4, 4, -1, -1, -1, -1], [-1, -1, 1, -1, 1, 1, 1, 1, -1, 1, 1], [-1, -1, 1, -1, 0, -1, 4, 4, -1, -1, -1], [-1, -1, 1, 2, -1, 1, 1, 1, -1, 1, 1], [-1, -1, 1, 2, 0, 2, 2, -1, -1, 2, -1], [-1, -1, 1, 1, 1, 2, -1, 2, -1, -1, 2], [-1, 2, -1, 2, 0, 1, 1, -1, 1, -1, 1], [-1, 2, -1, 1, 0, -1, 1, 1, 1, 1, 1], [-1, 2, 3, -1, 1, -1, -1, 2, -1, -1, 2], [-1, 2, 3, -1, 1, -1, -1, 2, -1, 2, -1], [-1, 2, 3, -1, 1, -1, -1, 2, 2, -1, -1], [-1, 2, 3, -1, 1, -1, 2, -1, -1, 2, -1], [-1, 2, 3, -1, 1, -1, 2, -1, 2, -1, 2], [-1, 2, 3, -1, 1, -1, 2, 2, -1, -1, -1], [-1, 2, 3, 1, -1, -1, 2, -1, 2, 2, 2], [-1, 2, 3, 1, -1, -1, 2, 2, -1, 2, 2], [-1, 2, 3, 1, 1, -1, -1, 2, -1, -1, -1], [-1, 2, 3, 1, 1, -1, 2, -1, -1, -1, 2], [-1, 2, 3, 1, 1, -1, 2, -1, 2, -1, -1], [-1, 2, 2, -1, -1, -1, -1, 2, -1, -1, 4], [-1, 2, 2, -1, -1, -1, 2, -1, -1, -1, 4], [-1, 2, 2, 2, 0, 2, -1, -1, 2, -1, -1], [-1, 2, 2, 1, 1, 2, -1, -1, 2, -1, -1], [-1, 2, 1, 2, -1, -1, -1, 2, -1, 2, 2], [-1, 2, 1, 2, -1, -1, -1, 0, -1, -1, 0], [-1, 2, 1, 2, -1, -1, 2, -1, 2, -1, 2], [-1, 2, 1, 2, -1, -1, 2, 2, -1, -1, 2], [-1, 2, 1, 2, -1, -1, 0, -1, 0, -1, 0], [-1, 2, 1, 2, -1, -1, 0, -1, 0, 0, -1], [-1, 2, 1, 2, -1, -1, 0, 0, -1, 0, -1], [-1, 2, 1, 2, -1, 2, -1, -1, -1, 2, -1], [-1, 2, 1, 2, -1, 2, -1, 2, -1, -1, 2], [-1, 2, 1, 1, -1, -1, 1, -1, 1, -1, 1], [-1, 1, -1, -1, -1, 4, -1, -1, -1, 4, -1], [-1, 1, -1, -1, -1, 4, 4, -1, 4, -1, -1], [-1, 1, -1, -1, 0, 1, 1, 1, -1, 1, 1], [-1, 1, -1, 2, -1, 1, 1, 1, -1, 1, 1], [-1, 1, -1, 2, 0, 1, -1, 1, 1, 1, -1], [-1, 1, -1, 1, 1, 2, -1, 2, 2, 2, -1], [-1, 1, -1, 1, 0, 2, -1, 2, -1, 2, -1], [-1, 1, 3, -1, 0, -1, 2, -1, -1, 2, 2], [-1, 1, 3, -1, 0, -1, 2, -1, 2, -1, 2], [-1, 1, 3, -1, 0, -1, 2, 2, 2, 2, -1], [-1, 1, 3, -1, 0, 2, -1, 2, 2, 2, -1], [-1, 1, 3, 2, -1, -1, -1, 2, 2, 2, 2], [-1, 1, 3, 2, -1, -1, 2, -1, 2, -1, 2], [-1, 1, 3, 2, -1, -1, 2, 2, 2, 2, -1], [-1, 1, 3, 1, -1, 2, -1, -1, -1, 2, -1], [-1, 1, 2, -1, -1, 1, -1, 1, -1, 1, -1], [-1, 1, 1, -1, -1, 1, 1, 1, -1, 1, 1], [-1, 1, 1, -1, 1, -1, 2, 2, 2, 2, -1], [-1, 1, 1, 1, -1, -1, -1, 2, -1, -1, 2], [-1, 1, 1, 1, -1, -1, -1, 2, -1, 2, -1], [-1, 1, 1, 1, -1, -1, 2, -1, 2, -1, 2], [-1, 1, 1, 1, -1, -1, 2, 2, 2, -1, -1], [-1, 1, 1, 1, 1, -1, -1, 2, 2, -1, -1], [1, -1, -1, 1, -1, 0, -1, -1, -1, 0, -1], [1, -1, 2, -1, -1, 0, -1, -1, -1, 0, -1], [1, -1, 2, 1, 1, 2, 2, -1, -1, -1, -1], [1, -1, 1, -1, 0, 2, -1, 2, -1, -1, 2], [1, -1, 1, 2, 0, 2, -1, -1, -1, -1, 2], [1, -1, 1, 1, -1, -1, 2, -1, 2, -1, 2], [1, -1, 1, 1, -1, -1, 2, -1, 2, 2, -1], [1, -1, 1, 1, -1, -1, 2, 2, -1, 2, -1], [1, 2, -1, -1, 1, -1, -1, -1, 1, 1, -1], [1, 2, -1, 2, -1, -1, 1, -1, 1, 1, 1], [1, 2, -1, 2, 0, -1, 1, -1, -1, -1, 1], [1, 2, -1, 1, -1, -1, 1, 1, 1, -1, 1], [1, 2, 2, 1, -1, -1, -1, 2, 2, -1, -1], [1, 2, 1, -1, -1, 2, -1, -1, -1, -1, 2], [1, 2, 1, 2, -1, -1, -1, -1, -1, -1, 2], [1, 2, 1, 2, -1, -1, -1, -1, -1, 1, 1], [1, 2, 1, 2, 0, -1, -1, -1, -1, 2, -1], [1, 1, -1, -1, -1, 1, 1, 1, -1, 1, -1], [0, -1, -1, -1, 0, 1, 1, 1, -1, 1, 1], [0, -1, -1, 2, -1, 4, -1, -1, -1, -1, 4], [0, -1, -1, 2, -1, 4, -1, -1, -1, 4, -1], [0, -1, -1, 1, 1, 2, -1, 2, 2, 2, -1], [0, -1, 3, -1, 1, 2, -1, 2, 2, 2, -1], [0, -1, 3, 1, -1, -1, 2, -1, -1, 2, 2], [0, -1, 3, 1, 1, -1, -1, 2, -1, 2, -1], [0, -1, 2, -1, 0, 1, -1, 1, 1, 1, -1], [0, -1, 2, 2, 1, -1, -1, -1, -1, 2, 2], [0, -1, 2, 1, -1, 1, 1, -1, -1, 1, -1], [0, -1, 1, -1, 1, -1, -1, 2, -1, 2, -1], [0, -1, 1, 2, -1, -1, 2, -1, 2, 2, 2], [0, -1, 1, 2, -1, 4, -1, -1, -1, -1, -1], [0, -1, 1, 2, -1, 2, -1, -1, -1, 2, -1], [0, 2, -1, -1, 1, -1, 4, 4, -1, -1, -1], [0, 2, -1, -1, 1, 4, -1, -1, -1, -1, -1], [0, 2, -1, 2, 0, 2, -1, -1, -1, 2, 2], [0, 2, -1, 1, 1, 2, -1, -1, 2, -1, -1], [0, 2, 3, -1, 1, -1, -1, 2, -1, -1, -1], [0, 2, 3, -1, 1, -1, 2, -1, -1, -1, 2], [0, 2, 3, 1, -1, -1, 2, 2, -1, -1, 2], [0, 2, 3, 1, 1, -1, -1, -1, 2, -1, -1], [0, 2, 2, -1, -1, 1, 1, -1, -1, 1, -1]]
0.3 74 
 [[-1, -1, 3, 2, 1, -1, -1, 2, 2, -1, 2], [-1, -1, 3, 2, 1, -1, 2, -1, 2, -1, 2], [-1, -1, 3, 2, 1, -1, 2, -1, 2, 2, -1], [-1, -1, 3, 1, 1, 2, -1, -1, -1, 2, -1], [-1, -1, 3, 1, 0, -1, 2, 2, -1, 2, 2], [-1, -1, 2, -1, -1, 1, 1, 1, -1, 1, -1], [-1, -1, 2, 2, 1, -1, -1, 2, 2, -1, 2], [-1, -1, 2, 2, 0, 1, -1, 1, -1, 1, -1], [-1, -1, 2, 1, 1, 2, -1, -1, 2, 2, -1], [-1, -1, 1, -1, -1, 4, -1, 4, -1, -1, -1], [-1, -1, 1, -1, 1, 1, 1, 1, -1, 1, 1], [-1, -1, 1, 2, -1, 1, 1, 1, -1, 1, 1], [-1, -1, 1, 2, 0, 2, 2, -1, -1, 2, -1], [-1, -1, 1, 1, 1, 2, -1, 2, -1, -1, 2], [-1, 2, -1, 2, 0, 1, 1, -1, 1, -1, 1], [-1, 2, -1, 1, 0, -1, 1, 1, 1, 1, 1], [-1, 2, 3, -1, 1, -1, -1, 2, -1, -1, 2], [-1, 2, 3, -1, 1, -1, -1, 2, -1, 2, -1], [-1, 2, 3, -1, 1, -1, 2, -1, -1, 2, -1], [-1, 2, 3, -1, 1, -1, 2, -1, 2, -1, 2], [-1, 2, 3, -1, 1, -1, 2, 2, 2, -1, -1], [-1, 2, 3, 1, -1, -1, 2, 2, -1, 2, 2], [-1, 2, 3, 1, 1, -1, -1, 2, -1, -1, -1], [-1, 2, 3, 1, 1, -1, 2, -1, -1, -1, 2], [-1, 2, 3, 1, 1, -1, 2, -1, 2, -1, -1], [-1, 2, 2, 2, 0, 2, -1, -1, 2, -1, -1], [-1, 2, 2, 1, 1, 2, -1, -1, 2, -1, -1], [-1, 2, 1, 2, -1, 2, -1, -1, -1, 2, -1], [-1, 2, 1, 2, -1, 2, -1, 2, -1, -1, 2], [-1, 2, 1, 1, -1, -1, 1, -1, 1, -1, 1], [-1, 1, -1, -1, 0, 1, 1, 1, -1, 1, 1], [-1, 1, -1, 2, -1, 1, 1, 1, -1, 1, 1], [-1, 1, -1, 2, 0, 1, -1, 1, 1, 1, -1], [-1, 1, -1, 1, 1, 2, -1, 2, 2, 2, -1], [-1, 1, -1, 1, 0, 2, -1, 2, -1, 2, -1], [-1, 1, 3, -1, 0, -1, 2, -1, 2, 2, 2], [-1, 1, 3, -1, 0, 2, -1, 2, 2, 2, -1], [-1, 1, 3, 2, -1, -1, 2, -1, 2, 2, 2], [-1, 1, 3, 1, -1, 2, -1, -1, -1, 2, -1], [-1, 1, 2, -1, -1, 1, -1, 1, -1, 1, -1], [-1, 1, 1, -1, -1, 1, 1, 1, -1, 1, 1], [-1, 1, 1, 1, -1, -1, -1, 2, -1, 2, -1], [-1, 1, 1, 1, -1, -1, -1, 2, 2, -1, 2], [-1, 1, 1, 1, -1, 2, -1, 2, -1, -1, 2], [1, -1, -1, 1, -1, 0, -1, -1, -1, 0, -1], [1, -1, 2, -1, -1, 0, -1, -1, -1, 0, -1], [1, -1, 2, 1, 1, 2, 2, -1, -1, -1, -1], [1, -1, 1, -1, 0, 2, -1, 2, -1, -1, 2], [1, -1, 1, 2, 0, 2, -1, -1, -1, -1, 2], [1, -1, 1, 1, -1, -1, 2, -1, 2, -1, 2], [1, -1, 1, 1, -1, -1, 2, -1, 2, 2, -1], [1, 2, -1, -1, 1, -1, -1, -1, 1, 1, -1], [1, 2, -1, 2, -1, -1, 1, -1, 1, 1, 1], [1, 2, -1, 2, 0, -1, 1, -1, -1, -1, 1], [1, 2, -1, 1, -1, -1, 1, 1, 1, -1, 1], [1, 2, 1, -1, -1, 2, -1, -1, -1, -1, 2], [1, 2, 1, 2, -1, -1, -1, -1, -1, -1, 2], [1, 2, 1, 2, -1, -1, -1, -1, -1, 1, 1], [1, 1, -1, -1, -1, 1, 1, 1, -1, 1, -1], [0, -1, -1, -1, 0, 1, 1, 1, -1, 1, 1], [0, -1, -1, 1, 1, 2, -1, 2, 2, 2, -1], [0, -1, 3, -1, 1, 2, -1, 2, 2, 2, -1], [0, -1, 3, 1, 0, -1, 2, -1, -1, 2, 2], [0, -1, 2, -1, 0, 1, -1, 1, 1, 1, -1], [0, -1, 2, 2, 1, -1, -1, -1, -1, 2, 2], [0, -1, 2, 2, 1, -1, -1, -1, 2, -1, 2], [0, -1, 2, 1, -1, 1, 1, -1, -1, 1, -1], [0, -1, 1, 2, -1, 2, -1, -1, -1, 2, -1], [0, 2, -1, 2, 0, 2, -1, -1, -1, 2, 2], [0, 2, 3, -1, 1, -1, 2, 2, -1, -1, -1], [0, 2, 3, 1, -1, -1, 2, -1, -1, 2, 2], [0, 2, 2, -1, -1, 1, 1, -1, -1, 1, -1], [0, 2, 1, -1, -1, -1, 1, 1, 1, -1, 1], [0, 2, 1, 2, -1, -1, 2, -1, 2, -1, 2]]
