overall accuracy: 0.9040290124275795
execution time
3 0.3253958225250244 0.34569597244262695
4 0.3051590919494629 0.37970805168151855
5 0.5228619575500488 3.6138341426849365
6 1.7741010189056396 190.60583305358887
7 4.113052845001221 2623.5586791038513
8 0.3253958225250244
9 0.3051590919494629
10 0.5228619575500488
11 1.7741010189056396
12 4.113052845001221
13 15.385236024856567


number of patterns checked
3 448.0 543.0
4 3072.0 9247.0
5 6152.0 73983.0
6 20236.0 1109759.0
7 37294.0 7768319.0
8 448.0
9 3072.0
10 6152.0
11 20236.0
12 37294.0
13 66454.0


number of patterns found
0 0 
 []
1 0 
 []
2 8 
 [[-1, -1, -1, 16, 4], [-1, -1, 10, -1, 4], [-1, 1, -1, 11, 2], [-1, 1, 8, -1, 2], [1, 0, -1, 9, 2], [1, 0, 11, -1, 2], [0, 2, -1, 14, 2], [0, 2, 12, -1, 2]]
3 13 
 [[-1, -1, -1, 16, 4, -1], [-1, -1, -1, 11, -1, 10], [-1, -1, 10, -1, 4, -1], [-1, -1, 8, -1, -1, 10], [-1, 1, -1, 11, 2, -1], [-1, 1, 8, -1, 2, -1], [2, 5, -1, -1, -1, 3], [1, 4, -1, 10, -1, 3], [1, 4, 15, -1, -1, 3], [1, 0, -1, 9, 2, -1], [1, 0, 11, -1, 2, -1], [0, 2, -1, 14, 2, -1], [0, 2, 12, -1, 2, -1]]
4 26 
 [[-1, -1, -1, 16, -1, -1, 1], [-1, -1, -1, 16, 4, -1, -1], [-1, -1, -1, 11, -1, 10, -1], [-1, -1, 10, -1, -1, -1, 1], [-1, -1, 10, -1, 4, -1, -1], [-1, -1, 8, -1, -1, 10, -1], [-1, 1, -1, 11, -1, -1, 0], [-1, 1, -1, 11, 2, -1, -1], [-1, 1, 8, -1, -1, -1, 0], [-1, 1, 8, -1, 2, -1, -1], [2, -1, -1, 9, -1, 0, 5], [2, -1, 11, -1, -1, 0, 5], [2, 5, -1, -1, -1, 3, -1], [2, 2, -1, -1, -1, 0, 5], [1, -1, -1, 9, -1, 0, 5], [1, -1, 11, -1, -1, 0, 5], [1, 4, -1, 10, -1, 3, -1], [1, 4, 15, -1, -1, 3, -1], [1, 2, -1, 12, -1, 2, 0], [1, 2, 7, -1, -1, 2, 0], [1, 0, -1, 9, -1, -1, 0], [1, 0, -1, 9, 2, -1, -1], [1, 0, 11, -1, -1, -1, 0], [1, 0, 11, -1, 2, -1, -1], [0, 2, -1, 14, 2, -1, -1], [0, 2, 12, -1, 2, -1, -1]]
5 38 
 [[-1, -1, -1, 16, -1, -1, 1, -1], [-1, -1, -1, 16, 4, -1, -1, -1], [-1, -1, -1, 11, -1, 10, -1, -1], [-1, -1, 10, -1, -1, -1, 1, -1], [-1, -1, 10, -1, 4, -1, -1, -1], [-1, -1, 8, -1, -1, 10, -1, -1], [-1, 4, -1, 10, -1, 3, 0, 4], [-1, 4, -1, 10, 2, 3, -1, 4], [-1, 4, 15, -1, -1, 3, 0, 4], [-1, 4, 15, -1, 2, 3, -1, 4], [-1, 2, -1, 9, -1, 0, 5, 4], [-1, 2, 11, -1, -1, 0, 5, 4], [-1, 1, -1, 11, -1, -1, 0, -1], [-1, 1, -1, 11, 2, -1, -1, -1], [-1, 1, 8, -1, -1, -1, 0, -1], [-1, 1, 8, -1, 2, -1, -1, -1], [2, -1, -1, 9, -1, 0, 5, -1], [2, -1, 11, -1, -1, 0, 5, -1], [2, 5, -1, -1, -1, 3, -1, -1], [2, 2, -1, -1, -1, 0, 5, -1], [1, -1, -1, 9, -1, 0, 5, -1], [1, -1, 11, -1, -1, 0, 5, -1], [1, 4, -1, 10, -1, 3, -1, -1], [1, 4, 15, -1, -1, 3, -1, -1], [1, 2, -1, -1, -1, 0, 5, 4], [1, 2, -1, 12, -1, 2, 0, -1], [1, 2, -1, 12, 2, 2, -1, 4], [1, 2, 7, -1, -1, 2, 0, -1], [1, 2, 7, -1, 2, 2, -1, 4], [1, 0, -1, 9, -1, -1, 0, -1], [1, 0, -1, 9, 2, -1, -1, -1], [1, 0, 11, -1, -1, -1, 0, -1], [1, 0, 11, -1, 2, -1, -1, -1], [0, -1, -1, -1, -1, -1, 0, 1], [0, -1, -1, 13, 2, -1, 5, 4], [0, -1, 9, -1, 2, -1, 5, 4], [0, 2, -1, 14, 2, -1, -1, -1], [0, 2, 12, -1, 2, -1, -1, -1]]
6 56 
 [[-1, -1, -1, 16, -1, -1, 1, -1, -1], [-1, -1, -1, 16, 4, -1, -1, -1, -1], [-1, -1, -1, 11, -1, 10, -1, -1, -1], [-1, -1, 10, -1, -1, -1, 1, -1, -1], [-1, -1, 10, -1, 4, -1, -1, -1, -1], [-1, -1, 8, -1, -1, 10, -1, -1, -1], [-1, 4, -1, 10, -1, 3, -1, -1, 1], [-1, 4, -1, 10, -1, 3, 0, 4, -1], [-1, 4, -1, 10, 2, 3, -1, 4, -1], [-1, 4, 15, -1, -1, 3, -1, -1, 1], [-1, 4, 15, -1, -1, 3, 0, 4, -1], [-1, 4, 15, -1, 2, 3, -1, 4, -1], [-1, 2, -1, 9, -1, 0, 5, 4, -1], [-1, 2, 11, -1, -1, 0, 5, 4, -1], [-1, 1, -1, 11, -1, -1, -1, 4, 1], [-1, 1, -1, 11, -1, -1, 0, -1, -1], [-1, 1, -1, 11, 2, -1, -1, -1, -1], [-1, 1, 8, -1, -1, -1, -1, 4, 1], [-1, 1, 8, -1, -1, -1, 0, -1, -1], [-1, 1, 8, -1, 2, -1, -1, -1, -1], [2, -1, -1, 9, -1, 0, 5, -1, -1], [2, -1, -1, 9, 2, 0, -1, -1, 0], [2, -1, 11, -1, -1, 0, 5, -1, -1], [2, -1, 11, -1, 2, 0, -1, -1, 0], [2, 5, -1, -1, -1, 3, -1, -1, -1], [2, 2, -1, -1, -1, 3, 1, 4, 1], [2, 2, -1, -1, -1, 0, 5, -1, -1], [2, 2, -1, -1, 2, 0, -1, -1, 0], [1, -1, -1, -1, -1, 10, -1, -1, 0], [1, -1, -1, 9, -1, 0, 5, -1, -1], [1, -1, -1, 9, 2, 0, -1, 4, 0], [1, -1, 11, -1, -1, 0, 5, -1, -1], [1, -1, 11, -1, 2, 0, -1, 4, 0], [1, 4, -1, 13, -1, 9, -1, -1, 1], [1, 4, -1, 10, -1, 3, -1, -1, -1], [1, 4, 15, -1, -1, 3, -1, -1, -1], [1, 4, 9, -1, -1, 9, -1, -1, 1], [1, 2, -1, -1, -1, 0, 5, 4, -1], [1, 2, -1, -1, 2, 0, -1, 4, 0], [1, 2, -1, 14, 4, -1, 1, 4, 1], [1, 2, -1, 12, -1, 2, 0, -1, -1], [1, 2, -1, 12, 2, 2, -1, 4, -1], [1, 2, -1, 9, 2, 0, -1, -1, 0], [1, 2, 12, -1, 4, -1, 1, 4, 1], [1, 2, 11, -1, 2, 0, -1, -1, 0], [1, 2, 7, -1, -1, 2, 0, -1, -1], [1, 2, 7, -1, 2, 2, -1, 4, -1], [1, 0, -1, 9, -1, -1, 0, -1, -1], [1, 0, -1, 9, 2, -1, -1, -1, -1], [1, 0, 11, -1, -1, -1, 0, -1, -1], [1, 0, 11, -1, 2, -1, -1, -1, -1], [0, -1, -1, -1, -1, -1, 0, 1, -1], [0, -1, -1, 13, 2, -1, 5, 4, -1], [0, -1, 9, -1, 2, -1, 5, 4, -1], [0, 2, -1, 14, 2, -1, -1, -1, -1], [0, 2, 12, -1, 2, -1, -1, -1, -1]]
7 123 
 [[-1, -1, -1, 16, -1, -1, 1, -1, -1, -1], [-1, -1, -1, 16, 4, -1, -1, -1, -1, -1], [-1, -1, -1, 12, -1, 3, 0, -1, -1, 0], [-1, -1, -1, 12, 2, 3, -1, -1, 1, 0], [-1, -1, -1, 11, -1, 10, -1, -1, -1, -1], [-1, -1, -1, 9, 2, 0, 5, 4, -1, 0], [-1, -1, 11, -1, 2, 0, 5, 4, -1, 0], [-1, -1, 10, -1, -1, -1, 1, -1, -1, -1], [-1, -1, 10, -1, 4, -1, -1, -1, -1, -1], [-1, -1, 8, -1, -1, 10, -1, -1, -1, -1], [-1, -1, 7, -1, -1, 3, 0, -1, -1, 0], [-1, -1, 7, -1, 2, 3, -1, -1, 1, 0], [-1, 5, -1, -1, 2, 3, -1, -1, -1, 0], [-1, 4, -1, 13, -1, 9, 0, -1, -1, 0], [-1, 4, -1, 13, 2, 9, -1, -1, 1, 0], [-1, 4, -1, 10, -1, 3, -1, -1, 1, -1], [-1, 4, -1, 10, -1, 3, 0, 4, -1, -1], [-1, 4, -1, 10, 2, 3, -1, 4, -1, -1], [-1, 4, 15, -1, -1, 3, -1, -1, 1, -1], [-1, 4, 15, -1, -1, 3, 0, 4, -1, -1], [-1, 4, 15, -1, 2, 3, -1, 4, -1, -1], [-1, 4, 9, -1, -1, 9, 0, -1, -1, 0], [-1, 4, 9, -1, 2, 9, -1, -1, 1, 0], [-1, 3, -1, 9, -1, 11, 0, -1, -1, 0], [-1, 3, -1, 9, 2, 11, -1, -1, 1, 0], [-1, 3, 11, -1, -1, 11, 0, -1, -1, 0], [-1, 3, 11, -1, 2, 11, -1, -1, 1, 0], [-1, 2, -1, 13, 2, 0, -1, 4, 1, 0], [-1, 2, -1, 13, 0, 3, 1, -1, -1, 0], [-1, 2, -1, 9, -1, 0, 5, 4, -1, -1], [-1, 2, 11, -1, -1, 0, 5, 4, -1, -1], [-1, 2, 9, -1, 2, 0, -1, 4, 1, 0], [-1, 2, 9, -1, 0, 3, 1, -1, -1, 0], [-1, 1, -1, 11, -1, -1, -1, -1, 1, 0], [-1, 1, -1, 11, -1, -1, -1, 4, 1, -1], [-1, 1, -1, 11, -1, -1, 0, -1, -1, -1], [-1, 1, -1, 11, 2, -1, -1, -1, -1, -1], [-1, 1, -1, 10, -1, -1, 0, 4, -1, 0], [-1, 1, -1, 10, -1, 10, 0, -1, -1, 0], [-1, 1, -1, 10, 2, -1, -1, 4, 1, 0], [-1, 1, -1, 10, 2, 10, -1, 4, -1, 0], [-1, 1, 15, -1, -1, -1, 0, 4, -1, 0], [-1, 1, 15, -1, -1, 10, 0, -1, -1, 0], [-1, 1, 15, -1, 2, -1, -1, 4, 1, 0], [-1, 1, 15, -1, 2, 10, -1, 4, -1, 0], [-1, 1, 8, -1, -1, -1, -1, -1, 1, 0], [-1, 1, 8, -1, -1, -1, -1, 4, 1, -1], [-1, 1, 8, -1, -1, -1, 0, -1, -1, -1], [-1, 1, 8, -1, 2, -1, -1, -1, -1, -1], [-1, 0, -1, 13, -1, 3, -1, -1, 1, 0], [-1, 0, 9, -1, -1, 3, -1, -1, 1, 0], [2, -1, -1, -1, -1, 0, 5, -1, -1, 0], [2, -1, -1, -1, 2, 0, -1, -1, 0, 0], [2, -1, -1, -1, 0, 3, -1, 4, 1, 0], [2, -1, -1, 12, -1, -1, 0, -1, -1, 0], [2, -1, -1, 12, 2, -1, -1, -1, -1, 0], [2, -1, -1, 10, -1, 9, -1, -1, 1, 0], [2, -1, -1, 9, -1, 0, 5, -1, -1, -1], [2, -1, -1, 9, 2, 0, -1, -1, 0, -1], [2, -1, 15, -1, -1, 9, -1, -1, 1, 0], [2, -1, 11, -1, -1, 0, 5, -1, -1, -1], [2, -1, 11, -1, 2, 0, -1, -1, 0, -1], [2, -1, 7, -1, -1, -1, 0, -1, -1, 0], [2, -1, 7, -1, 2, -1, -1, -1, -1, 0], [2, 5, -1, -1, -1, 3, -1, -1, -1, -1], [2, 5, -1, 13, -1, -1, -1, -1, -1, 0], [2, 5, 9, -1, -1, -1, -1, -1, -1, 0], [2, 2, -1, -1, -1, 3, 1, 4, 1, -1], [2, 2, -1, -1, -1, 0, 5, -1, -1, -1], [2, 2, -1, -1, 2, 0, -1, -1, 0, -1], [1, -1, -1, -1, -1, 10, -1, -1, 0, -1], [1, -1, -1, -1, 2, 9, -1, 2, -1, 0], [1, -1, -1, 9, -1, 0, 5, -1, -1, -1], [1, -1, -1, 9, 2, 0, -1, 4, 0, -1], [1, -1, 11, -1, -1, 0, 5, -1, -1, -1], [1, -1, 11, -1, 2, 0, -1, 4, 0, -1], [1, 4, -1, 13, -1, 9, -1, -1, 1, -1], [1, 4, -1, 10, -1, 3, -1, -1, -1, -1], [1, 4, 15, -1, -1, 3, -1, -1, -1, -1], [1, 4, 9, -1, -1, 9, -1, -1, 1, -1], [1, 2, -1, -1, -1, 0, 5, -1, -1, 0], [1, 2, -1, -1, -1, 0, 5, 4, -1, -1], [1, 2, -1, -1, 2, 10, -1, -1, -1, 0], [1, 2, -1, -1, 2, 0, -1, -1, 0, 0], [1, 2, -1, -1, 2, 0, -1, 4, 0, -1], [1, 2, -1, 14, 4, -1, -1, 4, 1, 0], [1, 2, -1, 14, 4, -1, 1, -1, 1, 0], [1, 2, -1, 14, 4, -1, 1, 4, 1, -1], [1, 2, -1, 13, -1, 11, 1, -1, 1, 0], [1, 2, -1, 13, -1, 0, 0, -1, -1, 0], [1, 2, -1, 13, 2, 0, -1, -1, -1, 0], [1, 2, -1, 12, -1, 2, 0, -1, -1, -1], [1, 2, -1, 12, 2, 2, -1, -1, -1, 0], [1, 2, -1, 12, 2, 2, -1, 4, -1, -1], [1, 2, -1, 9, 2, 0, -1, -1, 0, -1], [1, 2, 12, -1, 4, -1, -1, 4, 1, 0], [1, 2, 12, -1, 4, -1, 1, -1, 1, 0], [1, 2, 12, -1, 4, -1, 1, 4, 1, -1], [1, 2, 11, -1, 2, 0, -1, -1, 0, -1], [1, 2, 9, -1, -1, 11, 1, -1, 1, 0], [1, 2, 9, -1, -1, 0, 0, -1, -1, 0], [1, 2, 9, -1, 2, 0, -1, -1, -1, 0], [1, 2, 7, -1, -1, 2, 0, -1, -1, -1], [1, 2, 7, -1, 2, 2, -1, -1, -1, 0], [1, 2, 7, -1, 2, 2, -1, 4, -1, -1], [1, 0, -1, 13, -1, 3, -1, -1, -1, 0], [1, 0, -1, 9, -1, -1, 0, -1, -1, -1], [1, 0, -1, 9, 2, -1, -1, -1, -1, -1], [1, 0, 11, -1, -1, -1, 0, -1, -1, -1], [1, 0, 11, -1, 2, -1, -1, -1, -1, -1], [1, 0, 9, -1, -1, 3, -1, -1, -1, 0], [0, -1, -1, -1, -1, -1, 0, 1, -1, -1], [0, -1, -1, -1, 2, -1, -1, 1, 1, 0], [0, -1, -1, 14, 2, -1, -1, -1, -1, 0], [0, -1, -1, 13, -1, -1, 5, 4, -1, 0], [0, -1, -1, 13, 2, -1, -1, 4, 0, 0], [0, -1, -1, 13, 2, -1, 5, 4, -1, -1], [0, -1, 12, -1, 2, -1, -1, -1, -1, 0], [0, -1, 9, -1, -1, -1, 5, 4, -1, 0], [0, -1, 9, -1, 2, -1, -1, 4, 0, 0], [0, -1, 9, -1, 2, -1, 5, 4, -1, -1], [0, 2, -1, 14, 2, -1, -1, -1, -1, -1], [0, 2, 12, -1, 2, -1, -1, -1, -1, -1]]
8 243 
 [[-1, -1, -1, -1, -1, 9, 0, 2, -1, 0, 0], [-1, -1, -1, -1, 2, 9, -1, 2, 1, 0, 0], [-1, -1, -1, 16, -1, -1, -1, -1, 0, 0, 0], [-1, -1, -1, 16, -1, -1, 1, -1, -1, -1, -1], [-1, -1, -1, 16, 4, -1, -1, -1, -1, -1, -1], [-1, -1, -1, 12, -1, 3, 0, -1, -1, 0, -1], [-1, -1, -1, 12, 2, 3, -1, -1, -1, 0, 0], [-1, -1, -1, 12, 2, 3, -1, -1, 1, 0, -1], [-1, -1, -1, 11, -1, 10, -1, -1, -1, -1, -1], [-1, -1, -1, 9, -1, 0, 5, 4, -1, 0, 0], [-1, -1, -1, 9, 2, 0, 5, 4, -1, 0, -1], [-1, -1, 11, -1, -1, 0, 5, 4, -1, 0, 0], [-1, -1, 11, -1, 2, 0, 5, 4, -1, 0, -1], [-1, -1, 10, -1, -1, -1, -1, -1, 0, 0, 0], [-1, -1, 10, -1, -1, -1, 1, -1, -1, -1, -1], [-1, -1, 10, -1, 4, -1, -1, -1, -1, -1, -1], [-1, -1, 8, -1, -1, 10, -1, -1, -1, -1, -1], [-1, -1, 7, -1, -1, 3, 0, -1, -1, 0, -1], [-1, -1, 7, -1, 2, 3, -1, -1, -1, 0, 0], [-1, -1, 7, -1, 2, 3, -1, -1, 1, 0, -1], [-1, 5, -1, -1, -1, -1, 5, 4, -1, 0, 0], [-1, 5, -1, -1, -1, 3, 0, 4, -1, 0, 0], [-1, 5, -1, -1, 2, 3, -1, -1, -1, 0, -1], [-1, 5, -1, 13, 2, -1, -1, 4, -1, 0, 0], [-1, 5, -1, 13, 2, 3, -1, -1, -1, -1, 0], [-1, 5, 9, -1, 2, -1, -1, 4, -1, 0, 0], [-1, 5, 9, -1, 2, 3, -1, -1, -1, -1, 0], [-1, 4, -1, 13, -1, 9, -1, -1, 1, 0, 0], [-1, 4, -1, 13, -1, 9, 0, -1, -1, -1, 0], [-1, 4, -1, 13, -1, 9, 0, -1, -1, 0, -1], [-1, 4, -1, 13, 2, 9, -1, -1, -1, -1, 0], [-1, 4, -1, 13, 2, 9, -1, -1, 1, 0, -1], [-1, 4, -1, 10, -1, 3, -1, -1, 1, -1, -1], [-1, 4, -1, 10, -1, 3, -1, 4, -1, -1, 0], [-1, 4, -1, 10, -1, 3, 0, -1, -1, 0, 0], [-1, 4, -1, 10, -1, 3, 0, 4, -1, -1, -1], [-1, 4, -1, 10, 2, 3, -1, -1, -1, 0, 0], [-1, 4, -1, 10, 2, 3, -1, 4, -1, -1, -1], [-1, 4, 15, -1, -1, 3, -1, -1, 1, -1, -1], [-1, 4, 15, -1, -1, 3, -1, 4, -1, -1, 0], [-1, 4, 15, -1, -1, 3, 0, -1, -1, 0, 0], [-1, 4, 15, -1, -1, 3, 0, 4, -1, -1, -1], [-1, 4, 15, -1, 2, 3, -1, -1, -1, 0, 0], [-1, 4, 15, -1, 2, 3, -1, 4, -1, -1, -1], [-1, 4, 9, -1, -1, 9, -1, -1, 1, 0, 0], [-1, 4, 9, -1, -1, 9, 0, -1, -1, -1, 0], [-1, 4, 9, -1, -1, 9, 0, -1, -1, 0, -1], [-1, 4, 9, -1, 2, 9, -1, -1, -1, -1, 0], [-1, 4, 9, -1, 2, 9, -1, -1, 1, 0, -1], [-1, 3, -1, 9, -1, 11, 0, -1, -1, -1, 0], [-1, 3, -1, 9, -1, 11, 0, -1, -1, 0, -1], [-1, 3, -1, 9, 2, 11, -1, -1, -1, 0, 0], [-1, 3, -1, 9, 2, 11, -1, -1, 1, -1, 0], [-1, 3, -1, 9, 2, 11, -1, -1, 1, 0, -1], [-1, 3, -1, 9, 2, 11, -1, 4, -1, -1, 0], [-1, 3, 11, -1, -1, 11, 0, -1, -1, -1, 0], [-1, 3, 11, -1, -1, 11, 0, -1, -1, 0, -1], [-1, 3, 11, -1, 2, 11, -1, -1, -1, 0, 0], [-1, 3, 11, -1, 2, 11, -1, -1, 1, -1, 0], [-1, 3, 11, -1, 2, 11, -1, -1, 1, 0, -1], [-1, 3, 11, -1, 2, 11, -1, 4, -1, -1, 0], [-1, 2, -1, -1, -1, 9, 0, 1, -1, 0, 0], [-1, 2, -1, -1, 2, 9, -1, 1, 1, 0, 0], [-1, 2, -1, 13, -1, 0, 0, -1, -1, 0, 0], [-1, 2, -1, 13, 2, 0, -1, -1, -1, 0, 0], [-1, 2, -1, 13, 2, 0, -1, 4, 1, 0, -1], [-1, 2, -1, 13, 0, 3, 1, -1, -1, 0, -1], [-1, 2, -1, 12, -1, 2, 0, 4, -1, 0, 0], [-1, 2, -1, 12, 2, 2, -1, 4, -1, 0, 0], [-1, 2, -1, 10, -1, 0, 5, -1, -1, 0, 0], [-1, 2, -1, 10, 2, 0, -1, -1, 0, 0, 0], [-1, 2, -1, 9, -1, 0, 5, 4, -1, -1, -1], [-1, 2, -1, 9, 2, 0, -1, 4, 0, -1, 0], [-1, 2, 15, -1, -1, 0, 5, -1, -1, 0, 0], [-1, 2, 15, -1, 2, 0, -1, -1, 0, 0, 0], [-1, 2, 11, -1, -1, 0, 5, 4, -1, -1, -1], [-1, 2, 11, -1, 2, 0, -1, 4, 0, -1, 0], [-1, 2, 9, -1, -1, 0, 0, -1, -1, 0, 0], [-1, 2, 9, -1, 2, 0, -1, -1, -1, 0, 0], [-1, 2, 9, -1, 2, 0, -1, 4, 1, 0, -1], [-1, 2, 9, -1, 0, 3, 1, -1, -1, 0, -1], [-1, 2, 7, -1, -1, 2, 0, 4, -1, 0, 0], [-1, 2, 7, -1, 2, 2, -1, 4, -1, 0, 0], [-1, 1, -1, 11, -1, -1, -1, -1, 1, 0, -1], [-1, 1, -1, 11, -1, -1, -1, 4, 1, -1, -1], [-1, 1, -1, 11, -1, -1, 0, -1, -1, -1, -1], [-1, 1, -1, 11, 2, -1, -1, -1, -1, -1, -1], [-1, 1, -1, 10, -1, -1, 0, 4, -1, 0, -1], [-1, 1, -1, 10, -1, 10, 0, -1, -1, 0, -1], [-1, 1, -1, 10, -1, 10, 0, 4, -1, -1, 0], [-1, 1, -1, 10, 2, -1, -1, 4, 1, 0, -1], [-1, 1, -1, 10, 2, 10, -1, -1, -1, 0, 0], [-1, 1, -1, 10, 2, 10, -1, 4, -1, -1, 0], [-1, 1, -1, 10, 2, 10, -1, 4, -1, 0, -1], [-1, 1, 15, -1, -1, -1, 0, 4, -1, 0, -1], [-1, 1, 15, -1, -1, 10, 0, -1, -1, 0, -1], [-1, 1, 15, -1, -1, 10, 0, 4, -1, -1, 0], [-1, 1, 15, -1, 2, -1, -1, 4, 1, 0, -1], [-1, 1, 15, -1, 2, 10, -1, -1, -1, 0, 0], [-1, 1, 15, -1, 2, 10, -1, 4, -1, -1, 0], [-1, 1, 15, -1, 2, 10, -1, 4, -1, 0, -1], [-1, 1, 8, -1, -1, -1, -1, -1, 1, 0, -1], [-1, 1, 8, -1, -1, -1, -1, 4, 1, -1, -1], [-1, 1, 8, -1, -1, -1, 0, -1, -1, -1, -1], [-1, 1, 8, -1, 2, -1, -1, -1, -1, -1, -1], [-1, 0, -1, 13, -1, 3, -1, -1, 1, 0, -1], [-1, 0, 9, -1, -1, 3, -1, -1, 1, 0, -1], [2, -1, -1, -1, -1, 0, 5, -1, -1, -1, 0], [2, -1, -1, -1, -1, 0, 5, -1, -1, 0, -1], [2, -1, -1, -1, 2, 0, -1, -1, 0, 0, -1], [2, -1, -1, -1, 0, 3, -1, -1, 1, 0, 0], [2, -1, -1, -1, 0, 3, -1, 4, 1, 0, -1], [2, -1, -1, 16, -1, 9, -1, 4, -1, 0, 0], [2, -1, -1, 13, -1, 3, 1, -1, -1, 0, 0], [2, -1, -1, 12, -1, -1, 0, -1, -1, 0, -1], [2, -1, -1, 12, 2, -1, -1, -1, -1, 0, -1], [2, -1, -1, 10, -1, 12, -1, -1, -1, 0, 0], [2, -1, -1, 10, -1, 9, -1, -1, 1, -1, 0], [2, -1, -1, 10, -1, 9, -1, -1, 1, 0, -1], [2, -1, -1, 10, -1, 9, 0, -1, -1, 0, 0], [2, -1, -1, 10, -1, 2, 0, 4, -1, 0, 0], [2, -1, -1, 10, 2, 2, -1, -1, -1, 0, 0], [2, -1, -1, 9, -1, 0, 5, -1, -1, -1, -1], [2, -1, -1, 9, 2, 0, -1, -1, 0, -1, -1], [2, -1, 15, -1, -1, 12, -1, -1, -1, 0, 0], [2, -1, 15, -1, -1, 9, -1, -1, 1, -1, 0], [2, -1, 15, -1, -1, 9, -1, -1, 1, 0, -1], [2, -1, 15, -1, -1, 9, 0, -1, -1, 0, 0], [2, -1, 15, -1, -1, 2, 0, 4, -1, 0, 0], [2, -1, 15, -1, 2, 2, -1, -1, -1, 0, 0], [2, -1, 11, -1, -1, 0, 5, -1, -1, -1, -1], [2, -1, 11, -1, 2, 0, -1, -1, 0, -1, -1], [2, -1, 10, -1, -1, 9, -1, 4, -1, 0, 0], [2, -1, 9, -1, -1, 3, 1, -1, -1, 0, 0], [2, -1, 7, -1, -1, -1, 0, -1, -1, 0, -1], [2, -1, 7, -1, 2, -1, -1, -1, -1, 0, -1], [2, 5, -1, -1, -1, 3, -1, -1, -1, -1, -1], [2, 5, -1, 13, -1, -1, -1, -1, -1, -1, 0], [2, 5, -1, 13, -1, -1, -1, -1, -1, 0, -1], [2, 5, 9, -1, -1, -1, -1, -1, -1, -1, 0], [2, 5, 9, -1, -1, -1, -1, -1, -1, 0, -1], [2, 3, -1, -1, -1, 11, 0, -1, -1, 0, 0], [2, 3, -1, -1, 2, 11, -1, -1, -1, 0, 0], [2, 3, -1, 9, -1, -1, 0, -1, -1, 0, 0], [2, 3, -1, 9, 2, -1, -1, -1, 1, 0, 0], [2, 3, 11, -1, -1, -1, 0, -1, -1, 0, 0], [2, 3, 11, -1, 2, -1, -1, -1, 1, 0, 0], [2, 2, -1, -1, -1, 3, 1, -1, 1, -1, 0], [2, 2, -1, -1, -1, 3, 1, 4, 1, -1, -1], [2, 2, -1, -1, -1, 0, 5, -1, -1, -1, -1], [2, 2, -1, -1, 2, 0, -1, -1, 0, -1, -1], [2, 2, -1, 10, -1, 9, -1, -1, -1, 0, 0], [2, 2, -1, 9, -1, -1, 5, 4, -1, 0, 0], [2, 2, 15, -1, -1, 9, -1, -1, -1, 0, 0], [2, 2, 11, -1, -1, -1, 5, 4, -1, 0, 0], [1, -1, -1, -1, -1, 10, -1, -1, 0, -1, -1], [1, -1, -1, -1, 2, 9, -1, 2, -1, 0, -1], [1, -1, -1, 13, -1, 11, 1, -1, 1, 0, 0], [1, -1, -1, 11, -1, 11, -1, 4, 1, 0, 0], [1, -1, -1, 10, -1, 10, 0, 4, -1, 0, 0], [1, -1, -1, 10, -1, 0, 5, -1, -1, 0, 0], [1, -1, -1, 10, 2, 10, -1, 4, -1, 0, 0], [1, -1, -1, 10, 2, 0, -1, -1, 0, 0, 0], [1, -1, -1, 9, -1, 0, 5, -1, -1, -1, -1], [1, -1, -1, 9, 2, 0, -1, -1, 0, -1, 0], [1, -1, -1, 9, 2, 0, -1, 4, 0, -1, -1], [1, -1, 15, -1, -1, 10, 0, 4, -1, 0, 0], [1, -1, 15, -1, -1, 0, 5, -1, -1, 0, 0], [1, -1, 15, -1, 2, 10, -1, 4, -1, 0, 0], [1, -1, 15, -1, 2, 0, -1, -1, 0, 0, 0], [1, -1, 11, -1, -1, 0, 5, -1, -1, -1, -1], [1, -1, 11, -1, 2, 0, -1, -1, 0, -1, 0], [1, -1, 11, -1, 2, 0, -1, 4, 0, -1, -1], [1, -1, 9, -1, -1, 11, 1, -1, 1, 0, 0], [1, -1, 8, -1, -1, 11, -1, 4, 1, 0, 0], [1, 4, -1, 13, -1, 9, -1, -1, -1, -1, 0], [1, 4, -1, 13, -1, 9, -1, -1, 1, -1, -1], [1, 4, -1, 10, -1, 3, -1, -1, -1, -1, -1], [1, 4, 15, -1, -1, 3, -1, -1, -1, -1, -1], [1, 4, 9, -1, -1, 9, -1, -1, -1, -1, 0], [1, 4, 9, -1, -1, 9, -1, -1, 1, -1, -1], [1, 2, -1, -1, -1, 0, 5, -1, -1, -1, 0], [1, 2, -1, -1, -1, 0, 5, -1, -1, 0, -1], [1, 2, -1, -1, -1, 0, 5, 4, -1, -1, -1], [1, 2, -1, -1, 2, 10, -1, -1, -1, 0, -1], [1, 2, -1, -1, 2, 0, -1, -1, 0, -1, 0], [1, 2, -1, -1, 2, 0, -1, -1, 0, 0, -1], [1, 2, -1, -1, 2, 0, -1, 4, 0, -1, -1], [1, 2, -1, 14, 4, -1, -1, 4, 1, 0, -1], [1, 2, -1, 14, 4, -1, 1, -1, 1, 0, -1], [1, 2, -1, 14, 4, -1, 1, 4, 1, -1, -1], [1, 2, -1, 13, -1, 11, 1, -1, 1, 0, -1], [1, 2, -1, 13, -1, 11, 1, 4, 1, -1, 0], [1, 2, -1, 13, -1, 0, 0, -1, -1, 0, -1], [1, 2, -1, 13, 2, 0, -1, -1, -1, -1, 0], [1, 2, -1, 13, 2, 0, -1, -1, -1, 0, -1], [1, 2, -1, 12, -1, 2, 0, -1, -1, -1, -1], [1, 2, -1, 12, 2, 2, -1, -1, -1, 0, -1], [1, 2, -1, 12, 2, 2, -1, 4, -1, -1, -1], [1, 2, -1, 10, 2, 11, -1, 4, -1, 0, 0], [1, 2, -1, 10, 2, 0, -1, -1, -1, 0, 0], [1, 2, -1, 9, 2, 0, -1, -1, 0, -1, -1], [1, 2, 15, -1, 2, 11, -1, 4, -1, 0, 0], [1, 2, 15, -1, 2, 0, -1, -1, -1, 0, 0], [1, 2, 12, -1, 4, -1, -1, 4, 1, 0, -1], [1, 2, 12, -1, 4, -1, 1, -1, 1, 0, -1], [1, 2, 12, -1, 4, -1, 1, 4, 1, -1, -1], [1, 2, 11, -1, 2, 0, -1, -1, 0, -1, -1], [1, 2, 9, -1, -1, 11, 1, -1, 1, 0, -1], [1, 2, 9, -1, -1, 11, 1, 4, 1, -1, 0], [1, 2, 9, -1, -1, 0, 0, -1, -1, 0, -1], [1, 2, 9, -1, 2, 0, -1, -1, -1, -1, 0], [1, 2, 9, -1, 2, 0, -1, -1, -1, 0, -1], [1, 2, 7, -1, -1, 2, 0, -1, -1, -1, -1], [1, 2, 7, -1, 2, 2, -1, -1, -1, 0, -1], [1, 2, 7, -1, 2, 2, -1, 4, -1, -1, -1], [1, 1, -1, 10, -1, 10, -1, 4, 1, 0, 0], [1, 1, -1, 9, -1, 10, -1, 4, 1, 0, 0], [1, 1, 15, -1, -1, 10, -1, 4, 1, 0, 0], [1, 1, 11, -1, -1, 10, -1, 4, 1, 0, 0], [1, 0, -1, 13, -1, 3, -1, -1, -1, 0, -1], [1, 0, -1, 9, -1, -1, 0, -1, -1, -1, -1], [1, 0, -1, 9, 2, -1, -1, -1, -1, -1, -1], [1, 0, 11, -1, -1, -1, 0, -1, -1, -1, -1], [1, 0, 11, -1, 2, -1, -1, -1, -1, -1, -1], [1, 0, 9, -1, -1, 3, -1, -1, -1, 0, -1], [0, -1, -1, -1, -1, -1, 0, 1, -1, -1, -1], [0, -1, -1, -1, 2, -1, -1, 1, 1, -1, 0], [0, -1, -1, -1, 2, -1, -1, 1, 1, 0, -1], [0, -1, -1, 14, -1, -1, 0, -1, -1, 0, 0], [0, -1, -1, 14, 2, -1, -1, -1, -1, -1, 0], [0, -1, -1, 14, 2, -1, -1, -1, -1, 0, -1], [0, -1, -1, 13, -1, -1, 5, 4, -1, 0, -1], [0, -1, -1, 13, 2, -1, -1, 4, 0, 0, -1], [0, -1, -1, 13, 2, -1, 5, 4, -1, -1, -1], [0, -1, 12, -1, -1, -1, 0, -1, -1, 0, 0], [0, -1, 12, -1, 2, -1, -1, -1, -1, -1, 0], [0, -1, 12, -1, 2, -1, -1, -1, -1, 0, -1], [0, -1, 9, -1, -1, -1, 5, 4, -1, 0, -1], [0, -1, 9, -1, 2, -1, -1, 4, 0, 0, -1], [0, -1, 9, -1, 2, -1, 5, 4, -1, -1, -1], [0, 2, -1, 14, 2, -1, -1, -1, -1, -1, -1], [0, 2, 12, -1, 2, -1, -1, -1, -1, -1, -1]]
9 427 
 [[-1, -1, -1, -1, -1, 9, 0, 2, -1, 0, 0, -1], [-1, -1, -1, -1, -1, 3, 0, 1, -1, -1, 0, 0], [-1, -1, -1, -1, -1, 0, 0, -1, -1, 0, 0, 1], [-1, -1, -1, -1, 2, 9, -1, 2, -1, 0, 0, 0], [-1, -1, -1, -1, 2, 9, -1, 2, 1, 0, 0, -1], [-1, -1, -1, -1, 2, 3, -1, 1, 1, -1, 0, 0], [-1, -1, -1, -1, 2, 0, -1, -1, 1, 0, 0, 1], [-1, -1, -1, 16, -1, -1, -1, -1, 0, 0, 0, -1], [-1, -1, -1, 16, -1, -1, 1, -1, -1, -1, -1, -1], [-1, -1, -1, 16, 4, -1, -1, -1, -1, -1, -1, -1], [-1, -1, -1, 13, -1, 3, 5, 4, 0, 0, 0, 0], [-1, -1, -1, 13, 2, 3, 5, 4, -1, 0, 0, 0], [-1, -1, -1, 13, 0, -1, 1, -1, 1, 0, 0, 1], [-1, -1, -1, 12, -1, 3, -1, -1, 1, 0, 0, 0], [-1, -1, -1, 12, -1, 3, 0, -1, -1, -1, -1, 0], [-1, -1, -1, 12, -1, 3, 0, -1, -1, 0, -1, -1], [-1, -1, -1, 12, 2, 3, -1, -1, -1, -1, -1, 0], [-1, -1, -1, 12, 2, 3, -1, -1, -1, 0, 0, -1], [-1, -1, -1, 12, 2, 3, -1, -1, 1, 0, -1, -1], [-1, -1, -1, 11, -1, 10, -1, -1, -1, -1, -1, -1], [-1, -1, -1, 11, -1, 9, 0, -1, -1, 0, -1, 0], [-1, -1, -1, 11, 2, 9, -1, -1, 1, 0, -1, 0], [-1, -1, -1, 10, -1, 11, 0, 4, -1, 0, 0, 1], [-1, -1, -1, 10, 2, 11, -1, 4, 1, 0, 0, 1], [-1, -1, -1, 9, -1, 0, 5, 4, -1, 0, -1, 0], [-1, -1, -1, 9, -1, 0, 5, 4, -1, 0, 0, -1], [-1, -1, -1, 9, 2, -1, -1, 2, -1, 0, -1, 1], [-1, -1, -1, 9, 2, 0, 5, 4, -1, 0, -1, -1], [-1, -1, 15, -1, -1, 11, 0, 4, -1, 0, 0, 1], [-1, -1, 15, -1, 2, 11, -1, 4, 1, 0, 0, 1], [-1, -1, 11, -1, -1, 0, 5, 4, -1, 0, -1, 0], [-1, -1, 11, -1, -1, 0, 5, 4, -1, 0, 0, -1], [-1, -1, 11, -1, 2, -1, -1, 2, -1, 0, -1, 1], [-1, -1, 11, -1, 2, 0, 5, 4, -1, 0, -1, -1], [-1, -1, 10, -1, -1, -1, -1, -1, 0, 0, 0, -1], [-1, -1, 10, -1, -1, -1, 1, -1, -1, -1, -1, -1], [-1, -1, 10, -1, 4, -1, -1, -1, -1, -1, -1, -1], [-1, -1, 9, -1, -1, 3, 5, 4, 0, 0, 0, 0], [-1, -1, 9, -1, 2, 3, 5, 4, -1, 0, 0, 0], [-1, -1, 9, -1, 0, -1, 1, -1, 1, 0, 0, 1], [-1, -1, 8, -1, -1, 10, -1, -1, -1, -1, -1, -1], [-1, -1, 8, -1, -1, 9, 0, -1, -1, 0, -1, 0], [-1, -1, 8, -1, 2, 9, -1, -1, 1, 0, -1, 0], [-1, -1, 7, -1, -1, 3, -1, -1, 1, 0, 0, 0], [-1, -1, 7, -1, -1, 3, 0, -1, -1, -1, -1, 0], [-1, -1, 7, -1, -1, 3, 0, -1, -1, 0, -1, -1], [-1, -1, 7, -1, 2, 3, -1, -1, -1, -1, -1, 0], [-1, -1, 7, -1, 2, 3, -1, -1, -1, 0, 0, -1], [-1, -1, 7, -1, 2, 3, -1, -1, 1, 0, -1, -1], [-1, 5, -1, -1, -1, -1, 5, 4, -1, 0, 0, -1], [-1, 5, -1, -1, -1, 3, 0, 4, -1, 0, 0, -1], [-1, 5, -1, -1, 2, 3, -1, -1, -1, 0, -1, -1], [-1, 5, -1, 14, 2, -1, -1, 4, -1, 0, 0, 0], [-1, 5, -1, 13, 2, -1, -1, 4, -1, 0, 0, -1], [-1, 5, -1, 13, 2, 3, -1, -1, -1, -1, 0, -1], [-1, 5, 12, -1, 2, -1, -1, 4, -1, 0, 0, 0], [-1, 5, 9, -1, 2, -1, -1, 4, -1, 0, 0, -1], [-1, 5, 9, -1, 2, 3, -1, -1, -1, -1, 0, -1], [-1, 4, -1, 13, -1, 9, -1, -1, 1, 0, 0, -1], [-1, 4, -1, 13, -1, 9, 0, -1, -1, -1, 0, -1], [-1, 4, -1, 13, -1, 9, 0, -1, -1, 0, -1, -1], [-1, 4, -1, 13, 2, 9, -1, -1, -1, -1, 0, -1], [-1, 4, -1, 13, 2, 9, -1, -1, 1, 0, -1, -1], [-1, 4, -1, 10, -1, 3, -1, -1, 1, -1, -1, -1], [-1, 4, -1, 10, -1, 3, -1, 4, -1, -1, 0, -1], [-1, 4, -1, 10, -1, 3, 0, -1, -1, 0, 0, -1], [-1, 4, -1, 10, -1, 3, 0, 4, -1, -1, -1, -1], [-1, 4, -1, 10, 2, 3, -1, -1, -1, 0, 0, -1], [-1, 4, -1, 10, 2, 3, -1, 4, -1, -1, -1, -1], [-1, 4, 15, -1, -1, 3, -1, -1, 1, -1, -1, -1], [-1, 4, 15, -1, -1, 3, -1, 4, -1, -1, 0, -1], [-1, 4, 15, -1, -1, 3, 0, -1, -1, 0, 0, -1], [-1, 4, 15, -1, -1, 3, 0, 4, -1, -1, -1, -1], [-1, 4, 15, -1, 2, 3, -1, -1, -1, 0, 0, -1], [-1, 4, 15, -1, 2, 3, -1, 4, -1, -1, -1, -1], [-1, 4, 9, -1, -1, 9, -1, -1, 1, 0, 0, -1], [-1, 4, 9, -1, -1, 9, 0, -1, -1, -1, 0, -1], [-1, 4, 9, -1, -1, 9, 0, -1, -1, 0, -1, -1], [-1, 4, 9, -1, 2, 9, -1, -1, -1, -1, 0, -1], [-1, 4, 9, -1, 2, 9, -1, -1, 1, 0, -1, -1], [-1, 3, -1, 9, -1, -1, 0, -1, -1, 0, -1, 1], [-1, 3, -1, 9, -1, 11, 0, -1, -1, -1, 0, -1], [-1, 3, -1, 9, -1, 11, 0, -1, -1, 0, -1, -1], [-1, 3, -1, 9, -1, 3, -1, -1, -1, -1, 0, 1], [-1, 3, -1, 9, -1, 3, -1, -1, -1, 0, -1, 1], [-1, 3, -1, 9, 2, -1, -1, -1, -1, 0, -1, 1], [-1, 3, -1, 9, 2, 11, -1, -1, -1, 0, 0, -1], [-1, 3, -1, 9, 2, 11, -1, -1, 1, -1, 0, -1], [-1, 3, -1, 9, 2, 11, -1, -1, 1, 0, -1, -1], [-1, 3, -1, 9, 2, 11, -1, 4, -1, -1, 0, -1], [-1, 3, 11, -1, -1, -1, 0, -1, -1, 0, -1, 1], [-1, 3, 11, -1, -1, 11, 0, -1, -1, -1, 0, -1], [-1, 3, 11, -1, -1, 11, 0, -1, -1, 0, -1, -1], [-1, 3, 11, -1, -1, 3, -1, -1, -1, -1, 0, 1], [-1, 3, 11, -1, -1, 3, -1, -1, -1, 0, -1, 1], [-1, 3, 11, -1, 2, -1, -1, -1, -1, 0, -1, 1], [-1, 3, 11, -1, 2, 11, -1, -1, -1, 0, 0, -1], [-1, 3, 11, -1, 2, 11, -1, -1, 1, -1, 0, -1], [-1, 3, 11, -1, 2, 11, -1, -1, 1, 0, -1, -1], [-1, 3, 11, -1, 2, 11, -1, 4, -1, -1, 0, -1], [-1, 2, -1, -1, -1, -1, 0, 1, -1, 0, 0, 1], [-1, 2, -1, -1, -1, 9, 0, 1, -1, 0, 0, -1], [-1, 2, -1, -1, -1, 0, 0, -1, -1, 0, -1, 1], [-1, 2, -1, -1, 2, -1, -1, 1, -1, 0, 0, 1], [-1, 2, -1, -1, 2, 9, -1, 1, 1, 0, 0, -1], [-1, 2, -1, -1, 2, 0, -1, -1, 1, 0, -1, 1], [-1, 2, -1, -1, 2, 0, -1, 4, -1, 0, -1, 1], [-1, 2, -1, 16, -1, 9, -1, -1, 1, 0, 0, 0], [-1, 2, -1, 16, -1, 9, -1, 4, 1, 0, -1, 0], [-1, 2, -1, 13, -1, 0, 0, -1, -1, 0, 0, -1], [-1, 2, -1, 13, 2, -1, -1, 2, -1, 0, -1, 0], [-1, 2, -1, 13, 2, 0, -1, -1, -1, 0, 0, -1], [-1, 2, -1, 13, 2, 0, -1, 4, 1, 0, -1, -1], [-1, 2, -1, 13, 0, -1, -1, -1, 1, 0, -1, 1], [-1, 2, -1, 13, 0, -1, 1, -1, -1, 0, -1, 1], [-1, 2, -1, 13, 0, 3, 1, -1, -1, -1, 0, 0], [-1, 2, -1, 13, 0, 3, 1, -1, -1, 0, -1, -1], [-1, 2, -1, 12, -1, 3, -1, 4, 1, -1, 0, 0], [-1, 2, -1, 12, -1, 2, 0, 4, -1, 0, 0, -1], [-1, 2, -1, 12, 2, 2, -1, 4, -1, 0, 0, -1], [-1, 2, -1, 10, -1, 11, 0, -1, -1, 0, 0, 1], [-1, 2, -1, 10, -1, 0, 5, -1, -1, 0, 0, -1], [-1, 2, -1, 10, 2, 11, -1, -1, -1, 0, 0, 1], [-1, 2, -1, 10, 2, 0, -1, -1, 0, 0, 0, -1], [-1, 2, -1, 9, -1, 0, 5, 4, -1, -1, -1, -1], [-1, 2, -1, 9, 2, 0, -1, 4, 0, -1, 0, -1], [-1, 2, -1, 9, 2, 0, -1, 4, 0, 0, -1, 0], [-1, 2, 15, -1, -1, 11, 0, -1, -1, 0, 0, 1], [-1, 2, 15, -1, -1, 0, 5, -1, -1, 0, 0, -1], [-1, 2, 15, -1, 2, 11, -1, -1, -1, 0, 0, 1], [-1, 2, 15, -1, 2, 0, -1, -1, 0, 0, 0, -1], [-1, 2, 11, -1, -1, 0, 5, 4, -1, -1, -1, -1], [-1, 2, 11, -1, 2, 0, -1, 4, 0, -1, 0, -1], [-1, 2, 11, -1, 2, 0, -1, 4, 0, 0, -1, 0], [-1, 2, 10, -1, -1, 9, -1, -1, 1, 0, 0, 0], [-1, 2, 10, -1, -1, 9, -1, 4, 1, 0, -1, 0], [-1, 2, 9, -1, -1, 0, 0, -1, -1, 0, 0, -1], [-1, 2, 9, -1, 2, -1, -1, 2, -1, 0, -1, 0], [-1, 2, 9, -1, 2, 0, -1, -1, -1, 0, 0, -1], [-1, 2, 9, -1, 2, 0, -1, 4, 1, 0, -1, -1], [-1, 2, 9, -1, 0, -1, -1, -1, 1, 0, -1, 1], [-1, 2, 9, -1, 0, -1, 1, -1, -1, 0, -1, 1], [-1, 2, 9, -1, 0, 3, 1, -1, -1, -1, 0, 0], [-1, 2, 9, -1, 0, 3, 1, -1, -1, 0, -1, -1], [-1, 2, 7, -1, -1, 3, -1, 4, 1, -1, 0, 0], [-1, 2, 7, -1, -1, 2, 0, 4, -1, 0, 0, -1], [-1, 2, 7, -1, 2, 2, -1, 4, -1, 0, 0, -1], [-1, 1, -1, -1, -1, 10, -1, -1, -1, 0, -1, 1], [-1, 1, -1, 13, -1, -1, 1, -1, -1, -1, -1, 1], [-1, 1, -1, 11, -1, -1, -1, -1, 1, 0, -1, -1], [-1, 1, -1, 11, -1, -1, -1, 4, 1, -1, -1, -1], [-1, 1, -1, 11, -1, -1, 0, -1, -1, -1, -1, -1], [-1, 1, -1, 11, 2, -1, -1, -1, -1, -1, -1, -1], [-1, 1, -1, 10, -1, -1, -1, -1, -1, 0, 0, 1], [-1, 1, -1, 10, -1, -1, -1, -1, 1, 0, -1, 1], [-1, 1, -1, 10, -1, -1, -1, 4, -1, 0, -1, 1], [-1, 1, -1, 10, -1, -1, -1, 4, 1, -1, -1, 1], [-1, 1, -1, 10, -1, -1, 0, 4, -1, 0, -1, -1], [-1, 1, -1, 10, -1, 10, 0, -1, -1, 0, -1, -1], [-1, 1, -1, 10, -1, 10, 0, 4, -1, -1, 0, -1], [-1, 1, -1, 10, 2, -1, -1, -1, -1, -1, -1, 1], [-1, 1, -1, 10, 2, -1, -1, 4, 1, 0, -1, -1], [-1, 1, -1, 10, 2, 10, -1, -1, -1, 0, 0, -1], [-1, 1, -1, 10, 2, 10, -1, 4, -1, -1, 0, -1], [-1, 1, -1, 10, 2, 10, -1, 4, -1, 0, -1, -1], [-1, 1, 15, -1, -1, -1, -1, -1, -1, 0, 0, 1], [-1, 1, 15, -1, -1, -1, -1, -1, 1, 0, -1, 1], [-1, 1, 15, -1, -1, -1, -1, 4, -1, 0, -1, 1], [-1, 1, 15, -1, -1, -1, -1, 4, 1, -1, -1, 1], [-1, 1, 15, -1, -1, -1, 0, 4, -1, 0, -1, -1], [-1, 1, 15, -1, -1, 10, 0, -1, -1, 0, -1, -1], [-1, 1, 15, -1, -1, 10, 0, 4, -1, -1, 0, -1], [-1, 1, 15, -1, 2, -1, -1, -1, -1, -1, -1, 1], [-1, 1, 15, -1, 2, -1, -1, 4, 1, 0, -1, -1], [-1, 1, 15, -1, 2, 10, -1, -1, -1, 0, 0, -1], [-1, 1, 15, -1, 2, 10, -1, 4, -1, -1, 0, -1], [-1, 1, 15, -1, 2, 10, -1, 4, -1, 0, -1, -1], [-1, 1, 9, -1, -1, -1, 1, -1, -1, -1, -1, 1], [-1, 1, 8, -1, -1, -1, -1, -1, 1, 0, -1, -1], [-1, 1, 8, -1, -1, -1, -1, 4, 1, -1, -1, -1], [-1, 1, 8, -1, -1, -1, 0, -1, -1, -1, -1, -1], [-1, 1, 8, -1, 2, -1, -1, -1, -1, -1, -1, -1], [-1, 0, -1, 13, -1, 3, -1, -1, 1, 0, -1, -1], [-1, 0, 9, -1, -1, 3, -1, -1, 1, 0, -1, -1], [2, -1, -1, -1, -1, 9, 1, -1, 1, 0, 0, 0], [2, -1, -1, -1, -1, 0, 5, -1, -1, -1, 0, -1], [2, -1, -1, -1, -1, 0, 5, -1, -1, 0, -1, -1], [2, -1, -1, -1, 2, 0, -1, -1, 0, 0, -1, -1], [2, -1, -1, -1, 0, 3, -1, -1, 1, 0, 0, -1], [2, -1, -1, -1, 0, 3, -1, 4, 1, 0, -1, -1], [2, -1, -1, 16, -1, -1, -1, 4, -1, 0, 0, 0], [2, -1, -1, 16, -1, 9, -1, 4, -1, 0, 0, -1], [2, -1, -1, 13, -1, 3, 1, -1, -1, 0, 0, -1], [2, -1, -1, 12, -1, -1, 0, -1, -1, 0, -1, -1], [2, -1, -1, 12, 2, -1, -1, -1, -1, 0, -1, -1], [2, -1, -1, 10, -1, 12, -1, -1, -1, 0, 0, -1], [2, -1, -1, 10, -1, 9, -1, -1, 1, -1, 0, -1], [2, -1, -1, 10, -1, 9, -1, -1, 1, 0, -1, -1], [2, -1, -1, 10, -1, 9, 0, -1, -1, 0, 0, -1], [2, -1, -1, 10, -1, 2, 0, 4, -1, 0, 0, -1], [2, -1, -1, 10, 2, 2, -1, -1, -1, 0, 0, -1], [2, -1, -1, 9, -1, 0, 5, -1, -1, -1, -1, -1], [2, -1, -1, 9, 2, 0, -1, -1, 0, -1, -1, -1], [2, -1, 15, -1, -1, 12, -1, -1, -1, 0, 0, -1], [2, -1, 15, -1, -1, 9, -1, -1, 1, -1, 0, -1], [2, -1, 15, -1, -1, 9, -1, -1, 1, 0, -1, -1], [2, -1, 15, -1, -1, 9, 0, -1, -1, 0, 0, -1], [2, -1, 15, -1, -1, 2, 0, 4, -1, 0, 0, -1], [2, -1, 15, -1, 2, 2, -1, -1, -1, 0, 0, -1], [2, -1, 11, -1, -1, 0, 5, -1, -1, -1, -1, -1], [2, -1, 11, -1, 2, 0, -1, -1, 0, -1, -1, -1], [2, -1, 10, -1, -1, -1, -1, 4, -1, 0, 0, 0], [2, -1, 10, -1, -1, 9, -1, 4, -1, 0, 0, -1], [2, -1, 9, -1, -1, 3, 1, -1, -1, 0, 0, -1], [2, -1, 7, -1, -1, -1, 0, -1, -1, 0, -1, -1], [2, -1, 7, -1, 2, -1, -1, -1, -1, 0, -1, -1], [2, 5, -1, -1, -1, 3, -1, -1, -1, -1, -1, -1], [2, 5, -1, 13, -1, -1, -1, -1, -1, -1, 0, -1], [2, 5, -1, 13, -1, -1, -1, -1, -1, 0, -1, -1], [2, 5, 9, -1, -1, -1, -1, -1, -1, -1, 0, -1], [2, 5, 9, -1, -1, -1, -1, -1, -1, 0, -1, -1], [2, 4, -1, 10, -1, -1, -1, -1, 1, -1, -1, 1], [2, 4, -1, 10, -1, -1, 0, -1, -1, -1, 0, 1], [2, 4, -1, 10, -1, -1, 0, -1, -1, 0, -1, 1], [2, 4, 15, -1, -1, -1, -1, -1, 1, -1, -1, 1], [2, 4, 15, -1, -1, -1, 0, -1, -1, -1, 0, 1], [2, 4, 15, -1, -1, -1, 0, -1, -1, 0, -1, 1], [2, 3, -1, -1, -1, 11, 0, -1, -1, 0, 0, -1], [2, 3, -1, -1, 2, 11, -1, -1, -1, 0, 0, -1], [2, 3, -1, 9, -1, -1, 0, -1, -1, 0, 0, -1], [2, 3, -1, 9, 2, -1, -1, -1, 1, 0, 0, -1], [2, 3, 11, -1, -1, -1, 0, -1, -1, 0, 0, -1], [2, 3, 11, -1, 2, -1, -1, -1, 1, 0, 0, -1], [2, 2, -1, -1, -1, 3, 1, -1, 1, -1, 0, -1], [2, 2, -1, -1, -1, 3, 1, 4, 1, -1, -1, -1], [2, 2, -1, -1, -1, 0, 5, -1, -1, -1, -1, -1], [2, 2, -1, -1, 2, 0, -1, -1, 0, -1, -1, -1], [2, 2, -1, 10, -1, 9, -1, -1, -1, 0, 0, -1], [2, 2, -1, 10, -1, 2, 0, -1, -1, 0, 0, 0], [2, 2, -1, 10, -1, 2, 0, 4, -1, 0, -1, 0], [2, 2, -1, 10, 2, 2, -1, -1, -1, 0, -1, 0], [2, 2, -1, 9, -1, -1, 5, 4, -1, 0, -1, 0], [2, 2, -1, 9, -1, -1, 5, 4, -1, 0, 0, -1], [2, 2, -1, 9, -1, 11, 0, -1, -1, 0, 0, 0], [2, 2, -1, 9, 2, 11, -1, -1, 1, 0, 0, 0], [2, 2, 15, -1, -1, 9, -1, -1, -1, 0, 0, -1], [2, 2, 15, -1, -1, 2, 0, -1, -1, 0, 0, 0], [2, 2, 15, -1, -1, 2, 0, 4, -1, 0, -1, 0], [2, 2, 15, -1, 2, 2, -1, -1, -1, 0, -1, 0], [2, 2, 11, -1, -1, -1, 5, 4, -1, 0, -1, 0], [2, 2, 11, -1, -1, -1, 5, 4, -1, 0, 0, -1], [2, 2, 11, -1, -1, 11, 0, -1, -1, 0, 0, 0], [2, 2, 11, -1, 2, 11, -1, -1, 1, 0, 0, 0], [1, -1, -1, -1, -1, 10, -1, -1, -1, 0, 0, 1], [1, -1, -1, -1, -1, 10, -1, -1, 0, -1, -1, -1], [1, -1, -1, -1, -1, 0, 0, -1, -1, 0, -1, 1], [1, -1, -1, -1, 2, 9, -1, 2, -1, -1, 0, 0], [1, -1, -1, -1, 2, 9, -1, 2, -1, 0, -1, -1], [1, -1, -1, -1, 2, 0, -1, -1, 1, 0, -1, 1], [1, -1, -1, -1, 2, 0, -1, 4, -1, 0, 0, 1], [1, -1, -1, 13, -1, -1, 1, -1, 0, 0, -1, 1], [1, -1, -1, 13, -1, 11, 1, -1, 1, 0, -1, 0], [1, -1, -1, 13, -1, 11, 1, -1, 1, 0, 0, -1], [1, -1, -1, 13, -1, 9, 1, -1, -1, -1, -1, 1], [1, -1, -1, 13, 4, -1, 1, -1, 0, -1, -1, 1], [1, -1, -1, 13, 0, -1, 1, -1, -1, 0, -1, 1], [1, -1, -1, 11, -1, 11, -1, 4, 1, 0, 0, -1], [1, -1, -1, 10, -1, 10, 0, 4, -1, 0, 0, -1], [1, -1, -1, 10, -1, 0, 5, -1, -1, 0, 0, -1], [1, -1, -1, 10, 2, 10, -1, 4, -1, 0, 0, -1], [1, -1, -1, 10, 2, 0, -1, -1, 0, 0, -1, 0], [1, -1, -1, 10, 2, 0, -1, -1, 0, 0, 0, -1], [1, -1, -1, 9, -1, 11, 0, 4, -1, 0, 0, 0], [1, -1, -1, 9, -1, 0, 5, -1, -1, -1, -1, -1], [1, -1, -1, 9, 2, 0, -1, -1, 0, -1, -1, 0], [1, -1, -1, 9, 2, 0, -1, -1, 0, -1, 0, -1], [1, -1, -1, 9, 2, 0, -1, 4, 0, -1, -1, -1], [1, -1, 15, -1, -1, 10, 0, 4, -1, 0, 0, -1], [1, -1, 15, -1, -1, 0, 5, -1, -1, 0, 0, -1], [1, -1, 15, -1, 2, 10, -1, 4, -1, 0, 0, -1], [1, -1, 15, -1, 2, 0, -1, -1, 0, 0, -1, 0], [1, -1, 15, -1, 2, 0, -1, -1, 0, 0, 0, -1], [1, -1, 11, -1, -1, 11, 0, 4, -1, 0, 0, 0], [1, -1, 11, -1, -1, 0, 5, -1, -1, -1, -1, -1], [1, -1, 11, -1, 2, 0, -1, -1, 0, -1, -1, 0], [1, -1, 11, -1, 2, 0, -1, -1, 0, -1, 0, -1], [1, -1, 11, -1, 2, 0, -1, 4, 0, -1, -1, -1], [1, -1, 9, -1, -1, -1, 1, -1, 0, 0, -1, 1], [1, -1, 9, -1, -1, 11, 1, -1, 1, 0, -1, 0], [1, -1, 9, -1, -1, 11, 1, -1, 1, 0, 0, -1], [1, -1, 9, -1, -1, 9, 1, -1, -1, -1, -1, 1], [1, -1, 9, -1, 4, -1, 1, -1, 0, -1, -1, 1], [1, -1, 9, -1, 0, -1, 1, -1, -1, 0, -1, 1], [1, -1, 8, -1, -1, 11, -1, 4, 1, 0, 0, -1], [1, 5, -1, -1, -1, -1, 0, -1, -1, 0, 0, 1], [1, 5, -1, -1, 2, -1, -1, -1, -1, 0, 0, 1], [1, 4, -1, 13, -1, 9, -1, -1, -1, -1, 0, -1], [1, 4, -1, 13, -1, 9, -1, -1, 1, -1, -1, -1], [1, 4, -1, 10, -1, 3, -1, -1, -1, -1, -1, -1], [1, 4, 15, -1, -1, 3, -1, -1, -1, -1, -1, -1], [1, 4, 9, -1, -1, 9, -1, -1, -1, -1, 0, -1], [1, 4, 9, -1, -1, 9, -1, -1, 1, -1, -1, -1], [1, 2, -1, -1, -1, 0, 5, -1, -1, -1, -1, 0], [1, 2, -1, -1, -1, 0, 5, -1, -1, -1, 0, -1], [1, 2, -1, -1, -1, 0, 5, -1, -1, 0, -1, -1], [1, 2, -1, -1, -1, 0, 5, 4, -1, -1, -1, -1], [1, 2, -1, -1, -1, 0, 0, 4, -1, -1, 0, 1], [1, 2, -1, -1, 2, 10, -1, -1, -1, 0, -1, -1], [1, 2, -1, -1, 2, 0, -1, -1, -1, 0, -1, 1], [1, 2, -1, -1, 2, 0, -1, -1, 0, -1, -1, 0], [1, 2, -1, -1, 2, 0, -1, -1, 0, -1, 0, -1], [1, 2, -1, -1, 2, 0, -1, -1, 0, 0, -1, -1], [1, 2, -1, -1, 2, 0, -1, 4, -1, -1, 0, 1], [1, 2, -1, -1, 2, 0, -1, 4, 0, -1, -1, -1], [1, 2, -1, 14, 4, -1, -1, 4, 1, 0, -1, -1], [1, 2, -1, 14, 4, -1, 1, -1, 1, 0, -1, -1], [1, 2, -1, 14, 4, -1, 1, 4, 1, -1, -1, -1], [1, 2, -1, 13, -1, 11, 1, -1, 1, -1, -1, 0], [1, 2, -1, 13, -1, 11, 1, -1, 1, 0, -1, -1], [1, 2, -1, 13, -1, 11, 1, 4, 1, -1, 0, -1], [1, 2, -1, 13, -1, 0, 0, -1, -1, 0, -1, -1], [1, 2, -1, 13, 2, 0, -1, -1, -1, -1, -1, 0], [1, 2, -1, 13, 2, 0, -1, -1, -1, -1, 0, -1], [1, 2, -1, 13, 2, 0, -1, -1, -1, 0, -1, -1], [1, 2, -1, 12, -1, -1, 0, 4, -1, 0, 0, 0], [1, 2, -1, 12, -1, 2, 0, -1, -1, -1, -1, -1], [1, 2, -1, 12, 2, -1, -1, -1, -1, 0, 0, 0], [1, 2, -1, 12, 2, 2, -1, -1, -1, 0, -1, -1], [1, 2, -1, 12, 2, 2, -1, 4, -1, -1, -1, -1], [1, 2, -1, 11, -1, -1, -1, -1, 1, 0, 0, 1], [1, 2, -1, 11, -1, -1, 0, -1, -1, 0, 0, 1], [1, 2, -1, 11, 2, -1, -1, -1, -1, 0, 0, 1], [1, 2, -1, 10, -1, 11, 0, 4, -1, -1, 0, 1], [1, 2, -1, 10, -1, 11, 0, 4, -1, 0, -1, 1], [1, 2, -1, 10, -1, 2, 0, -1, -1, 0, 0, 1], [1, 2, -1, 10, 2, 11, -1, 4, -1, -1, 0, 1], [1, 2, -1, 10, 2, 11, -1, 4, -1, 0, -1, 1], [1, 2, -1, 10, 2, 11, -1, 4, -1, 0, 0, -1], [1, 2, -1, 10, 2, 2, -1, -1, 1, 0, 0, 1], [1, 2, -1, 10, 2, 0, -1, -1, -1, 0, 0, -1], [1, 2, -1, 9, 2, 0, -1, -1, 0, -1, -1, -1], [1, 2, -1, 9, 2, 0, -1, 4, -1, 0, 0, 0], [1, 2, 15, -1, -1, 11, 0, 4, -1, -1, 0, 1], [1, 2, 15, -1, -1, 11, 0, 4, -1, 0, -1, 1], [1, 2, 15, -1, -1, 2, 0, -1, -1, 0, 0, 1], [1, 2, 15, -1, 2, 11, -1, 4, -1, -1, 0, 1], [1, 2, 15, -1, 2, 11, -1, 4, -1, 0, -1, 1], [1, 2, 15, -1, 2, 11, -1, 4, -1, 0, 0, -1], [1, 2, 15, -1, 2, 2, -1, -1, 1, 0, 0, 1], [1, 2, 15, -1, 2, 0, -1, -1, -1, 0, 0, -1], [1, 2, 12, -1, 4, -1, -1, 4, 1, 0, -1, -1], [1, 2, 12, -1, 4, -1, 1, -1, 1, 0, -1, -1], [1, 2, 12, -1, 4, -1, 1, 4, 1, -1, -1, -1], [1, 2, 11, -1, 2, 0, -1, -1, 0, -1, -1, -1], [1, 2, 11, -1, 2, 0, -1, 4, -1, 0, 0, 0], [1, 2, 9, -1, -1, 11, 1, -1, 1, -1, -1, 0], [1, 2, 9, -1, -1, 11, 1, -1, 1, 0, -1, -1], [1, 2, 9, -1, -1, 11, 1, 4, 1, -1, 0, -1], [1, 2, 9, -1, -1, 0, 0, -1, -1, 0, -1, -1], [1, 2, 9, -1, 2, 0, -1, -1, -1, -1, -1, 0], [1, 2, 9, -1, 2, 0, -1, -1, -1, -1, 0, -1], [1, 2, 9, -1, 2, 0, -1, -1, -1, 0, -1, -1], [1, 2, 8, -1, -1, -1, -1, -1, 1, 0, 0, 1], [1, 2, 8, -1, -1, -1, 0, -1, -1, 0, 0, 1], [1, 2, 8, -1, 2, -1, -1, -1, -1, 0, 0, 1], [1, 2, 7, -1, -1, -1, 0, 4, -1, 0, 0, 0], [1, 2, 7, -1, -1, 2, 0, -1, -1, -1, -1, -1], [1, 2, 7, -1, 2, -1, -1, -1, -1, 0, 0, 0], [1, 2, 7, -1, 2, 2, -1, -1, -1, 0, -1, -1], [1, 2, 7, -1, 2, 2, -1, 4, -1, -1, -1, -1], [1, 1, -1, -1, -1, 10, -1, -1, -1, -1, 0, 1], [1, 1, -1, -1, -1, 9, 1, -1, -1, -1, 0, 1], [1, 1, -1, -1, -1, 3, 0, 4, -1, 0, 0, 0], [1, 1, -1, -1, 2, 3, -1, 4, 1, 0, 0, 0], [1, 1, -1, 14, 2, 9, -1, -1, -1, 0, 0, 0], [1, 1, -1, 13, -1, 9, 0, -1, -1, 0, 0, 0], [1, 1, -1, 13, 2, 9, -1, -1, 1, 0, 0, 0], [1, 1, -1, 11, -1, -1, -1, 4, -1, -1, 0, 0], [1, 1, -1, 10, -1, 10, -1, 4, 1, 0, 0, -1], [1, 1, -1, 9, -1, 10, -1, 4, 1, 0, 0, -1], [1, 1, 15, -1, -1, 10, -1, 4, 1, 0, 0, -1], [1, 1, 12, -1, 2, 9, -1, -1, -1, 0, 0, 0], [1, 1, 11, -1, -1, 10, -1, 4, 1, 0, 0, -1], [1, 1, 9, -1, -1, 9, 0, -1, -1, 0, 0, 0], [1, 1, 9, -1, 2, 9, -1, -1, 1, 0, 0, 0], [1, 1, 8, -1, -1, -1, -1, 4, -1, -1, 0, 0], [1, 0, -1, -1, 2, 3, -1, -1, -1, 0, 0, 0], [1, 0, -1, 13, -1, 3, -1, -1, -1, 0, -1, -1], [1, 0, -1, 9, -1, -1, 0, -1, -1, -1, -1, -1], [1, 0, -1, 9, 2, -1, -1, -1, -1, -1, -1, -1], [1, 0, 11, -1, -1, -1, 0, -1, -1, -1, -1, -1], [1, 0, 11, -1, 2, -1, -1, -1, -1, -1, -1, -1], [1, 0, 9, -1, -1, 3, -1, -1, -1, 0, -1, -1], [0, -1, -1, -1, -1, -1, 0, 1, -1, -1, -1, -1], [0, -1, -1, -1, 2, -1, -1, 1, 1, -1, -1, 0], [0, -1, -1, -1, 2, -1, -1, 1, 1, -1, 0, -1], [0, -1, -1, -1, 2, -1, -1, 1, 1, 0, -1, -1], [0, -1, -1, 14, -1, -1, 0, -1, -1, 0, 0, -1], [0, -1, -1, 14, 2, -1, -1, -1, -1, -1, 0, -1], [0, -1, -1, 14, 2, -1, -1, -1, -1, 0, -1, -1], [0, -1, -1, 13, -1, -1, 5, -1, -1, 0, -1, 0], [0, -1, -1, 13, -1, -1, 5, 4, -1, -1, -1, 0], [0, -1, -1, 13, -1, -1, 5, 4, -1, 0, -1, -1], [0, -1, -1, 13, -1, 3, 0, -1, -1, 0, -1, 0], [0, -1, -1, 13, 2, -1, -1, -1, 0, 0, -1, 0], [0, -1, -1, 13, 2, -1, -1, 4, 0, -1, -1, 0], [0, -1, -1, 13, 2, -1, -1, 4, 0, 0, -1, -1], [0, -1, -1, 13, 2, -1, 5, -1, -1, -1, 0, 0], [0, -1, -1, 13, 2, -1, 5, -1, 0, -1, -1, 0], [0, -1, -1, 13, 2, -1, 5, 4, -1, -1, -1, -1], [0, -1, -1, 13, 2, 3, -1, -1, -1, -1, -1, 0], [0, -1, 12, -1, -1, -1, 0, -1, -1, 0, 0, -1], [0, -1, 12, -1, 2, -1, -1, -1, -1, -1, 0, -1], [0, -1, 12, -1, 2, -1, -1, -1, -1, 0, -1, -1], [0, -1, 9, -1, -1, -1, 5, -1, -1, 0, -1, 0], [0, -1, 9, -1, -1, -1, 5, 4, -1, -1, -1, 0], [0, -1, 9, -1, -1, -1, 5, 4, -1, 0, -1, -1], [0, -1, 9, -1, -1, 3, 0, -1, -1, 0, -1, 0], [0, -1, 9, -1, 2, -1, -1, -1, 0, 0, -1, 0], [0, -1, 9, -1, 2, -1, -1, 4, 0, -1, -1, 0], [0, -1, 9, -1, 2, -1, -1, 4, 0, 0, -1, -1], [0, -1, 9, -1, 2, -1, 5, -1, -1, -1, 0, 0], [0, -1, 9, -1, 2, -1, 5, -1, 0, -1, -1, 0], [0, -1, 9, -1, 2, -1, 5, 4, -1, -1, -1, -1], [0, -1, 9, -1, 2, 3, -1, -1, -1, -1, -1, 0], [0, 2, -1, 14, 2, -1, -1, -1, -1, -1, -1, -1], [0, 2, 12, -1, 2, -1, -1, -1, -1, -1, -1, -1]]
10 591 
 [[-1, -1, -1, -1, -1, -1, 0, -1, -1, -1, -1, 0, 18], [-1, -1, -1, -1, -1, -1, 0, -1, -1, 0, 0, -1, 18], [-1, -1, -1, -1, -1, -1, 0, 1, -1, 0, -1, 0, 38], [-1, -1, -1, -1, -1, -1, 0, 1, -1, 0, 0, -1, 38], [-1, -1, -1, -1, -1, 9, 0, 2, -1, 0, 0, -1, -1], [-1, -1, -1, -1, -1, 3, 0, 2, -1, 0, 0, 0, 38], [-1, -1, -1, -1, -1, 3, 0, 1, -1, -1, 0, 0, -1], [-1, -1, -1, -1, -1, 0, 0, -1, -1, 0, -1, 1, 38], [-1, -1, -1, -1, -1, 0, 0, -1, -1, 0, 0, 1, -1], [-1, -1, -1, -1, 2, -1, -1, -1, -1, -1, 0, 0, 18], [-1, -1, -1, -1, 2, -1, -1, -1, -1, 0, -1, 0, 18], [-1, -1, -1, -1, 2, -1, -1, 1, 1, 0, 0, 0, 38], [-1, -1, -1, -1, 2, 9, -1, 2, -1, 0, -1, 0, 38], [-1, -1, -1, -1, 2, 9, -1, 2, -1, 0, 0, 0, -1], [-1, -1, -1, -1, 2, 9, -1, 2, 1, 0, 0, -1, -1], [-1, -1, -1, -1, 2, 3, -1, 2, 1, 0, 0, 0, 38], [-1, -1, -1, -1, 2, 3, -1, 1, 1, -1, 0, 0, -1], [-1, -1, -1, -1, 2, 0, -1, -1, 1, 0, -1, 1, 38], [-1, -1, -1, -1, 2, 0, -1, -1, 1, 0, 0, 1, -1], [-1, -1, -1, 16, -1, -1, -1, -1, 0, -1, 0, 0, 38], [-1, -1, -1, 16, -1, -1, -1, -1, 0, 0, -1, -1, 38], [-1, -1, -1, 16, -1, -1, -1, -1, 0, 0, 0, -1, -1], [-1, -1, -1, 16, -1, -1, 1, -1, -1, -1, -1, -1, -1], [-1, -1, -1, 16, 4, -1, -1, -1, -1, -1, -1, -1, -1], [-1, -1, -1, 13, -1, 3, 5, 4, 0, 0, 0, 0, -1], [-1, -1, -1, 13, 2, 3, 5, 4, -1, 0, 0, 0, -1], [-1, -1, -1, 13, 0, -1, 1, -1, 1, 0, 0, 1, -1], [-1, -1, -1, 12, -1, 3, -1, -1, 1, 0, 0, 0, -1], [-1, -1, -1, 12, -1, 3, 0, -1, -1, -1, -1, 0, -1], [-1, -1, -1, 12, -1, 3, 0, -1, -1, 0, -1, -1, -1], [-1, -1, -1, 12, 2, 3, -1, -1, -1, -1, -1, 0, -1], [-1, -1, -1, 12, 2, 3, -1, -1, -1, 0, 0, -1, -1], [-1, -1, -1, 12, 2, 3, -1, -1, 1, 0, -1, -1, -1], [-1, -1, -1, 11, -1, 10, -1, -1, -1, -1, -1, -1, -1], [-1, -1, -1, 11, -1, 9, 0, -1, -1, 0, -1, 0, -1], [-1, -1, -1, 11, 2, 9, -1, -1, 1, 0, -1, 0, -1], [-1, -1, -1, 10, -1, 11, 0, -1, -1, 0, 0, 1, 38], [-1, -1, -1, 10, -1, 11, 0, 4, -1, 0, 0, 1, -1], [-1, -1, -1, 10, 2, 11, -1, -1, -1, 0, 0, 1, 38], [-1, -1, -1, 10, 2, 11, -1, 4, 1, 0, 0, 1, -1], [-1, -1, -1, 9, -1, 0, 5, -1, -1, 0, 0, 0, 38], [-1, -1, -1, 9, -1, 0, 5, 4, -1, -1, 0, -1, 38], [-1, -1, -1, 9, -1, 0, 5, 4, -1, 0, -1, -1, 38], [-1, -1, -1, 9, -1, 0, 5, 4, -1, 0, -1, 0, -1], [-1, -1, -1, 9, -1, 0, 5, 4, -1, 0, 0, -1, -1], [-1, -1, -1, 9, 2, -1, -1, 2, -1, 0, -1, 1, -1], [-1, -1, -1, 9, 2, 0, -1, 4, 0, 0, 0, 0, 38], [-1, -1, -1, 9, 2, 0, 5, 4, -1, -1, -1, 0, 38], [-1, -1, -1, 9, 2, 0, 5, 4, -1, 0, -1, -1, -1], [-1, -1, 15, -1, -1, 11, 0, -1, -1, 0, 0, 1, 38], [-1, -1, 15, -1, -1, 11, 0, 4, -1, 0, 0, 1, -1], [-1, -1, 15, -1, 2, 11, -1, -1, -1, 0, 0, 1, 38], [-1, -1, 15, -1, 2, 11, -1, 4, 1, 0, 0, 1, -1], [-1, -1, 11, -1, -1, 0, 5, -1, -1, 0, 0, 0, 38], [-1, -1, 11, -1, -1, 0, 5, 4, -1, -1, 0, -1, 38], [-1, -1, 11, -1, -1, 0, 5, 4, -1, 0, -1, -1, 38], [-1, -1, 11, -1, -1, 0, 5, 4, -1, 0, -1, 0, -1], [-1, -1, 11, -1, -1, 0, 5, 4, -1, 0, 0, -1, -1], [-1, -1, 11, -1, 2, -1, -1, 2, -1, 0, -1, 1, -1], [-1, -1, 11, -1, 2, 0, -1, 4, 0, 0, 0, 0, 38], [-1, -1, 11, -1, 2, 0, 5, 4, -1, -1, -1, 0, 38], [-1, -1, 11, -1, 2, 0, 5, 4, -1, 0, -1, -1, -1], [-1, -1, 10, -1, -1, -1, -1, -1, 0, -1, 0, 0, 38], [-1, -1, 10, -1, -1, -1, -1, -1, 0, 0, -1, -1, 38], [-1, -1, 10, -1, -1, -1, -1, -1, 0, 0, 0, -1, -1], [-1, -1, 10, -1, -1, -1, 1, -1, -1, -1, -1, -1, -1], [-1, -1, 10, -1, 4, -1, -1, -1, -1, -1, -1, -1, -1], [-1, -1, 9, -1, -1, 3, 5, 4, 0, 0, 0, 0, -1], [-1, -1, 9, -1, 2, 3, 5, 4, -1, 0, 0, 0, -1], [-1, -1, 9, -1, 0, -1, 1, -1, 1, 0, 0, 1, -1], [-1, -1, 8, -1, -1, 10, -1, -1, -1, -1, -1, -1, -1], [-1, -1, 8, -1, -1, 9, 0, -1, -1, 0, -1, 0, -1], [-1, -1, 8, -1, 2, 9, -1, -1, 1, 0, -1, 0, -1], [-1, -1, 7, -1, -1, 3, -1, -1, 1, 0, 0, 0, -1], [-1, -1, 7, -1, -1, 3, 0, -1, -1, -1, -1, 0, -1], [-1, -1, 7, -1, -1, 3, 0, -1, -1, 0, -1, -1, -1], [-1, -1, 7, -1, 2, 3, -1, -1, -1, -1, -1, 0, -1], [-1, -1, 7, -1, 2, 3, -1, -1, -1, 0, 0, -1, -1], [-1, -1, 7, -1, 2, 3, -1, -1, 1, 0, -1, -1, -1], [-1, 5, -1, -1, -1, -1, 5, 4, -1, 0, 0, -1, -1], [-1, 5, -1, -1, -1, 3, 0, 4, -1, 0, 0, -1, -1], [-1, 5, -1, -1, 2, 3, -1, -1, -1, 0, -1, -1, -1], [-1, 5, -1, 14, 2, -1, -1, 4, -1, 0, 0, 0, -1], [-1, 5, -1, 13, -1, -1, 0, 4, -1, 0, 0, -1, 38], [-1, 5, -1, 13, -1, 3, -1, -1, 1, 0, 0, -1, 38], [-1, 5, -1, 13, 2, -1, -1, 4, -1, 0, 0, -1, -1], [-1, 5, -1, 13, 2, 3, -1, -1, -1, -1, 0, -1, -1], [-1, 5, -1, 13, 2, 3, -1, 4, -1, -1, -1, -1, 38], [-1, 5, 12, -1, 2, -1, -1, 4, -1, 0, 0, 0, -1], [-1, 5, 9, -1, -1, -1, 0, 4, -1, 0, 0, -1, 38], [-1, 5, 9, -1, -1, 3, -1, -1, 1, 0, 0, -1, 38], [-1, 5, 9, -1, 2, -1, -1, 4, -1, 0, 0, -1, -1], [-1, 5, 9, -1, 2, 3, -1, -1, -1, -1, 0, -1, -1], [-1, 5, 9, -1, 2, 3, -1, 4, -1, -1, -1, -1, 38], [-1, 4, -1, 13, -1, 9, -1, -1, 1, 0, 0, -1, -1], [-1, 4, -1, 13, -1, 9, -1, 4, 1, -1, 0, -1, 38], [-1, 4, -1, 13, -1, 9, -1, 4, 1, 0, -1, -1, 38], [-1, 4, -1, 13, -1, 9, 0, -1, -1, -1, 0, -1, -1], [-1, 4, -1, 13, -1, 9, 0, -1, -1, 0, -1, -1, -1], [-1, 4, -1, 13, 2, 9, -1, -1, -1, -1, 0, -1, -1], [-1, 4, -1, 13, 2, 9, -1, -1, 1, 0, -1, -1, -1], [-1, 4, -1, 13, 2, 9, -1, 4, -1, 0, -1, -1, 38], [-1, 4, -1, 10, -1, 11, 0, -1, -1, 0, 0, -1, 38], [-1, 4, -1, 10, -1, 3, -1, -1, 1, -1, -1, -1, -1], [-1, 4, -1, 10, -1, 3, -1, 4, -1, -1, 0, -1, -1], [-1, 4, -1, 10, -1, 3, 0, -1, -1, -1, 0, -1, 38], [-1, 4, -1, 10, -1, 3, 0, -1, -1, 0, -1, -1, 38], [-1, 4, -1, 10, -1, 3, 0, -1, -1, 0, 0, -1, -1], [-1, 4, -1, 10, -1, 3, 0, 4, -1, -1, -1, -1, -1], [-1, 4, -1, 10, 2, 11, -1, -1, 1, 0, 0, -1, 38], [-1, 4, -1, 10, 2, 3, -1, -1, -1, -1, 0, -1, 38], [-1, 4, -1, 10, 2, 3, -1, -1, -1, 0, 0, -1, -1], [-1, 4, -1, 10, 2, 3, -1, 4, -1, -1, -1, -1, -1], [-1, 4, 15, -1, -1, 11, 0, -1, -1, 0, 0, -1, 38], [-1, 4, 15, -1, -1, 3, -1, -1, 1, -1, -1, -1, -1], [-1, 4, 15, -1, -1, 3, -1, 4, -1, -1, 0, -1, -1], [-1, 4, 15, -1, -1, 3, 0, -1, -1, -1, 0, -1, 38], [-1, 4, 15, -1, -1, 3, 0, -1, -1, 0, -1, -1, 38], [-1, 4, 15, -1, -1, 3, 0, -1, -1, 0, 0, -1, -1], [-1, 4, 15, -1, -1, 3, 0, 4, -1, -1, -1, -1, -1], [-1, 4, 15, -1, 2, 11, -1, -1, 1, 0, 0, -1, 38], [-1, 4, 15, -1, 2, 3, -1, -1, -1, -1, 0, -1, 38], [-1, 4, 15, -1, 2, 3, -1, -1, -1, 0, 0, -1, -1], [-1, 4, 15, -1, 2, 3, -1, 4, -1, -1, -1, -1, -1], [-1, 4, 9, -1, -1, 9, -1, -1, 1, 0, 0, -1, -1], [-1, 4, 9, -1, -1, 9, -1, 4, 1, -1, 0, -1, 38], [-1, 4, 9, -1, -1, 9, -1, 4, 1, 0, -1, -1, 38], [-1, 4, 9, -1, -1, 9, 0, -1, -1, -1, 0, -1, -1], [-1, 4, 9, -1, -1, 9, 0, -1, -1, 0, -1, -1, -1], [-1, 4, 9, -1, 2, 9, -1, -1, -1, -1, 0, -1, -1], [-1, 4, 9, -1, 2, 9, -1, -1, 1, 0, -1, -1, -1], [-1, 4, 9, -1, 2, 9, -1, 4, -1, 0, -1, -1, 38], [-1, 3, -1, 9, -1, -1, 0, -1, -1, 0, -1, 1, -1], [-1, 3, -1, 9, -1, 11, 0, -1, -1, -1, 0, -1, -1], [-1, 3, -1, 9, -1, 11, 0, -1, -1, 0, -1, -1, -1], [-1, 3, -1, 9, -1, 3, -1, -1, -1, -1, 0, 1, -1], [-1, 3, -1, 9, -1, 3, -1, -1, -1, 0, -1, 1, -1], [-1, 3, -1, 9, 2, -1, -1, -1, -1, 0, -1, 1, -1], [-1, 3, -1, 9, 2, 11, -1, -1, -1, -1, 0, -1, 38], [-1, 3, -1, 9, 2, 11, -1, -1, -1, 0, 0, -1, -1], [-1, 3, -1, 9, 2, 11, -1, -1, 1, -1, 0, -1, -1], [-1, 3, -1, 9, 2, 11, -1, -1, 1, 0, -1, -1, -1], [-1, 3, -1, 9, 2, 11, -1, 4, -1, -1, 0, -1, -1], [-1, 3, 11, -1, -1, -1, 0, -1, -1, 0, -1, 1, -1], [-1, 3, 11, -1, -1, 11, 0, -1, -1, -1, 0, -1, -1], [-1, 3, 11, -1, -1, 11, 0, -1, -1, 0, -1, -1, -1], [-1, 3, 11, -1, -1, 3, -1, -1, -1, -1, 0, 1, -1], [-1, 3, 11, -1, -1, 3, -1, -1, -1, 0, -1, 1, -1], [-1, 3, 11, -1, 2, -1, -1, -1, -1, 0, -1, 1, -1], [-1, 3, 11, -1, 2, 11, -1, -1, -1, -1, 0, -1, 38], [-1, 3, 11, -1, 2, 11, -1, -1, -1, 0, 0, -1, -1], [-1, 3, 11, -1, 2, 11, -1, -1, 1, -1, 0, -1, -1], [-1, 3, 11, -1, 2, 11, -1, -1, 1, 0, -1, -1, -1], [-1, 3, 11, -1, 2, 11, -1, 4, -1, -1, 0, -1, -1], [-1, 2, -1, -1, -1, -1, 0, 1, -1, 0, 0, 1, -1], [-1, 2, -1, -1, -1, 9, 0, 1, -1, 0, 0, -1, -1], [-1, 2, -1, -1, -1, 0, 0, -1, -1, 0, -1, 1, -1], [-1, 2, -1, -1, 2, -1, -1, -1, -1, -1, 0, -1, 18], [-1, 2, -1, -1, 2, -1, -1, 1, -1, 0, 0, 1, -1], [-1, 2, -1, -1, 2, 9, -1, 1, 1, 0, 0, -1, -1], [-1, 2, -1, -1, 2, 0, -1, -1, 1, 0, -1, 1, -1], [-1, 2, -1, -1, 2, 0, -1, 4, -1, 0, -1, 1, -1], [-1, 2, -1, 16, -1, 9, -1, -1, 1, 0, 0, 0, -1], [-1, 2, -1, 16, -1, 9, -1, 4, 1, 0, -1, 0, -1], [-1, 2, -1, 13, -1, 0, 0, -1, -1, 0, 0, -1, -1], [-1, 2, -1, 13, 2, -1, -1, 2, -1, 0, -1, 0, -1], [-1, 2, -1, 13, 2, 0, -1, -1, -1, 0, -1, 0, 38], [-1, 2, -1, 13, 2, 0, -1, -1, -1, 0, 0, -1, -1], [-1, 2, -1, 13, 2, 0, -1, 4, 1, 0, -1, -1, -1], [-1, 2, -1, 13, 0, -1, -1, -1, 1, 0, -1, 1, -1], [-1, 2, -1, 13, 0, -1, 1, -1, -1, 0, -1, 1, -1], [-1, 2, -1, 13, 0, 3, 1, -1, -1, -1, 0, 0, -1], [-1, 2, -1, 13, 0, 3, 1, -1, -1, 0, -1, -1, -1], [-1, 2, -1, 12, -1, 3, -1, 4, 1, -1, 0, 0, -1], [-1, 2, -1, 12, -1, 2, 0, 4, -1, 0, 0, -1, -1], [-1, 2, -1, 12, 2, 2, -1, 4, -1, 0, 0, -1, -1], [-1, 2, -1, 10, -1, 11, 0, -1, -1, 0, 0, 1, -1], [-1, 2, -1, 10, -1, 11, 0, 4, -1, -1, 0, 1, 38], [-1, 2, -1, 10, -1, 0, 5, -1, -1, 0, 0, -1, -1], [-1, 2, -1, 10, 2, 11, -1, -1, -1, 0, 0, 1, -1], [-1, 2, -1, 10, 2, 11, -1, 4, -1, -1, 0, 1, 38], [-1, 2, -1, 10, 2, 0, -1, -1, 0, 0, 0, -1, -1], [-1, 2, -1, 9, -1, 0, 5, -1, -1, -1, 0, -1, 38], [-1, 2, -1, 9, -1, 0, 5, -1, -1, 0, -1, 0, 38], [-1, 2, -1, 9, -1, 0, 5, 4, -1, -1, -1, -1, -1], [-1, 2, -1, 9, 2, 0, -1, -1, 0, 0, 0, 0, 38], [-1, 2, -1, 9, 2, 0, -1, 4, 0, -1, -1, -1, 38], [-1, 2, -1, 9, 2, 0, -1, 4, 0, -1, 0, -1, -1], [-1, 2, -1, 9, 2, 0, -1, 4, 0, 0, -1, 0, -1], [-1, 2, 15, -1, -1, 11, 0, -1, -1, 0, 0, 1, -1], [-1, 2, 15, -1, -1, 11, 0, 4, -1, -1, 0, 1, 38], [-1, 2, 15, -1, -1, 0, 5, -1, -1, 0, 0, -1, -1], [-1, 2, 15, -1, 2, 11, -1, -1, -1, 0, 0, 1, -1], [-1, 2, 15, -1, 2, 11, -1, 4, -1, -1, 0, 1, 38], [-1, 2, 15, -1, 2, 0, -1, -1, 0, 0, 0, -1, -1], [-1, 2, 11, -1, -1, 0, 5, -1, -1, -1, 0, -1, 38], [-1, 2, 11, -1, -1, 0, 5, -1, -1, 0, -1, 0, 38], [-1, 2, 11, -1, -1, 0, 5, 4, -1, -1, -1, -1, -1], [-1, 2, 11, -1, 2, 0, -1, -1, 0, 0, 0, 0, 38], [-1, 2, 11, -1, 2, 0, -1, 4, 0, -1, -1, -1, 38], [-1, 2, 11, -1, 2, 0, -1, 4, 0, -1, 0, -1, -1], [-1, 2, 11, -1, 2, 0, -1, 4, 0, 0, -1, 0, -1], [-1, 2, 10, -1, -1, 9, -1, -1, 1, 0, 0, 0, -1], [-1, 2, 10, -1, -1, 9, -1, 4, 1, 0, -1, 0, -1], [-1, 2, 9, -1, -1, 0, 0, -1, -1, 0, 0, -1, -1], [-1, 2, 9, -1, 2, -1, -1, 2, -1, 0, -1, 0, -1], [-1, 2, 9, -1, 2, 0, -1, -1, -1, 0, -1, 0, 38], [-1, 2, 9, -1, 2, 0, -1, -1, -1, 0, 0, -1, -1], [-1, 2, 9, -1, 2, 0, -1, 4, 1, 0, -1, -1, -1], [-1, 2, 9, -1, 0, -1, -1, -1, 1, 0, -1, 1, -1], [-1, 2, 9, -1, 0, -1, 1, -1, -1, 0, -1, 1, -1], [-1, 2, 9, -1, 0, 3, 1, -1, -1, -1, 0, 0, -1], [-1, 2, 9, -1, 0, 3, 1, -1, -1, 0, -1, -1, -1], [-1, 2, 7, -1, -1, 3, -1, 4, 1, -1, 0, 0, -1], [-1, 2, 7, -1, -1, 2, 0, 4, -1, 0, 0, -1, -1], [-1, 2, 7, -1, 2, 2, -1, 4, -1, 0, 0, -1, -1], [-1, 1, -1, -1, -1, 10, -1, -1, -1, 0, -1, 1, -1], [-1, 1, -1, 14, 2, 9, -1, -1, -1, 0, 0, 0, 38], [-1, 1, -1, 13, -1, -1, 1, -1, -1, -1, -1, 1, -1], [-1, 1, -1, 11, -1, -1, -1, -1, 1, 0, -1, -1, -1], [-1, 1, -1, 11, -1, -1, -1, 4, 1, -1, -1, -1, -1], [-1, 1, -1, 11, -1, -1, 0, -1, -1, -1, -1, -1, -1], [-1, 1, -1, 11, 2, -1, -1, -1, -1, -1, -1, -1, -1], [-1, 1, -1, 10, -1, -1, -1, -1, -1, 0, 0, 1, -1], [-1, 1, -1, 10, -1, -1, -1, -1, 1, -1, 0, 1, 38], [-1, 1, -1, 10, -1, -1, -1, -1, 1, 0, -1, 1, -1], [-1, 1, -1, 10, -1, -1, -1, 4, -1, 0, -1, 1, -1], [-1, 1, -1, 10, -1, -1, -1, 4, 1, -1, -1, 1, -1], [-1, 1, -1, 10, -1, -1, 0, 4, -1, 0, -1, -1, -1], [-1, 1, -1, 10, -1, 10, 0, -1, -1, 0, -1, -1, -1], [-1, 1, -1, 10, -1, 10, 0, 4, -1, -1, 0, -1, -1], [-1, 1, -1, 10, 2, -1, -1, -1, -1, -1, -1, 1, -1], [-1, 1, -1, 10, 2, -1, -1, 4, 1, 0, -1, -1, -1], [-1, 1, -1, 10, 2, 10, -1, -1, -1, 0, 0, -1, -1], [-1, 1, -1, 10, 2, 10, -1, 4, -1, -1, 0, -1, -1], [-1, 1, -1, 10, 2, 10, -1, 4, -1, 0, -1, -1, -1], [-1, 1, 15, -1, -1, -1, -1, -1, -1, 0, 0, 1, -1], [-1, 1, 15, -1, -1, -1, -1, -1, 1, -1, 0, 1, 38], [-1, 1, 15, -1, -1, -1, -1, -1, 1, 0, -1, 1, -1], [-1, 1, 15, -1, -1, -1, -1, 4, -1, 0, -1, 1, -1], [-1, 1, 15, -1, -1, -1, -1, 4, 1, -1, -1, 1, -1], [-1, 1, 15, -1, -1, -1, 0, 4, -1, 0, -1, -1, -1], [-1, 1, 15, -1, -1, 10, 0, -1, -1, 0, -1, -1, -1], [-1, 1, 15, -1, -1, 10, 0, 4, -1, -1, 0, -1, -1], [-1, 1, 15, -1, 2, -1, -1, -1, -1, -1, -1, 1, -1], [-1, 1, 15, -1, 2, -1, -1, 4, 1, 0, -1, -1, -1], [-1, 1, 15, -1, 2, 10, -1, -1, -1, 0, 0, -1, -1], [-1, 1, 15, -1, 2, 10, -1, 4, -1, -1, 0, -1, -1], [-1, 1, 15, -1, 2, 10, -1, 4, -1, 0, -1, -1, -1], [-1, 1, 12, -1, 2, 9, -1, -1, -1, 0, 0, 0, 38], [-1, 1, 9, -1, -1, -1, 1, -1, -1, -1, -1, 1, -1], [-1, 1, 8, -1, -1, -1, -1, -1, 1, 0, -1, -1, -1], [-1, 1, 8, -1, -1, -1, -1, 4, 1, -1, -1, -1, -1], [-1, 1, 8, -1, -1, -1, 0, -1, -1, -1, -1, -1, -1], [-1, 1, 8, -1, 2, -1, -1, -1, -1, -1, -1, -1, -1], [-1, 0, -1, 13, -1, 3, -1, -1, 1, 0, -1, -1, -1], [-1, 0, 9, -1, -1, 3, -1, -1, 1, 0, -1, -1, -1], [2, -1, -1, -1, -1, 9, 1, -1, 1, 0, 0, 0, -1], [2, -1, -1, -1, -1, 0, 5, -1, -1, -1, 0, -1, -1], [2, -1, -1, -1, -1, 0, 5, -1, -1, 0, -1, -1, -1], [2, -1, -1, -1, 2, 0, -1, -1, 0, 0, -1, -1, -1], [2, -1, -1, -1, 0, 3, -1, -1, 1, 0, 0, -1, -1], [2, -1, -1, -1, 0, 3, -1, 4, 1, 0, -1, -1, -1], [2, -1, -1, 16, -1, -1, -1, -1, -1, 0, 0, 0, 38], [2, -1, -1, 16, -1, -1, -1, 4, -1, 0, 0, -1, 38], [2, -1, -1, 16, -1, -1, -1, 4, -1, 0, 0, 0, -1], [2, -1, -1, 16, -1, 9, -1, -1, -1, 0, 0, -1, 38], [2, -1, -1, 16, -1, 9, -1, 4, -1, 0, 0, -1, -1], [2, -1, -1, 13, -1, 3, 1, -1, -1, 0, 0, -1, -1], [2, -1, -1, 12, -1, -1, 0, -1, -1, 0, -1, -1, -1], [2, -1, -1, 12, 2, -1, -1, -1, -1, 0, -1, -1, -1], [2, -1, -1, 10, -1, 12, -1, -1, -1, 0, 0, -1, -1], [2, -1, -1, 10, -1, 9, -1, -1, -1, 0, 0, -1, 38], [2, -1, -1, 10, -1, 9, -1, -1, 1, -1, 0, -1, -1], [2, -1, -1, 10, -1, 9, -1, -1, 1, 0, -1, -1, -1], [2, -1, -1, 10, -1, 9, 0, -1, -1, 0, 0, -1, -1], [2, -1, -1, 10, -1, 2, 0, -1, -1, 0, 0, -1, 38], [2, -1, -1, 10, -1, 2, 0, 4, -1, 0, 0, -1, -1], [2, -1, -1, 10, 2, 2, -1, -1, -1, 0, 0, -1, -1], [2, -1, -1, 10, 2, 2, -1, 4, -1, 0, -1, -1, 38], [2, -1, -1, 9, -1, 0, 5, -1, -1, -1, -1, -1, -1], [2, -1, -1, 9, 2, 0, -1, -1, 0, -1, -1, -1, -1], [2, -1, 15, -1, -1, 12, -1, -1, -1, 0, 0, -1, -1], [2, -1, 15, -1, -1, 9, -1, -1, -1, 0, 0, -1, 38], [2, -1, 15, -1, -1, 9, -1, -1, 1, -1, 0, -1, -1], [2, -1, 15, -1, -1, 9, -1, -1, 1, 0, -1, -1, -1], [2, -1, 15, -1, -1, 9, 0, -1, -1, 0, 0, -1, -1], [2, -1, 15, -1, -1, 2, 0, -1, -1, 0, 0, -1, 38], [2, -1, 15, -1, -1, 2, 0, 4, -1, 0, 0, -1, -1], [2, -1, 15, -1, 2, 2, -1, -1, -1, 0, 0, -1, -1], [2, -1, 15, -1, 2, 2, -1, 4, -1, 0, -1, -1, 38], [2, -1, 11, -1, -1, 0, 5, -1, -1, -1, -1, -1, -1], [2, -1, 11, -1, 2, 0, -1, -1, 0, -1, -1, -1, -1], [2, -1, 10, -1, -1, -1, -1, -1, -1, 0, 0, 0, 38], [2, -1, 10, -1, -1, -1, -1, 4, -1, 0, 0, -1, 38], [2, -1, 10, -1, -1, -1, -1, 4, -1, 0, 0, 0, -1], [2, -1, 10, -1, -1, 9, -1, -1, -1, 0, 0, -1, 38], [2, -1, 10, -1, -1, 9, -1, 4, -1, 0, 0, -1, -1], [2, -1, 9, -1, -1, 3, 1, -1, -1, 0, 0, -1, -1], [2, -1, 7, -1, -1, -1, 0, -1, -1, 0, -1, -1, -1], [2, -1, 7, -1, 2, -1, -1, -1, -1, 0, -1, -1, -1], [2, 5, -1, -1, -1, 3, -1, -1, -1, -1, -1, -1, -1], [2, 5, -1, 14, -1, -1, -1, -1, -1, -1, -1, -1, 38], [2, 5, -1, 13, -1, -1, -1, -1, -1, -1, 0, -1, -1], [2, 5, -1, 13, -1, -1, -1, -1, -1, 0, -1, -1, -1], [2, 5, 12, -1, -1, -1, -1, -1, -1, -1, -1, -1, 38], [2, 5, 9, -1, -1, -1, -1, -1, -1, -1, 0, -1, -1], [2, 5, 9, -1, -1, -1, -1, -1, -1, 0, -1, -1, -1], [2, 4, -1, 10, -1, -1, -1, -1, 1, -1, -1, 1, -1], [2, 4, -1, 10, -1, -1, 0, -1, -1, -1, 0, 1, -1], [2, 4, -1, 10, -1, -1, 0, -1, -1, 0, -1, 1, -1], [2, 4, 15, -1, -1, -1, -1, -1, 1, -1, -1, 1, -1], [2, 4, 15, -1, -1, -1, 0, -1, -1, -1, 0, 1, -1], [2, 4, 15, -1, -1, -1, 0, -1, -1, 0, -1, 1, -1], [2, 3, -1, -1, -1, 11, 0, -1, -1, 0, 0, -1, -1], [2, 3, -1, -1, 2, 11, -1, -1, -1, 0, 0, -1, -1], [2, 3, -1, 9, -1, -1, 0, -1, -1, 0, 0, -1, -1], [2, 3, -1, 9, 2, -1, -1, -1, 1, 0, 0, -1, -1], [2, 3, 11, -1, -1, -1, 0, -1, -1, 0, 0, -1, -1], [2, 3, 11, -1, 2, -1, -1, -1, 1, 0, 0, -1, -1], [2, 2, -1, -1, -1, 3, 1, -1, 1, -1, 0, -1, -1], [2, 2, -1, -1, -1, 3, 1, 4, 1, -1, -1, -1, -1], [2, 2, -1, -1, -1, 0, 5, -1, -1, -1, -1, -1, -1], [2, 2, -1, -1, 2, 0, -1, -1, 0, -1, -1, -1, -1], [2, 2, -1, 10, -1, 9, -1, -1, -1, 0, 0, -1, -1], [2, 2, -1, 10, -1, 2, 0, -1, -1, 0, -1, 0, 38], [2, 2, -1, 10, -1, 2, 0, -1, -1, 0, 0, 0, -1], [2, 2, -1, 10, -1, 2, 0, 4, -1, 0, -1, 0, -1], [2, 2, -1, 10, 2, 2, -1, -1, -1, 0, -1, 0, -1], [2, 2, -1, 9, -1, -1, 5, 4, -1, -1, -1, 0, 38], [2, 2, -1, 9, -1, -1, 5, 4, -1, 0, -1, -1, 38], [2, 2, -1, 9, -1, -1, 5, 4, -1, 0, -1, 0, -1], [2, 2, -1, 9, -1, -1, 5, 4, -1, 0, 0, -1, -1], [2, 2, -1, 9, -1, 11, 0, -1, -1, 0, -1, 0, 38], [2, 2, -1, 9, -1, 11, 0, -1, -1, 0, 0, 0, -1], [2, 2, -1, 9, 2, 11, -1, -1, 1, 0, -1, 0, 38], [2, 2, -1, 9, 2, 11, -1, -1, 1, 0, 0, 0, -1], [2, 2, -1, 9, 2, 11, -1, 4, -1, 0, 0, 0, 38], [2, 2, 15, -1, -1, 9, -1, -1, -1, 0, 0, -1, -1], [2, 2, 15, -1, -1, 2, 0, -1, -1, 0, -1, 0, 38], [2, 2, 15, -1, -1, 2, 0, -1, -1, 0, 0, 0, -1], [2, 2, 15, -1, -1, 2, 0, 4, -1, 0, -1, 0, -1], [2, 2, 15, -1, 2, 2, -1, -1, -1, 0, -1, 0, -1], [2, 2, 11, -1, -1, -1, 5, 4, -1, -1, -1, 0, 38], [2, 2, 11, -1, -1, -1, 5, 4, -1, 0, -1, -1, 38], [2, 2, 11, -1, -1, -1, 5, 4, -1, 0, -1, 0, -1], [2, 2, 11, -1, -1, -1, 5, 4, -1, 0, 0, -1, -1], [2, 2, 11, -1, -1, 11, 0, -1, -1, 0, -1, 0, 38], [2, 2, 11, -1, -1, 11, 0, -1, -1, 0, 0, 0, -1], [2, 2, 11, -1, 2, 11, -1, -1, 1, 0, -1, 0, 38], [2, 2, 11, -1, 2, 11, -1, -1, 1, 0, 0, 0, -1], [2, 2, 11, -1, 2, 11, -1, 4, -1, 0, 0, 0, 38], [2, 1, -1, 10, -1, -1, -1, -1, 1, -1, 0, -1, 38], [2, 1, 15, -1, -1, -1, -1, -1, 1, -1, 0, -1, 38], [1, -1, -1, -1, -1, 10, -1, -1, -1, 0, 0, 1, -1], [1, -1, -1, -1, -1, 10, -1, -1, 0, -1, -1, -1, -1], [1, -1, -1, -1, -1, 0, 0, -1, -1, 0, -1, 1, -1], [1, -1, -1, -1, 2, 9, -1, 2, -1, -1, 0, 0, -1], [1, -1, -1, -1, 2, 9, -1, 2, -1, 0, -1, -1, -1], [1, -1, -1, -1, 2, 0, -1, -1, 1, 0, -1, 1, -1], [1, -1, -1, -1, 2, 0, -1, 4, -1, 0, 0, 1, -1], [1, -1, -1, -1, 2, 0, -1, 4, 0, 0, 0, 0, 38], [1, -1, -1, 13, -1, -1, 1, -1, 0, 0, -1, 1, -1], [1, -1, -1, 13, -1, 11, 1, -1, 1, 0, -1, 0, -1], [1, -1, -1, 13, -1, 11, 1, -1, 1, 0, 0, -1, -1], [1, -1, -1, 13, -1, 9, 1, -1, -1, -1, -1, 1, -1], [1, -1, -1, 13, 4, -1, 1, -1, 0, -1, -1, 1, -1], [1, -1, -1, 13, 4, 9, -1, -1, -1, -1, -1, 1, 38], [1, -1, -1, 13, 0, -1, 1, -1, -1, 0, -1, 1, -1], [1, -1, -1, 11, -1, 11, -1, 4, 1, 0, 0, -1, -1], [1, -1, -1, 10, -1, 10, 0, 4, -1, 0, 0, -1, -1], [1, -1, -1, 10, -1, 0, 5, -1, -1, 0, 0, -1, -1], [1, -1, -1, 10, 2, 10, -1, 4, -1, 0, 0, -1, -1], [1, -1, -1, 10, 2, 0, -1, -1, 0, 0, -1, 0, -1], [1, -1, -1, 10, 2, 0, -1, -1, 0, 0, 0, -1, -1], [1, -1, -1, 9, -1, 11, 0, 4, -1, 0, 0, 0, -1], [1, -1, -1, 9, -1, 0, 5, -1, -1, -1, -1, -1, -1], [1, -1, -1, 9, 2, 0, -1, -1, 0, -1, -1, -1, 38], [1, -1, -1, 9, 2, 0, -1, -1, 0, -1, -1, 0, -1], [1, -1, -1, 9, 2, 0, -1, -1, 0, -1, 0, -1, -1], [1, -1, -1, 9, 2, 0, -1, 4, 0, -1, -1, -1, -1], [1, -1, 15, -1, -1, 10, 0, 4, -1, 0, 0, -1, -1], [1, -1, 15, -1, -1, 0, 5, -1, -1, 0, 0, -1, -1], [1, -1, 15, -1, 2, 10, -1, 4, -1, 0, 0, -1, -1], [1, -1, 15, -1, 2, 0, -1, -1, 0, 0, -1, 0, -1], [1, -1, 15, -1, 2, 0, -1, -1, 0, 0, 0, -1, -1], [1, -1, 11, -1, -1, 11, 0, 4, -1, 0, 0, 0, -1], [1, -1, 11, -1, -1, 0, 5, -1, -1, -1, -1, -1, -1], [1, -1, 11, -1, 2, 0, -1, -1, 0, -1, -1, -1, 38], [1, -1, 11, -1, 2, 0, -1, -1, 0, -1, -1, 0, -1], [1, -1, 11, -1, 2, 0, -1, -1, 0, -1, 0, -1, -1], [1, -1, 11, -1, 2, 0, -1, 4, 0, -1, -1, -1, -1], [1, -1, 9, -1, -1, -1, 1, -1, 0, 0, -1, 1, -1], [1, -1, 9, -1, -1, 11, 1, -1, 1, 0, -1, 0, -1], [1, -1, 9, -1, -1, 11, 1, -1, 1, 0, 0, -1, -1], [1, -1, 9, -1, -1, 9, 1, -1, -1, -1, -1, 1, -1], [1, -1, 9, -1, 4, -1, 1, -1, 0, -1, -1, 1, -1], [1, -1, 9, -1, 4, 9, -1, -1, -1, -1, -1, 1, 38], [1, -1, 9, -1, 0, -1, 1, -1, -1, 0, -1, 1, -1], [1, -1, 8, -1, -1, 11, -1, 4, 1, 0, 0, -1, -1], [1, 5, -1, -1, -1, -1, 0, -1, -1, 0, 0, 1, -1], [1, 5, -1, -1, 2, -1, -1, -1, -1, 0, 0, 1, -1], [1, 4, -1, 13, -1, 9, -1, -1, -1, -1, 0, -1, -1], [1, 4, -1, 13, -1, 9, -1, -1, 1, -1, -1, -1, -1], [1, 4, -1, 10, -1, 3, -1, -1, -1, -1, -1, -1, -1], [1, 4, 15, -1, -1, 3, -1, -1, -1, -1, -1, -1, -1], [1, 4, 9, -1, -1, 9, -1, -1, -1, -1, 0, -1, -1], [1, 4, 9, -1, -1, 9, -1, -1, 1, -1, -1, -1, -1], [1, 2, -1, -1, -1, 0, 5, -1, -1, -1, -1, 0, -1], [1, 2, -1, -1, -1, 0, 5, -1, -1, -1, 0, -1, -1], [1, 2, -1, -1, -1, 0, 5, -1, -1, 0, -1, -1, -1], [1, 2, -1, -1, -1, 0, 5, 4, -1, -1, -1, -1, -1], [1, 2, -1, -1, -1, 0, 0, 4, -1, -1, 0, 1, -1], [1, 2, -1, -1, 2, 10, -1, -1, -1, 0, -1, -1, -1], [1, 2, -1, -1, 2, 0, -1, -1, -1, 0, -1, 1, -1], [1, 2, -1, -1, 2, 0, -1, -1, 0, -1, -1, 0, -1], [1, 2, -1, -1, 2, 0, -1, -1, 0, -1, 0, -1, -1], [1, 2, -1, -1, 2, 0, -1, -1, 0, 0, -1, -1, -1], [1, 2, -1, -1, 2, 0, -1, 4, -1, -1, 0, 1, -1], [1, 2, -1, -1, 2, 0, -1, 4, 0, -1, -1, -1, -1], [1, 2, -1, 14, -1, 3, 1, 4, -1, 0, 0, -1, 38], [1, 2, -1, 14, 4, -1, -1, -1, 1, 0, -1, -1, 38], [1, 2, -1, 14, 4, -1, -1, 4, 1, -1, -1, -1, 38], [1, 2, -1, 14, 4, -1, -1, 4, 1, 0, -1, -1, -1], [1, 2, -1, 14, 4, -1, 1, -1, 1, -1, 0, -1, 38], [1, 2, -1, 14, 4, -1, 1, -1, 1, 0, -1, -1, -1], [1, 2, -1, 14, 4, -1, 1, 4, 1, -1, -1, -1, -1], [1, 2, -1, 13, -1, 11, 1, -1, 1, -1, -1, 0, -1], [1, 2, -1, 13, -1, 11, 1, -1, 1, -1, 0, -1, 38], [1, 2, -1, 13, -1, 11, 1, -1, 1, 0, -1, -1, -1], [1, 2, -1, 13, -1, 11, 1, 4, 1, -1, 0, -1, -1], [1, 2, -1, 13, -1, 0, 0, -1, -1, 0, -1, -1, -1], [1, 2, -1, 13, 2, 0, -1, -1, -1, -1, -1, 0, -1], [1, 2, -1, 13, 2, 0, -1, -1, -1, -1, 0, -1, -1], [1, 2, -1, 13, 2, 0, -1, -1, -1, 0, -1, -1, -1], [1, 2, -1, 12, -1, -1, 0, 4, -1, 0, 0, 0, -1], [1, 2, -1, 12, -1, 2, 0, -1, -1, -1, -1, -1, -1], [1, 2, -1, 12, 2, -1, -1, -1, -1, 0, 0, 0, -1], [1, 2, -1, 12, 2, 2, -1, -1, -1, 0, -1, -1, -1], [1, 2, -1, 12, 2, 2, -1, 4, -1, -1, -1, -1, -1], [1, 2, -1, 11, -1, -1, -1, -1, 1, 0, 0, 1, -1], [1, 2, -1, 11, -1, -1, 0, -1, -1, 0, 0, 1, -1], [1, 2, -1, 11, 2, -1, -1, -1, -1, 0, 0, 1, -1], [1, 2, -1, 10, -1, 11, 0, -1, -1, -1, 0, 1, 38], [1, 2, -1, 10, -1, 11, 0, -1, -1, 0, -1, 1, 38], [1, 2, -1, 10, -1, 11, 0, 4, -1, -1, 0, 1, -1], [1, 2, -1, 10, -1, 11, 0, 4, -1, 0, -1, 1, -1], [1, 2, -1, 10, -1, 11, 0, 4, -1, 0, 0, -1, 38], [1, 2, -1, 10, -1, 2, 0, -1, -1, 0, 0, 1, -1], [1, 2, -1, 10, 2, 11, -1, -1, -1, -1, 0, 1, 38], [1, 2, -1, 10, 2, 11, -1, -1, -1, 0, -1, 1, 38], [1, 2, -1, 10, 2, 11, -1, 4, -1, -1, 0, 1, -1], [1, 2, -1, 10, 2, 11, -1, 4, -1, 0, -1, 1, -1], [1, 2, -1, 10, 2, 11, -1, 4, -1, 0, 0, -1, -1], [1, 2, -1, 10, 2, 2, -1, -1, 1, 0, 0, 1, -1], [1, 2, -1, 10, 2, 0, -1, -1, -1, 0, 0, -1, -1], [1, 2, -1, 9, 2, 0, -1, -1, -1, -1, 0, 0, 38], [1, 2, -1, 9, 2, 0, -1, -1, -1, 0, -1, 0, 38], [1, 2, -1, 9, 2, 0, -1, -1, 0, -1, -1, -1, -1], [1, 2, -1, 9, 2, 0, -1, 4, -1, 0, 0, 0, -1], [1, 2, 15, -1, -1, 11, 0, -1, -1, -1, 0, 1, 38], [1, 2, 15, -1, -1, 11, 0, -1, -1, 0, -1, 1, 38], [1, 2, 15, -1, -1, 11, 0, 4, -1, -1, 0, 1, -1], [1, 2, 15, -1, -1, 11, 0, 4, -1, 0, -1, 1, -1], [1, 2, 15, -1, -1, 11, 0, 4, -1, 0, 0, -1, 38], [1, 2, 15, -1, -1, 2, 0, -1, -1, 0, 0, 1, -1], [1, 2, 15, -1, 2, 11, -1, -1, -1, -1, 0, 1, 38], [1, 2, 15, -1, 2, 11, -1, -1, -1, 0, -1, 1, 38], [1, 2, 15, -1, 2, 11, -1, 4, -1, -1, 0, 1, -1], [1, 2, 15, -1, 2, 11, -1, 4, -1, 0, -1, 1, -1], [1, 2, 15, -1, 2, 11, -1, 4, -1, 0, 0, -1, -1], [1, 2, 15, -1, 2, 2, -1, -1, 1, 0, 0, 1, -1], [1, 2, 15, -1, 2, 0, -1, -1, -1, 0, 0, -1, -1], [1, 2, 12, -1, -1, 3, 1, 4, -1, 0, 0, -1, 38], [1, 2, 12, -1, 4, -1, -1, -1, 1, 0, -1, -1, 38], [1, 2, 12, -1, 4, -1, -1, 4, 1, -1, -1, -1, 38], [1, 2, 12, -1, 4, -1, -1, 4, 1, 0, -1, -1, -1], [1, 2, 12, -1, 4, -1, 1, -1, 1, -1, 0, -1, 38], [1, 2, 12, -1, 4, -1, 1, -1, 1, 0, -1, -1, -1], [1, 2, 12, -1, 4, -1, 1, 4, 1, -1, -1, -1, -1], [1, 2, 11, -1, 2, 0, -1, -1, -1, -1, 0, 0, 38], [1, 2, 11, -1, 2, 0, -1, -1, -1, 0, -1, 0, 38], [1, 2, 11, -1, 2, 0, -1, -1, 0, -1, -1, -1, -1], [1, 2, 11, -1, 2, 0, -1, 4, -1, 0, 0, 0, -1], [1, 2, 9, -1, -1, 11, 1, -1, 1, -1, -1, 0, -1], [1, 2, 9, -1, -1, 11, 1, -1, 1, -1, 0, -1, 38], [1, 2, 9, -1, -1, 11, 1, -1, 1, 0, -1, -1, -1], [1, 2, 9, -1, -1, 11, 1, 4, 1, -1, 0, -1, -1], [1, 2, 9, -1, -1, 0, 0, -1, -1, 0, -1, -1, -1], [1, 2, 9, -1, 2, 0, -1, -1, -1, -1, -1, 0, -1], [1, 2, 9, -1, 2, 0, -1, -1, -1, -1, 0, -1, -1], [1, 2, 9, -1, 2, 0, -1, -1, -1, 0, -1, -1, -1], [1, 2, 8, -1, -1, -1, -1, -1, 1, 0, 0, 1, -1], [1, 2, 8, -1, -1, -1, 0, -1, -1, 0, 0, 1, -1], [1, 2, 8, -1, 2, -1, -1, -1, -1, 0, 0, 1, -1], [1, 2, 7, -1, -1, -1, 0, 4, -1, 0, 0, 0, -1], [1, 2, 7, -1, -1, 2, 0, -1, -1, -1, -1, -1, -1], [1, 2, 7, -1, 2, -1, -1, -1, -1, 0, 0, 0, -1], [1, 2, 7, -1, 2, 2, -1, -1, -1, 0, -1, -1, -1], [1, 2, 7, -1, 2, 2, -1, 4, -1, -1, -1, -1, -1], [1, 1, -1, -1, -1, 10, -1, -1, -1, -1, 0, 1, -1], [1, 1, -1, -1, -1, 9, 1, -1, -1, -1, 0, 1, -1], [1, 1, -1, -1, -1, 9, 0, -1, -1, 0, 0, 0, 38], [1, 1, -1, -1, -1, 3, 0, 4, -1, 0, 0, 0, -1], [1, 1, -1, -1, 2, 9, -1, -1, -1, 0, 0, 0, 38], [1, 1, -1, -1, 2, 3, -1, 4, 1, 0, 0, 0, -1], [1, 1, -1, 14, 2, 9, -1, -1, -1, 0, -1, 0, 38], [1, 1, -1, 14, 2, 9, -1, -1, -1, 0, 0, 0, -1], [1, 1, -1, 13, -1, -1, 1, -1, 0, -1, 0, -1, 38], [1, 1, -1, 13, -1, 9, 0, -1, -1, 0, 0, 0, -1], [1, 1, -1, 13, 2, 9, -1, -1, 1, 0, 0, 0, -1], [1, 1, -1, 11, -1, -1, -1, 4, -1, -1, 0, 0, -1], [1, 1, -1, 10, -1, 10, -1, 4, 1, 0, 0, -1, -1], [1, 1, -1, 9, -1, 10, -1, 4, 1, 0, 0, -1, -1], [1, 1, 15, -1, -1, 10, -1, 4, 1, 0, 0, -1, -1], [1, 1, 12, -1, 2, 9, -1, -1, -1, 0, -1, 0, 38], [1, 1, 12, -1, 2, 9, -1, -1, -1, 0, 0, 0, -1], [1, 1, 11, -1, -1, 10, -1, 4, 1, 0, 0, -1, -1], [1, 1, 9, -1, -1, -1, 1, -1, 0, -1, 0, -1, 38], [1, 1, 9, -1, -1, 9, 0, -1, -1, 0, 0, 0, -1], [1, 1, 9, -1, 2, 9, -1, -1, 1, 0, 0, 0, -1], [1, 1, 8, -1, -1, -1, -1, 4, -1, -1, 0, 0, -1], [1, 0, -1, -1, 2, 3, -1, -1, -1, 0, 0, 0, -1], [1, 0, -1, 13, -1, 3, -1, -1, -1, 0, -1, -1, -1], [1, 0, -1, 9, -1, -1, 0, -1, -1, -1, -1, -1, -1], [1, 0, -1, 9, 2, -1, -1, -1, -1, -1, -1, -1, -1], [1, 0, 11, -1, -1, -1, 0, -1, -1, -1, -1, -1, -1], [1, 0, 11, -1, 2, -1, -1, -1, -1, -1, -1, -1, -1], [1, 0, 9, -1, -1, 3, -1, -1, -1, 0, -1, -1, -1], [0, -1, -1, -1, -1, -1, 0, 1, -1, -1, -1, -1, -1], [0, -1, -1, -1, -1, 3, 5, -1, 0, -1, -1, 0, 38], [0, -1, -1, -1, 2, -1, -1, 1, 1, -1, -1, 0, -1], [0, -1, -1, -1, 2, -1, -1, 1, 1, -1, 0, -1, -1], [0, -1, -1, -1, 2, -1, -1, 1, 1, 0, -1, -1, -1], [0, -1, -1, -1, 2, 3, 5, -1, -1, -1, -1, 0, 38], [0, -1, -1, 14, -1, -1, 0, -1, -1, -1, -1, -1, 38], [0, -1, -1, 14, -1, -1, 0, -1, -1, 0, 0, -1, -1], [0, -1, -1, 14, 2, -1, -1, -1, -1, -1, -1, -1, 38], [0, -1, -1, 14, 2, -1, -1, -1, -1, -1, 0, -1, -1], [0, -1, -1, 14, 2, -1, -1, -1, -1, 0, -1, -1, -1], [0, -1, -1, 13, -1, -1, 5, -1, -1, -1, -1, 0, 38], [0, -1, -1, 13, -1, -1, 5, -1, -1, 0, -1, 0, -1], [0, -1, -1, 13, -1, -1, 5, 4, -1, -1, -1, -1, 38], [0, -1, -1, 13, -1, -1, 5, 4, -1, -1, -1, 0, -1], [0, -1, -1, 13, -1, -1, 5, 4, -1, 0, -1, -1, -1], [0, -1, -1, 13, -1, 3, 0, -1, -1, 0, -1, 0, -1], [0, -1, -1, 13, 2, -1, -1, -1, 0, -1, -1, 0, 38], [0, -1, -1, 13, 2, -1, -1, -1, 0, 0, -1, -1, 38], [0, -1, -1, 13, 2, -1, -1, -1, 0, 0, -1, 0, -1], [0, -1, -1, 13, 2, -1, -1, 4, 0, -1, -1, -1, 38], [0, -1, -1, 13, 2, -1, -1, 4, 0, -1, -1, 0, -1], [0, -1, -1, 13, 2, -1, -1, 4, 0, 0, -1, -1, -1], [0, -1, -1, 13, 2, -1, 5, -1, -1, -1, 0, 0, -1], [0, -1, -1, 13, 2, -1, 5, -1, -1, 0, -1, -1, 38], [0, -1, -1, 13, 2, -1, 5, -1, 0, -1, -1, -1, 38], [0, -1, -1, 13, 2, -1, 5, -1, 0, -1, -1, 0, -1], [0, -1, -1, 13, 2, -1, 5, 4, -1, -1, -1, -1, -1], [0, -1, -1, 13, 2, 3, -1, -1, -1, -1, -1, 0, -1], [0, -1, -1, 13, 2, 3, -1, -1, -1, 0, 0, -1, 38], [0, -1, -1, 10, -1, 11, 0, 4, -1, 0, 0, -1, 38], [0, -1, -1, 10, 2, 11, -1, 4, 1, 0, 0, -1, 38], [0, -1, 15, -1, -1, 11, 0, 4, -1, 0, 0, -1, 38], [0, -1, 15, -1, 2, 11, -1, 4, 1, 0, 0, -1, 38], [0, -1, 12, -1, -1, -1, 0, -1, -1, -1, -1, -1, 38], [0, -1, 12, -1, -1, -1, 0, -1, -1, 0, 0, -1, -1], [0, -1, 12, -1, 2, -1, -1, -1, -1, -1, -1, -1, 38], [0, -1, 12, -1, 2, -1, -1, -1, -1, -1, 0, -1, -1], [0, -1, 12, -1, 2, -1, -1, -1, -1, 0, -1, -1, -1], [0, -1, 9, -1, -1, -1, 5, -1, -1, -1, -1, 0, 38], [0, -1, 9, -1, -1, -1, 5, -1, -1, 0, -1, 0, -1], [0, -1, 9, -1, -1, -1, 5, 4, -1, -1, -1, -1, 38], [0, -1, 9, -1, -1, -1, 5, 4, -1, -1, -1, 0, -1], [0, -1, 9, -1, -1, -1, 5, 4, -1, 0, -1, -1, -1], [0, -1, 9, -1, -1, 3, 0, -1, -1, 0, -1, 0, -1], [0, -1, 9, -1, 2, -1, -1, -1, 0, -1, -1, 0, 38], [0, -1, 9, -1, 2, -1, -1, -1, 0, 0, -1, -1, 38], [0, -1, 9, -1, 2, -1, -1, -1, 0, 0, -1, 0, -1], [0, -1, 9, -1, 2, -1, -1, 4, 0, -1, -1, -1, 38], [0, -1, 9, -1, 2, -1, -1, 4, 0, -1, -1, 0, -1], [0, -1, 9, -1, 2, -1, -1, 4, 0, 0, -1, -1, -1], [0, -1, 9, -1, 2, -1, 5, -1, -1, -1, 0, 0, -1], [0, -1, 9, -1, 2, -1, 5, -1, -1, 0, -1, -1, 38], [0, -1, 9, -1, 2, -1, 5, -1, 0, -1, -1, -1, 38], [0, -1, 9, -1, 2, -1, 5, -1, 0, -1, -1, 0, -1], [0, -1, 9, -1, 2, -1, 5, 4, -1, -1, -1, -1, -1], [0, -1, 9, -1, 2, 3, -1, -1, -1, -1, -1, 0, -1], [0, -1, 9, -1, 2, 3, -1, -1, -1, 0, 0, -1, 38], [0, 2, -1, -1, -1, 3, 0, -1, -1, 0, 0, 1, 38], [0, 2, -1, -1, 2, 3, -1, 4, 1, 0, 0, 1, 38], [0, 2, -1, 14, 2, -1, -1, -1, -1, -1, -1, -1, -1], [0, 2, 12, -1, 2, -1, -1, -1, -1, -1, -1, -1, -1]]
