overall accuracy: 0.9040290124275795
execution time
0.05 11.314878940582275
0.1 18.442836046218872
0.15 18.11282730102539
0.2 17.036771059036255
0.25 13.82574725151062
0.3 12.378436088562012


number of calculations
0.05 68690.0
0.1 104564.0
0.15 104340.0
0.2 96768.0
0.25 85691.0
0.3 78990.0


number of patterns found
0.05 238 
 [[-1, -1, -1, -1, -1, -1, -1, 10, -1], [-1, -1, -1, -1, -1, -1, -1, 3, 0], [-1, -1, -1, -1, -1, -1, 5, -1, -1], [-1, -1, -1, -1, -1, -1, 0, -1, -1], [-1, -1, -1, -1, -1, 5, -1, 3, -1], [-1, -1, -1, -1, -1, 4, -1, 13, -1], [-1, -1, -1, -1, -1, 4, -1, 11, -1], [-1, -1, -1, -1, -1, 4, -1, 9, -1], [-1, -1, -1, -1, -1, 4, -1, 3, -1], [-1, -1, -1, -1, -1, 3, -1, -1, 0], [-1, -1, -1, -1, -1, 3, -1, 11, -1], [-1, -1, -1, -1, -1, 3, -1, 4, -1], [-1, -1, -1, -1, -1, 3, 1, 3, -1], [-1, -1, -1, -1, -1, 1, -1, 12, -1], [-1, -1, -1, -1, -1, 1, -1, 9, 0], [-1, -1, -1, -1, -1, 1, -1, 3, -1], [-1, -1, -1, -1, -1, 1, -1, 2, 0], [-1, -1, -1, -1, -1, 0, -1, 9, -1], [-1, -1, -1, -1, -1, 0, -1, 3, -1], [-1, -1, -1, -1, -1, 0, -1, 2, -1], [-1, -1, -1, -1, 1, -1, -1, 11, -1], [-1, -1, -1, -1, 1, -1, -1, 9, 0], [-1, -1, -1, -1, 1, -1, -1, 3, -1], [-1, -1, -1, -1, 1, 5, -1, -1, 0], [-1, -1, -1, -1, 1, 4, -1, 7, 0], [-1, -1, -1, -1, 1, 3, -1, -1, -1], [-1, -1, -1, -1, 1, 1, -1, -1, -1], [-1, -1, -1, -1, 1, 0, -1, -1, -1], [-1, -1, -1, -1, 0, 1, 1, 9, -1], [-1, -1, -1, 4, -1, 1, -1, 2, -1], [-1, -1, -1, 4, -1, 0, -1, -1, 0], [-1, -1, -1, 4, 1, -1, -1, 12, 0], [-1, -1, -1, 4, 1, -1, 4, 13, -1], [-1, -1, -1, 4, 1, -1, 4, 9, -1], [-1, -1, -1, 4, 1, 5, -1, 9, -1], [-1, -1, -1, 2, -1, -1, -1, 9, 0], [-1, -1, -1, 2, -1, -1, 4, 3, -1], [-1, -1, -1, 2, -1, 4, -1, -1, -1], [-1, -1, -1, 2, 1, -1, -1, 9, -1], [-1, -1, -1, 1, -1, -1, -1, 12, -1], [-1, -1, -1, 1, -1, -1, -1, 9, -1], [-1, -1, -1, 1, -1, -1, -1, 3, -1], [-1, -1, -1, 1, -1, 4, -1, -1, -1], [-1, -1, -1, 1, -1, 1, -1, -1, -1], [-1, -1, -1, 1, -1, 0, -1, -1, -1], [-1, -1, 6, -1, -1, -1, -1, 3, -1], [-1, -1, 6, -1, 1, -1, 4, -1, -1], [-1, -1, 6, -1, 1, 2, 1, -1, -1], [-1, -1, 6, 4, -1, -1, 1, 9, 0], [-1, -1, 6, 4, 1, -1, -1, -1, -1], [-1, -1, 5, -1, -1, -1, 1, 9, -1], [-1, -1, 5, 4, 0, -1, -1, 9, -1], [-1, -1, 4, -1, -1, 3, -1, 3, -1], [-1, -1, 3, -1, -1, -1, -1, 3, -1], [-1, -1, 2, -1, -1, -1, -1, -1, -1], [-1, -1, 0, -1, -1, 3, 1, -1, -1], [-1, -1, 0, -1, -1, 2, 1, 3, -1], [-1, -1, 0, -1, -1, 1, 1, 9, -1], [-1, -1, 0, -1, 1, -1, 4, 9, -1], [-1, -1, 0, -1, 1, 5, 1, -1, -1], [-1, -1, 0, 4, 1, 2, 1, 0, -1], [-1, 15, -1, -1, -1, -1, -1, 13, 0], [-1, 15, -1, -1, -1, -1, -1, 3, -1], [-1, 15, -1, -1, -1, 4, -1, -1, -1], [-1, 15, -1, -1, -1, 3, -1, -1, -1], [-1, 15, -1, -1, 1, -1, -1, 13, -1], [-1, 15, -1, -1, 1, -1, -1, 12, 0], [-1, 15, -1, -1, 1, -1, -1, 9, -1], [-1, 15, -1, 4, -1, -1, -1, 13, -1], [-1, 15, -1, 4, -1, 1, -1, -1, -1], [-1, 15, -1, 4, 1, -1, -1, 12, -1], [-1, 15, -1, 4, 1, -1, 4, -1, 0], [-1, 15, -1, 2, -1, 2, -1, 2, -1], [-1, 15, -1, 2, 1, -1, -1, 2, 0], [-1, 15, 0, -1, 1, -1, -1, 0, -1], [-1, 15, 0, -1, 1, -1, 4, -1, -1], [-1, 14, -1, 4, 1, -1, 1, -1, 0], [-1, 14, -1, 4, 1, 2, -1, -1, 0], [-1, 14, 4, -1, -1, 2, -1, 9, 0], [-1, 14, 4, -1, 1, -1, -1, -1, 0], [-1, 14, 4, -1, 1, -1, -1, 9, -1], [-1, 14, 4, -1, 1, -1, 1, -1, -1], [-1, 14, 4, 4, -1, -1, -1, 9, 0], [-1, 14, 4, 4, -1, -1, 1, -1, 0], [-1, 14, 4, 4, -1, 2, -1, -1, -1], [-1, 14, 4, 4, 1, -1, -1, -1, -1], [-1, 12, -1, -1, -1, -1, -1, -1, 0], [-1, 12, -1, -1, -1, -1, -1, 0, -1], [-1, 12, -1, -1, -1, -1, 1, 11, -1], [-1, 12, -1, -1, -1, 2, 1, -1, -1], [-1, 12, -1, -1, -1, 1, -1, -1, -1], [-1, 12, -1, -1, 1, -1, -1, 9, -1], [-1, 12, -1, 4, -1, 5, -1, -1, -1], [-1, 12, -1, 2, -1, -1, -1, 9, -1], [-1, 12, -1, 1, -1, -1, -1, -1, -1], [-1, 12, 4, -1, -1, 2, -1, 3, -1], [-1, 12, 4, -1, 1, 2, -1, -1, -1], [-1, 12, 4, 4, 1, -1, 1, -1, -1], [-1, 12, 0, -1, -1, -1, 4, 9, -1], [-1, 12, 0, -1, 0, -1, 1, -1, -1], [-1, 12, 0, 4, -1, -1, 1, 3, -1], [-1, 12, 0, 4, 0, -1, -1, 3, -1], [-1, 11, -1, -1, -1, 3, -1, -1, -1], [-1, 11, -1, -1, -1, 1, -1, 2, -1], [-1, 11, -1, -1, 1, -1, -1, 9, -1], [-1, 11, -1, 4, -1, 0, -1, -1, -1], [-1, 11, -1, 4, 1, 5, -1, -1, -1], [-1, 11, -1, 4, 1, 2, -1, 12, -1], [-1, 10, -1, -1, -1, -1, -1, -1, -1], [-1, 9, -1, -1, -1, -1, -1, 13, 0], [-1, 9, -1, -1, -1, -1, -1, 11, -1], [-1, 9, -1, -1, -1, -1, -1, 6, -1], [-1, 9, -1, -1, -1, -1, -1, 2, -1], [-1, 9, -1, -1, -1, 5, -1, -1, -1], [-1, 9, -1, -1, -1, 4, -1, -1, -1], [-1, 9, -1, -1, -1, 3, 1, -1, -1], [-1, 9, -1, -1, -1, 1, -1, -1, 0], [-1, 9, -1, -1, -1, 1, 1, 9, -1], [-1, 9, -1, -1, -1, 0, -1, -1, -1], [-1, 9, -1, -1, 1, -1, -1, -1, 0], [-1, 9, -1, -1, 1, 2, -1, 0, -1], [-1, 9, -1, -1, 0, -1, 4, 3, -1], [-1, 9, -1, -1, 0, 1, 1, -1, -1], [-1, 9, -1, 2, -1, -1, -1, 3, -1], [-1, 9, -1, 2, -1, -1, 1, -1, -1], [-1, 9, -1, 2, -1, 2, -1, 9, -1], [-1, 9, -1, 2, 1, -1, -1, -1, -1], [-1, 9, -1, 2, 0, -1, 4, -1, 0], [-1, 9, -1, 1, 1, -1, -1, -1, -1], [-1, 9, 6, 4, -1, -1, -1, -1, 0], [-1, 9, 5, -1, -1, -1, 1, -1, -1], [-1, 9, 3, -1, -1, -1, -1, -1, -1], [-1, 9, 0, -1, -1, -1, -1, -1, 0], [-1, 9, 0, -1, -1, -1, -1, 3, -1], [-1, 9, 0, -1, -1, -1, 1, -1, -1], [-1, 9, 0, -1, -1, 2, -1, -1, -1], [-1, 9, 0, -1, 1, -1, -1, -1, -1], [-1, 9, 0, 2, -1, -1, -1, -1, -1], [-1, 8, -1, -1, -1, -1, -1, 11, 0], [-1, 8, -1, -1, -1, 5, -1, -1, -1], [-1, 8, -1, -1, -1, 2, -1, 2, -1], [-1, 8, -1, -1, -1, 1, -1, -1, -1], [-1, 8, -1, -1, 1, -1, -1, -1, -1], [-1, 8, -1, 4, -1, -1, -1, 11, -1], [-1, 7, -1, -1, -1, -1, -1, 12, 0], [-1, 7, -1, -1, -1, -1, -1, 3, -1], [-1, 7, -1, -1, -1, -1, -1, 2, 0], [-1, 7, -1, -1, -1, 4, -1, -1, -1], [-1, 7, -1, -1, -1, 2, -1, 2, -1], [-1, 7, -1, -1, -1, 0, -1, -1, -1], [-1, 7, -1, -1, 1, -1, -1, -1, -1], [-1, 7, -1, 4, -1, -1, -1, 12, -1], [-1, 7, -1, 4, -1, -1, -1, 2, -1], [-1, 7, -1, 4, -1, 1, -1, -1, -1], [-1, 0, -1, -1, -1, -1, -1, 13, -1], [2, -1, -1, -1, -1, -1, -1, 12, -1], [2, -1, -1, -1, -1, -1, -1, 11, 0], [2, -1, -1, -1, -1, -1, -1, 9, -1], [2, -1, -1, -1, -1, -1, -1, 3, -1], [2, -1, -1, -1, -1, -1, -1, 2, -1], [2, -1, -1, -1, -1, 5, -1, -1, -1], [2, -1, -1, -1, -1, 4, 4, -1, -1], [2, -1, -1, -1, -1, 3, -1, -1, -1], [2, -1, -1, -1, -1, 2, -1, 13, 0], [2, -1, -1, -1, -1, 1, -1, -1, 0], [2, -1, -1, -1, 1, -1, -1, -1, -1], [2, -1, -1, 4, -1, -1, -1, 13, 0], [2, -1, -1, 4, -1, 2, -1, 13, -1], [2, -1, -1, 4, -1, 1, -1, -1, -1], [2, -1, -1, 1, -1, -1, -1, -1, -1], [2, -1, 0, -1, -1, 1, 1, -1, -1], [2, -1, 0, 4, -1, 4, -1, -1, -1], [2, 15, -1, -1, -1, -1, -1, -1, -1], [2, 12, -1, -1, -1, -1, -1, -1, -1], [2, 11, -1, -1, -1, -1, -1, 13, 0], [2, 11, -1, -1, -1, -1, -1, 6, -1], [2, 11, -1, -1, -1, 2, -1, 13, -1], [2, 9, -1, -1, -1, -1, -1, -1, 0], [2, 9, -1, -1, -1, -1, 4, -1, -1], [2, 9, -1, -1, -1, 2, -1, 0, -1], [2, 9, -1, -1, -1, 2, 1, -1, -1], [2, 9, -1, -1, -1, 1, -1, -1, -1], [2, 9, -1, -1, 0, -1, -1, -1, -1], [2, 9, -1, 2, -1, -1, -1, -1, -1], [2, 9, 0, -1, -1, -1, -1, -1, -1], [2, 8, -1, -1, -1, -1, -1, -1, 0], [2, 7, -1, -1, -1, -1, -1, -1, -1], [1, -1, -1, -1, -1, -1, -1, 13, 0], [1, -1, -1, -1, -1, -1, -1, 11, -1], [1, -1, -1, -1, -1, -1, -1, 9, 0], [1, -1, -1, -1, -1, 4, -1, -1, 0], [1, -1, -1, -1, -1, 3, -1, 3, -1], [1, -1, -1, -1, -1, 3, 1, -1, -1], [1, -1, -1, -1, -1, 2, 3, 9, -1], [1, -1, -1, -1, -1, 2, 1, 3, -1], [1, -1, -1, -1, -1, 1, -1, -1, 0], [1, -1, -1, -1, -1, 1, -1, 13, -1], [1, -1, -1, -1, -1, 1, -1, 9, -1], [1, -1, -1, -1, -1, 0, -1, -1, -1], [1, -1, -1, -1, 1, -1, -1, -1, 0], [1, -1, -1, -1, 1, -1, -1, 12, -1], [1, -1, -1, -1, 1, -1, -1, 9, -1], [1, -1, -1, -1, 1, -1, -1, 0, -1], [1, -1, -1, -1, 1, 5, -1, -1, -1], [1, -1, -1, -1, 0, -1, 1, 9, -1], [1, -1, -1, -1, 0, 1, 1, -1, -1], [1, -1, -1, 4, -1, -1, -1, 13, -1], [1, -1, -1, 4, -1, 1, -1, -1, -1], [1, -1, -1, 2, -1, -1, -1, 9, -1], [1, -1, -1, 2, -1, -1, -1, 3, -1], [1, -1, -1, 2, -1, 1, 1, -1, -1], [1, -1, 6, -1, -1, -1, 1, -1, 0], [1, -1, 4, -1, -1, -1, -1, 9, -1], [1, -1, 4, 2, -1, 1, -1, -1, -1], [1, 15, -1, -1, -1, -1, -1, 13, -1], [1, 15, -1, -1, -1, -1, -1, 2, 0], [1, 15, -1, -1, -1, 1, -1, -1, -1], [1, 15, -1, -1, 1, -1, -1, -1, -1], [1, 15, -1, 4, -1, -1, -1, -1, 0], [1, 15, 6, -1, -1, -1, -1, -1, -1], [1, 14, 4, 4, -1, -1, -1, -1, 0], [1, 12, -1, -1, -1, -1, 1, -1, -1], [1, 12, -1, -1, -1, 2, -1, 9, -1], [1, 12, -1, -1, 1, 4, -1, -1, -1], [1, 12, 4, -1, -1, -1, -1, -1, -1], [1, 11, -1, -1, -1, -1, -1, 9, -1], [1, 9, -1, -1, -1, -1, -1, -1, -1], [1, 8, -1, -1, -1, -1, -1, -1, -1], [1, 7, -1, -1, -1, -1, -1, -1, 0], [1, 7, -1, -1, -1, -1, -1, 12, -1], [1, 7, -1, -1, -1, -1, -1, 9, -1], [1, 7, -1, -1, -1, -1, -1, 2, -1], [1, 7, -1, 4, -1, -1, -1, -1, -1], [1, 2, -1, 4, 1, 2, -1, -1, -1], [0, 14, -1, -1, -1, -1, -1, -1, 0], [0, 14, -1, -1, 1, -1, -1, -1, -1], [0, 14, -1, 4, -1, -1, -1, -1, -1], [0, 12, -1, -1, 1, 2, -1, -1, -1]]
0.1 471 
 [[-1, -1, -1, -1, -1, -1, 5, 12, 0], [-1, -1, -1, -1, -1, -1, 5, 0, -1], [-1, -1, -1, -1, -1, -1, 0, 12, 0], [-1, -1, -1, -1, -1, -1, 0, 11, 0], [-1, -1, -1, -1, -1, -1, 0, 10, -1], [-1, -1, -1, -1, -1, -1, 0, 0, 0], [-1, -1, -1, -1, -1, 5, -1, 3, 0], [-1, -1, -1, -1, -1, 5, 5, -1, -1], [-1, -1, -1, -1, -1, 5, 0, -1, 0], [-1, -1, -1, -1, -1, 5, 0, 3, -1], [-1, -1, -1, -1, -1, 4, 0, 9, 0], [-1, -1, -1, -1, -1, 4, 0, 7, 0], [-1, -1, -1, -1, -1, 3, -1, 4, 0], [-1, -1, -1, -1, -1, 3, 0, 11, -1], [-1, -1, -1, -1, -1, 3, 0, 4, -1], [-1, -1, -1, -1, -1, 2, 0, 0, -1], [-1, -1, -1, -1, -1, 1, -1, 10, -1], [-1, -1, -1, -1, -1, 1, 5, 9, 0], [-1, -1, -1, -1, -1, 1, 0, -1, 0], [-1, -1, -1, -1, -1, 1, 0, 9, -1], [-1, -1, -1, -1, -1, 1, 0, 3, -1], [-1, -1, -1, -1, -1, 0, -1, 2, 0], [-1, -1, -1, -1, -1, 0, 5, -1, -1], [-1, -1, -1, -1, -1, 0, 0, -1, 0], [-1, -1, -1, -1, -1, 0, 0, 2, -1], [-1, -1, -1, -1, 1, 5, -1, 3, -1], [-1, -1, -1, -1, 1, 3, -1, 11, 0], [-1, -1, -1, -1, 1, 1, -1, 3, 0], [-1, -1, -1, -1, 1, 0, -1, 3, 0], [-1, -1, -1, -1, 1, 0, -1, 2, -1], [-1, -1, -1, 4, -1, 2, 5, 12, -1], [-1, -1, -1, 4, -1, 2, 5, 11, -1], [-1, -1, -1, 4, -1, 2, 0, 11, -1], [-1, -1, -1, 4, -1, 1, 0, -1, -1], [-1, -1, -1, 4, -1, 0, -1, 2, -1], [-1, -1, -1, 4, -1, 0, 0, 0, -1], [-1, -1, -1, 4, 1, 1, -1, 3, -1], [-1, -1, -1, 2, -1, -1, 5, -1, 0], [-1, -1, -1, 2, -1, -1, 0, 9, -1], [-1, -1, -1, 2, -1, -1, 0, 3, 0], [-1, -1, -1, 2, -1, -1, 0, 2, 0], [-1, -1, -1, 2, -1, 2, 0, 2, -1], [-1, -1, -1, 2, 1, 2, -1, 9, 0], [-1, -1, -1, 1, -1, -1, 0, -1, 0], [-1, -1, -1, 1, -1, -1, 0, 9, -1], [-1, -1, -1, 1, -1, -1, 0, 3, -1], [-1, -1, -1, 1, -1, 4, -1, -1, 0], [-1, -1, -1, 1, -1, 4, 0, -1, -1], [-1, -1, -1, 1, -1, 2, -1, 3, 0], [-1, -1, -1, 1, -1, 2, 0, -1, -1], [-1, -1, -1, 1, -1, 1, -1, -1, 0], [-1, -1, -1, 1, 1, -1, -1, 3, -1], [-1, -1, 6, -1, -1, 2, 1, 3, -1], [-1, -1, 6, -1, 1, -1, 4, -1, 0], [-1, -1, 6, -1, 0, -1, 1, 3, 0], [-1, -1, 2, -1, -1, -1, -1, 12, 0], [-1, -1, 2, -1, -1, -1, -1, 11, 0], [-1, -1, 2, -1, -1, -1, -1, 10, -1], [-1, -1, 2, -1, -1, -1, -1, 0, -1], [-1, -1, 2, -1, -1, 5, -1, -1, 0], [-1, -1, 2, -1, -1, 5, -1, 3, -1], [-1, -1, 2, -1, -1, 4, -1, 9, 0], [-1, -1, 2, -1, -1, 4, -1, 7, 0], [-1, -1, 2, -1, -1, 3, -1, 11, -1], [-1, -1, 2, -1, -1, 3, -1, 4, -1], [-1, -1, 2, -1, -1, 1, -1, -1, 0], [-1, -1, 2, -1, -1, 0, -1, -1, 0], [-1, -1, 2, -1, -1, 0, -1, 3, -1], [-1, -1, 2, -1, -1, 0, -1, 2, -1], [-1, -1, 2, -1, 1, 1, -1, 3, -1], [-1, -1, 2, -1, 0, 5, -1, -1, -1], [-1, -1, 2, -1, 0, 2, -1, 12, -1], [-1, -1, 2, -1, 0, 0, -1, -1, -1], [-1, -1, 2, 4, -1, 2, -1, 11, -1], [-1, -1, 2, 4, -1, 1, -1, 3, -1], [-1, -1, 2, 4, -1, 1, -1, 2, -1], [-1, -1, 2, 2, -1, -1, -1, 9, -1], [-1, -1, 2, 2, -1, -1, -1, 2, 0], [-1, -1, 2, 2, -1, 4, -1, -1, -1], [-1, -1, 2, 2, -1, 2, -1, 2, -1], [-1, -1, 2, 2, 1, -1, -1, 3, 0], [-1, -1, 2, 1, -1, -1, -1, 9, -1], [-1, -1, 2, 1, -1, -1, -1, 3, -1], [-1, -1, 2, 1, -1, 4, -1, -1, -1], [-1, -1, 2, 1, 1, -1, -1, -1, 0], [-1, -1, 0, -1, -1, 1, 1, 9, -1], [-1, -1, 0, -1, 1, 3, 1, -1, 0], [-1, 15, -1, -1, -1, -1, 0, -1, 0], [-1, 15, -1, -1, -1, -1, 0, 13, -1], [-1, 15, -1, -1, -1, -1, 0, 12, -1], [-1, 15, -1, -1, -1, -1, 0, 11, -1], [-1, 15, -1, -1, -1, -1, 0, 3, -1], [-1, 15, -1, -1, -1, -1, 0, 0, -1], [-1, 15, -1, -1, -1, 4, -1, 11, 0], [-1, 15, -1, -1, -1, 4, -1, 3, -1], [-1, 15, -1, -1, -1, 4, 0, -1, -1], [-1, 15, -1, -1, -1, 3, -1, 3, -1], [-1, 15, -1, -1, -1, 1, 0, -1, -1], [-1, 15, -1, -1, -1, 0, 0, -1, -1], [-1, 15, -1, -1, 1, -1, -1, 3, 0], [-1, 15, -1, -1, 1, 4, -1, 11, -1], [-1, 15, -1, -1, 1, 1, -1, -1, -1], [-1, 15, -1, 4, -1, -1, 5, -1, 0], [-1, 15, -1, 4, -1, 1, -1, 3, -1], [-1, 15, 2, -1, -1, -1, -1, -1, 0], [-1, 15, 2, -1, -1, -1, -1, 13, -1], [-1, 15, 2, -1, -1, -1, -1, 12, -1], [-1, 15, 2, -1, -1, -1, -1, 11, -1], [-1, 15, 2, -1, -1, 4, -1, -1, -1], [-1, 15, 2, -1, -1, 1, -1, -1, -1], [-1, 15, 2, -1, -1, 0, -1, -1, -1], [-1, 15, 2, -1, 1, -1, -1, 3, -1], [-1, 15, 2, 1, 1, 2, -1, -1, -1], [-1, 15, 0, -1, 1, -1, -1, 3, -1], [-1, 15, 0, 4, 1, -1, 4, -1, -1], [-1, 12, -1, -1, -1, -1, 5, -1, 0], [-1, 12, -1, -1, -1, -1, 0, 9, 0], [-1, 12, -1, -1, -1, 2, -1, 0, 0], [-1, 12, -1, -1, -1, 1, 5, -1, -1], [-1, 12, -1, -1, 1, -1, -1, 0, 0], [-1, 12, -1, -1, 1, 2, 1, 3, 0], [-1, 12, -1, -1, 1, 1, -1, 9, 0], [-1, 12, -1, 4, -1, 5, 0, -1, -1], [-1, 12, -1, 4, 1, 2, 1, -1, 0], [-1, 12, -1, 4, 1, 2, 1, 3, -1], [-1, 12, -1, 2, -1, -1, -1, 9, 0], [-1, 12, -1, 1, -1, -1, -1, -1, -1], [-1, 12, 4, -1, -1, 2, 1, 3, 0], [-1, 12, 4, 4, -1, 2, -1, 3, 0], [-1, 12, 4, 4, -1, 2, 1, 3, -1], [-1, 12, 2, -1, -1, -1, -1, 9, 0], [-1, 12, 2, -1, -1, 1, -1, 9, -1], [-1, 12, 2, -1, 0, -1, -1, -1, 0], [-1, 12, 2, 4, -1, 5, -1, -1, -1], [-1, 12, 0, -1, -1, 1, -1, -1, 0], [-1, 11, -1, -1, -1, -1, 5, -1, 0], [-1, 11, -1, -1, -1, -1, 0, 11, -1], [-1, 11, -1, -1, -1, -1, 0, 9, -1], [-1, 11, -1, -1, -1, -1, 0, 3, 0], [-1, 11, -1, -1, -1, 3, -1, 11, -1], [-1, 11, -1, -1, -1, 3, 0, -1, -1], [-1, 11, -1, -1, -1, 2, 5, -1, -1], [-1, 11, -1, -1, -1, 2, 0, 12, -1], [-1, 11, -1, -1, -1, 2, 0, 3, -1], [-1, 11, -1, -1, -1, 1, -1, 2, -1], [-1, 11, -1, -1, -1, 0, 0, -1, -1], [-1, 11, -1, -1, 1, 3, -1, -1, 0], [-1, 11, -1, 4, -1, -1, 5, -1, -1], [-1, 11, -1, 4, -1, -1, 0, 12, -1], [-1, 11, -1, 4, -1, 5, 0, -1, -1], [-1, 11, -1, 4, 1, 0, -1, -1, 0], [-1, 11, -1, 1, -1, -1, 0, -1, -1], [-1, 11, 2, -1, -1, -1, -1, 11, -1], [-1, 11, 2, -1, -1, -1, -1, 9, 0], [-1, 11, 2, -1, -1, -1, -1, 3, 0], [-1, 11, 2, -1, -1, 3, -1, -1, -1], [-1, 11, 2, -1, -1, 2, -1, 12, -1], [-1, 11, 2, -1, -1, 0, -1, -1, -1], [-1, 11, 2, -1, 1, -1, -1, 9, -1], [-1, 11, 2, -1, 1, 2, -1, 3, -1], [-1, 11, 2, 4, -1, 2, -1, 3, -1], [-1, 11, 2, 4, 1, 5, -1, -1, -1], [-1, 11, 2, 4, 0, -1, -1, -1, 0], [-1, 11, 2, 4, 0, 2, -1, -1, -1], [-1, 11, 2, 1, 1, -1, -1, -1, -1], [-1, 10, -1, -1, -1, -1, -1, -1, 0], [-1, 10, -1, -1, -1, -1, 1, -1, -1], [-1, 10, -1, -1, -1, 4, -1, -1, -1], [-1, 10, -1, -1, 1, 2, -1, 9, -1], [-1, 10, -1, -1, 0, -1, -1, -1, -1], [-1, 10, 4, -1, -1, -1, -1, -1, -1], [-1, 10, 0, -1, -1, -1, -1, -1, -1], [-1, 9, -1, -1, -1, -1, -1, 10, 0], [-1, 9, -1, -1, -1, -1, 5, -1, -1], [-1, 9, -1, -1, -1, -1, 4, 11, -1], [-1, 9, -1, -1, -1, -1, 0, 9, 0], [-1, 9, -1, -1, -1, -1, 0, 7, -1], [-1, 9, -1, -1, -1, -1, 0, 2, 0], [-1, 9, -1, -1, -1, 5, 0, -1, -1], [-1, 9, -1, -1, -1, 4, -1, 9, -1], [-1, 9, -1, -1, -1, 4, -1, 2, -1], [-1, 9, -1, -1, -1, 3, -1, 11, 0], [-1, 9, -1, -1, -1, 2, 0, 12, -1], [-1, 9, -1, -1, -1, 2, 0, 2, -1], [-1, 9, -1, -1, -1, 1, -1, 3, -1], [-1, 9, -1, -1, -1, 0, -1, -1, 0], [-1, 9, -1, -1, -1, 0, -1, 3, -1], [-1, 9, -1, -1, -1, 0, 0, 9, -1], [-1, 9, -1, -1, 1, -1, -1, 6, 0], [-1, 9, -1, -1, 1, 5, -1, -1, 0], [-1, 9, -1, -1, 1, 0, 1, -1, -1], [-1, 9, -1, 4, -1, -1, -1, 6, 0], [-1, 9, -1, 4, -1, -1, 0, 2, -1], [-1, 9, -1, 4, -1, -1, 0, 0, -1], [-1, 9, -1, 4, -1, 5, -1, 3, -1], [-1, 9, -1, 4, -1, 0, 1, -1, -1], [-1, 9, -1, 4, 1, -1, -1, 6, -1], [-1, 9, -1, 2, -1, -1, -1, 3, -1], [-1, 9, -1, 2, -1, -1, 0, -1, 0], [-1, 9, -1, 1, -1, -1, -1, 3, -1], [-1, 9, -1, 1, -1, -1, 0, -1, -1], [-1, 9, 2, -1, -1, -1, -1, 9, 0], [-1, 9, 2, -1, -1, -1, -1, 7, -1], [-1, 9, 2, -1, -1, -1, -1, 2, -1], [-1, 9, 2, -1, -1, 5, -1, -1, -1], [-1, 9, 2, -1, -1, 0, -1, -1, -1], [-1, 9, 2, -1, 1, 2, -1, 12, -1], [-1, 9, 2, -1, 1, 1, -1, 9, -1], [-1, 9, 2, -1, 0, -1, -1, -1, -1], [-1, 9, 2, 2, -1, -1, -1, -1, 0], [-1, 9, 2, 2, -1, 2, -1, -1, -1], [-1, 9, 2, 1, -1, -1, -1, -1, -1], [-1, 9, 0, -1, -1, -1, -1, 11, 0], [-1, 9, 0, -1, -1, -1, -1, 3, -1], [-1, 9, 0, -1, -1, 2, -1, 11, -1], [-1, 9, 0, -1, 1, -1, -1, 11, -1], [-1, 9, 0, -1, 1, 2, -1, -1, 0], [-1, 9, 0, 2, -1, -1, -1, -1, -1], [-1, 8, -1, -1, -1, -1, -1, 10, -1], [-1, 8, -1, -1, -1, -1, 0, -1, -1], [-1, 8, -1, -1, -1, 1, -1, -1, -1], [-1, 8, -1, -1, 1, -1, -1, 11, 0], [-1, 8, -1, -1, 1, -1, -1, 9, -1], [-1, 8, -1, -1, 1, -1, -1, 3, 0], [-1, 8, -1, 4, -1, 5, -1, -1, 0], [-1, 8, -1, 4, 1, -1, -1, 11, -1], [-1, 8, 2, -1, -1, -1, -1, -1, 0], [-1, 8, 2, -1, -1, -1, -1, 11, -1], [-1, 8, 2, -1, -1, -1, -1, 3, -1], [-1, 7, -1, -1, -1, -1, -1, 10, -1], [-1, 7, -1, -1, -1, -1, -1, 3, 0], [-1, 7, -1, -1, -1, -1, 5, -1, -1], [-1, 7, -1, -1, -1, -1, 0, -1, -1], [-1, 7, -1, -1, 1, -1, -1, 9, 0], [-1, 7, -1, -1, 1, -1, -1, 3, -1], [-1, 7, -1, -1, 1, 4, -1, -1, 0], [-1, 7, -1, 4, -1, -1, -1, 3, -1], [-1, 7, 2, -1, -1, -1, -1, -1, -1], [-1, 0, -1, -1, -1, 2, 0, 13, -1], [-1, 0, 2, -1, -1, 2, -1, 13, -1], [2, -1, -1, -1, -1, -1, 5, -1, 0], [2, -1, -1, -1, -1, -1, 0, 12, -1], [2, -1, -1, -1, -1, 5, -1, 9, 0], [2, -1, -1, -1, -1, 5, -1, 3, -1], [2, -1, -1, -1, -1, 5, 0, -1, -1], [2, -1, -1, -1, -1, 3, -1, 11, 0], [2, -1, -1, -1, -1, 3, 0, -1, 0], [2, -1, -1, -1, -1, 2, 5, -1, -1], [2, -1, -1, -1, -1, 1, -1, 9, 0], [2, -1, -1, -1, -1, 1, -1, 3, -1], [2, -1, -1, -1, -1, 0, -1, 9, -1], [2, -1, -1, -1, 1, -1, -1, 12, 0], [2, -1, -1, -1, 1, -1, -1, 11, 0], [2, -1, -1, -1, 1, -1, 1, 9, -1], [2, -1, -1, -1, 1, -1, 1, 3, -1], [2, -1, -1, -1, 1, 5, -1, -1, -1], [2, -1, -1, -1, 1, 3, -1, -1, 0], [2, -1, -1, -1, 1, 3, -1, 11, -1], [2, -1, -1, 4, -1, -1, -1, 12, 0], [2, -1, -1, 4, -1, 5, -1, -1, 0], [2, -1, -1, 4, 1, -1, -1, 12, -1], [2, -1, -1, 4, 1, -1, -1, 10, 0], [2, -1, -1, 4, 1, 1, -1, -1, 0], [2, -1, -1, 4, 1, 0, -1, 0, 0], [2, -1, -1, 2, -1, -1, -1, 9, 0], [2, -1, 4, 4, -1, -1, 1, 9, 0], [2, -1, 2, -1, -1, -1, -1, 12, -1], [2, -1, 2, -1, -1, 5, -1, -1, -1], [2, -1, 2, -1, -1, 3, -1, -1, 0], [2, -1, 2, -1, -1, 2, -1, 2, 0], [2, -1, 2, -1, 0, -1, -1, -1, 0], [2, -1, 2, -1, 0, 2, -1, -1, -1], [2, -1, 2, 1, -1, -1, -1, -1, 0], [2, -1, 0, -1, -1, -1, -1, 3, 0], [2, -1, 0, -1, -1, -1, 1, 3, -1], [2, -1, 0, -1, 1, -1, -1, 9, 0], [2, -1, 0, -1, 1, -1, -1, 3, -1], [2, 15, -1, -1, -1, -1, -1, 13, 0], [2, 15, -1, -1, -1, -1, -1, 12, -1], [2, 15, -1, -1, -1, -1, -1, 9, -1], [2, 15, -1, -1, -1, -1, -1, 2, -1], [2, 15, -1, -1, -1, -1, 5, -1, -1], [2, 15, -1, -1, -1, 2, -1, 11, 0], [2, 15, -1, -1, 1, -1, -1, -1, 0], [2, 15, -1, -1, 1, 2, -1, 11, -1], [2, 15, -1, -1, 1, 0, -1, -1, -1], [2, 15, -1, 4, -1, 0, -1, -1, 0], [2, 15, -1, 4, 1, 2, 1, -1, -1], [2, 15, 2, -1, 0, -1, -1, -1, -1], [2, 12, -1, -1, -1, 5, -1, -1, -1], [2, 12, -1, -1, -1, 1, -1, -1, 0], [2, 12, -1, -1, -1, 1, 0, -1, -1], [2, 12, -1, -1, 1, -1, -1, 9, 0], [2, 12, -1, -1, 0, 1, -1, -1, -1], [2, 12, -1, 4, -1, -1, 0, -1, 0], [2, 12, -1, 4, 1, 1, -1, -1, -1], [2, 12, 2, -1, 1, 1, -1, -1, -1], [2, 12, 2, 4, -1, 1, -1, -1, -1], [2, 12, 2, 4, 1, -1, -1, -1, 0], [2, 12, 0, -1, 0, -1, -1, -1, -1], [2, 11, -1, -1, -1, -1, 5, -1, -1], [2, 11, -1, -1, -1, -1, 0, 6, -1], [2, 11, -1, -1, -1, -1, 0, 2, -1], [2, 11, -1, -1, -1, 3, -1, -1, -1], [2, 11, -1, -1, -1, 2, 0, -1, 0], [2, 11, -1, -1, 1, -1, -1, 11, -1], [2, 11, -1, -1, 1, -1, -1, 6, -1], [2, 11, -1, -1, 1, -1, -1, 2, 0], [2, 11, -1, -1, 1, 2, -1, 3, 0], [2, 11, -1, 2, -1, -1, 0, -1, -1], [2, 11, -1, 1, -1, -1, -1, -1, -1], [2, 11, 2, -1, -1, -1, -1, 6, -1], [2, 11, 2, -1, -1, -1, -1, 2, -1], [2, 11, 2, -1, -1, 2, -1, -1, 0], [2, 11, 2, -1, 0, -1, -1, -1, -1], [2, 11, 2, 2, 1, -1, -1, -1, -1], [2, 10, -1, -1, -1, -1, -1, -1, -1], [2, 9, -1, -1, -1, -1, -1, 11, 0], [2, 9, -1, -1, -1, -1, 4, -1, -1], [2, 9, -1, -1, -1, -1, 1, 3, -1], [2, 9, -1, -1, -1, 5, -1, -1, -1], [2, 9, -1, -1, -1, 1, -1, -1, -1], [2, 9, -1, -1, 1, 2, 1, -1, 0], [2, 9, -1, -1, 0, -1, -1, 3, -1], [2, 9, -1, 4, 1, 2, 1, -1, -1], [2, 9, -1, 2, -1, -1, -1, -1, -1], [2, 9, 0, -1, -1, 2, -1, -1, -1], [2, 9, 0, -1, 1, -1, -1, -1, -1], [2, 8, -1, -1, -1, -1, -1, 3, -1], [2, 8, -1, -1, 1, -1, -1, -1, 0], [2, 8, 2, -1, 1, -1, -1, -1, -1], [2, 7, -1, -1, -1, -1, -1, -1, 0], [2, 7, -1, -1, 1, -1, -1, -1, -1], [2, 0, -1, -1, -1, -1, -1, 13, -1], [1, -1, -1, -1, -1, -1, -1, 10, -1], [1, -1, -1, -1, -1, -1, 5, -1, 0], [1, -1, -1, -1, -1, -1, 5, 11, -1], [1, -1, -1, -1, -1, -1, 5, 7, -1], [1, -1, -1, -1, -1, -1, 0, 11, -1], [1, -1, -1, -1, -1, -1, 0, 0, -1], [1, -1, -1, -1, -1, 4, 5, -1, -1], [1, -1, -1, -1, -1, 4, 0, 3, 0], [1, -1, -1, -1, -1, 3, -1, 11, 0], [1, -1, -1, -1, -1, 2, 3, 9, 0], [1, -1, -1, -1, -1, 0, -1, 3, 0], [1, -1, -1, -1, -1, 0, -1, 2, -1], [1, -1, -1, -1, -1, 0, 0, -1, -1], [1, -1, -1, -1, 1, -1, -1, 11, 0], [1, -1, -1, -1, 1, 4, -1, 9, 0], [1, -1, -1, -1, 1, 3, -1, 11, -1], [1, -1, -1, -1, 1, 1, -1, 9, 0], [1, -1, -1, -1, 0, 1, 1, 9, -1], [1, -1, -1, -1, 0, 0, -1, 3, -1], [1, -1, -1, 4, -1, -1, 0, 13, 0], [1, -1, -1, 4, -1, 2, 3, 9, -1], [1, -1, -1, 4, -1, 2, 0, 12, -1], [1, -1, -1, 4, -1, 1, 5, 9, -1], [1, -1, -1, 2, -1, -1, 5, -1, -1], [1, -1, -1, 2, -1, -1, 1, 9, 0], [1, -1, -1, 2, 1, -1, -1, 9, -1], [1, -1, -1, 1, -1, -1, 5, -1, -1], [1, -1, -1, 1, -1, 4, -1, -1, -1], [1, -1, -1, 1, -1, 2, -1, 9, 0], [1, -1, -1, 1, -1, 2, -1, 3, -1], [1, -1, -1, 1, 1, -1, -1, 9, -1], [1, -1, 4, -1, -1, 1, 1, 9, -1], [1, -1, 4, -1, 0, 1, 1, -1, -1], [1, -1, 2, -1, -1, -1, -1, 11, -1], [1, -1, 2, -1, -1, 4, -1, 7, -1], [1, -1, 2, -1, -1, 4, -1, 3, 0], [1, -1, 2, -1, -1, 1, -1, 9, -1], [1, -1, 2, -1, -1, 0, -1, -1, -1], [1, -1, 2, -1, 0, -1, -1, 7, -1], [1, -1, 2, -1, 0, 4, -1, -1, 0], [1, -1, 2, -1, 0, 2, -1, -1, 0], [1, -1, 2, 4, -1, -1, -1, 13, 0], [1, -1, 2, 4, -1, 2, -1, 12, -1], [1, -1, 2, 2, -1, -1, -1, 2, -1], [1, 15, -1, -1, -1, -1, -1, 13, 0], [1, 15, -1, -1, -1, -1, 0, -1, -1], [1, 15, -1, -1, -1, 4, -1, 11, -1], [1, 15, -1, -1, 1, -1, -1, 3, -1], [1, 15, -1, -1, 1, 2, -1, 0, 0], [1, 15, -1, 4, -1, -1, -1, 3, 0], [1, 15, -1, 4, 1, -1, -1, 13, -1], [1, 15, 2, -1, -1, -1, -1, 3, -1], [1, 15, 2, -1, 1, -1, -1, -1, -1], [1, 15, 2, 4, -1, -1, -1, -1, -1], [1, 15, 2, 2, -1, -1, -1, -1, -1], [1, 12, -1, -1, -1, 2, 1, -1, 0], [1, 12, -1, -1, 1, -1, 1, 3, 0], [1, 12, -1, -1, 1, 4, -1, -1, 0], [1, 12, -1, -1, 1, 2, 1, -1, -1], [1, 12, -1, 4, -1, -1, 1, 3, 0], [1, 12, -1, 4, -1, 2, 1, 3, -1], [1, 12, -1, 4, 1, -1, 1, 3, -1], [1, 12, 4, -1, -1, -1, -1, 3, 0], [1, 12, 4, -1, -1, 2, -1, -1, -1], [1, 12, 4, -1, 1, -1, -1, -1, -1], [1, 12, 4, 4, -1, -1, 1, 3, -1], [1, 11, -1, -1, -1, -1, 5, -1, -1], [1, 11, -1, -1, -1, -1, 0, 3, -1], [1, 11, -1, -1, -1, 1, 0, -1, -1], [1, 11, -1, -1, -1, 0, -1, -1, -1], [1, 11, -1, -1, 1, -1, -1, 9, 0], [1, 11, -1, 4, -1, 4, -1, 13, 0], [1, 11, 2, -1, -1, -1, -1, 9, -1], [1, 11, 2, -1, -1, 2, -1, 3, -1], [1, 11, 2, -1, -1, 1, -1, -1, -1], [1, 11, 2, -1, 1, -1, -1, 3, -1], [1, 11, 2, -1, 0, -1, -1, -1, -1], [1, 11, 2, 4, -1, -1, -1, 12, -1], [1, 10, -1, -1, -1, 5, -1, -1, -1], [1, 10, -1, -1, -1, 2, 0, -1, -1], [1, 10, 2, -1, -1, 2, -1, -1, -1], [1, 9, -1, -1, -1, -1, -1, 11, 0], [1, 9, -1, -1, -1, -1, 0, 9, -1], [1, 9, -1, -1, -1, 4, -1, 11, -1], [1, 9, -1, -1, -1, 4, 0, -1, -1], [1, 9, -1, -1, -1, 2, 1, 11, -1], [1, 9, -1, -1, -1, 2, 1, 3, 0], [1, 9, -1, -1, -1, 1, 1, -1, -1], [1, 9, -1, -1, -1, 0, -1, -1, -1], [1, 9, -1, -1, 1, -1, -1, 9, 0], [1, 9, -1, -1, 1, -1, -1, 0, 0], [1, 9, -1, -1, 1, -1, 1, 11, -1], [1, 9, -1, -1, 1, -1, 1, 3, 0], [1, 9, -1, -1, 1, 4, -1, -1, 0], [1, 9, -1, -1, 1, 2, -1, 0, -1], [1, 9, -1, -1, 1, 2, 1, 3, -1], [1, 9, -1, -1, 1, 1, -1, 9, -1], [1, 9, -1, 4, -1, 1, -1, 9, 0], [1, 9, -1, 4, 1, 5, -1, 9, -1], [1, 9, -1, 4, 1, 2, -1, 11, -1], [1, 9, -1, 4, 1, 2, -1, 2, 0], [1, 9, -1, 2, -1, -1, 1, -1, -1], [1, 9, -1, 1, 1, 2, -1, -1, 0], [1, 9, 4, -1, -1, 1, -1, -1, -1], [1, 9, 4, -1, 1, 2, -1, 11, -1], [1, 9, 2, -1, -1, 4, -1, -1, -1], [1, 9, 2, -1, 1, -1, -1, 9, -1], [1, 9, 0, -1, -1, -1, -1, 11, -1], [1, 8, -1, -1, -1, -1, -1, 11, -1], [1, 8, -1, -1, -1, 5, -1, -1, -1], [1, 8, -1, -1, -1, 2, -1, 2, -1], [1, 8, -1, -1, 1, -1, -1, -1, 0], [1, 8, 2, -1, -1, -1, -1, -1, -1], [1, 7, -1, -1, -1, 2, -1, 2, -1], [1, 7, -1, -1, 1, -1, -1, 9, -1], [1, 7, -1, -1, 1, 2, -1, -1, 0], [1, 7, -1, 4, -1, -1, -1, 12, 0], [1, 2, -1, 4, -1, 2, 0, -1, -1], [0, -1, -1, -1, -1, -1, 5, 9, -1], [0, -1, -1, -1, -1, -1, 5, 3, -1], [0, -1, -1, -1, -1, -1, 0, 9, 0], [0, -1, -1, -1, -1, -1, 0, 3, -1], [0, -1, -1, -1, -1, 1, 0, -1, -1], [0, -1, -1, 4, -1, -1, 0, 0, -1], [0, -1, -1, 1, -1, -1, 0, -1, -1], [0, -1, 2, -1, -1, -1, -1, 9, 0], [0, -1, 2, -1, -1, -1, -1, 3, -1], [0, -1, 2, -1, -1, 5, -1, -1, -1], [0, -1, 2, -1, -1, 4, -1, 2, -1], [0, -1, 2, -1, 0, -1, -1, 9, -1], [0, -1, 2, 1, -1, -1, -1, -1, -1], [0, 14, -1, -1, 1, -1, -1, -1, -1], [0, 12, -1, -1, -1, -1, 0, -1, -1], [0, 12, -1, 4, 1, 2, -1, -1, 0], [0, 12, 2, -1, -1, -1, -1, -1, -1], [0, 9, -1, -1, -1, -1, 0, -1, 0], [0, 9, 2, -1, -1, -1, -1, -1, -1]]
0.15 270 
 [[-1, -1, -1, -1, -1, 5, 5, -1, 0], [-1, -1, -1, -1, -1, 5, 0, 3, 0], [-1, -1, -1, -1, -1, 3, 0, 11, 0], [-1, -1, -1, -1, -1, 3, 0, 4, -1], [-1, -1, -1, -1, -1, 2, 5, 0, 0], [-1, -1, -1, -1, -1, 1, 0, 10, -1], [-1, -1, -1, -1, -1, 0, 0, 3, 0], [-1, -1, -1, 4, -1, 5, 5, -1, -1], [-1, -1, -1, 4, -1, 5, 0, 3, -1], [-1, -1, -1, 4, -1, 2, 5, 0, -1], [-1, -1, -1, 2, -1, -1, 0, 9, 0], [-1, -1, -1, 1, -1, -1, 0, 3, 0], [-1, -1, -1, 1, -1, 2, 0, 9, 0], [-1, -1, -1, 1, -1, 2, 0, 3, -1], [-1, -1, -1, 1, 1, 2, -1, 3, 0], [-1, -1, 2, -1, -1, 5, -1, 3, -1], [-1, -1, 2, -1, -1, 3, -1, 4, -1], [-1, -1, 2, -1, -1, 2, 5, 0, -1], [-1, -1, 2, -1, -1, 1, -1, 10, 0], [-1, -1, 2, -1, -1, 0, -1, 3, 0], [-1, -1, 2, -1, -1, 0, 5, -1, 0], [-1, -1, 2, -1, 1, 3, -1, 11, 0], [-1, -1, 2, -1, 0, 2, -1, 0, 0], [-1, -1, 2, 4, -1, 1, -1, 10, -1], [-1, -1, 2, 4, 0, 5, -1, -1, 0], [-1, -1, 2, 4, 0, 2, -1, 0, -1], [-1, -1, 2, 2, -1, -1, -1, 9, 0], [-1, -1, 2, 2, -1, 4, -1, -1, -1], [-1, -1, 2, 1, -1, -1, -1, 3, 0], [-1, -1, 2, 1, -1, 2, -1, 3, -1], [-1, -1, 2, 1, 1, 2, -1, 9, 0], [-1, 15, -1, -1, -1, -1, 5, 0, 0], [-1, 15, -1, -1, -1, -1, 0, 11, 0], [-1, 15, -1, -1, -1, -1, 0, 10, 0], [-1, 15, -1, -1, -1, 4, -1, 3, -1], [-1, 15, -1, -1, -1, 2, 0, 0, -1], [-1, 15, -1, -1, -1, 1, 0, -1, 0], [-1, 15, -1, 4, -1, -1, 0, 12, 0], [-1, 15, -1, 4, -1, 3, -1, 3, 0], [-1, 15, -1, 4, -1, 1, -1, 10, -1], [-1, 15, -1, 4, -1, 1, 0, -1, -1], [-1, 15, 2, -1, -1, -1, -1, 0, 0], [-1, 15, 2, -1, -1, 4, -1, 11, 0], [-1, 15, 2, -1, -1, 1, -1, -1, 0], [-1, 15, 2, -1, -1, 1, -1, 10, -1], [-1, 15, 2, -1, 1, -1, -1, 11, 0], [-1, 15, 2, 4, -1, -1, -1, 11, 0], [-1, 15, 2, 4, -1, -1, -1, 10, 0], [-1, 15, 2, 4, -1, 1, -1, -1, -1], [-1, 15, 2, 4, 1, -1, -1, 12, 0], [-1, 15, 0, 4, 1, -1, -1, 3, 0], [-1, 12, -1, 1, -1, 2, -1, -1, 0], [-1, 12, 2, 4, -1, 5, -1, -1, 0], [-1, 11, -1, -1, -1, -1, 5, 0, -1], [-1, 11, -1, -1, -1, 3, 0, -1, 0], [-1, 11, -1, -1, -1, 3, 0, 11, -1], [-1, 11, -1, -1, -1, 1, 0, 2, -1], [-1, 11, -1, -1, -1, 0, 0, -1, 0], [-1, 11, -1, -1, 1, 3, -1, 11, 0], [-1, 11, -1, 4, -1, 2, 0, 12, 0], [-1, 11, 2, -1, -1, 3, -1, 11, -1], [-1, 11, 2, -1, -1, 1, -1, 2, -1], [-1, 11, 2, -1, -1, 0, -1, -1, 0], [-1, 11, 2, -1, 1, 3, -1, -1, 0], [-1, 11, 2, -1, 0, -1, -1, 0, -1], [-1, 10, -1, -1, -1, -1, 1, -1, -1], [-1, 10, -1, -1, -1, 4, -1, -1, 0], [-1, 10, -1, -1, 0, -1, -1, -1, 0], [-1, 10, 4, -1, -1, -1, -1, -1, -1], [-1, 9, -1, -1, -1, 5, 0, -1, 0], [-1, 9, -1, -1, -1, 5, 0, 9, -1], [-1, 9, -1, -1, -1, 5, 0, 3, -1], [-1, 9, -1, -1, -1, 4, -1, 9, 0], [-1, 9, -1, -1, -1, 4, 0, 9, -1], [-1, 9, -1, -1, -1, 2, 0, 0, 0], [-1, 9, -1, -1, -1, 1, -1, 3, -1], [-1, 9, -1, -1, -1, 0, -1, 3, -1], [-1, 9, -1, -1, 1, 5, -1, 3, 0], [-1, 9, -1, -1, 1, 4, -1, 9, -1], [-1, 9, -1, 4, -1, -1, 0, 0, 0], [-1, 9, -1, 4, -1, 5, 0, -1, -1], [-1, 9, -1, 2, -1, -1, -1, 3, -1], [-1, 9, -1, 1, -1, -1, 0, -1, 0], [-1, 9, 2, -1, -1, 5, -1, -1, 0], [-1, 9, 2, -1, -1, 4, -1, 9, -1], [-1, 9, 2, -1, -1, 3, -1, 11, 0], [-1, 9, 2, -1, -1, 2, -1, 0, -1], [-1, 9, 2, -1, 1, 5, -1, 9, -1], [-1, 9, 2, 4, -1, 5, -1, -1, -1], [-1, 9, 2, 4, 1, -1, -1, 0, 0], [-1, 9, 2, 1, 1, 2, -1, -1, 0], [-1, 9, 0, -1, -1, 2, -1, 11, 0], [-1, 9, 0, -1, -1, 2, -1, 3, 0], [-1, 9, 0, -1, -1, 2, 1, 3, -1], [-1, 9, 0, -1, 1, -1, -1, 11, 0], [-1, 9, 0, -1, 0, -1, 1, 3, 0], [-1, 9, 0, 4, 1, -1, -1, 11, -1], [-1, 8, -1, -1, -1, -1, -1, 10, -1], [-1, 8, -1, -1, -1, -1, 0, 11, 0], [-1, 8, -1, -1, -1, -1, 0, 9, 0], [-1, 8, -1, -1, -1, -1, 0, 3, 0], [-1, 8, -1, -1, -1, 1, 0, -1, -1], [-1, 8, -1, -1, 1, 1, -1, -1, -1], [-1, 8, -1, 4, -1, 1, -1, -1, -1], [-1, 8, 2, -1, -1, -1, -1, 11, 0], [-1, 8, 2, -1, -1, 2, -1, 3, 0], [-1, 8, 2, -1, -1, 1, -1, -1, -1], [-1, 8, 2, -1, 1, -1, -1, 9, 0], [-1, 8, 2, -1, 1, -1, -1, 3, 0], [-1, 7, -1, -1, -1, -1, 0, 3, -1], [-1, 7, -1, -1, -1, 2, 0, 11, 0], [-1, 7, -1, -1, -1, 2, 0, 2, 0], [-1, 7, -1, -1, 1, -1, -1, 3, 0], [-1, 7, -1, 4, -1, 2, 0, 2, -1], [-1, 7, 2, -1, -1, -1, -1, 9, 0], [-1, 7, 2, -1, -1, -1, -1, 3, -1], [-1, 7, 2, -1, -1, 2, -1, 2, 0], [-1, 7, 2, -1, 1, 2, -1, 11, 0], [-1, 7, 2, 4, -1, 2, -1, 2, -1], [2, -1, -1, -1, -1, -1, 5, 0, -1], [2, -1, -1, -1, -1, 5, -1, 3, -1], [2, -1, -1, -1, -1, 1, -1, 10, 0], [2, -1, -1, -1, -1, 1, 0, 3, 0], [2, -1, -1, -1, 1, 3, -1, 11, 0], [2, -1, -1, -1, 1, 2, 1, 9, 0], [2, -1, -1, -1, 1, 2, 1, 3, -1], [2, -1, -1, -1, 1, 1, -1, 10, -1], [2, -1, -1, -1, 1, 1, -1, 3, 0], [2, -1, -1, 4, -1, -1, 0, 12, 0], [2, -1, -1, 4, -1, 1, -1, 10, -1], [2, -1, -1, 4, -1, 1, -1, 3, 0], [2, -1, 2, -1, -1, 3, -1, 11, 0], [2, -1, 2, -1, -1, 1, -1, 3, 0], [2, -1, 2, -1, 0, -1, -1, 0, -1], [2, -1, 2, 4, -1, -1, -1, 12, 0], [2, -1, 0, -1, 1, -1, -1, 3, -1], [2, 15, -1, -1, -1, -1, -1, 12, 0], [2, 15, -1, -1, -1, -1, -1, 9, -1], [2, 15, -1, -1, -1, -1, 0, 2, 0], [2, 15, -1, -1, 1, 1, -1, -1, -1], [2, 15, -1, 4, -1, -1, -1, 12, -1], [2, 15, -1, 4, -1, -1, 0, 2, -1], [2, 15, 2, -1, -1, -1, -1, 2, 0], [2, 15, 2, 4, -1, -1, -1, 2, -1], [2, 12, -1, -1, -1, 5, -1, -1, -1], [2, 12, -1, 4, -1, 1, 0, -1, 0], [2, 12, 2, 4, -1, 1, -1, -1, 0], [2, 11, -1, -1, -1, -1, 0, 6, 0], [2, 11, -1, -1, -1, 3, 0, -1, -1], [2, 11, -1, -1, -1, 2, 5, -1, 0], [2, 11, -1, -1, 1, 3, -1, -1, 0], [2, 11, -1, 4, -1, -1, 5, -1, 0], [2, 11, -1, 4, -1, 3, -1, -1, 0], [2, 11, -1, 4, -1, 2, 5, -1, -1], [2, 11, -1, 1, -1, -1, -1, -1, -1], [2, 11, 2, -1, -1, -1, -1, 6, -1], [2, 11, 2, -1, -1, 3, -1, -1, 0], [2, 11, 2, -1, 1, 3, -1, -1, -1], [2, 11, 2, 4, 0, -1, -1, -1, 0], [2, 11, 2, 4, 0, 2, -1, -1, -1], [2, 10, -1, -1, -1, 2, -1, -1, 0], [2, 10, -1, -1, 1, -1, -1, 9, 0], [2, 10, -1, 4, -1, -1, -1, -1, 0], [2, 9, -1, -1, -1, -1, 1, 3, 0], [2, 9, -1, -1, -1, 5, -1, -1, -1], [2, 9, 2, -1, -1, 1, -1, -1, 0], [2, 9, 0, -1, -1, -1, -1, 3, -1], [2, 9, 0, -1, 1, -1, -1, -1, 0], [2, 7, -1, -1, -1, -1, 0, -1, -1], [2, 7, -1, -1, 1, -1, -1, -1, 0], [2, 7, 2, -1, -1, -1, -1, -1, -1], [1, -1, -1, -1, -1, -1, 5, 0, -1], [1, -1, -1, -1, -1, -1, 0, 10, 0], [1, -1, -1, -1, -1, 2, 0, 10, -1], [1, -1, -1, -1, -1, 1, -1, 10, 0], [1, -1, -1, -1, 1, 0, -1, 2, 0], [1, -1, -1, -1, 0, -1, -1, 10, -1], [1, -1, -1, 4, -1, 2, 5, 11, 0], [1, -1, -1, 4, -1, 0, -1, 2, -1], [1, -1, -1, 2, 1, -1, -1, 9, 0], [1, -1, 2, -1, -1, -1, -1, 10, 0], [1, -1, 2, -1, -1, 4, -1, 7, -1], [1, -1, 2, -1, -1, 2, -1, 10, -1], [1, -1, 2, -1, -1, 2, -1, 0, -1], [1, -1, 2, -1, 0, -1, -1, 0, -1], [1, -1, 2, 4, 0, 2, -1, 11, 0], [1, -1, 2, 2, -1, -1, -1, 9, -1], [1, 15, -1, -1, -1, -1, 0, 10, -1], [1, 15, -1, -1, -1, -1, 0, 3, 0], [1, 15, -1, -1, 1, 3, -1, 3, 0], [1, 15, -1, 4, -1, 2, 0, 13, 0], [1, 15, -1, 4, 1, -1, -1, 10, 0], [1, 15, -1, 4, 1, -1, -1, 3, 0], [1, 15, -1, 4, 1, 1, -1, -1, 0], [1, 15, -1, 2, -1, -1, 0, -1, 0], [1, 15, 2, -1, -1, -1, -1, 11, 0], [1, 15, 2, -1, -1, -1, -1, 10, -1], [1, 15, 2, -1, 1, -1, -1, 3, 0], [1, 15, 2, 4, -1, 2, -1, 13, 0], [1, 15, 2, 4, -1, 2, -1, 11, -1], [1, 15, 2, 2, 1, -1, -1, -1, 0], [1, 12, -1, 4, -1, 2, 1, 3, 0], [1, 12, -1, 4, 1, 2, 1, -1, 0], [1, 12, -1, 1, -1, -1, -1, -1, 0], [1, 12, -1, 1, -1, 2, -1, -1, -1], [1, 12, 4, -1, -1, 2, -1, 9, 0], [1, 12, 4, -1, -1, 2, -1, 3, -1], [1, 12, 4, -1, -1, 2, 1, -1, 0], [1, 12, 4, -1, 1, 2, -1, -1, -1], [1, 12, 4, 4, -1, -1, 1, 3, 0], [1, 12, 2, -1, -1, 1, -1, 9, 0], [1, 11, -1, -1, -1, -1, 0, 11, 0], [1, 11, -1, -1, -1, 2, 0, 0, 0], [1, 11, -1, -1, -1, 1, -1, 10, -1], [1, 11, -1, -1, -1, 0, 0, -1, -1], [1, 11, -1, -1, 1, 0, -1, -1, -1], [1, 11, 2, -1, -1, -1, -1, 0, -1], [1, 11, 2, -1, -1, 0, -1, -1, -1], [1, 11, 2, -1, 1, -1, -1, 11, 0], [1, 11, 2, 4, -1, 2, -1, 11, 0], [1, 11, 2, 4, 1, 2, -1, 3, 0], [1, 9, -1, -1, -1, 4, -1, 9, -1], [1, 9, -1, -1, -1, 2, 0, 0, -1], [1, 9, -1, -1, -1, 1, 1, -1, 0], [1, 9, -1, -1, -1, 1, 1, 9, -1], [1, 9, -1, -1, -1, 1, 0, 9, 0], [1, 9, -1, -1, 1, -1, 1, 11, 0], [1, 9, -1, -1, 1, 2, 1, 11, -1], [1, 9, -1, -1, 0, 1, 1, -1, -1], [1, 9, -1, 4, 1, -1, 1, 11, -1], [1, 9, -1, 4, 1, 2, -1, 0, 0], [1, 9, 4, -1, -1, 1, -1, 9, -1], [1, 9, 4, -1, -1, 1, 1, -1, -1], [1, 9, 2, -1, -1, -1, -1, 0, 0], [1, 9, 2, -1, -1, 0, -1, -1, 0], [1, 9, 2, -1, 1, 1, -1, 9, 0], [1, 9, 2, 4, -1, -1, -1, 2, 0], [1, 9, 2, 1, -1, 2, -1, -1, 0], [1, 8, -1, -1, -1, 2, 0, 2, -1], [1, 8, -1, -1, -1, 1, -1, -1, -1], [1, 8, -1, -1, 1, -1, -1, 11, -1], [1, 8, 2, -1, -1, 2, -1, 2, 0], [1, 8, 2, -1, 1, 2, -1, 2, -1], [1, 7, -1, -1, -1, -1, 5, -1, 0], [1, 7, -1, -1, -1, -1, 0, 2, 0], [1, 7, -1, -1, -1, 2, 0, -1, 0], [1, 7, -1, -1, -1, 2, 0, 2, -1], [1, 7, -1, 4, -1, -1, 5, -1, -1], [1, 7, -1, 4, -1, -1, 0, 2, -1], [1, 7, 2, -1, -1, -1, -1, 2, 0], [1, 7, 2, -1, -1, 2, -1, -1, 0], [1, 7, 2, -1, -1, 2, -1, 2, -1], [1, 7, 2, -1, 0, -1, -1, -1, 0], [1, 7, 2, 4, -1, -1, -1, 2, -1], [1, 7, 2, 4, 0, -1, -1, -1, -1], [0, -1, -1, -1, -1, -1, 5, 9, 0], [0, -1, -1, -1, -1, -1, 5, 3, -1], [0, -1, -1, -1, -1, -1, 0, 3, 0], [0, -1, -1, 1, -1, -1, 0, -1, -1], [0, -1, 2, -1, 0, -1, -1, 9, 0], [0, -1, 2, 4, -1, 5, -1, -1, 0], [0, -1, 2, 4, 0, -1, -1, 3, -1], [0, -1, 2, 1, 1, -1, -1, -1, -1], [0, 15, -1, -1, -1, -1, 0, 11, -1], [0, 15, 2, -1, 1, -1, -1, 11, -1], [0, 12, -1, -1, -1, -1, 0, -1, -1], [0, 12, 2, -1, -1, -1, -1, -1, -1], [0, 9, -1, -1, -1, -1, 5, -1, -1], [0, 9, 2, -1, -1, -1, -1, 3, -1], [0, 9, 2, -1, 0, -1, -1, -1, -1]]
0.2 70 
 [[-1, -1, 2, -1, -1, 5, -1, 3, 0], [-1, 15, -1, -1, -1, 1, 0, 10, 0], [-1, 15, -1, -1, 1, 4, -1, 3, -1], [-1, 15, -1, 4, -1, 4, 0, 3, -1], [-1, 15, -1, 4, -1, 1, 0, -1, 0], [-1, 15, 2, 4, -1, 4, -1, 3, -1], [-1, 15, 2, 4, -1, 1, -1, 10, 0], [-1, 15, 2, 4, 1, 1, -1, -1, 0], [-1, 11, -1, -1, -1, 3, 0, 11, 0], [-1, 11, -1, 4, -1, 2, 5, 0, -1], [-1, 11, 2, -1, 1, 3, -1, 11, 0], [-1, 11, 2, 4, -1, -1, 5, 0, 0], [-1, 10, -1, -1, -1, -1, 1, -1, -1], [-1, 10, 4, -1, -1, -1, -1, -1, -1], [-1, 9, -1, -1, -1, 4, 0, 9, 0], [-1, 9, -1, -1, 1, 0, -1, 3, 0], [-1, 9, 2, -1, 1, 4, -1, 9, 0], [-1, 9, 2, 4, 1, 2, -1, 0, 0], [-1, 9, 0, -1, -1, 2, 1, 3, 0], [-1, 8, -1, -1, -1, -1, -1, 10, -1], [-1, 8, -1, -1, -1, 1, 0, -1, -1], [-1, 8, -1, -1, 1, 1, -1, -1, 0], [-1, 8, -1, 4, 1, 1, -1, -1, -1], [-1, 8, 2, -1, -1, 1, -1, -1, -1], [-1, 7, -1, -1, -1, -1, 0, 3, 0], [-1, 7, 2, -1, 1, -1, -1, 3, 0], [2, -1, -1, -1, -1, -1, 5, 0, 0], [2, -1, -1, -1, -1, 5, -1, 3, -1], [2, -1, -1, -1, -1, 2, 5, 0, -1], [2, -1, -1, 4, 1, 2, 1, 3, -1], [2, -1, 2, -1, 0, -1, -1, 0, 0], [2, -1, 2, -1, 0, 2, -1, 0, -1], [2, -1, 0, 4, 1, -1, -1, 3, 0], [2, 15, -1, -1, 1, -1, -1, 9, 0], [2, 11, -1, -1, -1, -1, 5, 0, -1], [2, 11, 2, -1, 0, -1, -1, 0, -1], [2, 9, -1, -1, -1, 5, -1, -1, 0], [2, 7, -1, -1, -1, -1, 0, -1, 0], [2, 7, 2, -1, -1, -1, -1, -1, 0], [1, -1, -1, -1, -1, 2, 5, 0, 0], [1, -1, -1, -1, 0, -1, -1, 10, -1], [1, -1, -1, 4, -1, 2, 5, 0, -1], [1, -1, 2, -1, -1, 2, -1, 10, 0], [1, -1, 2, -1, 0, 2, -1, 0, 0], [1, -1, 2, 4, 0, 2, -1, 0, -1], [1, -1, 2, 2, -1, -1, -1, 9, 0], [1, 15, -1, -1, -1, 4, -1, 3, -1], [1, 12, 4, -1, 1, 2, 1, -1, 0], [1, 12, 4, 4, 1, 2, -1, -1, 0], [1, 12, 4, 4, 1, 2, 1, -1, -1], [1, 11, -1, -1, -1, -1, 5, 0, -1], [1, 11, -1, -1, -1, 0, 0, -1, -1], [1, 11, 2, -1, -1, 0, -1, -1, -1], [1, 11, 2, -1, 0, 2, -1, 0, -1], [1, 11, 2, 4, 0, -1, -1, 0, -1], [1, 9, -1, -1, -1, 2, 0, 0, 0], [1, 9, -1, -1, -1, 0, -1, 3, 0], [1, 9, -1, -1, 1, 4, -1, 9, -1], [1, 9, -1, -1, 1, 2, 1, 11, 0], [1, 9, 2, -1, -1, 2, -1, 0, 0], [1, 7, -1, -1, -1, 2, 0, 2, -1], [1, 7, 2, -1, -1, 2, -1, 2, 0], [1, 7, 2, 4, -1, 2, -1, 2, -1], [0, -1, -1, 1, -1, -1, 0, -1, -1], [0, -1, 2, 1, 1, -1, -1, -1, 0], [0, 12, 2, -1, -1, -1, -1, -1, 0], [0, 12, 2, -1, -1, 2, -1, -1, -1], [0, 9, -1, 4, -1, -1, 5, -1, 0], [0, 9, 2, 4, -1, -1, 5, -1, -1], [0, 9, 2, 4, 0, -1, -1, -1, 0]]
0.25 8 
 [[-1, 10, -1, -1, -1, -1, 1, -1, 0], [-1, 10, -1, -1, 0, -1, 1, -1, -1], [-1, 8, -1, -1, -1, 1, 0, -1, -1], [-1, 8, -1, 4, -1, -1, -1, 10, 0], [-1, 8, 2, -1, -1, 1, -1, -1, -1], [2, -1, 2, -1, 0, 2, -1, 0, 0], [1, 11, -1, 4, -1, 2, 5, 0, -1], [1, 11, 2, 4, 0, 2, -1, 0, -1]]
0.3 2 
 [[-1, 10, -1, -1, 0, -1, 1, -1, 0], [-1, 8, 2, -1, -1, 1, -1, -1, 0]]
