execution time
10 10.168544054031372 334.99440002441406
20 6.59066424369812 351.4213791847229
30 7.6551368713378904 468.23826842308046
40 8.073274040222168 629.616397857666
50 9.769751596450806 755.510980796814
60 8.541513586044312 693.8042625427246
70 5.953029346466065 500.4871615886688
80 4.253338575363159 408.4160991191864
90 3.3541790008544923 330.84982986450194
100 2.8606058597564696 320.37783179283144


number of calculations
10 37627.0 685439.0
20 25680.0 685439.0
30 19902.0 685439.0
40 16148.0 685439.0
50 14293.0 685439.0
60 13010.0 685439.0
70 11939.0 685439.0
80 10851.0 685439.0
90 9872.0 685439.0
100 9140.0 685439.0


number of patterns found
10 71 
 [[-1, 15, -1, -1, -1, 5, 5], [-1, 15, -1, -1, 0, 3, 1], [-1, 15, 6, -1, 1, 2, 1], [-1, 15, 2, -1, 0, 5, -1], [-1, 14, -1, 1, -1, -1, 1], [-1, 14, 4, 4, 1, 4, 1], [-1, 11, -1, 2, -1, 5, 0], [-1, 11, -1, 2, -1, 3, -1], [-1, 11, 2, 2, -1, 5, -1], [-1, 10, -1, -1, -1, 1, 1], [-1, 10, 4, -1, 0, 2, 1], [-1, 9, -1, 0, -1, -1, -1], [-1, 9, 3, 4, 1, 2, 1], [-1, 9, 2, 4, 1, -1, 2], [-1, 8, -1, 4, -1, 1, 0], [-1, 8, -1, 2, -1, -1, 0], [-1, 8, 2, -1, -1, 1, -1], [-1, 8, 2, 2, 1, -1, -1], [-1, 2, -1, -1, -1, 4, 0], [-1, 2, 2, -1, -1, 4, -1], [-1, 0, -1, -1, -1, 3, 0], [-1, 0, 2, -1, 1, 3, -1], [-1, 0, 0, -1, 1, -1, 4], [2, -1, 4, -1, 1, 4, -1], [2, 15, -1, -1, -1, 2, 5], [2, 15, 2, -1, 0, 2, -1], [2, 12, -1, -1, -1, 5, -1], [2, 12, -1, -1, -1, 1, 0], [2, 12, 2, -1, -1, 1, -1], [2, 9, -1, -1, 1, 1, -1], [1, -1, -1, 2, -1, 5, 0], [1, -1, -1, 2, -1, 3, 0], [1, -1, 5, -1, -1, 0, 4], [1, -1, 2, 2, -1, 5, -1], [1, -1, 2, 2, 1, 3, -1], [1, 15, -1, 2, -1, 0, 0], [1, 15, -1, 2, 1, 5, -1], [1, 15, -1, 0, 1, 2, -1], [1, 15, 2, 2, -1, 0, -1], [1, 14, -1, 4, 1, -1, 4], [1, 12, 3, -1, -1, -1, -1], [1, 12, 0, -1, 1, 2, 4], [1, 10, 4, -1, -1, 2, 1], [1, 10, 4, -1, 1, 2, -1], [1, 10, 0, -1, -1, -1, 1], [1, 10, 0, 4, 0, -1, -1], [1, 9, -1, -1, -1, 5, 5], [1, 9, -1, -1, 0, 2, 2], [1, 9, -1, -1, 0, 0, 4], [1, 9, -1, 4, -1, 2, 2], [1, 9, -1, 4, 0, -1, 2], [1, 9, 5, 2, 0, -1, -1], [1, 9, 4, 1, 0, -1, -1], [1, 9, 2, -1, 0, 5, -1], [1, 8, 2, 2, -1, -1, -1], [1, 0, -1, -1, 1, -1, 4], [0, -1, -1, 4, -1, 5, 5], [0, -1, 2, 4, 1, -1, 1], [0, -1, 2, 2, -1, 4, -1], [0, -1, 2, 1, -1, 3, -1], [0, 14, 4, 1, -1, -1, -1], [0, 12, -1, -1, -1, 4, 0], [0, 12, 2, -1, -1, 4, -1], [0, 10, -1, 1, -1, 2, -1], [0, 9, -1, -1, -1, 0, 0], [0, 9, -1, 1, -1, 0, -1], [0, 9, 5, 4, 1, 2, 1], [0, 9, 2, -1, -1, 0, -1], [0, 9, 2, -1, 1, -1, 2], [0, 9, 2, 4, -1, -1, 2], [0, 8, -1, -1, -1, 1, 0]]
20 14 
 [[-1, 9, -1, 0, -1, -1, -1], [-1, 8, -1, 4, -1, 1, 0], [-1, 8, -1, 2, -1, -1, 0], [-1, 8, 2, -1, -1, 1, -1], [-1, 8, 2, 2, 1, -1, -1], [1, -1, -1, 2, -1, 5, 0], [1, -1, 2, 2, -1, 5, -1], [1, 10, 0, -1, -1, -1, 1], [1, 8, 2, 2, -1, -1, -1], [0, -1, -1, 4, -1, 5, 5], [0, 12, 2, -1, -1, 4, -1], [0, 9, -1, -1, -1, 0, 0], [0, 9, 2, -1, -1, 0, -1], [0, 8, -1, -1, -1, 1, 0]]
30 8 
 [[-1, 8, -1, 4, -1, 1, 0], [-1, 8, -1, 2, -1, -1, 0], [-1, 8, 2, -1, -1, 1, -1], [-1, 8, 2, 2, 1, -1, -1], [1, -1, 2, 2, -1, 5, -1], [0, -1, -1, 4, -1, 5, 5], [0, 9, -1, -1, -1, 0, 0], [0, 9, 2, -1, -1, 0, -1]]
40 5 
 [[-1, 8, -1, 4, -1, 1, 0], [-1, 8, 2, -1, -1, 1, -1], [0, -1, -1, 4, -1, 5, 5], [0, 9, -1, -1, -1, 0, 0], [0, 9, 2, -1, -1, 0, -1]]
50 1 
 [[-1, 8, 2, -1, -1, 1, -1]]
60 0 
 []
70 0 
 []
80 0 
 []
90 0 
 []
100 0 
 []
