overall accuracy: 0.808058024855159
execution time
10 2.8049569129943848
20 2.107858896255493
30 1.6660821437835693
40 1.3260691165924072
50 1.212021827697754
60 1.1108191013336182
70 1.0018749237060547
80 0.9611620903015137
90 0.8491618633270264
100 0.8295619487762451


number of calculations
10 33124.0
20 22876.0
30 18866.0
40 15967.0
50 13922.0
60 12438.0
70 11176.0
80 10235.0
90 9420.0
100 8686.0


number of patterns found
10 217 
 [[-1, -1, -1, -1, -1, 5, 5], [-1, -1, -1, -1, -1, 0, 5], [-1, -1, -1, 2, -1, 4, 0], [-1, -1, -1, 2, -1, 3, -1], [-1, -1, -1, 2, -1, 1, 5], [-1, -1, -1, 1, -1, 4, -1], [-1, -1, -1, 1, -1, 2, 0], [-1, -1, -1, 1, -1, 1, 0], [-1, -1, -1, 1, 1, 1, -1], [-1, -1, 3, -1, -1, 4, 1], [-1, -1, 2, -1, 0, 0, -1], [-1, -1, 2, 2, -1, 4, -1], [-1, -1, 2, 2, 0, 1, -1], [-1, -1, 2, 1, -1, 1, -1], [-1, -1, 1, -1, -1, -1, 5], [-1, -1, 1, -1, 0, -1, -1], [-1, 15, -1, -1, -1, 4, 5], [-1, 15, -1, -1, -1, 1, 0], [-1, 15, -1, 4, 1, 1, -1], [-1, 15, -1, 2, -1, -1, 5], [-1, 15, 2, -1, -1, 5, -1], [-1, 15, 2, -1, -1, 1, -1], [-1, 15, 2, -1, 0, 4, -1], [-1, 15, 2, 3, -1, 2, -1], [-1, 15, 2, 2, 0, -1, -1], [-1, 15, 2, 1, 1, 2, -1], [-1, 14, 4, 4, 1, 2, 1], [-1, 12, -1, -1, -1, 3, 1], [-1, 12, -1, 4, -1, 5, 0], [-1, 12, -1, 1, -1, -1, -1], [-1, 12, 4, -1, 1, 4, -1], [-1, 12, 3, -1, -1, -1, -1], [-1, 12, 2, 4, -1, 5, -1], [-1, 12, 0, -1, -1, 1, 1], [-1, 12, 0, 2, -1, -1, -1], [-1, 11, -1, -1, -1, 3, 0], [-1, 11, -1, -1, -1, 1, 5], [-1, 11, -1, -1, -1, 0, 0], [-1, 11, -1, 4, -1, -1, 5], [-1, 11, -1, 4, -1, 5, 0], [-1, 11, -1, 1, -1, -1, 0], [-1, 11, 2, -1, -1, 3, -1], [-1, 11, 2, -1, -1, 0, -1], [-1, 11, 2, -1, 0, 1, -1], [-1, 11, 2, 4, -1, 5, -1], [-1, 11, 2, 4, 0, 2, -1], [-1, 10, -1, -1, -1, -1, 1], [-1, 10, -1, -1, -1, 4, -1], [-1, 10, -1, -1, -1, 3, -1], [-1, 10, -1, -1, -1, 1, -1], [-1, 10, -1, -1, 0, -1, -1], [-1, 10, -1, 1, -1, -1, -1], [-1, 10, 4, -1, -1, -1, -1], [-1, 10, 0, -1, -1, -1, -1], [-1, 9, -1, -1, -1, 5, 0], [-1, 9, -1, -1, -1, 1, 0], [-1, 9, -1, -1, 1, 0, 1], [-1, 9, -1, 4, -1, 4, 5], [-1, 9, -1, 4, -1, 0, 1], [-1, 9, -1, 1, -1, -1, 0], [-1, 9, -1, 1, -1, 0, -1], [-1, 9, 6, -1, 1, -1, -1], [-1, 9, 4, 4, 1, 0, -1], [-1, 9, 3, -1, 1, -1, -1], [-1, 9, 2, -1, -1, 5, -1], [-1, 9, 2, -1, -1, 0, -1], [-1, 9, 2, -1, 1, 1, -1], [-1, 9, 2, -1, 0, 4, -1], [-1, 9, 2, 4, -1, 2, 5], [-1, 9, 2, 1, -1, -1, -1], [-1, 9, 0, -1, -1, 1, 1], [-1, 9, 0, -1, 1, 2, 4], [-1, 9, 0, 2, -1, -1, -1], [-1, 9, 0, 1, -1, 2, -1], [-1, 8, -1, -1, -1, -1, 0], [-1, 8, -1, -1, 1, 5, -1], [-1, 8, -1, -1, 1, 1, -1], [-1, 8, -1, 4, -1, 1, -1], [-1, 8, 4, -1, -1, 1, 1], [-1, 8, 2, -1, -1, 5, -1], [-1, 8, 2, -1, -1, 1, -1], [-1, 8, 2, -1, 1, -1, -1], [-1, 8, 2, 1, -1, -1, -1], [-1, 7, -1, -1, -1, -1, 5], [-1, 7, -1, -1, -1, -1, 0], [-1, 7, -1, -1, 1, 4, -1], [-1, 7, -1, -1, 0, 0, -1], [-1, 7, 2, -1, -1, -1, -1], [-1, 6, 2, 2, -1, -1, -1], [-1, 0, -1, 2, -1, -1, 0], [-1, 0, 2, 2, -1, -1, -1], [2, -1, -1, -1, -1, 1, 5], [2, -1, -1, -1, 1, 5, 1], [2, -1, -1, 2, -1, -1, 5], [2, -1, -1, 1, -1, -1, 4], [2, -1, -1, 1, -1, 1, -1], [2, -1, 4, -1, -1, 5, -1], [2, -1, 2, -1, 0, 1, -1], [2, -1, 2, 2, 0, -1, -1], [2, 15, -1, -1, -1, 5, 0], [2, 15, -1, -1, -1, 0, 0], [2, 15, -1, -1, 1, 5, -1], [2, 15, -1, -1, 1, 1, -1], [2, 15, 4, -1, 1, -1, 1], [2, 15, 4, 4, 1, 2, -1], [2, 15, 2, -1, 1, 0, -1], [2, 15, 2, 4, -1, 0, -1], [2, 15, 2, 2, -1, -1, -1], [2, 12, -1, -1, -1, 5, -1], [2, 12, -1, -1, 0, 1, 1], [2, 12, -1, 4, -1, 1, 0], [2, 12, 2, 4, 1, 1, -1], [2, 12, 0, -1, -1, 1, -1], [2, 12, 0, -1, 0, -1, 4], [2, 11, -1, -1, -1, -1, 5], [2, 11, -1, -1, -1, 5, 0], [2, 11, -1, -1, 1, 5, -1], [2, 11, -1, -1, 1, 3, -1], [2, 11, -1, 1, -1, -1, -1], [2, 11, 2, -1, -1, 5, -1], [2, 11, 2, -1, 0, -1, -1], [2, 11, 2, 4, -1, 2, -1], [2, 10, -1, -1, 1, 2, -1], [2, 9, -1, -1, -1, 5, -1], [2, 9, -1, -1, -1, 0, 0], [2, 9, -1, -1, 1, -1, 4], [2, 9, -1, -1, 1, 1, -1], [2, 9, -1, -1, 1, 0, -1], [2, 9, -1, 4, -1, -1, 5], [2, 9, -1, 4, -1, 1, -1], [2, 9, -1, 2, -1, -1, -1], [2, 9, -1, 1, -1, -1, -1], [2, 9, 2, -1, -1, 1, -1], [2, 9, 2, 4, 0, -1, -1], [2, 9, 0, -1, -1, -1, 4], [2, 9, 0, -1, 1, 2, -1], [2, 8, -1, -1, 1, 4, -1], [2, 8, -1, 4, 1, -1, -1], [2, 8, 2, 4, -1, -1, -1], [2, 7, -1, -1, -1, 1, -1], [2, 7, -1, -1, 1, -1, -1], [1, -1, -1, -1, 0, 3, 1], [1, -1, -1, 4, -1, 1, 0], [1, -1, -1, 2, -1, 4, 1], [1, -1, -1, 2, -1, 0, 0], [1, -1, -1, 2, 0, 4, -1], [1, -1, -1, 1, -1, -1, 5], [1, -1, -1, 1, -1, 0, -1], [1, -1, 6, -1, 1, -1, -1], [1, -1, 2, 4, -1, 2, 3], [1, -1, 2, 4, 1, -1, 3], [1, -1, 2, 4, 1, 1, -1], [1, -1, 2, 2, -1, 0, -1], [1, 15, -1, -1, 1, 1, -1], [1, 15, -1, 4, -1, 2, 0], [1, 15, -1, 2, -1, -1, 0], [1, 15, 6, -1, -1, 2, -1], [1, 15, 2, 4, 1, 2, -1], [1, 15, 2, 2, -1, -1, -1], [1, 12, -1, -1, -1, 1, 5], [1, 12, -1, -1, 1, 2, 1], [1, 12, -1, 4, -1, -1, 3], [1, 12, -1, 2, -1, -1, 0], [1, 12, 4, -1, -1, 2, 1], [1, 12, 4, -1, 1, 2, -1], [1, 12, 4, 4, -1, 2, -1], [1, 12, 4, 4, 1, -1, -1], [1, 12, 2, -1, 0, 1, -1], [1, 12, 2, 2, -1, -1, -1], [1, 11, -1, -1, -1, -1, 5], [1, 11, -1, -1, 1, 0, -1], [1, 11, -1, 4, -1, 0, -1], [1, 11, -1, 0, -1, 2, 0], [1, 11, 2, -1, 0, 2, -1], [1, 11, 2, 4, -1, 1, -1], [1, 11, 2, 4, 0, -1, -1], [1, 11, 2, 0, -1, 2, -1], [1, 9, -1, -1, -1, 3, 1], [1, 9, -1, -1, -1, 1, 1], [1, 9, -1, -1, -1, 0, -1], [1, 9, -1, 3, -1, -1, -1], [1, 9, 6, 4, -1, -1, -1], [1, 9, 4, -1, -1, 1, -1], [1, 9, 3, -1, 0, 2, -1], [1, 9, 2, -1, 1, 4, -1], [1, 9, 2, 4, -1, 4, -1], [1, 8, -1, -1, -1, 5, -1], [1, 8, -1, -1, -1, 1, -1], [1, 8, -1, 1, -1, -1, -1], [1, 8, 2, -1, -1, -1, -1], [1, 7, -1, -1, -1, 4, -1], [1, 4, -1, -1, -1, 4, 0], [1, 4, -1, -1, 1, 4, -1], [1, 4, 2, -1, -1, 4, -1], [1, 2, -1, 4, -1, 2, 0], [0, -1, -1, -1, -1, 1, 0], [0, -1, -1, 1, -1, -1, 0], [0, -1, 2, -1, -1, 5, -1], [0, -1, 2, -1, 1, 1, -1], [0, -1, 2, -1, 0, 4, -1], [0, -1, 2, 1, -1, -1, -1], [0, 15, -1, -1, -1, 4, 0], [0, 15, 2, -1, -1, 4, -1], [0, 14, -1, -1, 1, -1, 1], [0, 14, -1, 4, -1, -1, 0], [0, 14, -1, 4, 1, -1, -1], [0, 14, 4, -1, 1, 2, -1], [0, 14, 2, 4, -1, -1, -1], [0, 12, -1, -1, -1, -1, 5], [0, 12, -1, -1, -1, -1, 0], [0, 12, 2, -1, -1, -1, -1], [0, 10, -1, -1, -1, -1, -1], [0, 9, -1, -1, -1, -1, 5], [0, 9, 2, -1, -1, -1, -1], [0, 8, -1, -1, -1, -1, 5], [0, 2, -1, -1, -1, -1, 0], [0, 2, 2, 4, -1, -1, -1]]
20 139 
 [[-1, -1, -1, -1, -1, 5, 5], [-1, -1, -1, -1, -1, 0, 5], [-1, -1, -1, 2, -1, 4, 0], [-1, -1, -1, 1, -1, 4, -1], [-1, -1, -1, 1, -1, 2, 0], [-1, -1, -1, 1, 1, 1, -1], [-1, -1, 2, -1, 0, 0, -1], [-1, -1, 2, 2, -1, 4, -1], [-1, 15, -1, -1, -1, 4, 5], [-1, 15, -1, -1, -1, 1, 0], [-1, 15, -1, 4, 1, 1, -1], [-1, 15, 2, -1, -1, 5, -1], [-1, 15, 2, -1, -1, 1, -1], [-1, 15, 2, -1, 0, 4, -1], [-1, 15, 2, 1, 1, 2, -1], [-1, 12, -1, 4, -1, 5, 0], [-1, 12, -1, 1, -1, -1, -1], [-1, 12, 2, 4, -1, 5, -1], [-1, 12, 0, -1, -1, 1, 1], [-1, 11, -1, -1, -1, 3, 0], [-1, 11, -1, -1, -1, 0, 0], [-1, 11, -1, 4, -1, -1, 5], [-1, 11, -1, 4, -1, 5, 0], [-1, 11, -1, 1, -1, -1, 0], [-1, 11, 2, -1, -1, 3, -1], [-1, 11, 2, -1, -1, 0, -1], [-1, 11, 2, 4, -1, 5, -1], [-1, 11, 2, 4, 0, 2, -1], [-1, 10, -1, -1, -1, -1, 1], [-1, 10, -1, -1, -1, 4, -1], [-1, 10, -1, -1, -1, 3, -1], [-1, 10, -1, -1, 0, -1, -1], [-1, 10, -1, 1, -1, -1, -1], [-1, 10, 4, -1, -1, -1, -1], [-1, 10, 0, -1, -1, -1, -1], [-1, 9, -1, -1, -1, 5, 0], [-1, 9, -1, -1, -1, 1, 0], [-1, 9, -1, -1, 1, 0, 1], [-1, 9, -1, 4, -1, 4, 5], [-1, 9, -1, 4, -1, 0, 1], [-1, 9, -1, 1, -1, -1, 0], [-1, 9, 2, -1, -1, 5, -1], [-1, 9, 2, -1, -1, 0, -1], [-1, 9, 2, -1, 1, 1, -1], [-1, 9, 2, -1, 0, 4, -1], [-1, 9, 2, 4, -1, 2, 5], [-1, 9, 2, 1, -1, -1, -1], [-1, 9, 0, -1, 1, 2, 4], [-1, 9, 0, 2, -1, -1, -1], [-1, 8, -1, -1, -1, -1, 0], [-1, 8, -1, -1, 1, 5, -1], [-1, 8, -1, -1, 1, 1, -1], [-1, 8, -1, 4, -1, 1, -1], [-1, 8, 2, -1, -1, 1, -1], [-1, 8, 2, -1, 1, -1, -1], [-1, 7, -1, -1, -1, -1, 5], [-1, 7, -1, -1, -1, -1, 0], [-1, 7, -1, -1, 1, 4, -1], [-1, 7, 2, -1, -1, -1, -1], [2, -1, -1, -1, -1, 1, 5], [2, -1, 2, -1, 0, 1, -1], [2, -1, 2, 2, 0, -1, -1], [2, 15, -1, -1, -1, 0, 0], [2, 15, -1, -1, 1, 5, -1], [2, 15, -1, -1, 1, 1, -1], [2, 15, 2, -1, 1, 0, -1], [2, 15, 2, 4, -1, 0, -1], [2, 12, -1, -1, -1, 5, -1], [2, 12, -1, 4, -1, 1, 0], [2, 12, 2, 4, 1, 1, -1], [2, 11, -1, -1, -1, -1, 5], [2, 11, -1, -1, -1, 5, 0], [2, 11, -1, -1, 1, 5, -1], [2, 11, -1, -1, 1, 3, -1], [2, 11, -1, 1, -1, -1, -1], [2, 11, 2, -1, -1, 5, -1], [2, 11, 2, -1, 0, -1, -1], [2, 11, 2, 4, -1, 2, -1], [2, 10, -1, -1, 1, 2, -1], [2, 9, -1, -1, -1, 5, -1], [2, 9, -1, -1, 1, 1, -1], [2, 9, -1, 4, -1, -1, 5], [2, 9, -1, 4, -1, 1, -1], [2, 9, -1, 2, -1, -1, -1], [2, 9, -1, 1, -1, -1, -1], [2, 9, 2, -1, -1, 1, -1], [2, 9, 2, 4, 0, -1, -1], [2, 9, 0, -1, -1, -1, 4], [2, 9, 0, -1, 1, 2, -1], [2, 8, -1, 4, 1, -1, -1], [2, 8, 2, 4, -1, -1, -1], [2, 7, -1, -1, 1, -1, -1], [1, -1, -1, 4, -1, 1, 0], [1, -1, -1, 2, -1, 0, 0], [1, -1, -1, 1, -1, -1, 5], [1, -1, -1, 1, -1, 0, -1], [1, -1, 6, -1, 1, -1, -1], [1, -1, 2, 4, 1, 1, -1], [1, -1, 2, 2, -1, 0, -1], [1, 15, -1, -1, 1, 1, -1], [1, 15, -1, 4, -1, 2, 0], [1, 15, -1, 2, -1, -1, 0], [1, 15, 6, -1, -1, 2, -1], [1, 15, 2, 4, 1, 2, -1], [1, 15, 2, 2, -1, -1, -1], [1, 12, -1, -1, -1, 1, 5], [1, 12, -1, -1, 1, 2, 1], [1, 12, 4, -1, -1, 2, 1], [1, 12, 4, -1, 1, 2, -1], [1, 12, 4, 4, -1, 2, -1], [1, 12, 4, 4, 1, -1, -1], [1, 12, 2, -1, 0, 1, -1], [1, 11, -1, -1, -1, -1, 5], [1, 11, -1, -1, 1, 0, -1], [1, 11, -1, 4, -1, 0, -1], [1, 11, 2, -1, 0, 2, -1], [1, 11, 2, 4, -1, 1, -1], [1, 11, 2, 4, 0, -1, -1], [1, 9, -1, -1, -1, 1, 1], [1, 9, -1, -1, -1, 0, -1], [1, 9, 4, -1, -1, 1, -1], [1, 9, 2, -1, 1, 4, -1], [1, 9, 2, 4, -1, 4, -1], [1, 8, -1, -1, -1, 5, -1], [1, 8, -1, -1, -1, 1, -1], [1, 8, 2, -1, -1, -1, -1], [1, 7, -1, -1, -1, 4, -1], [1, 2, -1, 4, -1, 2, 0], [0, -1, -1, -1, -1, 1, 0], [0, -1, -1, 1, -1, -1, 0], [0, -1, 2, -1, -1, 5, -1], [0, -1, 2, -1, 1, 1, -1], [0, -1, 2, 1, -1, -1, -1], [0, 15, 2, -1, -1, 4, -1], [0, 14, -1, 4, 1, -1, -1], [0, 12, -1, -1, -1, -1, 0], [0, 12, 2, -1, -1, -1, -1], [0, 9, -1, -1, -1, -1, 5], [0, 9, 2, -1, -1, -1, -1]]
30 97 
 [[-1, -1, -1, -1, -1, 5, 5], [-1, -1, -1, -1, -1, 0, 5], [-1, -1, -1, 1, -1, 4, -1], [-1, -1, -1, 1, -1, 2, 0], [-1, -1, 2, -1, 0, 0, -1], [-1, 15, -1, -1, -1, 1, 0], [-1, 15, -1, 4, 1, 1, -1], [-1, 15, 2, -1, -1, 5, -1], [-1, 15, 2, -1, -1, 1, -1], [-1, 12, -1, 4, -1, 5, 0], [-1, 12, -1, 1, -1, -1, -1], [-1, 12, 2, 4, -1, 5, -1], [-1, 11, -1, -1, -1, 3, 0], [-1, 11, -1, -1, -1, 0, 0], [-1, 11, -1, 4, -1, -1, 5], [-1, 11, -1, 4, -1, 5, 0], [-1, 11, -1, 1, -1, -1, 0], [-1, 11, 2, -1, -1, 3, -1], [-1, 11, 2, -1, -1, 0, -1], [-1, 11, 2, 4, -1, 5, -1], [-1, 11, 2, 4, 0, 2, -1], [-1, 10, -1, -1, -1, -1, 1], [-1, 10, -1, -1, -1, 4, -1], [-1, 10, -1, -1, 0, -1, -1], [-1, 10, 4, -1, -1, -1, -1], [-1, 10, 0, -1, -1, -1, -1], [-1, 9, -1, -1, -1, 5, 0], [-1, 9, -1, -1, -1, 1, 0], [-1, 9, -1, 4, -1, 0, 1], [-1, 9, -1, 1, -1, -1, 0], [-1, 9, 2, -1, -1, 5, -1], [-1, 9, 2, -1, -1, 0, -1], [-1, 9, 2, -1, 1, 1, -1], [-1, 9, 2, 4, -1, 2, 5], [-1, 9, 2, 1, -1, -1, -1], [-1, 9, 0, 2, -1, -1, -1], [-1, 8, -1, -1, -1, -1, 0], [-1, 8, -1, -1, 1, 1, -1], [-1, 8, -1, 4, -1, 1, -1], [-1, 8, 2, -1, -1, 1, -1], [-1, 8, 2, -1, 1, -1, -1], [-1, 7, -1, -1, -1, -1, 5], [-1, 7, -1, -1, -1, -1, 0], [-1, 7, -1, -1, 1, 4, -1], [-1, 7, 2, -1, -1, -1, -1], [2, 15, -1, -1, 1, 1, -1], [2, 12, -1, -1, -1, 5, -1], [2, 12, -1, 4, -1, 1, 0], [2, 12, 2, 4, 1, 1, -1], [2, 11, -1, -1, -1, -1, 5], [2, 11, -1, -1, 1, 3, -1], [2, 11, -1, 1, -1, -1, -1], [2, 11, 2, -1, 0, -1, -1], [2, 11, 2, 4, -1, 2, -1], [2, 10, -1, -1, 1, 2, -1], [2, 9, -1, -1, -1, 5, -1], [2, 9, -1, -1, 1, 1, -1], [2, 9, -1, 4, -1, 1, -1], [2, 9, 2, -1, -1, 1, -1], [2, 9, 0, -1, 1, 2, -1], [2, 8, -1, 4, 1, -1, -1], [2, 8, 2, 4, -1, -1, -1], [2, 7, -1, -1, 1, -1, -1], [1, -1, -1, 4, -1, 1, 0], [1, -1, 2, 4, 1, 1, -1], [1, 15, -1, -1, 1, 1, -1], [1, 15, -1, 4, -1, 2, 0], [1, 15, -1, 2, -1, -1, 0], [1, 15, 2, 4, 1, 2, -1], [1, 15, 2, 2, -1, -1, -1], [1, 12, -1, -1, 1, 2, 1], [1, 12, 4, -1, -1, 2, 1], [1, 12, 4, -1, 1, 2, -1], [1, 12, 4, 4, -1, 2, -1], [1, 12, 4, 4, 1, -1, -1], [1, 11, -1, -1, -1, -1, 5], [1, 11, -1, -1, 1, 0, -1], [1, 11, -1, 4, -1, 0, -1], [1, 11, 2, -1, 0, 2, -1], [1, 11, 2, 4, -1, 1, -1], [1, 11, 2, 4, 0, -1, -1], [1, 9, -1, -1, -1, 1, 1], [1, 9, -1, -1, -1, 0, -1], [1, 9, 4, -1, -1, 1, -1], [1, 9, 2, -1, 1, 4, -1], [1, 9, 2, 4, -1, 4, -1], [1, 8, -1, -1, -1, 1, -1], [1, 8, 2, -1, -1, -1, -1], [0, -1, -1, -1, -1, 1, 0], [0, -1, -1, 1, -1, -1, 0], [0, -1, 2, -1, -1, 5, -1], [0, -1, 2, -1, 1, 1, -1], [0, -1, 2, 1, -1, -1, -1], [0, 12, -1, -1, -1, -1, 0], [0, 12, 2, -1, -1, -1, -1], [0, 9, -1, -1, -1, -1, 5], [0, 9, 2, -1, -1, -1, -1]]
40 77 
 [[-1, -1, -1, -1, -1, 5, 5], [-1, -1, -1, 1, -1, 4, -1], [-1, -1, -1, 1, -1, 2, 0], [-1, 15, -1, -1, -1, 1, 0], [-1, 15, -1, 4, 1, 1, -1], [-1, 15, 2, -1, -1, 5, -1], [-1, 15, 2, -1, -1, 1, -1], [-1, 12, -1, 4, -1, 5, 0], [-1, 12, -1, 1, -1, -1, -1], [-1, 12, 2, 4, -1, 5, -1], [-1, 11, -1, -1, -1, 3, 0], [-1, 11, -1, -1, -1, 0, 0], [-1, 11, -1, 4, -1, -1, 5], [-1, 11, -1, 4, -1, 5, 0], [-1, 11, -1, 1, -1, -1, 0], [-1, 11, 2, -1, -1, 3, -1], [-1, 11, 2, -1, -1, 0, -1], [-1, 11, 2, 4, -1, 5, -1], [-1, 11, 2, 4, 0, 2, -1], [-1, 10, -1, -1, -1, -1, 1], [-1, 10, -1, -1, 0, -1, -1], [-1, 10, 4, -1, -1, -1, -1], [-1, 9, -1, -1, -1, 5, 0], [-1, 9, -1, -1, -1, 1, 0], [-1, 9, -1, 1, -1, -1, 0], [-1, 9, 2, -1, -1, 5, -1], [-1, 9, 2, -1, -1, 0, -1], [-1, 9, 2, -1, 1, 1, -1], [-1, 9, 2, 4, -1, 2, 5], [-1, 9, 2, 1, -1, -1, -1], [-1, 8, -1, -1, -1, -1, 0], [-1, 8, -1, -1, 1, 1, -1], [-1, 8, -1, 4, -1, 1, -1], [-1, 8, 2, -1, 1, -1, -1], [-1, 7, -1, -1, -1, -1, 5], [-1, 7, -1, -1, -1, -1, 0], [-1, 7, 2, -1, -1, -1, -1], [2, 11, -1, -1, -1, -1, 5], [2, 11, -1, -1, 1, 3, -1], [2, 11, 2, -1, 0, -1, -1], [2, 11, 2, 4, -1, 2, -1], [2, 9, -1, 4, -1, 1, -1], [2, 8, -1, 4, 1, -1, -1], [2, 8, 2, 4, -1, -1, -1], [2, 7, -1, -1, 1, -1, -1], [1, -1, -1, 4, -1, 1, 0], [1, -1, 2, 4, 1, 1, -1], [1, 15, -1, -1, 1, 1, -1], [1, 15, -1, 4, -1, 2, 0], [1, 15, -1, 2, -1, -1, 0], [1, 15, 2, 4, 1, 2, -1], [1, 15, 2, 2, -1, -1, -1], [1, 12, -1, -1, 1, 2, 1], [1, 12, 4, -1, -1, 2, 1], [1, 12, 4, -1, 1, 2, -1], [1, 12, 4, 4, -1, 2, -1], [1, 12, 4, 4, 1, -1, -1], [1, 11, -1, -1, -1, -1, 5], [1, 11, -1, -1, 1, 0, -1], [1, 11, -1, 4, -1, 0, -1], [1, 11, 2, -1, 0, 2, -1], [1, 11, 2, 4, -1, 1, -1], [1, 11, 2, 4, 0, -1, -1], [1, 9, -1, -1, -1, 1, 1], [1, 9, -1, -1, -1, 0, -1], [1, 9, 4, -1, -1, 1, -1], [1, 9, 2, -1, 1, 4, -1], [1, 9, 2, 4, -1, 4, -1], [1, 8, -1, -1, -1, 1, -1], [1, 8, 2, -1, -1, -1, -1], [0, -1, -1, -1, -1, 1, 0], [0, -1, 2, -1, -1, 5, -1], [0, -1, 2, -1, 1, 1, -1], [0, -1, 2, 1, -1, -1, -1], [0, 12, 2, -1, -1, -1, -1], [0, 9, -1, -1, -1, -1, 5], [0, 9, 2, -1, -1, -1, -1]]
50 69 
 [[-1, -1, -1, -1, -1, 5, 5], [-1, -1, -1, 1, -1, 2, 0], [-1, 15, -1, -1, -1, 1, 0], [-1, 15, -1, 4, 1, 1, -1], [-1, 15, 2, -1, -1, 5, -1], [-1, 15, 2, -1, -1, 1, -1], [-1, 12, -1, 1, -1, -1, -1], [-1, 12, 2, 4, -1, 5, -1], [-1, 11, -1, -1, -1, 3, 0], [-1, 11, -1, -1, -1, 0, 0], [-1, 11, -1, 4, -1, -1, 5], [-1, 11, -1, 4, -1, 5, 0], [-1, 11, -1, 1, -1, -1, 0], [-1, 11, 2, -1, -1, 3, -1], [-1, 11, 2, -1, -1, 0, -1], [-1, 11, 2, 4, -1, 5, -1], [-1, 11, 2, 4, 0, 2, -1], [-1, 10, -1, -1, -1, -1, 1], [-1, 10, -1, -1, 0, -1, -1], [-1, 10, 4, -1, -1, -1, -1], [-1, 9, -1, -1, -1, 5, 0], [-1, 9, -1, -1, -1, 1, 0], [-1, 9, -1, 1, -1, -1, 0], [-1, 9, 2, -1, -1, 5, -1], [-1, 9, 2, -1, -1, 0, -1], [-1, 9, 2, -1, 1, 1, -1], [-1, 9, 2, 4, -1, 2, 5], [-1, 9, 2, 1, -1, -1, -1], [-1, 8, -1, -1, -1, -1, 0], [-1, 8, -1, -1, 1, 1, -1], [-1, 8, -1, 4, -1, 1, -1], [-1, 8, 2, -1, 1, -1, -1], [-1, 7, -1, -1, -1, -1, 0], [-1, 7, 2, -1, -1, -1, -1], [2, 11, -1, -1, -1, -1, 5], [2, 11, -1, -1, 1, 3, -1], [2, 11, 2, -1, 0, -1, -1], [2, 11, 2, 4, -1, 2, -1], [2, 8, -1, 4, 1, -1, -1], [2, 8, 2, 4, -1, -1, -1], [2, 7, -1, -1, 1, -1, -1], [1, -1, -1, 4, -1, 1, 0], [1, -1, 2, 4, 1, 1, -1], [1, 15, -1, -1, 1, 1, -1], [1, 15, -1, 4, -1, 2, 0], [1, 15, -1, 2, -1, -1, 0], [1, 15, 2, 4, 1, 2, -1], [1, 15, 2, 2, -1, -1, -1], [1, 12, -1, -1, 1, 2, 1], [1, 12, 4, -1, -1, 2, 1], [1, 12, 4, 4, -1, 2, -1], [1, 12, 4, 4, 1, -1, -1], [1, 11, -1, -1, -1, -1, 5], [1, 11, -1, -1, 1, 0, -1], [1, 11, -1, 4, -1, 0, -1], [1, 11, 2, -1, 0, 2, -1], [1, 11, 2, 4, -1, 1, -1], [1, 11, 2, 4, 0, -1, -1], [1, 9, -1, -1, -1, 0, -1], [1, 9, 2, -1, 1, 4, -1], [1, 9, 2, 4, -1, 4, -1], [1, 8, -1, -1, -1, 1, -1], [1, 8, 2, -1, -1, -1, -1], [0, -1, -1, -1, -1, 1, 0], [0, -1, 2, -1, -1, 5, -1], [0, -1, 2, -1, 1, 1, -1], [0, 12, 2, -1, -1, -1, -1], [0, 9, -1, -1, -1, -1, 5], [0, 9, 2, -1, -1, -1, -1]]
60 59 
 [[-1, -1, -1, -1, -1, 5, 5], [-1, -1, -1, 1, -1, 2, 0], [-1, 15, -1, -1, -1, 1, 0], [-1, 15, -1, 4, 1, 1, -1], [-1, 15, 2, -1, -1, 5, -1], [-1, 15, 2, -1, -1, 1, -1], [-1, 12, -1, 1, -1, -1, -1], [-1, 11, -1, -1, -1, 3, 0], [-1, 11, -1, -1, -1, 0, 0], [-1, 11, -1, 4, -1, -1, 5], [-1, 11, -1, 4, -1, 5, 0], [-1, 11, 2, -1, -1, 3, -1], [-1, 11, 2, -1, -1, 0, -1], [-1, 11, 2, 4, -1, 5, -1], [-1, 11, 2, 4, 0, 2, -1], [-1, 10, -1, -1, -1, -1, 1], [-1, 9, -1, -1, -1, 5, 0], [-1, 9, -1, -1, -1, 1, 0], [-1, 9, -1, 1, -1, -1, 0], [-1, 9, 2, -1, -1, 5, -1], [-1, 9, 2, -1, -1, 0, -1], [-1, 9, 2, -1, 1, 1, -1], [-1, 9, 2, 4, -1, 2, 5], [-1, 9, 2, 1, -1, -1, -1], [-1, 8, -1, -1, -1, -1, 0], [-1, 8, -1, 4, -1, 1, -1], [-1, 8, 2, -1, 1, -1, -1], [-1, 7, -1, -1, -1, -1, 0], [-1, 7, 2, -1, -1, -1, -1], [2, 11, -1, -1, -1, -1, 5], [2, 11, -1, -1, 1, 3, -1], [2, 11, 2, -1, 0, -1, -1], [2, 11, 2, 4, -1, 2, -1], [2, 8, -1, 4, 1, -1, -1], [2, 8, 2, 4, -1, -1, -1], [2, 7, -1, -1, 1, -1, -1], [1, -1, -1, 4, -1, 1, 0], [1, -1, 2, 4, 1, 1, -1], [1, 15, -1, -1, 1, 1, -1], [1, 15, -1, 4, -1, 2, 0], [1, 15, -1, 2, -1, -1, 0], [1, 15, 2, 4, 1, 2, -1], [1, 15, 2, 2, -1, -1, -1], [1, 12, -1, -1, 1, 2, 1], [1, 12, 4, -1, -1, 2, 1], [1, 12, 4, 4, -1, 2, -1], [1, 12, 4, 4, 1, -1, -1], [1, 11, -1, -1, -1, -1, 5], [1, 11, -1, -1, 1, 0, -1], [1, 11, -1, 4, -1, 0, -1], [1, 11, 2, -1, 0, 2, -1], [1, 11, 2, 4, -1, 1, -1], [1, 11, 2, 4, 0, -1, -1], [1, 9, -1, -1, -1, 0, -1], [1, 9, 2, -1, 1, 4, -1], [1, 9, 2, 4, -1, 4, -1], [1, 8, 2, -1, -1, -1, -1], [0, -1, 2, -1, 1, 1, -1], [0, 9, 2, -1, -1, -1, -1]]
70 49 
 [[-1, -1, -1, 1, -1, 2, 0], [-1, 15, -1, -1, -1, 1, 0], [-1, 15, -1, 4, 1, 1, -1], [-1, 15, 2, -1, -1, 1, -1], [-1, 11, -1, -1, -1, 3, 0], [-1, 11, -1, -1, -1, 0, 0], [-1, 11, -1, 4, -1, -1, 5], [-1, 11, -1, 4, -1, 5, 0], [-1, 11, 2, -1, -1, 3, -1], [-1, 11, 2, -1, -1, 0, -1], [-1, 11, 2, 4, -1, 5, -1], [-1, 11, 2, 4, 0, 2, -1], [-1, 10, -1, -1, -1, -1, 1], [-1, 9, -1, -1, -1, 5, 0], [-1, 9, -1, -1, -1, 1, 0], [-1, 9, 2, -1, -1, 5, -1], [-1, 9, 2, -1, -1, 0, -1], [-1, 9, 2, -1, 1, 1, -1], [-1, 9, 2, 4, -1, 2, 5], [-1, 9, 2, 1, -1, -1, -1], [-1, 8, -1, -1, -1, -1, 0], [-1, 8, 2, -1, 1, -1, -1], [-1, 7, -1, -1, -1, -1, 0], [-1, 7, 2, -1, -1, -1, -1], [2, 11, 2, -1, 0, -1, -1], [2, 11, 2, 4, -1, 2, -1], [2, 8, -1, 4, 1, -1, -1], [2, 8, 2, 4, -1, -1, -1], [1, -1, -1, 4, -1, 1, 0], [1, -1, 2, 4, 1, 1, -1], [1, 15, -1, -1, 1, 1, -1], [1, 15, -1, 4, -1, 2, 0], [1, 15, -1, 2, -1, -1, 0], [1, 15, 2, 4, 1, 2, -1], [1, 15, 2, 2, -1, -1, -1], [1, 12, 4, -1, -1, 2, 1], [1, 12, 4, 4, -1, 2, -1], [1, 12, 4, 4, 1, -1, -1], [1, 11, -1, -1, -1, -1, 5], [1, 11, -1, -1, 1, 0, -1], [1, 11, -1, 4, -1, 0, -1], [1, 11, 2, -1, 0, 2, -1], [1, 11, 2, 4, -1, 1, -1], [1, 11, 2, 4, 0, -1, -1], [1, 9, -1, -1, -1, 0, -1], [1, 9, 2, -1, 1, 4, -1], [1, 9, 2, 4, -1, 4, -1], [1, 8, 2, -1, -1, -1, -1], [0, 9, 2, -1, -1, -1, -1]]
80 42 
 [[-1, -1, -1, 1, -1, 2, 0], [-1, 15, -1, -1, -1, 1, 0], [-1, 15, -1, 4, 1, 1, -1], [-1, 15, 2, -1, -1, 1, -1], [-1, 11, -1, -1, -1, 3, 0], [-1, 11, -1, -1, -1, 0, 0], [-1, 11, -1, 4, -1, -1, 5], [-1, 11, 2, -1, -1, 3, -1], [-1, 11, 2, -1, -1, 0, -1], [-1, 11, 2, 4, -1, 5, -1], [-1, 11, 2, 4, 0, 2, -1], [-1, 9, -1, -1, -1, 5, 0], [-1, 9, -1, -1, -1, 1, 0], [-1, 9, 2, -1, -1, 5, -1], [-1, 9, 2, -1, -1, 0, -1], [-1, 9, 2, -1, 1, 1, -1], [-1, 9, 2, 4, -1, 2, 5], [-1, 9, 2, 1, -1, -1, -1], [-1, 8, -1, -1, -1, -1, 0], [-1, 8, 2, -1, 1, -1, -1], [-1, 7, -1, -1, -1, -1, 0], [-1, 7, 2, -1, -1, -1, -1], [2, 11, 2, 4, -1, 2, -1], [2, 8, -1, 4, 1, -1, -1], [1, -1, -1, 4, -1, 1, 0], [1, -1, 2, 4, 1, 1, -1], [1, 15, -1, -1, 1, 1, -1], [1, 15, -1, 4, -1, 2, 0], [1, 15, 2, 4, 1, 2, -1], [1, 15, 2, 2, -1, -1, -1], [1, 12, 4, -1, -1, 2, 1], [1, 12, 4, 4, -1, 2, -1], [1, 11, -1, -1, -1, -1, 5], [1, 11, -1, 4, -1, 0, -1], [1, 11, 2, -1, 0, 2, -1], [1, 11, 2, 4, -1, 1, -1], [1, 11, 2, 4, 0, -1, -1], [1, 9, -1, -1, -1, 0, -1], [1, 9, 2, -1, 1, 4, -1], [1, 9, 2, 4, -1, 4, -1], [1, 8, 2, -1, -1, -1, -1], [0, 9, 2, -1, -1, -1, -1]]
90 35 
 [[-1, -1, -1, 1, -1, 2, 0], [-1, 15, -1, -1, -1, 1, 0], [-1, 15, -1, 4, 1, 1, -1], [-1, 15, 2, -1, -1, 1, -1], [-1, 11, -1, -1, -1, 3, 0], [-1, 11, -1, 4, -1, -1, 5], [-1, 11, 2, -1, -1, 3, -1], [-1, 11, 2, -1, -1, 0, -1], [-1, 11, 2, 4, 0, 2, -1], [-1, 9, -1, -1, -1, 5, 0], [-1, 9, -1, -1, -1, 1, 0], [-1, 9, 2, -1, -1, 5, -1], [-1, 9, 2, -1, 1, 1, -1], [-1, 9, 2, 4, -1, 2, 5], [-1, 8, -1, -1, -1, -1, 0], [-1, 8, 2, -1, 1, -1, -1], [-1, 7, -1, -1, -1, -1, 0], [-1, 7, 2, -1, -1, -1, -1], [2, 11, 2, 4, -1, 2, -1], [1, -1, -1, 4, -1, 1, 0], [1, -1, 2, 4, 1, 1, -1], [1, 15, -1, -1, 1, 1, -1], [1, 15, -1, 4, -1, 2, 0], [1, 15, 2, 4, 1, 2, -1], [1, 12, 4, -1, -1, 2, 1], [1, 12, 4, 4, -1, 2, -1], [1, 11, -1, -1, -1, -1, 5], [1, 11, -1, 4, -1, 0, -1], [1, 11, 2, -1, 0, 2, -1], [1, 11, 2, 4, 0, -1, -1], [1, 9, -1, -1, -1, 0, -1], [1, 9, 2, -1, 1, 4, -1], [1, 9, 2, 4, -1, 4, -1], [1, 8, 2, -1, -1, -1, -1], [0, 9, 2, -1, -1, -1, -1]]
100 29 
 [[-1, -1, -1, 1, -1, 2, 0], [-1, 15, -1, -1, -1, 1, 0], [-1, 15, -1, 4, 1, 1, -1], [-1, 15, 2, -1, -1, 1, -1], [-1, 11, -1, -1, -1, 3, 0], [-1, 11, -1, 4, -1, -1, 5], [-1, 11, 2, -1, -1, 3, -1], [-1, 11, 2, 4, 0, 2, -1], [-1, 9, -1, -1, -1, 1, 0], [-1, 9, 2, -1, -1, 5, -1], [-1, 9, 2, -1, 1, 1, -1], [-1, 9, 2, 4, -1, 2, 5], [-1, 8, -1, -1, -1, -1, 0], [-1, 8, 2, -1, 1, -1, -1], [-1, 7, -1, -1, -1, -1, 0], [-1, 7, 2, -1, -1, -1, -1], [2, 11, 2, 4, -1, 2, -1], [1, -1, -1, 4, -1, 1, 0], [1, -1, 2, 4, 1, 1, -1], [1, 15, -1, -1, 1, 1, -1], [1, 15, -1, 4, -1, 2, 0], [1, 15, 2, 4, 1, 2, -1], [1, 11, -1, -1, -1, -1, 5], [1, 11, 2, -1, 0, 2, -1], [1, 11, 2, 4, 0, -1, -1], [1, 9, 2, -1, 1, 4, -1], [1, 9, 2, 4, -1, 4, -1], [1, 8, 2, -1, -1, -1, -1], [0, 9, 2, -1, -1, -1, -1]]
