

number of patterns found lowerbound

size threshold = 10
22 22 24 26 25 25 25 27 26 25 27 27 31 41 40 31 33 31 33 29 32 28 37 30 42 38 40 41 39 33 33 34 41 38 38 38 45 45 48 48 
size threshold = 20
18 18 20 21 20 20 20 22 21 20 22 22 26 35 34 26 27 25 27 23 26 22 31 24 36 32 34 35 33 27 27 28 35 32 32 32 39 39 42 42 
size threshold = 30
17 17 19 20 19 19 19 21 20 19 21 21 25 34 33 25 26 24 26 22 25 21 29 23 34 30 32 33 31 26 26 27 33 30 31 31 37 37 40 40 
size threshold = 40
14 14 16 18 17 17 17 19 18 17 19 19 22 31 30 22 24 22 24 21 23 19 27 21 32 28 30 31 29 24 24 25 31 28 29 29 34 34 37 37 
size threshold = 50
14 14 15 17 17 17 17 18 18 16 18 18 20 29 28 20 23 21 23 21 23 19 27 21 32 28 30 31 29 24 24 25 31 28 29 29 33 33 36 36 
size threshold = 60
14 14 15 17 17 17 17 18 18 16 18 18 20 29 28 20 23 21 23 21 23 19 27 21 32 28 30 31 29 24 24 25 31 28 29 29 33 33 36 36 
size threshold = 70
13 13 14 16 16 16 16 17 17 15 17 17 19 28 27 19 22 20 22 21 23 19 27 21 32 28 30 31 29 24 24 25 31 28 29 29 32 32 35 35 
size threshold = 80
13 13 14 16 16 16 16 17 17 15 17 17 19 28 27 19 22 20 22 21 23 19 27 21 32 28 30 31 29 24 24 25 31 28 29 29 32 32 35 35 
size threshold = 90
13 13 14 15 15 15 15 16 16 14 16 16 18 26 25 18 20 18 20 20 22 18 26 20 31 27 29 29 27 22 22 23 29 27 28 28 30 30 33 33 
size threshold = 100
13 13 14 15 15 15 15 16 16 14 16 16 18 26 25 18 20 18 20 20 22 18 24 20 29 26 28 28 26 22 22 23 27 25 27 27 29 28 31 31 