

number of patterns found lowerbound

num att = 3, for k=10 to 50
5 5 4 4 5 4 4 3 3 4 5 5 4 4 5 4 4 3 3 3 3 3 3 3 3 4 4 3 4 3 4 4 5 5 5 4 4 4 4 4 
num att = 4, for k=10 to 50
7 7 6 6 8 7 7 7 6 8 9 9 7 6 7 7 7 6 6 6 6 6 6 6 6 6 6 5 6 5 6 6 7 7 7 6 6 6 6 6 
num att = 5, for k=10 to 50
8 8 8 8 10 9 9 8 7 12 13 11 8 7 8 8 8 7 7 7 7 7 7 7 7 7 7 7 8 6 7 8 9 9 8 7 7 7 7 7 
num att = 6, for k=10 to 50
10 10 9 10 12 11 12 12 10 17 19 16 11 9 10 11 11 9 9 9 9 9 9 9 9 9 9 9 10 7 8 9 11 11 10 8 8 8 8 8 
num att = 7, for k=10 to 50
14 14 13 14 16 15 16 16 14 21 23 20 15 13 14 15 15 13 13 13 13 13 13 13 13 13 13 13 14 11 12 13 15 15 14 12 12 12 12 12 
num att = 8, for k=10 to 50
18 16 15 16 17 16 18 19 16 23 25 22 17 14 16 18 18 16 16 15 15 15 15 15 15 14 15 15 16 13 15 16 17 18 17 15 15 15 15 14 
num att = 9, for k=10 to 50
21 19 20 19 20 19 21 22 19 28 31 28 22 18 19 23 23 23 22 21 21 21 21 19 19 17 20 21 21 19 22 22 21 23 23 19 18 19 19 18 
num att = 10, for k=10 to 50
22 20 21 20 21 20 22 23 20 29 32 29 23 19 20 24 24 24 23 22 22 22 22 20 20 18 21 22 22 20 23 23 22 24 24 20 19 20 20 19 
num att = 11, for k=10 to 50
25 23 24 23 24 23 25 26 23 32 35 32 26 22 23 27 27 27 26 25 25 25 25 23 23 21 24 25 25 23 26 26 25 27 27 23 22 23 23 22 
num att = 12, for k=10 to 50
33 29 26 26 27 26 28 32 29 42 45 43 33 25 29 33 33 30 29 29 29 30 29 28 26 26 31 34 29 29 33 37 31 34 35 29 27 28 28 27 
num att = 13, for k=10 to 50
35 31 28 28 29 28 30 34 31 46 49 47 35 26 30 36 36 34 33 33 33 35 32 31 30 29 35 38 33 33 36 41 34 38 39 30 28 29 29 28 
num att = 14, for k=10 to 50
39 35 32 32 32 32 35 39 36 54 53 52 40 30 34 40 40 38 36 37 39 41 36 35 34 33 40 43 38 40 42 48 39 43 46 36 34 39 37 35 
num att = 15, for k=10 to 50
48 44 41 41 36 37 39 44 42 62 59 60 47 32 42 50 48 47 45 46 48 50 44 45 44 44 42 45 45 47 48 55 44 49 54 42 40 45 43 42 
num att = 16, for k=10 to 50
59 53 51 49 43 43 45 51 49 70 68 68 54 37 48 57 54 53 52 57 58 58 52 52 51 50 47 50 54 53 55 63 52 57 62 49 47 53 49 48 
num att = 17, for k=10 to 50
67 60 60 59 51 49 51 57 57 80 81 80 66 47 50 70 56 55 54 75 73 70 66 63 64 60 57 60 66 64 66 75 60 67 70 59 58 64 61 61 
num att = 18, for k=10 to 50
78 70 69 67 59 64 63 74 74 97 97 99 81 57 58 85 71 69 65 92 86 78 76 74 76 71 67 73 77 76 79 87 68 81 82 60 59 65 62 62 
num att = 19, for k=10 to 50
83 72 72 71 63 71 68 83 83 105 105 109 87 59 61 92 79 75 71 102 94 85 84 83 83 79 73 80 83 83 84 99 74 94 94 65 64 71 67 65 
num att = 20, for k=10 to 50
83 72 72 71 63 81 78 94 94 116 116 117 92 61 63 101 86 82 79 109 103 92 91 93 95 84 78 86 94 92 91 106 84 102 101 71 70 77 74 72 