

number of patterns found lowerbound

for k=0 to 10
48 44 41 41 36 37 39 44 42 62 59 60 47 32 42 50 48 47 45 46 48 50 44 45 44 44 42 45 45 47 48 55 44 49 54 42 40 45 43 42 
for k=1 to 10
48 44 41 41 36 37 39 44 42 62 59 60 47 32 42 50 48 47 45 46 48 50 44 45 44 44 42 45 45 47 48 55 44 49 54 42 40 45 43 42 41 42 42 41 38 39 39 39 38 39 45 44 44 42 43 45 43 43 52 57 61 51 61 54 51 53 56 60 65 50 51 52 50 56 65 60 59 54 60 52 50 54 47 45 42 43 52 49 50 47 
for k=2 to 10
48 44 41 41 36 37 39 44 42 62 59 60 47 32 42 50 48 47 45 46 48 50 44 45 44 44 42 45 45 47 48 55 44 49 54 42 40 45 43 42 41 42 42 41 38 39 39 39 38 39 45 44 44 42 43 45 43 43 52 57 61 51 61 54 51 53 56 60 65 50 51 52 50 56 65 60 59 54 60 52 50 54 47 45 42 43 52 49 50 47 51 72 70 68 61 61 54 56 55 55 56 56 65 66 62 65 76 78 68 60 66 61 67 70 61 54 56 63 80 51 44 68 74 66 77 73 78 75 76 70 69 68 66 68 62 61 59 60 63 67 
for k=3 to 10
48 44 41 41 36 37 39 44 42 62 59 60 47 32 42 50 48 47 45 46 48 50 44 45 44 44 42 45 45 47 48 55 44 49 54 42 40 45 43 42 41 42 42 41 38 39 39 39 38 39 45 44 44 42 43 45 43 43 52 57 61 51 61 54 51 53 56 60 65 50 51 52 50 56 65 60 59 54 60 52 50 54 47 45 42 43 52 49 50 47 51 72 70 68 61 61 54 56 55 55 56 56 65 66 62 65 76 78 68 60 66 61 67 70 61 54 56 63 80 51 44 68 74 66 77 73 78 75 76 70 69 68 66 68 62 61 59 60 63 67 78 68 71 73 74 68 66 69 64 68 64 63 66 72 71 67 73 76 84 83 78 79 86 77 79 77 78 76 71 75 72 74 76 71 70 77 78 79 76 77 77 75 69 80 73 68 69 68 69 79 
for k=4 to 10
48 44 41 41 36 37 39 44 42 62 59 60 47 32 42 50 48 47 45 46 48 50 44 45 44 44 42 45 45 47 48 55 44 49 54 42 40 45 43 42 41 42 42 41 38 39 39 39 38 39 45 44 44 42 43 45 43 43 52 57 61 51 61 54 51 53 56 60 65 50 51 52 50 56 65 60 59 54 60 52 50 54 47 45 42 43 52 49 50 47 51 72 70 68 61 61 54 56 55 55 56 56 65 66 62 65 76 78 68 60 66 61 67 70 61 54 56 63 80 51 44 68 74 66 77 73 78 75 76 70 69 68 66 68 62 61 59 60 63 67 78 68 71 73 74 68 66 69 64 68 64 63 66 72 71 67 73 76 84 83 78 79 86 77 79 77 78 76 71 75 72 74 76 71 70 77 78 79 76 77 77 75 69 80 73 68 69 68 69 79 78 77 81 79 74 82 80 78 76 77 76 75 80 86 88 85 87 85 82 89 84 84 86 80 82 86 88 78 86 96 92 94 94 86 90 91 86 86 92 91 97 92 107 106 107 105 105 106 99 110 
for k=5 to 10
48 44 41 41 36 37 39 44 42 62 59 60 47 32 42 50 48 47 45 46 48 50 44 45 44 44 42 45 45 47 48 55 44 49 54 42 40 45 43 42 41 42 42 41 38 39 39 39 38 39 45 44 44 42 43 45 43 43 52 57 61 51 61 54 51 53 56 60 65 50 51 52 50 56 65 60 59 54 60 52 50 54 47 45 42 43 52 49 50 47 51 72 70 68 61 61 54 56 55 55 56 56 65 66 62 65 76 78 68 60 66 61 67 70 61 54 56 63 80 51 44 68 74 66 77 73 78 75 76 70 69 68 66 68 62 61 59 60 63 67 78 68 71 73 74 68 66 69 64 68 64 63 66 72 71 67 73 76 84 83 78 79 86 77 79 77 78 76 71 75 72 74 76 71 70 77 78 79 76 77 77 75 69 80 73 68 69 68 69 79 78 77 81 79 74 82 80 78 76 77 76 75 80 86 88 85 87 85 82 89 84 84 86 80 82 86 88 78 86 96 92 94 94 86 90 91 86 86 92 91 97 92 107 106 107 105 105 106 99 110 108 98 115 100 106 88 96 98 113 117 109 119 117 105 96 107 115 100 111 93 96 101 108 94 94 89 90 93 108 105 108 97 97 97 96 99 97 100 99 103 99 100 108 102 109 108 101 99 99 93 
for k=6 to 10
48 44 41 41 36 37 39 44 42 62 59 60 47 32 42 50 48 47 45 46 48 50 44 45 44 44 42 45 45 47 48 55 44 49 54 42 40 45 43 42 41 42 42 41 38 39 39 39 38 39 45 44 44 42 43 45 43 43 52 57 61 51 61 54 51 53 56 60 65 50 51 52 50 56 65 60 59 54 60 52 50 54 47 45 42 43 52 49 50 47 51 72 70 68 61 61 54 56 55 55 56 56 65 66 62 65 76 78 68 60 66 61 67 70 61 54 56 63 80 51 44 68 74 66 77 73 78 75 76 70 69 68 66 68 62 61 59 60 63 67 78 68 71 73 74 68 66 69 64 68 64 63 66 72 71 67 73 76 84 83 78 79 86 77 79 77 78 76 71 75 72 74 76 71 70 77 78 79 76 77 77 75 69 80 73 68 69 68 69 79 78 77 81 79 74 82 80 78 76 77 76 75 80 86 88 85 87 85 82 89 84 84 86 80 82 86 88 78 86 96 92 94 94 86 90 91 86 86 92 91 97 92 107 106 107 105 105 106 99 110 108 98 115 100 106 88 96 98 113 117 109 119 117 105 96 107 115 100 111 93 96 101 108 94 94 89 90 93 108 105 108 97 97 97 96 99 97 100 99 103 99 100 108 102 109 108 101 99 99 93 92 97 103 104 101 98 99 89 98 97 97 96 89 93 89 85 71 71 71 82 74 76 79 77 77 75 82 78 80 74 74 80 81 80 82 86 90 87 93 88 90 92 83 81 83 84 77 78 95 95 