

number of patterns found lowerbound

size threshold = 10
127 110 124 118 96 107 100 109 113 126 142 133 105 95 85 91 90 108 106 124 119 113 111 110 104 93 108 117 94 123 119 127 93 108 107 100 102 104 104 86 
size threshold = 20
79 70 75 65 50 55 52 63 59 70 74 66 54 42 40 48 48 52 51 58 62 59 53 56 56 49 58 61 52 62 66 72 52 62 63 57 55 60 60 48 
size threshold = 30
58 53 54 48 39 41 39 48 41 54 58 52 43 32 32 39 39 39 39 43 50 48 44 44 46 40 49 53 47 53 58 63 48 55 54 43 41 42 42 37 
size threshold = 40
44 41 42 39 33 33 33 39 34 47 50 45 37 30 31 35 35 35 35 36 43 42 40 37 37 37 41 44 36 41 41 45 36 40 39 33 30 31 31 29 
size threshold = 50
33 29 26 26 27 26 28 32 29 42 45 43 33 25 29 33 33 30 29 29 29 30 29 28 26 26 31 34 29 29 33 37 31 34 35 29 27 28 28 27 
size threshold = 60
24 22 21 21 23 22 24 27 25 35 40 38 28 22 24 26 25 22 22 21 21 22 22 24 22 21 26 27 25 22 25 29 27 29 29 23 22 22 22 22 
size threshold = 70
20 18 17 18 20 20 22 24 22 28 31 32 23 19 21 23 22 18 18 17 17 18 19 22 19 19 23 22 20 18 20 24 21 23 23 18 18 18 18 18 
size threshold = 80
19 18 17 18 20 20 22 23 20 24 27 28 22 19 20 22 21 18 18 17 17 18 19 22 19 19 20 19 18 16 16 20 19 19 19 17 17 17 17 18 
size threshold = 90
18 18 16 18 20 19 19 19 18 22 26 26 21 18 20 21 21 18 18 17 17 18 18 21 18 19 20 19 18 16 16 20 19 19 19 17 17 17 17 18 
size threshold = 100
17 17 15 17 19 18 18 18 17 21 25 25 20 17 19 20 20 17 17 16 16 17 17 20 17 18 19 18 17 15 15 17 17 17 18 16 16 16 16 17 