

number of patterns found lowebound

num att = 3, for k=10 to 50
4 4 4 4 4 4 4 4 4 4 4 4 4 4 4 4 4 4 4 4 4 4 4 4 4 4 4 4 4 4 5 4 4 4 4 4 4 4 4 4 
num att = 4, for k=10 to 50
8 8 8 8 8 8 8 8 8 9 9 8 8 8 8 8 8 8 8 8 8 8 8 8 8 8 8 8 8 8 9 9 9 9 9 9 9 9 9 9 
num att = 5, for k=10 to 50
8 8 8 8 8 8 8 8 8 9 9 8 8 8 8 8 8 8 8 8 8 8 8 8 8 8 8 8 8 8 9 9 9 9 9 9 9 9 9 9 
num att = 6, for k=10 to 50
10 10 10 10 9 9 9 9 9 13 12 11 11 11 12 11 10 10 9 9 11 10 10 10 10 10 10 10 10 10 12 12 12 12 12 11 11 11 11 11 
num att = 7, for k=10 to 50
10 10 10 10 9 9 9 9 9 13 12 11 11 11 12 11 10 10 9 9 11 10 10 10 10 10 10 10 10 10 12 12 12 12 12 11 11 11 11 11 
num att = 8, for k=10 to 50
10 10 10 10 9 9 9 9 9 13 12 11 11 11 12 11 10 10 9 9 11 10 10 10 10 10 10 10 10 10 12 12 12 12 12 11 11 11 11 11 
num att = 9, for k=10 to 50
12 12 12 12 11 11 11 11 11 15 14 13 13 13 14 13 12 12 11 11 13 12 12 12 12 12 12 12 12 12 14 14 14 14 14 13 13 13 13 13 
num att = 10, for k=10 to 50
15 15 15 15 14 14 14 15 15 20 18 18 18 18 20 18 17 17 14 14 20 17 17 17 17 17 16 16 17 17 19 19 19 19 19 18 18 18 18 18 
num att = 11, for k=10 to 50
15 15 15 15 14 14 14 15 15 20 18 18 18 18 20 18 17 17 14 14 20 17 17 17 17 17 16 16 17 17 19 19 19 19 19 18 18 18 18 18 
num att = 12, for k=10 to 50
19 18 18 18 18 18 18 19 19 26 25 26 26 26 29 25 24 23 20 25 27 25 25 24 24 26 24 24 25 25 28 28 28 27 27 26 26 26 26 26 
num att = 13, for k=10 to 50
22 21 21 23 20 20 20 22 22 29 36 38 38 38 43 42 40 39 33 39 36 37 37 38 38 42 36 36 38 38 37 37 35 34 34 36 36 36 36 35 
num att = 14, for k=10 to 50
22 21 21 23 20 20 20 22 22 29 36 38 38 38 43 42 40 39 33 39 36 37 37 38 38 42 36 36 38 38 37 37 35 34 34 36 36 36 36 35 
num att = 15, for k=10 to 50
24 23 23 25 22 22 22 24 24 31 38 40 40 40 45 44 42 41 35 41 38 39 39 40 40 44 38 38 40 40 39 39 37 36 36 38 38 38 38 37 
num att = 16, for k=10 to 50
25 24 24 27 24 24 24 27 27 37 46 49 49 49 67 70 65 63 55 62 54 55 54 57 58 60 54 52 55 55 56 55 51 49 49 53 53 52 52 51 