

number of patterns found lowerbound

size threshold = 10
32 31 31 33 30 30 30 32 32 39 46 48 48 48 53 52 50 49 43 49 46 47 47 48 48 52 46 46 48 48 47 47 45 44 44 46 46 46 46 45 
size threshold = 20
28 27 27 29 26 26 26 28 28 35 42 44 44 44 49 48 46 45 39 45 42 43 43 44 44 48 42 42 44 44 43 43 41 40 40 42 42 42 42 41 
size threshold = 30
27 26 26 28 25 25 25 27 27 34 41 43 43 43 48 47 45 44 38 44 41 42 42 43 43 47 41 41 43 43 42 42 40 39 39 41 41 41 41 40 
size threshold = 40
24 23 23 25 22 22 22 24 24 31 38 40 40 40 45 44 42 41 35 41 38 39 39 40 40 44 38 38 40 40 39 39 37 36 36 38 38 38 38 37 
size threshold = 50
24 23 23 25 22 22 22 24 24 31 38 40 40 40 45 44 42 41 35 41 38 39 39 40 40 44 38 38 40 40 39 39 37 36 36 38 38 38 38 37 
size threshold = 60
24 23 23 25 22 22 22 24 24 31 38 40 40 40 45 44 42 41 35 41 38 39 39 40 40 44 38 38 40 40 39 39 37 36 36 38 38 38 38 37 
size threshold = 70
24 23 23 25 22 22 22 24 24 31 38 40 40 40 45 44 42 41 35 41 38 39 39 40 40 44 38 38 40 40 39 39 37 36 36 38 38 38 38 37 
size threshold = 80
24 23 23 25 22 22 22 24 24 31 38 40 40 40 45 44 42 41 35 41 38 39 39 40 40 44 38 38 40 40 39 39 37 36 36 38 38 38 38 37 
size threshold = 90
24 23 23 25 22 22 22 24 24 31 38 40 40 40 45 44 42 41 35 41 38 39 39 40 40 44 38 38 40 40 39 39 37 36 36 38 38 38 38 37 
size threshold = 100
24 23 23 25 22 22 22 24 24 31 38 40 40 40 45 44 42 41 35 41 38 39 39 40 40 44 38 38 40 40 39 39 37 36 36 38 38 38 38 37 