
k=11
AddNewTuple:
time_loop * 10 > 1:
P=[0, 0, 0, 0, 1, -1, -1, -1, -1, -1, -1, -1, -1, -1, -1, -1, -1, -1, -1], time of the iteration = 0.4092128276824951
P=[0, 0, 0, -1, 1, -1, -1, -1, -1, -1, -1, -1, -1, -1, -1, -1, -1, -1, -1], time of the iteration = 0.3838663101196289
P=[0, 0, -1, 0, 1, -1, -1, -1, -1, -1, -1, -1, -1, -1, -1, -1, -1, -1, -1], time of the iteration = 0.38378286361694336
P=[0, 0, -1, -1, 1, -1, -1, -1, -1, -1, -1, -1, -1, -1, -1, -1, -1, -1, -1], time of the iteration = 0.40068888664245605
P=[-1, 0, 0, 0, 1, -1, -1, -1, -1, -1, -1, -1, -1, -1, -1, -1, -1, -1, -1], time of the iteration = 0.4017910957336426
P=[-1, 0, 0, -1, 1, -1, -1, -1, -1, -1, -1, -1, -1, -1, -1, -1, -1, -1, -1], time of the iteration = 0.401914119720459
P=[-1, 0, -1, 0, 1, -1, -1, -1, -1, -1, -1, -1, -1, -1, -1, -1, -1, -1, -1], time of the iteration = 0.38294386863708496
P=[-1, 0, -1, -1, 1, -1, -1, -1, -1, -1, -1, -1, -1, -1, -1, -1, -1, -1, -1], time of the iteration = 0.37347412109375