overall FPR: 0.1434627776835679
execution time
3 0.2557082176208496 0.21138787269592285
4 0.34621119499206543 0.4214920997619629
5 0.5058419704437256 1.0504100322723389
6 1.6922907829284668 10.93123197555542
7 5.556841135025024 85.56585812568665
8 0.2557082176208496
9 0.34621119499206543
10 0.5058419704437256
11 1.6922907829284668
12 5.556841135025024


number of patterns checked
3 410.0 543.0
4 1180.0 3263.0
5 1938.0 9791.0
6 8028.0 78335.0
7 20514.0 548351.0
8 410.0
9 1180.0
10 1938.0
11 8028.0
12 20514.0


number of patterns found
3 9 
 [[-1, 15, 2], [-1, 14, -1], [-1, 12, 2], [-1, 10, -1], [-1, 9, 2], [-1, 8, 2], [-1, 7, 2], [2, 12, -1], [2, 9, -1]]
4 12 
 [[-1, -1, 2, 1], [-1, 15, 2, -1], [-1, 14, -1, -1], [-1, 12, -1, 1], [-1, 12, 2, -1], [-1, 10, -1, -1], [-1, 9, 2, -1], [-1, 8, 2, -1], [-1, 7, 2, -1], [2, 12, -1, -1], [2, 9, -1, -1], [1, -1, 2, 4]]
5 18 
 [[-1, -1, 2, 1, -1], [-1, 15, 2, -1, -1], [-1, 14, -1, -1, -1], [-1, 12, -1, -1, 1], [-1, 12, -1, 1, -1], [-1, 12, 2, -1, -1], [-1, 10, -1, -1, -1], [-1, 9, 2, -1, -1], [-1, 8, 2, -1, -1], [-1, 7, 2, -1, -1], [2, -1, -1, 1, 1], [2, 15, -1, -1, 1], [2, 12, -1, -1, -1], [2, 9, -1, -1, -1], [2, 8, -1, -1, 1], [2, 7, -1, -1, 1], [1, -1, 2, 4, -1], [1, 9, -1, -1, 1]]
6 35 
 [[-1, -1, -1, -1, -1, 3], [-1, -1, -1, -1, 1, 0], [-1, -1, 2, -1, -1, 5], [-1, -1, 2, -1, -1, 1], [-1, -1, 2, -1, -1, 0], [-1, -1, 2, 1, -1, -1], [-1, 15, 2, -1, -1, -1], [-1, 14, -1, -1, -1, -1], [-1, 12, -1, -1, -1, 4], [-1, 12, -1, -1, 1, -1], [-1, 12, -1, 1, -1, -1], [-1, 12, 2, -1, -1, -1], [-1, 10, -1, -1, -1, -1], [-1, 9, -1, -1, -1, 0], [-1, 9, -1, -1, 1, 5], [-1, 9, -1, 4, 1, 4], [-1, 9, 2, -1, -1, -1], [-1, 8, 2, -1, -1, -1], [-1, 7, 2, -1, -1, -1], [2, -1, -1, -1, 1, 5], [2, -1, -1, 4, -1, 0], [2, -1, -1, 1, 1, -1], [2, -1, 2, 4, 1, 2], [2, 15, -1, -1, -1, 0], [2, 15, -1, -1, 1, -1], [2, 12, -1, -1, -1, -1], [2, 9, -1, -1, -1, -1], [2, 8, -1, -1, 1, -1], [2, 7, -1, -1, 1, -1], [2, 7, -1, 4, -1, 2], [1, -1, -1, 4, -1, 0], [1, -1, 2, 4, -1, -1], [1, 15, -1, -1, 1, 1], [1, 12, -1, -1, -1, 2], [1, 9, -1, -1, 1, -1]]
7 51 
 [[-1, -1, -1, -1, -1, 5, 0], [-1, -1, -1, -1, -1, 3, -1], [-1, -1, -1, -1, -1, 1, 5], [-1, -1, -1, -1, -1, 1, 0], [-1, -1, -1, -1, -1, 0, 0], [-1, -1, -1, -1, 1, 0, -1], [-1, -1, -1, 4, -1, -1, 5], [-1, -1, -1, 1, -1, -1, 0], [-1, -1, 2, -1, -1, 5, -1], [-1, -1, 2, -1, -1, 1, -1], [-1, -1, 2, -1, -1, 0, -1], [-1, -1, 2, 1, -1, -1, -1], [-1, 15, -1, -1, -1, -1, 5], [-1, 15, -1, -1, -1, -1, 0], [-1, 15, 2, -1, -1, -1, -1], [-1, 14, -1, -1, -1, -1, -1], [-1, 12, -1, -1, -1, -1, 5], [-1, 12, -1, -1, -1, -1, 0], [-1, 12, -1, -1, -1, 4, -1], [-1, 12, -1, -1, 1, -1, -1], [-1, 12, -1, 1, -1, -1, -1], [-1, 12, 2, -1, -1, -1, -1], [-1, 10, -1, -1, -1, -1, -1], [-1, 9, -1, -1, -1, -1, 5], [-1, 9, -1, -1, -1, -1, 0], [-1, 9, -1, -1, -1, 0, -1], [-1, 9, -1, -1, 1, 5, -1], [-1, 9, -1, 4, 1, 4, -1], [-1, 9, 2, -1, -1, -1, -1], [-1, 8, -1, -1, -1, -1, 0], [-1, 8, 2, -1, -1, -1, -1], [-1, 7, -1, -1, -1, -1, 0], [-1, 7, 2, -1, -1, -1, -1], [2, -1, -1, -1, 1, 5, -1], [2, -1, -1, 4, -1, 2, 0], [2, -1, -1, 4, -1, 0, -1], [2, -1, -1, 1, 1, -1, -1], [2, -1, 2, 4, 1, 2, -1], [2, 15, -1, -1, -1, 0, -1], [2, 15, -1, -1, 1, -1, -1], [2, 12, -1, -1, -1, -1, -1], [2, 9, -1, -1, -1, -1, -1], [2, 8, -1, -1, 1, -1, -1], [2, 7, -1, -1, 1, -1, -1], [2, 7, -1, 4, -1, 2, -1], [1, -1, -1, -1, -1, -1, 5], [1, -1, -1, 4, -1, 0, -1], [1, -1, 2, 4, -1, -1, -1], [1, 15, -1, -1, 1, 1, -1], [1, 12, -1, -1, -1, 2, -1], [1, 9, -1, -1, 1, -1, -1]]
8 82 
 [[-1, -1, -1, -1, -1, -1, -1, 16], [-1, -1, -1, -1, -1, -1, -1, 15], [-1, -1, -1, -1, -1, -1, 5, 14], [-1, -1, -1, -1, -1, -1, 5, 13], [-1, -1, -1, -1, -1, -1, 5, 10], [-1, -1, -1, -1, -1, -1, 0, 14], [-1, -1, -1, -1, -1, -1, 0, 13], [-1, -1, -1, -1, -1, -1, 0, 12], [-1, -1, -1, -1, -1, -1, 0, 11], [-1, -1, -1, -1, -1, -1, 0, 10], [-1, -1, -1, -1, -1, 5, 0, -1], [-1, -1, -1, -1, -1, 4, -1, 14], [-1, -1, -1, -1, -1, 3, -1, -1], [-1, -1, -1, -1, -1, 1, 5, -1], [-1, -1, -1, -1, -1, 1, 0, -1], [-1, -1, -1, -1, -1, 0, -1, 13], [-1, -1, -1, -1, -1, 0, 0, -1], [-1, -1, -1, -1, 1, -1, -1, 14], [-1, -1, -1, -1, 1, 5, -1, 13], [-1, -1, -1, -1, 1, 0, -1, -1], [-1, -1, -1, 4, -1, -1, 5, -1], [-1, -1, -1, 4, 1, 4, -1, 13], [-1, -1, -1, 1, -1, -1, -1, 14], [-1, -1, -1, 1, -1, -1, 0, -1], [-1, -1, 2, -1, -1, -1, -1, 14], [-1, -1, 2, -1, -1, -1, -1, 13], [-1, -1, 2, -1, -1, -1, -1, 12], [-1, -1, 2, -1, -1, -1, -1, 11], [-1, -1, 2, -1, -1, -1, -1, 10], [-1, -1, 2, -1, -1, 5, -1, -1], [-1, -1, 2, -1, -1, 1, -1, -1], [-1, -1, 2, -1, -1, 0, -1, -1], [-1, -1, 2, 1, -1, -1, -1, -1], [-1, 15, -1, -1, -1, -1, 5, -1], [-1, 15, -1, -1, -1, -1, 0, -1], [-1, 15, 2, -1, -1, -1, -1, -1], [-1, 14, -1, -1, -1, -1, -1, -1], [-1, 12, -1, -1, -1, -1, 5, -1], [-1, 12, -1, -1, -1, -1, 0, -1], [-1, 12, -1, -1, -1, 4, -1, -1], [-1, 12, -1, -1, 1, -1, -1, -1], [-1, 12, -1, 1, -1, -1, -1, -1], [-1, 12, 2, -1, -1, -1, -1, -1], [-1, 10, -1, -1, -1, -1, -1, -1], [-1, 9, -1, -1, -1, -1, 5, -1], [-1, 9, -1, -1, -1, -1, 0, -1], [-1, 9, -1, -1, -1, 0, -1, -1], [-1, 9, -1, -1, 1, 5, -1, -1], [-1, 9, -1, 4, 1, 4, -1, -1], [-1, 9, 2, -1, -1, -1, -1, -1], [-1, 8, -1, -1, -1, -1, 0, -1], [-1, 8, 2, -1, -1, -1, -1, -1], [-1, 7, -1, -1, -1, -1, 0, -1], [-1, 7, 2, -1, -1, -1, -1, -1], [2, -1, -1, -1, -1, -1, -1, 14], [2, -1, -1, -1, -1, -1, -1, 13], [2, -1, -1, -1, -1, 0, -1, 10], [2, -1, -1, -1, 1, -1, -1, 12], [2, -1, -1, -1, 1, -1, -1, 11], [2, -1, -1, -1, 1, -1, -1, 10], [2, -1, -1, -1, 1, 5, -1, -1], [2, -1, -1, 4, -1, 2, -1, 12], [2, -1, -1, 4, -1, 2, 0, -1], [2, -1, -1, 4, -1, 0, -1, -1], [2, -1, -1, 1, 1, -1, -1, -1], [2, -1, 2, 4, 1, 2, -1, -1], [2, 15, -1, -1, -1, 0, -1, -1], [2, 15, -1, -1, 1, -1, -1, -1], [2, 12, -1, -1, -1, -1, -1, -1], [2, 9, -1, -1, -1, -1, -1, -1], [2, 8, -1, -1, 1, -1, -1, -1], [2, 7, -1, -1, 1, -1, -1, -1], [2, 7, -1, 4, -1, 2, -1, -1], [1, -1, -1, -1, -1, -1, 5, -1], [1, -1, -1, -1, -1, 2, -1, 14], [1, -1, -1, -1, 1, -1, -1, 13], [1, -1, -1, -1, 1, 1, -1, 10], [1, -1, -1, 4, -1, 0, -1, -1], [1, -1, 2, 4, -1, -1, -1, -1], [1, 15, -1, -1, 1, 1, -1, -1], [1, 12, -1, -1, -1, 2, -1, -1], [1, 9, -1, -1, 1, -1, -1, -1]]
9 170 
 [[-1, -1, -1, -1, -1, -1, -1, 16, -1], [-1, -1, -1, -1, -1, -1, -1, 15, -1], [-1, -1, -1, -1, -1, -1, -1, 14, 11], [-1, -1, -1, -1, -1, -1, -1, 14, 3], [-1, -1, -1, -1, -1, -1, -1, 13, 10], [-1, -1, -1, -1, -1, -1, 5, -1, 9], [-1, -1, -1, -1, -1, -1, 5, -1, 3], [-1, -1, -1, -1, -1, -1, 5, -1, 0], [-1, -1, -1, -1, -1, -1, 5, 14, -1], [-1, -1, -1, -1, -1, -1, 5, 13, -1], [-1, -1, -1, -1, -1, -1, 5, 10, -1], [-1, -1, -1, -1, -1, -1, 0, -1, 12], [-1, -1, -1, -1, -1, -1, 0, -1, 11], [-1, -1, -1, -1, -1, -1, 0, -1, 10], [-1, -1, -1, -1, -1, -1, 0, -1, 9], [-1, -1, -1, -1, -1, -1, 0, -1, 3], [-1, -1, -1, -1, -1, -1, 0, -1, 0], [-1, -1, -1, -1, -1, -1, 0, 14, -1], [-1, -1, -1, -1, -1, -1, 0, 13, -1], [-1, -1, -1, -1, -1, -1, 0, 12, -1], [-1, -1, -1, -1, -1, -1, 0, 11, -1], [-1, -1, -1, -1, -1, -1, 0, 10, -1], [-1, -1, -1, -1, -1, 5, 0, -1, -1], [-1, -1, -1, -1, -1, 4, -1, -1, 9], [-1, -1, -1, -1, -1, 4, -1, 14, -1], [-1, -1, -1, -1, -1, 4, -1, 13, 11], [-1, -1, -1, -1, -1, 3, -1, -1, -1], [-1, -1, -1, -1, -1, 1, -1, -1, 10], [-1, -1, -1, -1, -1, 1, -1, -1, 3], [-1, -1, -1, -1, -1, 1, 5, -1, -1], [-1, -1, -1, -1, -1, 1, 0, -1, -1], [-1, -1, -1, -1, -1, 0, -1, -1, 9], [-1, -1, -1, -1, -1, 0, -1, -1, 3], [-1, -1, -1, -1, -1, 0, -1, -1, 2], [-1, -1, -1, -1, -1, 0, -1, 13, -1], [-1, -1, -1, -1, -1, 0, 0, -1, -1], [-1, -1, -1, -1, 1, -1, -1, 14, -1], [-1, -1, -1, -1, 1, -1, -1, 13, 3], [-1, -1, -1, -1, 1, -1, -1, 13, 2], [-1, -1, -1, -1, 1, -1, -1, 11, 3], [-1, -1, -1, -1, 1, -1, -1, 9, 12], [-1, -1, -1, -1, 1, 5, -1, -1, 3], [-1, -1, -1, -1, 1, 5, -1, 13, -1], [-1, -1, -1, -1, 1, 0, -1, -1, -1], [-1, -1, -1, 4, -1, -1, 5, -1, -1], [-1, -1, -1, 4, -1, 2, -1, 12, 3], [-1, -1, -1, 4, 1, -1, -1, 11, 11], [-1, -1, -1, 4, 1, 4, -1, 13, -1], [-1, -1, -1, 2, -1, -1, 0, -1, 2], [-1, -1, -1, 1, -1, -1, -1, -1, 9], [-1, -1, -1, 1, -1, -1, -1, -1, 3], [-1, -1, -1, 1, -1, -1, -1, 14, -1], [-1, -1, -1, 1, -1, -1, 0, -1, -1], [-1, -1, 2, -1, -1, -1, -1, -1, 12], [-1, -1, 2, -1, -1, -1, -1, -1, 11], [-1, -1, 2, -1, -1, -1, -1, -1, 10], [-1, -1, 2, -1, -1, -1, -1, -1, 9], [-1, -1, 2, -1, -1, -1, -1, -1, 3], [-1, -1, 2, -1, -1, -1, -1, -1, 0], [-1, -1, 2, -1, -1, -1, -1, 14, -1], [-1, -1, 2, -1, -1, -1, -1, 13, -1], [-1, -1, 2, -1, -1, -1, -1, 12, -1], [-1, -1, 2, -1, -1, -1, -1, 11, -1], [-1, -1, 2, -1, -1, -1, -1, 10, -1], [-1, -1, 2, -1, -1, 5, -1, -1, -1], [-1, -1, 2, -1, -1, 1, -1, -1, -1], [-1, -1, 2, -1, -1, 0, -1, -1, -1], [-1, -1, 2, 2, -1, -1, -1, -1, 2], [-1, -1, 2, 1, -1, -1, -1, -1, -1], [-1, -1, 0, -1, -1, -1, 1, 13, 3], [-1, 15, -1, -1, -1, -1, 5, -1, -1], [-1, 15, -1, -1, -1, -1, 0, -1, -1], [-1, 15, 2, -1, -1, -1, -1, -1, -1], [-1, 14, -1, -1, -1, -1, -1, -1, -1], [-1, 12, -1, -1, -1, -1, -1, -1, 11], [-1, 12, -1, -1, -1, -1, -1, -1, 3], [-1, 12, -1, -1, -1, -1, 5, -1, -1], [-1, 12, -1, -1, -1, -1, 0, -1, -1], [-1, 12, -1, -1, -1, 4, -1, -1, -1], [-1, 12, -1, -1, 1, -1, -1, -1, -1], [-1, 12, -1, 1, -1, -1, -1, -1, -1], [-1, 12, 2, -1, -1, -1, -1, -1, -1], [-1, 11, -1, -1, 1, -1, -1, -1, 12], [-1, 10, -1, -1, -1, -1, -1, -1, -1], [-1, 9, -1, -1, -1, -1, -1, -1, 10], [-1, 9, -1, -1, -1, -1, 5, -1, -1], [-1, 9, -1, -1, -1, -1, 0, -1, -1], [-1, 9, -1, -1, -1, 4, -1, -1, 11], [-1, 9, -1, -1, -1, 0, -1, -1, -1], [-1, 9, -1, -1, 1, -1, -1, -1, 3], [-1, 9, -1, -1, 1, -1, -1, -1, 2], [-1, 9, -1, -1, 1, 5, -1, -1, -1], [-1, 9, -1, 4, 1, 4, -1, -1, -1], [-1, 9, 2, -1, -1, -1, -1, -1, -1], [-1, 9, 0, -1, -1, -1, 1, -1, 3], [-1, 8, -1, -1, -1, -1, 0, -1, -1], [-1, 8, -1, -1, 1, -1, -1, -1, 3], [-1, 8, -1, 4, 1, -1, -1, -1, 11], [-1, 8, 2, -1, -1, -1, -1, -1, -1], [-1, 7, -1, -1, -1, -1, 0, -1, -1], [-1, 7, -1, 4, -1, 2, -1, -1, 3], [-1, 7, 2, -1, -1, -1, -1, -1, -1], [2, -1, -1, -1, -1, -1, -1, -1, 12], [2, -1, -1, -1, -1, -1, -1, -1, 9], [2, -1, -1, -1, -1, -1, -1, -1, 3], [2, -1, -1, -1, -1, -1, -1, 14, -1], [2, -1, -1, -1, -1, -1, -1, 13, -1], [2, -1, -1, -1, -1, -1, -1, 9, 13], [2, -1, -1, -1, -1, -1, 0, -1, 13], [2, -1, -1, -1, -1, -1, 0, 9, 2], [2, -1, -1, -1, -1, 2, -1, 10, 2], [2, -1, -1, -1, -1, 2, 0, 9, 6], [2, -1, -1, -1, -1, 0, -1, 10, -1], [2, -1, -1, -1, 1, -1, -1, 12, -1], [2, -1, -1, -1, 1, -1, -1, 11, -1], [2, -1, -1, -1, 1, -1, -1, 10, -1], [2, -1, -1, -1, 1, 5, -1, -1, -1], [2, -1, -1, -1, 1, 2, -1, -1, 11], [2, -1, -1, 4, -1, 2, -1, 12, -1], [2, -1, -1, 4, -1, 2, 0, -1, -1], [2, -1, -1, 4, -1, 0, -1, -1, -1], [2, -1, -1, 4, 1, 2, -1, 9, 2], [2, -1, -1, 1, 1, -1, -1, -1, -1], [2, -1, 2, -1, -1, -1, -1, -1, 13], [2, -1, 2, -1, -1, -1, -1, 9, 2], [2, -1, 2, -1, -1, 2, -1, 9, 6], [2, -1, 2, 4, 1, 2, -1, -1, -1], [2, 15, -1, -1, -1, 2, -1, -1, 2], [2, 15, -1, -1, -1, 0, -1, -1, -1], [2, 15, -1, -1, 1, -1, -1, -1, -1], [2, 12, -1, -1, -1, -1, -1, -1, -1], [2, 11, -1, -1, -1, -1, -1, -1, 13], [2, 11, -1, -1, -1, -1, 0, -1, 2], [2, 11, -1, -1, -1, 2, 0, -1, 6], [2, 11, -1, 4, 1, 2, -1, -1, 2], [2, 11, 2, -1, -1, -1, -1, -1, 2], [2, 11, 2, -1, -1, 2, -1, -1, 6], [2, 9, -1, -1, -1, -1, -1, -1, -1], [2, 8, -1, -1, 1, -1, -1, -1, -1], [2, 7, -1, -1, 1, -1, -1, -1, -1], [2, 7, -1, 4, -1, 2, -1, -1, -1], [1, -1, -1, -1, -1, -1, -1, 9, 10], [1, -1, -1, -1, -1, -1, 5, -1, -1], [1, -1, -1, -1, -1, 2, -1, 14, -1], [1, -1, -1, -1, -1, 2, -1, 11, 2], [1, -1, -1, -1, -1, 2, -1, 10, 9], [1, -1, -1, -1, 1, -1, -1, -1, 12], [1, -1, -1, -1, 1, -1, -1, -1, 11], [1, -1, -1, -1, 1, -1, -1, -1, 10], [1, -1, -1, -1, 1, -1, -1, -1, 9], [1, -1, -1, -1, 1, -1, -1, -1, 3], [1, -1, -1, -1, 1, -1, -1, 13, -1], [1, -1, -1, -1, 1, -1, -1, 11, 2], [1, -1, -1, -1, 1, 2, -1, 10, 2], [1, -1, -1, -1, 1, 1, -1, 10, -1], [1, -1, -1, 4, -1, -1, -1, -1, 10], [1, -1, -1, 4, -1, -1, -1, 13, 2], [1, -1, -1, 4, -1, -1, -1, 13, 0], [1, -1, -1, 4, -1, 0, -1, -1, -1], [1, -1, 2, 4, -1, -1, -1, -1, -1], [1, 15, -1, -1, -1, 2, -1, -1, 9], [1, 15, -1, -1, 1, 2, -1, -1, 2], [1, 15, -1, -1, 1, 1, -1, -1, -1], [1, 12, -1, -1, -1, 2, -1, -1, -1], [1, 11, -1, -1, -1, -1, -1, -1, 10], [1, 9, -1, -1, 1, -1, -1, -1, -1], [1, 9, -1, 4, -1, -1, -1, -1, 2], [1, 9, -1, 4, -1, -1, -1, -1, 0], [1, 8, -1, -1, -1, 2, -1, -1, 2], [1, 8, -1, -1, 1, -1, -1, -1, 2]]
10 177 
 [[-1, -1, -1, -1, -1, -1, -1, -1, -1, 1], [-1, -1, -1, -1, -1, -1, -1, 16, -1, -1], [-1, -1, -1, -1, -1, -1, -1, 15, -1, -1], [-1, -1, -1, -1, -1, -1, -1, 14, 11, -1], [-1, -1, -1, -1, -1, -1, -1, 14, 3, -1], [-1, -1, -1, -1, -1, -1, -1, 13, 10, -1], [-1, -1, -1, -1, -1, -1, 5, -1, 9, -1], [-1, -1, -1, -1, -1, -1, 5, -1, 3, -1], [-1, -1, -1, -1, -1, -1, 5, -1, 0, -1], [-1, -1, -1, -1, -1, -1, 5, 14, -1, -1], [-1, -1, -1, -1, -1, -1, 5, 13, -1, -1], [-1, -1, -1, -1, -1, -1, 5, 10, -1, -1], [-1, -1, -1, -1, -1, -1, 0, -1, 12, -1], [-1, -1, -1, -1, -1, -1, 0, -1, 11, -1], [-1, -1, -1, -1, -1, -1, 0, -1, 10, -1], [-1, -1, -1, -1, -1, -1, 0, -1, 9, -1], [-1, -1, -1, -1, -1, -1, 0, -1, 3, -1], [-1, -1, -1, -1, -1, -1, 0, -1, 0, -1], [-1, -1, -1, -1, -1, -1, 0, 14, -1, -1], [-1, -1, -1, -1, -1, -1, 0, 13, -1, -1], [-1, -1, -1, -1, -1, -1, 0, 12, -1, -1], [-1, -1, -1, -1, -1, -1, 0, 11, -1, -1], [-1, -1, -1, -1, -1, -1, 0, 10, -1, -1], [-1, -1, -1, -1, -1, 5, 0, -1, -1, -1], [-1, -1, -1, -1, -1, 4, -1, -1, 9, -1], [-1, -1, -1, -1, -1, 4, -1, 14, -1, -1], [-1, -1, -1, -1, -1, 4, -1, 13, 11, -1], [-1, -1, -1, -1, -1, 3, -1, -1, -1, -1], [-1, -1, -1, -1, -1, 1, -1, -1, 10, -1], [-1, -1, -1, -1, -1, 1, -1, -1, 3, -1], [-1, -1, -1, -1, -1, 1, 5, -1, -1, -1], [-1, -1, -1, -1, -1, 1, 0, -1, -1, -1], [-1, -1, -1, -1, -1, 0, -1, -1, 9, -1], [-1, -1, -1, -1, -1, 0, -1, -1, 3, -1], [-1, -1, -1, -1, -1, 0, -1, -1, 2, -1], [-1, -1, -1, -1, -1, 0, -1, 13, -1, -1], [-1, -1, -1, -1, -1, 0, 0, -1, -1, -1], [-1, -1, -1, -1, 1, -1, -1, 14, -1, -1], [-1, -1, -1, -1, 1, -1, -1, 13, 3, -1], [-1, -1, -1, -1, 1, -1, -1, 13, 2, -1], [-1, -1, -1, -1, 1, -1, -1, 11, 3, -1], [-1, -1, -1, -1, 1, -1, -1, 9, 12, -1], [-1, -1, -1, -1, 1, 5, -1, -1, 3, -1], [-1, -1, -1, -1, 1, 5, -1, 13, -1, -1], [-1, -1, -1, -1, 1, 1, -1, 13, -1, 0], [-1, -1, -1, -1, 1, 0, -1, -1, -1, -1], [-1, -1, -1, 4, -1, -1, 5, -1, -1, -1], [-1, -1, -1, 4, -1, 2, -1, 12, 3, -1], [-1, -1, -1, 4, 1, -1, -1, 11, 11, -1], [-1, -1, -1, 4, 1, 4, -1, 13, -1, -1], [-1, -1, -1, 2, -1, -1, 0, -1, 2, -1], [-1, -1, -1, 1, -1, -1, -1, -1, 9, -1], [-1, -1, -1, 1, -1, -1, -1, -1, 3, -1], [-1, -1, -1, 1, -1, -1, -1, 14, -1, -1], [-1, -1, -1, 1, -1, -1, 0, -1, -1, -1], [-1, -1, 2, -1, -1, -1, -1, -1, 12, -1], [-1, -1, 2, -1, -1, -1, -1, -1, 11, -1], [-1, -1, 2, -1, -1, -1, -1, -1, 10, -1], [-1, -1, 2, -1, -1, -1, -1, -1, 9, -1], [-1, -1, 2, -1, -1, -1, -1, -1, 3, -1], [-1, -1, 2, -1, -1, -1, -1, -1, 0, -1], [-1, -1, 2, -1, -1, -1, -1, 14, -1, -1], [-1, -1, 2, -1, -1, -1, -1, 13, -1, -1], [-1, -1, 2, -1, -1, -1, -1, 12, -1, -1], [-1, -1, 2, -1, -1, -1, -1, 11, -1, -1], [-1, -1, 2, -1, -1, -1, -1, 10, -1, -1], [-1, -1, 2, -1, -1, 5, -1, -1, -1, -1], [-1, -1, 2, -1, -1, 1, -1, -1, -1, -1], [-1, -1, 2, -1, -1, 0, -1, -1, -1, -1], [-1, -1, 2, 2, -1, -1, -1, -1, 2, -1], [-1, -1, 2, 1, -1, -1, -1, -1, -1, -1], [-1, -1, 0, -1, -1, -1, 1, 13, 3, -1], [-1, 15, -1, -1, -1, -1, 5, -1, -1, -1], [-1, 15, -1, -1, -1, -1, 0, -1, -1, -1], [-1, 15, 2, -1, -1, -1, -1, -1, -1, -1], [-1, 14, -1, -1, -1, -1, -1, -1, -1, -1], [-1, 12, -1, -1, -1, -1, -1, -1, 11, -1], [-1, 12, -1, -1, -1, -1, -1, -1, 3, -1], [-1, 12, -1, -1, -1, -1, 5, -1, -1, -1], [-1, 12, -1, -1, -1, -1, 0, -1, -1, -1], [-1, 12, -1, -1, -1, 4, -1, -1, -1, -1], [-1, 12, -1, -1, 1, -1, -1, -1, -1, -1], [-1, 12, -1, 1, -1, -1, -1, -1, -1, -1], [-1, 12, 2, -1, -1, -1, -1, -1, -1, -1], [-1, 11, -1, -1, 1, -1, -1, -1, 12, -1], [-1, 10, -1, -1, -1, -1, -1, -1, -1, -1], [-1, 9, -1, -1, -1, -1, -1, -1, 10, -1], [-1, 9, -1, -1, -1, -1, 5, -1, -1, -1], [-1, 9, -1, -1, -1, -1, 0, -1, -1, -1], [-1, 9, -1, -1, -1, 4, -1, -1, 11, -1], [-1, 9, -1, -1, -1, 0, -1, -1, -1, -1], [-1, 9, -1, -1, 1, -1, -1, -1, 3, -1], [-1, 9, -1, -1, 1, -1, -1, -1, 2, -1], [-1, 9, -1, -1, 1, 5, -1, -1, -1, -1], [-1, 9, -1, -1, 1, 1, -1, -1, -1, 0], [-1, 9, -1, 4, 1, 4, -1, -1, -1, -1], [-1, 9, 2, -1, -1, -1, -1, -1, -1, -1], [-1, 9, 0, -1, -1, -1, 1, -1, 3, -1], [-1, 8, -1, -1, -1, -1, 0, -1, -1, -1], [-1, 8, -1, -1, 1, -1, -1, -1, 3, -1], [-1, 8, -1, 4, 1, -1, -1, -1, 11, -1], [-1, 8, 2, -1, -1, -1, -1, -1, -1, -1], [-1, 7, -1, -1, -1, -1, 0, -1, -1, -1], [-1, 7, -1, 4, -1, 2, -1, -1, 3, -1], [-1, 7, 2, -1, -1, -1, -1, -1, -1, -1], [2, -1, -1, -1, -1, -1, -1, -1, 12, -1], [2, -1, -1, -1, -1, -1, -1, -1, 9, -1], [2, -1, -1, -1, -1, -1, -1, -1, 3, -1], [2, -1, -1, -1, -1, -1, -1, 14, -1, -1], [2, -1, -1, -1, -1, -1, -1, 13, -1, -1], [2, -1, -1, -1, -1, -1, -1, 9, 13, -1], [2, -1, -1, -1, -1, -1, 0, -1, 13, -1], [2, -1, -1, -1, -1, -1, 0, 9, 2, -1], [2, -1, -1, -1, -1, 2, -1, 10, 2, -1], [2, -1, -1, -1, -1, 2, 0, 9, 6, -1], [2, -1, -1, -1, -1, 0, -1, 10, -1, -1], [2, -1, -1, -1, 1, -1, -1, 12, -1, -1], [2, -1, -1, -1, 1, -1, -1, 11, -1, -1], [2, -1, -1, -1, 1, -1, -1, 10, -1, -1], [2, -1, -1, -1, 1, 5, -1, -1, -1, -1], [2, -1, -1, -1, 1, 2, -1, -1, 11, -1], [2, -1, -1, 4, -1, 2, -1, 12, -1, -1], [2, -1, -1, 4, -1, 2, 0, -1, -1, -1], [2, -1, -1, 4, -1, 0, -1, -1, -1, -1], [2, -1, -1, 4, 1, 2, -1, 9, 2, -1], [2, -1, -1, 1, 1, -1, -1, -1, -1, -1], [2, -1, 2, -1, -1, -1, -1, -1, 13, -1], [2, -1, 2, -1, -1, -1, -1, 9, 6, 0], [2, -1, 2, -1, -1, -1, -1, 9, 2, -1], [2, -1, 2, -1, -1, 2, -1, 9, 6, -1], [2, -1, 2, 4, 1, 2, -1, -1, -1, -1], [2, 15, -1, -1, -1, 2, -1, -1, 2, -1], [2, 15, -1, -1, -1, 0, -1, -1, -1, -1], [2, 15, -1, -1, 1, -1, -1, -1, -1, -1], [2, 12, -1, -1, -1, -1, -1, -1, -1, -1], [2, 11, -1, -1, -1, -1, -1, -1, 13, -1], [2, 11, -1, -1, -1, -1, 0, -1, 2, -1], [2, 11, -1, -1, -1, 2, 0, -1, 6, -1], [2, 11, -1, 4, 1, 2, -1, -1, 2, -1], [2, 11, 2, -1, -1, -1, -1, -1, 6, 0], [2, 11, 2, -1, -1, -1, -1, -1, 2, -1], [2, 11, 2, -1, -1, 2, -1, -1, 6, -1], [2, 9, -1, -1, -1, -1, -1, -1, -1, -1], [2, 8, -1, -1, 1, -1, -1, -1, -1, -1], [2, 7, -1, -1, 1, -1, -1, -1, -1, -1], [2, 7, -1, 4, -1, 2, -1, -1, -1, -1], [1, -1, -1, -1, -1, -1, -1, 9, 10, -1], [1, -1, -1, -1, -1, -1, 5, -1, -1, -1], [1, -1, -1, -1, -1, 2, -1, 14, -1, -1], [1, -1, -1, -1, -1, 2, -1, 11, 2, -1], [1, -1, -1, -1, -1, 2, -1, 10, 9, -1], [1, -1, -1, -1, 1, -1, -1, -1, 12, -1], [1, -1, -1, -1, 1, -1, -1, -1, 11, -1], [1, -1, -1, -1, 1, -1, -1, -1, 10, -1], [1, -1, -1, -1, 1, -1, -1, -1, 9, -1], [1, -1, -1, -1, 1, -1, -1, -1, 3, -1], [1, -1, -1, -1, 1, -1, -1, 13, -1, -1], [1, -1, -1, -1, 1, -1, -1, 11, 2, -1], [1, -1, -1, -1, 1, 2, -1, 10, 2, -1], [1, -1, -1, -1, 1, 1, -1, 10, -1, -1], [1, -1, -1, 4, -1, -1, -1, -1, 10, -1], [1, -1, -1, 4, -1, -1, -1, 13, 2, -1], [1, -1, -1, 4, -1, -1, -1, 13, 0, -1], [1, -1, -1, 4, -1, 2, -1, 10, 2, 0], [1, -1, -1, 4, -1, 0, -1, -1, -1, -1], [1, -1, 2, 4, -1, -1, -1, -1, -1, -1], [1, 15, -1, -1, -1, 2, -1, -1, 9, -1], [1, 15, -1, -1, 1, 2, -1, -1, 2, -1], [1, 15, -1, -1, 1, 1, -1, -1, -1, -1], [1, 15, -1, 4, -1, 2, -1, -1, 2, 0], [1, 12, -1, -1, -1, 2, -1, -1, -1, -1], [1, 11, -1, -1, -1, -1, -1, -1, 10, -1], [1, 9, -1, -1, 1, -1, -1, -1, -1, -1], [1, 9, -1, 4, -1, -1, -1, -1, 2, -1], [1, 9, -1, 4, -1, -1, -1, -1, 0, -1], [1, 8, -1, -1, -1, 2, -1, -1, 2, -1], [1, 8, -1, -1, 1, -1, -1, -1, 2, -1]]
11 199 
 [[-1, -1, -1, -1, -1, -1, -1, -1, -1, 1, -1], [-1, -1, -1, -1, -1, -1, -1, -1, 13, -1, 1], [-1, -1, -1, -1, -1, -1, -1, -1, 9, -1, 1], [-1, -1, -1, -1, -1, -1, -1, -1, 3, -1, 1], [-1, -1, -1, -1, -1, -1, -1, -1, 2, -1, 1], [-1, -1, -1, -1, -1, -1, -1, 16, -1, -1, -1], [-1, -1, -1, -1, -1, -1, -1, 15, -1, -1, -1], [-1, -1, -1, -1, -1, -1, -1, 14, 11, -1, -1], [-1, -1, -1, -1, -1, -1, -1, 14, 3, -1, -1], [-1, -1, -1, -1, -1, -1, -1, 13, -1, -1, 1], [-1, -1, -1, -1, -1, -1, -1, 13, 10, -1, -1], [-1, -1, -1, -1, -1, -1, 5, -1, -1, -1, 1], [-1, -1, -1, -1, -1, -1, 5, -1, 9, -1, -1], [-1, -1, -1, -1, -1, -1, 5, -1, 3, -1, -1], [-1, -1, -1, -1, -1, -1, 5, -1, 0, -1, -1], [-1, -1, -1, -1, -1, -1, 5, 14, -1, -1, -1], [-1, -1, -1, -1, -1, -1, 5, 13, -1, -1, -1], [-1, -1, -1, -1, -1, -1, 5, 10, -1, -1, -1], [-1, -1, -1, -1, -1, -1, 0, -1, -1, -1, 1], [-1, -1, -1, -1, -1, -1, 0, -1, 12, -1, -1], [-1, -1, -1, -1, -1, -1, 0, -1, 11, -1, -1], [-1, -1, -1, -1, -1, -1, 0, -1, 10, -1, -1], [-1, -1, -1, -1, -1, -1, 0, -1, 9, -1, -1], [-1, -1, -1, -1, -1, -1, 0, -1, 3, -1, -1], [-1, -1, -1, -1, -1, -1, 0, -1, 0, -1, -1], [-1, -1, -1, -1, -1, -1, 0, 14, -1, -1, -1], [-1, -1, -1, -1, -1, -1, 0, 13, -1, -1, -1], [-1, -1, -1, -1, -1, -1, 0, 12, -1, -1, -1], [-1, -1, -1, -1, -1, -1, 0, 11, -1, -1, -1], [-1, -1, -1, -1, -1, -1, 0, 10, -1, -1, -1], [-1, -1, -1, -1, -1, 5, 0, -1, -1, -1, -1], [-1, -1, -1, -1, -1, 4, -1, -1, 9, -1, -1], [-1, -1, -1, -1, -1, 4, -1, 14, -1, -1, -1], [-1, -1, -1, -1, -1, 4, -1, 13, 11, -1, -1], [-1, -1, -1, -1, -1, 3, -1, -1, -1, -1, -1], [-1, -1, -1, -1, -1, 2, -1, 14, -1, -1, 1], [-1, -1, -1, -1, -1, 1, -1, -1, 10, -1, -1], [-1, -1, -1, -1, -1, 1, -1, -1, 3, -1, -1], [-1, -1, -1, -1, -1, 1, 5, -1, -1, -1, -1], [-1, -1, -1, -1, -1, 1, 0, -1, -1, -1, -1], [-1, -1, -1, -1, -1, 0, -1, -1, 9, -1, -1], [-1, -1, -1, -1, -1, 0, -1, -1, 3, -1, -1], [-1, -1, -1, -1, -1, 0, -1, -1, 2, -1, -1], [-1, -1, -1, -1, -1, 0, -1, 13, -1, -1, -1], [-1, -1, -1, -1, -1, 0, 0, -1, -1, -1, -1], [-1, -1, -1, -1, 1, -1, -1, -1, -1, -1, 1], [-1, -1, -1, -1, 1, -1, -1, 14, -1, -1, -1], [-1, -1, -1, -1, 1, -1, -1, 13, 3, -1, -1], [-1, -1, -1, -1, 1, -1, -1, 13, 2, -1, -1], [-1, -1, -1, -1, 1, -1, -1, 11, 3, -1, -1], [-1, -1, -1, -1, 1, -1, -1, 9, 12, -1, -1], [-1, -1, -1, -1, 1, 5, -1, -1, 3, -1, -1], [-1, -1, -1, -1, 1, 5, -1, 13, -1, -1, -1], [-1, -1, -1, -1, 1, 1, -1, 13, -1, 0, -1], [-1, -1, -1, -1, 1, 0, -1, -1, -1, -1, -1], [-1, -1, -1, 4, -1, -1, 5, -1, -1, -1, -1], [-1, -1, -1, 4, -1, 2, -1, 12, 3, -1, -1], [-1, -1, -1, 4, -1, 2, -1, 10, -1, -1, 1], [-1, -1, -1, 4, 1, -1, -1, 13, 0, -1, 0], [-1, -1, -1, 4, 1, -1, -1, 11, 11, -1, -1], [-1, -1, -1, 4, 1, 4, -1, 13, -1, -1, -1], [-1, -1, -1, 2, -1, -1, 0, -1, 2, -1, -1], [-1, -1, -1, 1, -1, -1, -1, -1, 9, -1, -1], [-1, -1, -1, 1, -1, -1, -1, -1, 3, -1, -1], [-1, -1, -1, 1, -1, -1, -1, 14, -1, -1, -1], [-1, -1, -1, 1, -1, -1, 0, -1, -1, -1, -1], [-1, -1, 2, -1, -1, -1, -1, -1, -1, -1, 1], [-1, -1, 2, -1, -1, -1, -1, -1, 12, -1, -1], [-1, -1, 2, -1, -1, -1, -1, -1, 11, -1, -1], [-1, -1, 2, -1, -1, -1, -1, -1, 10, -1, -1], [-1, -1, 2, -1, -1, -1, -1, -1, 9, -1, -1], [-1, -1, 2, -1, -1, -1, -1, -1, 3, -1, -1], [-1, -1, 2, -1, -1, -1, -1, -1, 0, -1, -1], [-1, -1, 2, -1, -1, -1, -1, 14, -1, -1, -1], [-1, -1, 2, -1, -1, -1, -1, 13, -1, -1, -1], [-1, -1, 2, -1, -1, -1, -1, 12, -1, -1, -1], [-1, -1, 2, -1, -1, -1, -1, 11, -1, -1, -1], [-1, -1, 2, -1, -1, -1, -1, 10, -1, -1, -1], [-1, -1, 2, -1, -1, 5, -1, -1, -1, -1, -1], [-1, -1, 2, -1, -1, 1, -1, -1, -1, -1, -1], [-1, -1, 2, -1, -1, 0, -1, -1, -1, -1, -1], [-1, -1, 2, 2, -1, -1, -1, -1, 2, -1, -1], [-1, -1, 2, 1, -1, -1, -1, -1, -1, -1, -1], [-1, -1, 0, -1, -1, -1, 1, 13, 3, -1, -1], [-1, -1, 0, -1, -1, 2, -1, 13, 3, -1, 0], [-1, 15, -1, -1, -1, -1, 5, -1, -1, -1, -1], [-1, 15, -1, -1, -1, -1, 0, -1, -1, -1, -1], [-1, 15, -1, 4, -1, 2, -1, -1, -1, -1, 1], [-1, 15, 2, -1, -1, -1, -1, -1, -1, -1, -1], [-1, 14, -1, -1, -1, -1, -1, -1, -1, -1, -1], [-1, 12, -1, -1, -1, -1, -1, -1, 11, -1, -1], [-1, 12, -1, -1, -1, -1, -1, -1, 3, -1, -1], [-1, 12, -1, -1, -1, -1, 5, -1, -1, -1, -1], [-1, 12, -1, -1, -1, -1, 0, -1, -1, -1, -1], [-1, 12, -1, -1, -1, 4, -1, -1, -1, -1, -1], [-1, 12, -1, -1, -1, 2, -1, -1, -1, -1, 1], [-1, 12, -1, -1, 1, -1, -1, -1, -1, -1, -1], [-1, 12, -1, 1, -1, -1, -1, -1, -1, -1, -1], [-1, 12, 2, -1, -1, -1, -1, -1, -1, -1, -1], [-1, 11, -1, -1, 1, -1, -1, -1, 12, -1, -1], [-1, 10, -1, -1, -1, -1, -1, -1, -1, -1, -1], [-1, 9, -1, -1, -1, -1, -1, -1, -1, -1, 1], [-1, 9, -1, -1, -1, -1, -1, -1, 10, -1, -1], [-1, 9, -1, -1, -1, -1, 5, -1, -1, -1, -1], [-1, 9, -1, -1, -1, -1, 0, -1, -1, -1, -1], [-1, 9, -1, -1, -1, 4, -1, -1, 11, -1, -1], [-1, 9, -1, -1, -1, 0, -1, -1, -1, -1, -1], [-1, 9, -1, -1, 1, -1, -1, -1, 3, -1, -1], [-1, 9, -1, -1, 1, -1, -1, -1, 2, -1, -1], [-1, 9, -1, -1, 1, 5, -1, -1, -1, -1, -1], [-1, 9, -1, -1, 1, 1, -1, -1, -1, 0, -1], [-1, 9, -1, 4, 1, -1, -1, -1, 0, -1, 0], [-1, 9, -1, 4, 1, 4, -1, -1, -1, -1, -1], [-1, 9, 2, -1, -1, -1, -1, -1, -1, -1, -1], [-1, 9, 0, -1, -1, -1, 1, -1, 3, -1, -1], [-1, 9, 0, -1, -1, 2, -1, -1, 3, -1, 0], [-1, 8, -1, -1, -1, -1, 0, -1, -1, -1, -1], [-1, 8, -1, -1, 1, -1, -1, -1, 3, -1, -1], [-1, 8, -1, 4, 1, -1, -1, -1, 11, -1, -1], [-1, 8, 2, -1, -1, -1, -1, -1, -1, -1, -1], [-1, 7, -1, -1, -1, -1, 0, -1, -1, -1, -1], [-1, 7, -1, 4, -1, 2, -1, -1, 3, -1, -1], [-1, 7, 2, -1, -1, -1, -1, -1, -1, -1, -1], [2, -1, -1, -1, -1, -1, -1, -1, -1, -1, 1], [2, -1, -1, -1, -1, -1, -1, -1, 12, -1, -1], [2, -1, -1, -1, -1, -1, -1, -1, 9, -1, -1], [2, -1, -1, -1, -1, -1, -1, -1, 3, -1, -1], [2, -1, -1, -1, -1, -1, -1, 14, -1, -1, -1], [2, -1, -1, -1, -1, -1, -1, 13, -1, -1, -1], [2, -1, -1, -1, -1, -1, -1, 9, 13, -1, -1], [2, -1, -1, -1, -1, -1, 0, -1, 13, -1, -1], [2, -1, -1, -1, -1, -1, 0, 9, 2, -1, -1], [2, -1, -1, -1, -1, 2, -1, 12, -1, -1, 0], [2, -1, -1, -1, -1, 2, -1, 10, 2, -1, -1], [2, -1, -1, -1, -1, 2, 0, 9, 6, -1, -1], [2, -1, -1, -1, -1, 0, -1, 10, -1, -1, -1], [2, -1, -1, -1, 1, -1, -1, 12, -1, -1, -1], [2, -1, -1, -1, 1, -1, -1, 11, -1, -1, -1], [2, -1, -1, -1, 1, -1, -1, 10, -1, -1, -1], [2, -1, -1, -1, 1, 5, -1, -1, -1, -1, -1], [2, -1, -1, -1, 1, 2, -1, -1, 11, -1, -1], [2, -1, -1, 4, -1, 2, -1, 12, -1, -1, -1], [2, -1, -1, 4, -1, 2, 0, -1, -1, -1, -1], [2, -1, -1, 4, -1, 0, -1, -1, -1, -1, -1], [2, -1, -1, 4, 1, 2, -1, 9, 2, -1, -1], [2, -1, -1, 1, 1, -1, -1, -1, -1, -1, -1], [2, -1, 2, -1, -1, -1, -1, -1, 13, -1, -1], [2, -1, 2, -1, -1, -1, -1, 9, 6, 0, -1], [2, -1, 2, -1, -1, -1, -1, 9, 2, -1, -1], [2, -1, 2, -1, -1, 2, -1, 9, 6, -1, -1], [2, -1, 2, 4, 1, 2, -1, -1, -1, -1, -1], [2, 15, -1, -1, -1, 2, -1, -1, 2, -1, -1], [2, 15, -1, -1, -1, 0, -1, -1, -1, -1, -1], [2, 15, -1, -1, 1, -1, -1, -1, -1, -1, -1], [2, 12, -1, -1, -1, -1, -1, -1, -1, -1, -1], [2, 11, -1, -1, -1, -1, -1, -1, 13, -1, -1], [2, 11, -1, -1, -1, -1, 0, -1, 2, -1, -1], [2, 11, -1, -1, -1, 2, 0, -1, 6, -1, -1], [2, 11, -1, 4, 1, 2, -1, -1, 2, -1, -1], [2, 11, 2, -1, -1, -1, -1, -1, 6, 0, -1], [2, 11, 2, -1, -1, -1, -1, -1, 2, -1, -1], [2, 11, 2, -1, -1, 2, -1, -1, 6, -1, -1], [2, 9, -1, -1, -1, -1, -1, -1, -1, -1, -1], [2, 8, -1, -1, 1, -1, -1, -1, -1, -1, -1], [2, 7, -1, -1, -1, 2, -1, -1, -1, -1, 0], [2, 7, -1, -1, 1, -1, -1, -1, -1, -1, -1], [2, 7, -1, 4, -1, 2, -1, -1, -1, -1, -1], [1, -1, -1, -1, -1, -1, -1, -1, -1, -1, 1], [1, -1, -1, -1, -1, -1, -1, 9, 10, -1, -1], [1, -1, -1, -1, -1, -1, 5, -1, -1, -1, -1], [1, -1, -1, -1, -1, 2, -1, 14, -1, -1, -1], [1, -1, -1, -1, -1, 2, -1, 11, 2, -1, -1], [1, -1, -1, -1, -1, 2, -1, 10, 9, -1, -1], [1, -1, -1, -1, 1, -1, -1, -1, 12, -1, -1], [1, -1, -1, -1, 1, -1, -1, -1, 11, -1, -1], [1, -1, -1, -1, 1, -1, -1, -1, 10, -1, -1], [1, -1, -1, -1, 1, -1, -1, -1, 9, -1, -1], [1, -1, -1, -1, 1, -1, -1, -1, 3, -1, -1], [1, -1, -1, -1, 1, -1, -1, 13, -1, -1, -1], [1, -1, -1, -1, 1, -1, -1, 11, 2, -1, -1], [1, -1, -1, -1, 1, 2, -1, 10, 2, -1, -1], [1, -1, -1, -1, 1, 1, -1, 10, -1, -1, -1], [1, -1, -1, 4, -1, -1, -1, -1, 10, -1, -1], [1, -1, -1, 4, -1, -1, -1, 13, 2, -1, -1], [1, -1, -1, 4, -1, -1, -1, 13, 0, -1, -1], [1, -1, -1, 4, -1, 2, -1, 10, 2, 0, -1], [1, -1, -1, 4, -1, 0, -1, -1, -1, -1, -1], [1, -1, 2, 4, -1, -1, -1, -1, -1, -1, -1], [1, 15, -1, -1, -1, 2, -1, -1, 9, -1, -1], [1, 15, -1, -1, 1, 2, -1, -1, 2, -1, -1], [1, 15, -1, -1, 1, 1, -1, -1, -1, -1, -1], [1, 15, -1, 4, -1, 2, -1, -1, 2, 0, -1], [1, 12, -1, -1, -1, 2, -1, -1, -1, -1, -1], [1, 11, -1, -1, -1, -1, -1, -1, 10, -1, -1], [1, 9, -1, -1, 1, -1, -1, -1, -1, -1, -1], [1, 9, -1, 4, -1, -1, -1, -1, 2, -1, -1], [1, 9, -1, 4, -1, -1, -1, -1, 0, -1, -1], [1, 8, -1, -1, -1, 2, -1, -1, 2, -1, -1], [1, 8, -1, -1, 1, -1, -1, -1, 2, -1, -1]]
12 246 
 [[-1, -1, -1, -1, -1, -1, -1, -1, -1, -1, 1, 1], [-1, -1, -1, -1, -1, -1, -1, -1, -1, 1, -1, -1], [-1, -1, -1, -1, -1, -1, -1, -1, 13, -1, 1, -1], [-1, -1, -1, -1, -1, -1, -1, -1, 10, -1, -1, 1], [-1, -1, -1, -1, -1, -1, -1, -1, 9, -1, -1, 1], [-1, -1, -1, -1, -1, -1, -1, -1, 9, -1, 1, -1], [-1, -1, -1, -1, -1, -1, -1, -1, 3, -1, 1, -1], [-1, -1, -1, -1, -1, -1, -1, -1, 2, -1, 1, -1], [-1, -1, -1, -1, -1, -1, -1, 16, -1, -1, -1, -1], [-1, -1, -1, -1, -1, -1, -1, 15, -1, -1, -1, -1], [-1, -1, -1, -1, -1, -1, -1, 14, -1, -1, -1, 1], [-1, -1, -1, -1, -1, -1, -1, 14, 11, -1, -1, -1], [-1, -1, -1, -1, -1, -1, -1, 14, 3, -1, -1, -1], [-1, -1, -1, -1, -1, -1, -1, 13, -1, -1, -1, 1], [-1, -1, -1, -1, -1, -1, -1, 13, -1, -1, 1, -1], [-1, -1, -1, -1, -1, -1, -1, 13, 10, -1, -1, -1], [-1, -1, -1, -1, -1, -1, -1, 10, 2, -1, -1, 1], [-1, -1, -1, -1, -1, -1, 5, -1, -1, -1, -1, 1], [-1, -1, -1, -1, -1, -1, 5, -1, -1, -1, 1, -1], [-1, -1, -1, -1, -1, -1, 5, -1, 9, -1, -1, -1], [-1, -1, -1, -1, -1, -1, 5, -1, 3, -1, -1, -1], [-1, -1, -1, -1, -1, -1, 5, -1, 0, -1, -1, -1], [-1, -1, -1, -1, -1, -1, 5, 14, -1, -1, -1, -1], [-1, -1, -1, -1, -1, -1, 5, 13, -1, -1, -1, -1], [-1, -1, -1, -1, -1, -1, 5, 10, -1, -1, -1, -1], [-1, -1, -1, -1, -1, -1, 0, -1, -1, -1, -1, 1], [-1, -1, -1, -1, -1, -1, 0, -1, -1, -1, 1, -1], [-1, -1, -1, -1, -1, -1, 0, -1, 12, -1, -1, -1], [-1, -1, -1, -1, -1, -1, 0, -1, 11, -1, -1, -1], [-1, -1, -1, -1, -1, -1, 0, -1, 10, -1, -1, -1], [-1, -1, -1, -1, -1, -1, 0, -1, 9, -1, -1, -1], [-1, -1, -1, -1, -1, -1, 0, -1, 3, -1, -1, -1], [-1, -1, -1, -1, -1, -1, 0, -1, 0, -1, -1, -1], [-1, -1, -1, -1, -1, -1, 0, 14, -1, -1, -1, -1], [-1, -1, -1, -1, -1, -1, 0, 13, -1, -1, -1, -1], [-1, -1, -1, -1, -1, -1, 0, 12, -1, -1, -1, -1], [-1, -1, -1, -1, -1, -1, 0, 11, -1, -1, -1, -1], [-1, -1, -1, -1, -1, -1, 0, 10, -1, -1, -1, -1], [-1, -1, -1, -1, -1, 5, -1, -1, -1, -1, -1, 1], [-1, -1, -1, -1, -1, 5, 0, -1, -1, -1, -1, -1], [-1, -1, -1, -1, -1, 4, -1, -1, 11, -1, -1, 1], [-1, -1, -1, -1, -1, 4, -1, -1, 9, -1, -1, -1], [-1, -1, -1, -1, -1, 4, -1, 14, -1, -1, -1, -1], [-1, -1, -1, -1, -1, 4, -1, 13, 11, -1, -1, -1], [-1, -1, -1, -1, -1, 3, -1, -1, -1, -1, -1, -1], [-1, -1, -1, -1, -1, 2, -1, 14, -1, -1, 1, -1], [-1, -1, -1, -1, -1, 2, -1, 12, -1, -1, -1, 1], [-1, -1, -1, -1, -1, 1, -1, -1, -1, -1, -1, 1], [-1, -1, -1, -1, -1, 1, -1, -1, 10, -1, -1, -1], [-1, -1, -1, -1, -1, 1, -1, -1, 3, -1, -1, -1], [-1, -1, -1, -1, -1, 1, 5, -1, -1, -1, -1, -1], [-1, -1, -1, -1, -1, 1, 0, -1, -1, -1, -1, -1], [-1, -1, -1, -1, -1, 0, -1, -1, -1, -1, -1, 1], [-1, -1, -1, -1, -1, 0, -1, -1, 9, -1, -1, -1], [-1, -1, -1, -1, -1, 0, -1, -1, 3, -1, -1, -1], [-1, -1, -1, -1, -1, 0, -1, -1, 2, -1, -1, -1], [-1, -1, -1, -1, -1, 0, -1, 13, -1, -1, -1, -1], [-1, -1, -1, -1, -1, 0, 0, -1, -1, -1, -1, -1], [-1, -1, -1, -1, 1, -1, -1, -1, -1, -1, 1, -1], [-1, -1, -1, -1, 1, -1, -1, -1, 12, -1, -1, 1], [-1, -1, -1, -1, 1, -1, -1, -1, 11, -1, -1, 1], [-1, -1, -1, -1, 1, -1, -1, -1, 3, -1, -1, 1], [-1, -1, -1, -1, 1, -1, -1, -1, 0, -1, -1, 1], [-1, -1, -1, -1, 1, -1, -1, 14, -1, -1, -1, -1], [-1, -1, -1, -1, 1, -1, -1, 13, 3, -1, -1, -1], [-1, -1, -1, -1, 1, -1, -1, 13, 2, -1, -1, -1], [-1, -1, -1, -1, 1, -1, -1, 11, 3, -1, -1, -1], [-1, -1, -1, -1, 1, -1, -1, 9, 12, -1, -1, -1], [-1, -1, -1, -1, 1, 5, -1, -1, 3, -1, -1, -1], [-1, -1, -1, -1, 1, 5, -1, 13, -1, -1, -1, -1], [-1, -1, -1, -1, 1, 4, -1, 13, -1, -1, -1, 0], [-1, -1, -1, -1, 1, 1, -1, 13, -1, 0, -1, -1], [-1, -1, -1, -1, 1, 0, -1, -1, -1, -1, -1, -1], [-1, -1, -1, 4, -1, -1, -1, -1, 11, -1, 0, 1], [-1, -1, -1, 4, -1, -1, -1, 9, 11, -1, -1, 1], [-1, -1, -1, 4, -1, -1, 5, -1, -1, -1, -1, -1], [-1, -1, -1, 4, -1, 2, -1, 12, 3, -1, -1, -1], [-1, -1, -1, 4, -1, 2, -1, 10, -1, -1, 1, -1], [-1, -1, -1, 4, 1, -1, -1, 13, 0, -1, 0, -1], [-1, -1, -1, 4, 1, -1, -1, 12, -1, -1, -1, 1], [-1, -1, -1, 4, 1, -1, -1, 11, 11, -1, -1, -1], [-1, -1, -1, 4, 1, 4, -1, 13, -1, -1, -1, -1], [-1, -1, -1, 2, -1, -1, 0, -1, 2, -1, -1, -1], [-1, -1, -1, 1, -1, -1, -1, -1, 9, -1, -1, -1], [-1, -1, -1, 1, -1, -1, -1, -1, 3, -1, -1, -1], [-1, -1, -1, 1, -1, -1, -1, 14, -1, -1, -1, -1], [-1, -1, -1, 1, -1, -1, 0, -1, -1, -1, -1, -1], [-1, -1, -1, 1, 1, 2, -1, 13, -1, 0, -1, 0], [-1, -1, 2, -1, -1, -1, -1, -1, -1, -1, -1, 1], [-1, -1, 2, -1, -1, -1, -1, -1, -1, -1, 1, -1], [-1, -1, 2, -1, -1, -1, -1, -1, 12, -1, -1, -1], [-1, -1, 2, -1, -1, -1, -1, -1, 11, -1, -1, -1], [-1, -1, 2, -1, -1, -1, -1, -1, 10, -1, -1, -1], [-1, -1, 2, -1, -1, -1, -1, -1, 9, -1, -1, -1], [-1, -1, 2, -1, -1, -1, -1, -1, 3, -1, -1, -1], [-1, -1, 2, -1, -1, -1, -1, -1, 0, -1, -1, -1], [-1, -1, 2, -1, -1, -1, -1, 14, -1, -1, -1, -1], [-1, -1, 2, -1, -1, -1, -1, 13, -1, -1, -1, -1], [-1, -1, 2, -1, -1, -1, -1, 12, -1, -1, -1, -1], [-1, -1, 2, -1, -1, -1, -1, 11, -1, -1, -1, -1], [-1, -1, 2, -1, -1, -1, -1, 10, -1, -1, -1, -1], [-1, -1, 2, -1, -1, 5, -1, -1, -1, -1, -1, -1], [-1, -1, 2, -1, -1, 1, -1, -1, -1, -1, -1, -1], [-1, -1, 2, -1, -1, 0, -1, -1, -1, -1, -1, -1], [-1, -1, 2, 2, -1, -1, -1, -1, 2, -1, -1, -1], [-1, -1, 2, 1, -1, -1, -1, -1, -1, -1, -1, -1], [-1, -1, 0, -1, -1, -1, -1, -1, 3, -1, -1, 1], [-1, -1, 0, -1, -1, -1, 1, 13, 3, -1, -1, -1], [-1, -1, 0, -1, -1, 2, -1, 13, 3, -1, 0, -1], [-1, 15, -1, -1, -1, -1, -1, -1, 2, -1, -1, 1], [-1, 15, -1, -1, -1, -1, 5, -1, -1, -1, -1, -1], [-1, 15, -1, -1, -1, -1, 0, -1, -1, -1, -1, -1], [-1, 15, -1, 4, -1, 2, -1, -1, -1, -1, 1, -1], [-1, 15, 2, -1, -1, -1, -1, -1, -1, -1, -1, -1], [-1, 14, -1, -1, -1, -1, -1, -1, -1, -1, -1, -1], [-1, 12, -1, -1, -1, -1, -1, -1, -1, -1, -1, 1], [-1, 12, -1, -1, -1, -1, -1, -1, 11, -1, -1, -1], [-1, 12, -1, -1, -1, -1, -1, -1, 3, -1, -1, -1], [-1, 12, -1, -1, -1, -1, 5, -1, -1, -1, -1, -1], [-1, 12, -1, -1, -1, -1, 0, -1, -1, -1, -1, -1], [-1, 12, -1, -1, -1, 4, -1, -1, -1, -1, -1, -1], [-1, 12, -1, -1, -1, 2, -1, -1, -1, -1, 1, -1], [-1, 12, -1, -1, 1, -1, -1, -1, -1, -1, -1, -1], [-1, 12, -1, 1, -1, -1, -1, -1, -1, -1, -1, -1], [-1, 12, 2, -1, -1, -1, -1, -1, -1, -1, -1, -1], [-1, 11, -1, -1, 1, -1, -1, -1, 12, -1, -1, -1], [-1, 11, -1, 4, -1, -1, -1, -1, 11, -1, -1, 1], [-1, 10, -1, -1, -1, -1, -1, -1, -1, -1, -1, -1], [-1, 9, -1, -1, -1, -1, -1, -1, -1, -1, -1, 1], [-1, 9, -1, -1, -1, -1, -1, -1, -1, -1, 1, -1], [-1, 9, -1, -1, -1, -1, -1, -1, 10, -1, -1, -1], [-1, 9, -1, -1, -1, -1, 5, -1, -1, -1, -1, -1], [-1, 9, -1, -1, -1, -1, 0, -1, -1, -1, -1, -1], [-1, 9, -1, -1, -1, 4, -1, -1, 11, -1, -1, -1], [-1, 9, -1, -1, -1, 0, -1, -1, -1, -1, -1, -1], [-1, 9, -1, -1, 1, -1, -1, -1, 3, -1, -1, -1], [-1, 9, -1, -1, 1, -1, -1, -1, 2, -1, -1, -1], [-1, 9, -1, -1, 1, 5, -1, -1, -1, -1, -1, -1], [-1, 9, -1, -1, 1, 4, -1, -1, -1, -1, -1, 0], [-1, 9, -1, -1, 1, 1, -1, -1, -1, 0, -1, -1], [-1, 9, -1, 4, 1, -1, -1, -1, 0, -1, 0, -1], [-1, 9, -1, 4, 1, 4, -1, -1, -1, -1, -1, -1], [-1, 9, -1, 1, 1, 2, -1, -1, -1, 0, -1, 0], [-1, 9, 2, -1, -1, -1, -1, -1, -1, -1, -1, -1], [-1, 9, 0, -1, -1, -1, 1, -1, 3, -1, -1, -1], [-1, 9, 0, -1, -1, 2, -1, -1, 3, -1, 0, -1], [-1, 8, -1, -1, -1, -1, 0, -1, -1, -1, -1, -1], [-1, 8, -1, -1, 1, -1, -1, -1, 3, -1, -1, -1], [-1, 8, -1, 4, 1, -1, -1, -1, 11, -1, -1, -1], [-1, 8, 2, -1, -1, -1, -1, -1, -1, -1, -1, -1], [-1, 7, -1, -1, -1, -1, 0, -1, -1, -1, -1, -1], [-1, 7, -1, -1, -1, 2, -1, -1, -1, -1, -1, 1], [-1, 7, -1, 4, -1, 2, -1, -1, 3, -1, -1, -1], [-1, 7, -1, 4, 1, -1, -1, -1, -1, -1, -1, 1], [-1, 7, 2, -1, -1, -1, -1, -1, -1, -1, -1, -1], [2, -1, -1, -1, -1, -1, -1, -1, -1, -1, -1, 1], [2, -1, -1, -1, -1, -1, -1, -1, -1, -1, 1, -1], [2, -1, -1, -1, -1, -1, -1, -1, 12, -1, -1, -1], [2, -1, -1, -1, -1, -1, -1, -1, 9, -1, -1, -1], [2, -1, -1, -1, -1, -1, -1, -1, 3, -1, -1, -1], [2, -1, -1, -1, -1, -1, -1, 14, -1, -1, -1, -1], [2, -1, -1, -1, -1, -1, -1, 13, -1, -1, -1, -1], [2, -1, -1, -1, -1, -1, -1, 9, 13, -1, -1, -1], [2, -1, -1, -1, -1, -1, 0, -1, 13, -1, -1, -1], [2, -1, -1, -1, -1, -1, 0, 9, 6, 0, -1, 0], [2, -1, -1, -1, -1, -1, 0, 9, 2, -1, -1, -1], [2, -1, -1, -1, -1, 2, -1, 12, -1, -1, 0, -1], [2, -1, -1, -1, -1, 2, -1, 10, 2, -1, -1, -1], [2, -1, -1, -1, -1, 2, 0, 9, 6, -1, -1, -1], [2, -1, -1, -1, -1, 0, -1, 10, -1, -1, -1, -1], [2, -1, -1, -1, 1, -1, -1, 12, -1, -1, -1, -1], [2, -1, -1, -1, 1, -1, -1, 11, -1, -1, -1, -1], [2, -1, -1, -1, 1, -1, -1, 10, -1, -1, -1, -1], [2, -1, -1, -1, 1, 5, -1, -1, -1, -1, -1, -1], [2, -1, -1, -1, 1, 2, -1, -1, 11, -1, -1, -1], [2, -1, -1, 4, -1, 2, -1, 12, -1, -1, -1, -1], [2, -1, -1, 4, -1, 2, 0, -1, -1, -1, -1, -1], [2, -1, -1, 4, -1, 0, -1, -1, -1, -1, -1, -1], [2, -1, -1, 4, 1, 2, -1, 9, 2, -1, -1, -1], [2, -1, -1, 1, 1, -1, -1, -1, -1, -1, -1, -1], [2, -1, 2, -1, -1, -1, -1, -1, 13, -1, -1, -1], [2, -1, 2, -1, -1, -1, -1, 9, 6, 0, -1, -1], [2, -1, 2, -1, -1, -1, -1, 9, 2, -1, -1, -1], [2, -1, 2, -1, -1, 2, -1, 9, 6, -1, -1, -1], [2, -1, 2, 4, 1, 2, -1, -1, -1, -1, -1, -1], [2, 15, -1, -1, -1, 2, -1, -1, 2, -1, -1, -1], [2, 15, -1, -1, -1, 0, -1, -1, -1, -1, -1, -1], [2, 15, -1, -1, 1, -1, -1, -1, -1, -1, -1, -1], [2, 12, -1, -1, -1, -1, -1, -1, -1, -1, -1, -1], [2, 11, -1, -1, -1, -1, -1, -1, 13, -1, -1, -1], [2, 11, -1, -1, -1, -1, 0, -1, 6, 0, -1, 0], [2, 11, -1, -1, -1, -1, 0, -1, 2, -1, -1, -1], [2, 11, -1, -1, -1, 2, 0, -1, 6, -1, -1, -1], [2, 11, -1, 4, 1, 2, -1, -1, 2, -1, -1, -1], [2, 11, 2, -1, -1, -1, -1, -1, 6, 0, -1, -1], [2, 11, 2, -1, -1, -1, -1, -1, 2, -1, -1, -1], [2, 11, 2, -1, -1, 2, -1, -1, 6, -1, -1, -1], [2, 9, -1, -1, -1, -1, -1, -1, -1, -1, -1, -1], [2, 8, -1, -1, 1, -1, -1, -1, -1, -1, -1, -1], [2, 7, -1, -1, -1, 2, -1, -1, -1, -1, 0, -1], [2, 7, -1, -1, 1, -1, -1, -1, -1, -1, -1, -1], [2, 7, -1, 4, -1, 2, -1, -1, -1, -1, -1, -1], [1, -1, -1, -1, -1, -1, -1, -1, -1, -1, 1, -1], [1, -1, -1, -1, -1, -1, -1, -1, 12, -1, -1, 1], [1, -1, -1, -1, -1, -1, -1, -1, 11, -1, -1, 1], [1, -1, -1, -1, -1, -1, -1, -1, 6, -1, -1, 1], [1, -1, -1, -1, -1, -1, -1, 12, -1, -1, -1, 1], [1, -1, -1, -1, -1, -1, -1, 9, 10, -1, -1, -1], [1, -1, -1, -1, -1, -1, 5, -1, -1, -1, -1, -1], [1, -1, -1, -1, -1, 2, -1, 14, -1, -1, -1, -1], [1, -1, -1, -1, -1, 2, -1, 11, 2, -1, -1, -1], [1, -1, -1, -1, -1, 2, -1, 10, 9, -1, -1, -1], [1, -1, -1, -1, -1, 2, 1, -1, 3, -1, 0, 1], [1, -1, -1, -1, 1, -1, -1, -1, 12, -1, -1, -1], [1, -1, -1, -1, 1, -1, -1, -1, 11, -1, -1, -1], [1, -1, -1, -1, 1, -1, -1, -1, 10, -1, -1, -1], [1, -1, -1, -1, 1, -1, -1, -1, 9, -1, -1, -1], [1, -1, -1, -1, 1, -1, -1, -1, 3, -1, -1, -1], [1, -1, -1, -1, 1, -1, -1, -1, 2, -1, -1, 1], [1, -1, -1, -1, 1, -1, -1, 13, -1, -1, -1, -1], [1, -1, -1, -1, 1, -1, -1, 11, 2, -1, -1, -1], [1, -1, -1, -1, 1, -1, -1, 10, -1, -1, -1, 1], [1, -1, -1, -1, 1, 2, -1, 10, 2, -1, -1, -1], [1, -1, -1, -1, 1, 1, -1, 10, -1, -1, -1, -1], [1, -1, -1, -1, 0, -1, 1, -1, 3, -1, -1, 1], [1, -1, -1, 4, -1, -1, -1, -1, 10, -1, -1, -1], [1, -1, -1, 4, -1, -1, -1, 13, 2, -1, -1, -1], [1, -1, -1, 4, -1, -1, -1, 13, 0, -1, -1, -1], [1, -1, -1, 4, -1, 2, -1, -1, 2, 0, -1, 1], [1, -1, -1, 4, -1, 2, -1, 10, 2, 0, -1, -1], [1, -1, -1, 4, -1, 0, -1, -1, -1, -1, -1, -1], [1, -1, -1, 1, -1, -1, -1, -1, -1, -1, -1, 1], [1, -1, 2, 4, -1, -1, -1, -1, -1, -1, -1, -1], [1, 15, -1, -1, -1, 2, -1, -1, 9, -1, -1, -1], [1, 15, -1, -1, 1, -1, -1, -1, -1, -1, -1, 1], [1, 15, -1, -1, 1, 2, -1, -1, 2, -1, -1, -1], [1, 15, -1, -1, 1, 1, -1, -1, -1, -1, -1, -1], [1, 15, -1, 4, -1, 2, -1, -1, 2, 0, -1, -1], [1, 12, -1, -1, -1, 2, -1, -1, -1, -1, -1, -1], [1, 11, -1, -1, -1, -1, -1, -1, 10, -1, -1, -1], [1, 9, -1, -1, 1, -1, -1, -1, -1, -1, -1, -1], [1, 9, -1, 4, -1, -1, -1, -1, 2, -1, -1, -1], [1, 9, -1, 4, -1, -1, -1, -1, 0, -1, -1, -1], [1, 8, -1, -1, -1, 2, -1, -1, 2, -1, -1, -1], [1, 8, -1, -1, 1, -1, -1, -1, 2, -1, -1, -1], [1, 7, -1, -1, -1, -1, -1, -1, -1, -1, -1, 1]]
