overall FPR: 0.1434627776835679
execution time
0.05 1.9879298210144043
0.1 2.937385082244873
0.15 3.2546849250793457
0.2 3.5314571857452393
0.25 3.6546809673309326
0.3 4.022106885910034


number of calculations
0.05 9884.0
0.1 17056.0
0.15 18380.0
0.2 20514.0
0.25 21532.0
0.3 22484.0


number of patterns found
0.05 25 
 [[-1, -1, -1, -1, -1, -1, 5], [-1, -1, -1, -1, -1, -1, 0], [-1, -1, -1, -1, -1, 3, -1], [-1, -1, -1, -1, -1, 0, -1], [-1, -1, -1, -1, 1, 5, -1], [-1, -1, -1, -1, 1, 4, -1], [-1, -1, -1, -1, 1, 1, -1], [-1, -1, -1, 4, -1, 1, -1], [-1, -1, -1, 4, 1, -1, -1], [-1, -1, -1, 2, -1, 4, -1], [-1, -1, -1, 1, 1, -1, -1], [-1, -1, 6, -1, 1, -1, -1], [-1, -1, 2, -1, -1, -1, -1], [-1, 15, -1, -1, 1, -1, -1], [-1, 15, -1, 0, -1, -1, -1], [-1, 14, -1, -1, -1, -1, -1], [-1, 12, -1, -1, -1, -1, -1], [-1, 10, -1, -1, -1, -1, -1], [-1, 9, -1, -1, -1, -1, -1], [-1, 8, -1, -1, -1, 1, -1], [-1, 8, -1, -1, 1, -1, -1], [-1, 8, -1, 4, -1, 2, -1], [-1, 7, -1, -1, 1, -1, -1], [2, -1, -1, -1, -1, -1, -1], [1, -1, -1, -1, -1, -1, -1]]
0.1 31 
 [[-1, -1, -1, -1, -1, -1, 5], [-1, -1, -1, -1, -1, -1, 0], [-1, -1, -1, -1, -1, 3, -1], [-1, -1, -1, -1, -1, 0, -1], [-1, -1, -1, -1, 1, 1, -1], [-1, -1, -1, 4, 1, 5, -1], [-1, -1, -1, 1, 1, -1, -1], [-1, -1, 6, -1, 1, -1, 1], [-1, -1, 6, 4, 1, -1, -1], [-1, -1, 2, -1, -1, -1, -1], [-1, 14, -1, -1, -1, -1, -1], [-1, 12, -1, -1, -1, -1, -1], [-1, 10, -1, -1, -1, -1, -1], [-1, 9, -1, -1, -1, 5, -1], [-1, 9, -1, -1, -1, 4, -1], [-1, 9, -1, -1, 1, -1, -1], [-1, 9, 0, -1, -1, -1, 1], [-1, 8, -1, -1, 1, -1, -1], [-1, 8, -1, 4, -1, 1, -1], [-1, 7, -1, -1, 1, 2, -1], [2, -1, -1, -1, -1, 5, -1], [2, -1, -1, -1, 1, -1, -1], [2, -1, -1, 1, -1, -1, -1], [2, 15, -1, 4, -1, -1, -1], [2, 9, -1, -1, -1, -1, -1], [2, 7, -1, -1, -1, -1, -1], [1, -1, -1, -1, 1, -1, -1], [1, -1, -1, 4, -1, 1, -1], [1, 9, -1, -1, -1, -1, -1], [1, 8, -1, -1, -1, 1, -1], [1, 7, -1, 4, -1, 2, -1]]
0.15 41 
 [[-1, -1, -1, -1, -1, -1, 5], [-1, -1, -1, -1, -1, -1, 0], [-1, -1, -1, -1, -1, 3, -1], [-1, -1, -1, -1, 1, 0, -1], [-1, -1, -1, 4, -1, 0, -1], [-1, -1, 6, -1, 1, -1, 1], [-1, -1, 2, -1, -1, -1, -1], [-1, 15, -1, -1, 1, 1, -1], [-1, 14, -1, -1, -1, -1, -1], [-1, 12, -1, -1, -1, -1, -1], [-1, 10, -1, -1, -1, -1, -1], [-1, 9, -1, -1, -1, 4, -1], [-1, 9, -1, -1, -1, 0, -1], [-1, 9, -1, -1, 1, 5, -1], [-1, 9, -1, -1, 1, 1, -1], [-1, 9, -1, 4, 1, -1, -1], [-1, 9, -1, 1, 1, -1, -1], [-1, 9, 0, -1, 1, 2, 1], [-1, 8, -1, -1, 1, 1, -1], [2, -1, -1, -1, -1, 5, -1], [2, -1, -1, -1, -1, 0, -1], [2, -1, -1, 4, 1, -1, -1], [2, -1, -1, 1, 1, -1, -1], [2, 15, -1, -1, 1, -1, -1], [2, 9, -1, -1, -1, -1, -1], [2, 8, -1, -1, 1, -1, -1], [2, 7, -1, -1, -1, 2, -1], [2, 7, -1, -1, 1, -1, -1], [1, -1, -1, -1, -1, 0, -1], [1, -1, -1, -1, 1, 1, -1], [1, -1, -1, 1, 1, -1, -1], [1, 15, -1, -1, 1, 2, -1], [1, 15, -1, 4, 1, -1, -1], [1, 9, -1, -1, -1, 1, -1], [1, 9, -1, -1, 1, -1, -1], [1, 9, 0, -1, -1, 2, 1], [1, 9, 0, -1, 0, -1, 1], [1, 8, -1, -1, 1, 2, -1], [1, 8, -1, 4, 1, -1, -1], [1, 7, -1, -1, 1, 2, -1], [1, 7, -1, 4, 1, -1, -1]]
0.2 51 
 [[-1, -1, -1, -1, -1, 5, 0], [-1, -1, -1, -1, -1, 3, -1], [-1, -1, -1, -1, -1, 1, 5], [-1, -1, -1, -1, -1, 1, 0], [-1, -1, -1, -1, -1, 0, 0], [-1, -1, -1, -1, 1, 0, -1], [-1, -1, -1, 4, -1, -1, 5], [-1, -1, -1, 1, -1, -1, 0], [-1, -1, 2, -1, -1, 5, -1], [-1, -1, 2, -1, -1, 1, -1], [-1, -1, 2, -1, -1, 0, -1], [-1, -1, 2, 1, -1, -1, -1], [-1, 15, -1, -1, -1, -1, 5], [-1, 15, -1, -1, -1, -1, 0], [-1, 15, 2, -1, -1, -1, -1], [-1, 14, -1, -1, -1, -1, -1], [-1, 12, -1, -1, -1, -1, 5], [-1, 12, -1, -1, -1, -1, 0], [-1, 12, -1, -1, -1, 4, -1], [-1, 12, -1, -1, 1, -1, -1], [-1, 12, -1, 1, -1, -1, -1], [-1, 12, 2, -1, -1, -1, -1], [-1, 10, -1, -1, -1, -1, -1], [-1, 9, -1, -1, -1, -1, 5], [-1, 9, -1, -1, -1, -1, 0], [-1, 9, -1, -1, -1, 0, -1], [-1, 9, -1, -1, 1, 5, -1], [-1, 9, -1, 4, 1, 4, -1], [-1, 9, 2, -1, -1, -1, -1], [-1, 8, -1, -1, -1, -1, 0], [-1, 8, 2, -1, -1, -1, -1], [-1, 7, -1, -1, -1, -1, 0], [-1, 7, 2, -1, -1, -1, -1], [2, -1, -1, -1, 1, 5, -1], [2, -1, -1, 4, -1, 2, 0], [2, -1, -1, 4, -1, 0, -1], [2, -1, -1, 1, 1, -1, -1], [2, -1, 2, 4, 1, 2, -1], [2, 15, -1, -1, -1, 0, -1], [2, 15, -1, -1, 1, -1, -1], [2, 12, -1, -1, -1, -1, -1], [2, 9, -1, -1, -1, -1, -1], [2, 8, -1, -1, 1, -1, -1], [2, 7, -1, -1, 1, -1, -1], [2, 7, -1, 4, -1, 2, -1], [1, -1, -1, -1, -1, -1, 5], [1, -1, -1, 4, -1, 0, -1], [1, -1, 2, 4, -1, -1, -1], [1, 15, -1, -1, 1, 1, -1], [1, 12, -1, -1, -1, 2, -1], [1, 9, -1, -1, 1, -1, -1]]
0.25 61 
 [[-1, -1, -1, -1, -1, 3, 0], [-1, -1, -1, -1, -1, 1, 5], [-1, -1, -1, -1, -1, 0, 0], [-1, -1, -1, -1, 1, 3, -1], [-1, -1, -1, 4, -1, 5, 0], [-1, -1, -1, 4, 1, 0, -1], [-1, -1, -1, 1, -1, -1, 0], [-1, -1, 2, -1, -1, 3, -1], [-1, -1, 2, -1, -1, 0, -1], [-1, -1, 2, -1, 0, 1, -1], [-1, -1, 2, 4, -1, 5, -1], [-1, -1, 2, 1, -1, 2, -1], [-1, -1, 2, 1, 1, -1, -1], [-1, 15, -1, -1, -1, 1, 0], [-1, 15, -1, 4, -1, 2, 5], [-1, 15, 2, -1, 1, 1, -1], [-1, 15, 2, 4, 0, 2, -1], [-1, 14, -1, -1, -1, -1, -1], [-1, 12, -1, -1, -1, -1, 5], [-1, 12, -1, -1, -1, -1, 0], [-1, 12, -1, -1, -1, 3, -1], [-1, 12, -1, -1, 1, 4, -1], [-1, 12, -1, -1, 1, 2, -1], [-1, 12, -1, 4, 1, -1, -1], [-1, 12, -1, 1, -1, -1, -1], [-1, 12, 2, -1, -1, -1, -1], [-1, 10, -1, -1, -1, -1, -1], [-1, 9, -1, -1, -1, -1, 5], [-1, 9, -1, -1, -1, -1, 0], [-1, 9, -1, -1, -1, 3, -1], [-1, 9, -1, -1, -1, 0, -1], [-1, 9, -1, -1, 1, 5, -1], [-1, 9, 2, -1, -1, -1, -1], [-1, 8, -1, -1, -1, 2, 0], [-1, 8, 2, -1, -1, 2, -1], [-1, 7, -1, -1, -1, -1, 0], [-1, 7, 2, -1, -1, -1, -1], [2, -1, -1, -1, -1, 5, 0], [2, -1, -1, -1, -1, 3, -1], [2, -1, -1, -1, 1, 5, -1], [2, -1, -1, -1, 1, 0, -1], [2, -1, 2, -1, -1, 5, -1], [2, 15, -1, -1, -1, 2, 0], [2, 15, 2, -1, -1, -1, -1], [2, 12, -1, -1, -1, -1, -1], [2, 9, -1, -1, -1, 4, -1], [2, 9, -1, -1, 1, -1, -1], [2, 8, -1, -1, -1, -1, 0], [2, 8, 2, -1, -1, -1, -1], [2, 7, -1, -1, 1, -1, -1], [1, -1, -1, -1, -1, 3, -1], [1, -1, -1, -1, -1, 1, 0], [1, -1, -1, -1, 1, 0, -1], [1, -1, 2, -1, -1, 1, -1], [1, 15, -1, -1, -1, -1, 0], [1, 15, -1, -1, -1, 2, 5], [1, 15, 2, -1, -1, -1, -1], [1, 12, -1, -1, 1, -1, -1], [1, 9, -1, -1, 1, 1, -1], [1, 8, -1, -1, -1, -1, 0], [1, 8, 2, -1, -1, -1, -1]]
0.3 43 
 [[-1, -1, -1, -1, -1, 3, 0], [-1, -1, -1, -1, -1, 1, 5], [-1, -1, -1, -1, -1, 0, 0], [-1, -1, -1, 1, -1, 2, 0], [-1, -1, 2, -1, -1, 3, -1], [-1, -1, 2, -1, -1, 0, -1], [-1, -1, 2, -1, 0, 1, -1], [-1, 14, -1, -1, -1, -1, -1], [-1, 12, -1, -1, -1, -1, 5], [-1, 12, -1, -1, -1, -1, 0], [-1, 12, -1, -1, -1, 3, -1], [-1, 12, -1, -1, 1, 4, -1], [-1, 12, 2, -1, -1, -1, -1], [-1, 10, -1, -1, -1, -1, -1], [-1, 9, -1, -1, -1, -1, 5], [-1, 9, -1, -1, -1, -1, 0], [-1, 9, -1, -1, -1, 3, -1], [-1, 9, -1, -1, 1, 0, -1], [-1, 9, 2, -1, -1, -1, -1], [-1, 7, -1, -1, -1, 2, 0], [-1, 7, 2, -1, -1, 2, -1], [-1, 7, 2, 4, -1, -1, -1], [2, -1, -1, -1, -1, 5, 0], [2, -1, -1, -1, 1, 5, -1], [2, -1, -1, -1, 1, 3, -1], [2, -1, -1, -1, 1, 0, -1], [2, -1, 2, -1, -1, 5, -1], [2, 12, -1, -1, -1, -1, -1], [2, 9, -1, -1, -1, 4, -1], [2, 9, -1, -1, 1, -1, -1], [2, 8, 2, -1, -1, 2, -1], [2, 7, -1, -1, -1, -1, 0], [2, 7, -1, 4, 1, -1, -1], [2, 7, 2, -1, -1, -1, -1], [1, -1, -1, -1, 1, 3, -1], [1, -1, -1, 4, 1, 0, -1], [1, -1, 2, -1, -1, 1, -1], [1, 15, -1, -1, -1, 1, 0], [1, 12, -1, -1, 1, 2, -1], [1, 9, -1, -1, -1, 0, -1], [1, 9, -1, -1, 1, 5, -1], [1, 9, -1, -1, 1, 1, -1], [1, 8, 2, -1, -1, 2, -1]]
