overall FPR: 0.1434627776835679
execution time
10 5.952169895172119
20 4.9131200313568115
30 4.272432804107666
40 3.8548619747161865
50 3.500948190689087
60 3.2387897968292236
70 3.0136120319366455
80 2.8243257999420166
90 2.707629919052124
100 2.5704760551452637


number of calculations
10 35452.0
20 29415.0
30 25429.0
40 22644.0
50 20514.0
60 18811.0
70 17268.0
80 16068.0
90 14862.0
100 13922.0


number of patterns found
10 95 
 [[-1, -1, -1, -1, -1, 5, 0], [-1, -1, -1, -1, -1, 3, -1], [-1, -1, -1, -1, -1, 1, 5], [-1, -1, -1, -1, -1, 1, 0], [-1, -1, -1, -1, -1, 0, 5], [-1, -1, -1, -1, -1, 0, 0], [-1, -1, -1, -1, 1, 0, -1], [-1, -1, -1, 4, -1, -1, 5], [-1, -1, -1, 1, -1, -1, 5], [-1, -1, -1, 1, -1, -1, 0], [-1, -1, -1, 1, -1, 0, -1], [-1, -1, -1, 1, 1, 1, -1], [-1, -1, 6, 4, 1, 2, 1], [-1, -1, 2, -1, -1, 5, -1], [-1, -1, 2, -1, -1, 1, -1], [-1, -1, 2, -1, -1, 0, -1], [-1, -1, 2, 2, -1, 4, -1], [-1, -1, 2, 1, -1, -1, -1], [-1, -1, 2, 0, -1, 4, -1], [-1, -1, 1, -1, -1, -1, -1], [-1, 15, -1, -1, -1, -1, 5], [-1, 15, -1, -1, -1, -1, 0], [-1, 15, 2, -1, -1, -1, -1], [-1, 14, -1, -1, -1, -1, -1], [-1, 12, -1, -1, -1, -1, 5], [-1, 12, -1, -1, -1, -1, 0], [-1, 12, -1, -1, -1, 4, -1], [-1, 12, -1, -1, 1, -1, -1], [-1, 12, -1, 2, -1, -1, 4], [-1, 12, -1, 1, -1, -1, -1], [-1, 12, 5, -1, -1, -1, 1], [-1, 12, 3, -1, -1, -1, -1], [-1, 12, 2, -1, -1, -1, -1], [-1, 12, 0, 2, -1, -1, -1], [-1, 11, -1, 2, -1, 4, 0], [-1, 10, -1, -1, -1, -1, -1], [-1, 9, -1, -1, -1, -1, 5], [-1, 9, -1, -1, -1, -1, 0], [-1, 9, -1, -1, -1, 0, -1], [-1, 9, -1, -1, 1, 5, -1], [-1, 9, -1, 4, 1, 4, -1], [-1, 9, -1, 2, 1, 1, -1], [-1, 9, 6, -1, 1, -1, -1], [-1, 9, 2, -1, -1, -1, -1], [-1, 9, 0, 2, -1, -1, 1], [-1, 8, -1, -1, -1, -1, 5], [-1, 8, -1, -1, -1, -1, 0], [-1, 8, -1, 4, 1, 1, -1], [-1, 8, 4, -1, -1, 1, 1], [-1, 8, 2, -1, -1, -1, -1], [-1, 7, -1, -1, -1, -1, 5], [-1, 7, -1, -1, -1, -1, 0], [-1, 7, -1, -1, 0, 0, -1], [-1, 7, -1, 4, -1, 0, -1], [-1, 7, -1, 4, 0, 1, -1], [-1, 7, 2, -1, -1, -1, -1], [2, -1, -1, -1, -1, 5, 5], [2, -1, -1, -1, 1, 5, -1], [2, -1, -1, 4, -1, 2, 0], [2, -1, -1, 4, -1, 0, -1], [2, -1, -1, 1, -1, 1, -1], [2, -1, -1, 1, 1, -1, -1], [2, -1, 4, -1, -1, 5, -1], [2, -1, 2, 4, 1, 2, -1], [2, 15, -1, -1, -1, 0, -1], [2, 15, -1, -1, 1, -1, -1], [2, 12, -1, -1, -1, -1, -1], [2, 9, -1, -1, -1, -1, -1], [2, 8, -1, -1, 1, -1, -1], [2, 7, -1, -1, 1, -1, -1], [2, 7, -1, 4, -1, 2, -1], [1, -1, -1, -1, -1, -1, 5], [1, -1, -1, 4, -1, 0, -1], [1, -1, 6, -1, 1, -1, -1], [1, -1, 2, -1, 1, -1, 3], [1, -1, 2, 4, -1, -1, -1], [1, 15, -1, -1, 1, 1, -1], [1, 15, -1, 0, 1, -1, -1], [1, 12, -1, -1, -1, 2, -1], [1, 11, 2, -1, 0, 4, -1], [1, 9, -1, -1, 1, -1, -1], [1, 9, -1, 2, -1, 1, -1], [1, 9, -1, 2, 0, 2, 1], [1, 9, 0, -1, -1, 1, 1], [1, 8, -1, -1, 1, 1, -1], [1, 8, -1, 4, 1, 5, -1], [1, 8, -1, 1, -1, 2, -1], [1, 8, -1, 1, 1, -1, -1], [1, 7, -1, -1, -1, 0, -1], [1, 5, -1, -1, -1, 4, 0], [1, 5, 2, -1, -1, 4, -1], [1, 4, -1, -1, -1, 4, 0], [1, 4, -1, -1, 1, 4, -1], [1, 4, 2, -1, -1, 4, -1], [0, -1, 2, -1, 0, 4, -1]]
20 66 
 [[-1, -1, -1, -1, -1, 5, 0], [-1, -1, -1, -1, -1, 3, -1], [-1, -1, -1, -1, -1, 1, 5], [-1, -1, -1, -1, -1, 1, 0], [-1, -1, -1, -1, -1, 0, 5], [-1, -1, -1, -1, -1, 0, 0], [-1, -1, -1, -1, 1, 0, -1], [-1, -1, -1, 4, -1, -1, 5], [-1, -1, -1, 1, -1, -1, 5], [-1, -1, -1, 1, -1, -1, 0], [-1, -1, -1, 1, -1, 0, -1], [-1, -1, -1, 1, 1, 1, -1], [-1, -1, 6, 4, 1, 2, 1], [-1, -1, 2, -1, -1, 5, -1], [-1, -1, 2, -1, -1, 1, -1], [-1, -1, 2, -1, -1, 0, -1], [-1, -1, 2, 2, -1, 4, -1], [-1, -1, 2, 1, -1, -1, -1], [-1, 15, -1, -1, -1, -1, 5], [-1, 15, -1, -1, -1, -1, 0], [-1, 15, 2, -1, -1, -1, -1], [-1, 14, -1, -1, -1, -1, -1], [-1, 12, -1, -1, -1, -1, 5], [-1, 12, -1, -1, -1, -1, 0], [-1, 12, -1, -1, -1, 4, -1], [-1, 12, -1, -1, 1, -1, -1], [-1, 12, -1, 1, -1, -1, -1], [-1, 12, 2, -1, -1, -1, -1], [-1, 10, -1, -1, -1, -1, -1], [-1, 9, -1, -1, -1, -1, 5], [-1, 9, -1, -1, -1, -1, 0], [-1, 9, -1, -1, -1, 0, -1], [-1, 9, -1, -1, 1, 5, -1], [-1, 9, -1, 4, 1, 4, -1], [-1, 9, 2, -1, -1, -1, -1], [-1, 8, -1, -1, -1, -1, 5], [-1, 8, -1, -1, -1, -1, 0], [-1, 8, -1, 4, 1, 1, -1], [-1, 8, 2, -1, -1, -1, -1], [-1, 7, -1, -1, -1, -1, 5], [-1, 7, -1, -1, -1, -1, 0], [-1, 7, -1, 4, -1, 0, -1], [-1, 7, 2, -1, -1, -1, -1], [2, -1, -1, -1, 1, 5, -1], [2, -1, -1, 4, -1, 2, 0], [2, -1, -1, 4, -1, 0, -1], [2, -1, -1, 1, 1, -1, -1], [2, -1, 2, 4, 1, 2, -1], [2, 15, -1, -1, -1, 0, -1], [2, 15, -1, -1, 1, -1, -1], [2, 12, -1, -1, -1, -1, -1], [2, 9, -1, -1, -1, -1, -1], [2, 8, -1, -1, 1, -1, -1], [2, 7, -1, -1, 1, -1, -1], [2, 7, -1, 4, -1, 2, -1], [1, -1, -1, -1, -1, -1, 5], [1, -1, -1, 4, -1, 0, -1], [1, -1, 6, -1, 1, -1, -1], [1, -1, 2, 4, -1, -1, -1], [1, 15, -1, -1, 1, 1, -1], [1, 15, -1, 0, 1, -1, -1], [1, 12, -1, -1, -1, 2, -1], [1, 9, -1, -1, 1, -1, -1], [1, 9, -1, 2, -1, 1, -1], [1, 8, -1, -1, 1, 1, -1], [1, 7, -1, -1, -1, 0, -1]]
30 58 
 [[-1, -1, -1, -1, -1, 5, 0], [-1, -1, -1, -1, -1, 3, -1], [-1, -1, -1, -1, -1, 1, 5], [-1, -1, -1, -1, -1, 1, 0], [-1, -1, -1, -1, -1, 0, 5], [-1, -1, -1, -1, -1, 0, 0], [-1, -1, -1, -1, 1, 0, -1], [-1, -1, -1, 4, -1, -1, 5], [-1, -1, -1, 1, -1, -1, 5], [-1, -1, -1, 1, -1, -1, 0], [-1, -1, 6, 4, 1, 2, 1], [-1, -1, 2, -1, -1, 5, -1], [-1, -1, 2, -1, -1, 1, -1], [-1, -1, 2, -1, -1, 0, -1], [-1, -1, 2, 1, -1, -1, -1], [-1, 15, -1, -1, -1, -1, 5], [-1, 15, -1, -1, -1, -1, 0], [-1, 15, 2, -1, -1, -1, -1], [-1, 14, -1, -1, -1, -1, -1], [-1, 12, -1, -1, -1, -1, 5], [-1, 12, -1, -1, -1, -1, 0], [-1, 12, -1, -1, -1, 4, -1], [-1, 12, -1, -1, 1, -1, -1], [-1, 12, -1, 1, -1, -1, -1], [-1, 12, 2, -1, -1, -1, -1], [-1, 10, -1, -1, -1, -1, -1], [-1, 9, -1, -1, -1, -1, 5], [-1, 9, -1, -1, -1, -1, 0], [-1, 9, -1, -1, -1, 0, -1], [-1, 9, -1, -1, 1, 5, -1], [-1, 9, -1, 4, 1, 4, -1], [-1, 9, 2, -1, -1, -1, -1], [-1, 8, -1, -1, -1, -1, 5], [-1, 8, -1, -1, -1, -1, 0], [-1, 8, -1, 4, 1, 1, -1], [-1, 8, 2, -1, -1, -1, -1], [-1, 7, -1, -1, -1, -1, 5], [-1, 7, -1, -1, -1, -1, 0], [-1, 7, 2, -1, -1, -1, -1], [2, -1, -1, -1, 1, 5, -1], [2, -1, -1, 4, -1, 2, 0], [2, -1, -1, 4, -1, 0, -1], [2, -1, -1, 1, 1, -1, -1], [2, -1, 2, 4, 1, 2, -1], [2, 15, -1, -1, -1, 0, -1], [2, 15, -1, -1, 1, -1, -1], [2, 12, -1, -1, -1, -1, -1], [2, 9, -1, -1, -1, -1, -1], [2, 8, -1, -1, 1, -1, -1], [2, 7, -1, -1, 1, -1, -1], [2, 7, -1, 4, -1, 2, -1], [1, -1, -1, -1, -1, -1, 5], [1, -1, -1, 4, -1, 0, -1], [1, -1, 2, 4, -1, -1, -1], [1, 15, -1, -1, 1, 1, -1], [1, 12, -1, -1, -1, 2, -1], [1, 9, -1, -1, 1, -1, -1], [1, 8, -1, -1, 1, 1, -1]]
40 54 
 [[-1, -1, -1, -1, -1, 5, 0], [-1, -1, -1, -1, -1, 3, -1], [-1, -1, -1, -1, -1, 1, 5], [-1, -1, -1, -1, -1, 1, 0], [-1, -1, -1, -1, -1, 0, 0], [-1, -1, -1, -1, 1, 0, -1], [-1, -1, -1, 4, -1, -1, 5], [-1, -1, -1, 1, -1, -1, 0], [-1, -1, 2, -1, -1, 5, -1], [-1, -1, 2, -1, -1, 1, -1], [-1, -1, 2, -1, -1, 0, -1], [-1, -1, 2, 1, -1, -1, -1], [-1, 15, -1, -1, -1, -1, 5], [-1, 15, -1, -1, -1, -1, 0], [-1, 15, 2, -1, -1, -1, -1], [-1, 14, -1, -1, -1, -1, -1], [-1, 12, -1, -1, -1, -1, 5], [-1, 12, -1, -1, -1, -1, 0], [-1, 12, -1, -1, -1, 4, -1], [-1, 12, -1, -1, 1, -1, -1], [-1, 12, -1, 1, -1, -1, -1], [-1, 12, 2, -1, -1, -1, -1], [-1, 10, -1, -1, -1, -1, -1], [-1, 9, -1, -1, -1, -1, 5], [-1, 9, -1, -1, -1, -1, 0], [-1, 9, -1, -1, -1, 0, -1], [-1, 9, -1, -1, 1, 5, -1], [-1, 9, -1, 4, 1, 4, -1], [-1, 9, 2, -1, -1, -1, -1], [-1, 8, -1, -1, -1, -1, 5], [-1, 8, -1, -1, -1, -1, 0], [-1, 8, -1, 4, 1, 1, -1], [-1, 8, 2, -1, -1, -1, -1], [-1, 7, -1, -1, -1, -1, 5], [-1, 7, -1, -1, -1, -1, 0], [-1, 7, 2, -1, -1, -1, -1], [2, -1, -1, -1, 1, 5, -1], [2, -1, -1, 4, -1, 2, 0], [2, -1, -1, 4, -1, 0, -1], [2, -1, -1, 1, 1, -1, -1], [2, -1, 2, 4, 1, 2, -1], [2, 15, -1, -1, -1, 0, -1], [2, 15, -1, -1, 1, -1, -1], [2, 12, -1, -1, -1, -1, -1], [2, 9, -1, -1, -1, -1, -1], [2, 8, -1, -1, 1, -1, -1], [2, 7, -1, -1, 1, -1, -1], [2, 7, -1, 4, -1, 2, -1], [1, -1, -1, -1, -1, -1, 5], [1, -1, -1, 4, -1, 0, -1], [1, -1, 2, 4, -1, -1, -1], [1, 15, -1, -1, 1, 1, -1], [1, 12, -1, -1, -1, 2, -1], [1, 9, -1, -1, 1, -1, -1]]
50 51 
 [[-1, -1, -1, -1, -1, 5, 0], [-1, -1, -1, -1, -1, 3, -1], [-1, -1, -1, -1, -1, 1, 5], [-1, -1, -1, -1, -1, 1, 0], [-1, -1, -1, -1, -1, 0, 0], [-1, -1, -1, -1, 1, 0, -1], [-1, -1, -1, 4, -1, -1, 5], [-1, -1, -1, 1, -1, -1, 0], [-1, -1, 2, -1, -1, 5, -1], [-1, -1, 2, -1, -1, 1, -1], [-1, -1, 2, -1, -1, 0, -1], [-1, -1, 2, 1, -1, -1, -1], [-1, 15, -1, -1, -1, -1, 5], [-1, 15, -1, -1, -1, -1, 0], [-1, 15, 2, -1, -1, -1, -1], [-1, 14, -1, -1, -1, -1, -1], [-1, 12, -1, -1, -1, -1, 5], [-1, 12, -1, -1, -1, -1, 0], [-1, 12, -1, -1, -1, 4, -1], [-1, 12, -1, -1, 1, -1, -1], [-1, 12, -1, 1, -1, -1, -1], [-1, 12, 2, -1, -1, -1, -1], [-1, 10, -1, -1, -1, -1, -1], [-1, 9, -1, -1, -1, -1, 5], [-1, 9, -1, -1, -1, -1, 0], [-1, 9, -1, -1, -1, 0, -1], [-1, 9, -1, -1, 1, 5, -1], [-1, 9, -1, 4, 1, 4, -1], [-1, 9, 2, -1, -1, -1, -1], [-1, 8, -1, -1, -1, -1, 0], [-1, 8, 2, -1, -1, -1, -1], [-1, 7, -1, -1, -1, -1, 0], [-1, 7, 2, -1, -1, -1, -1], [2, -1, -1, -1, 1, 5, -1], [2, -1, -1, 4, -1, 2, 0], [2, -1, -1, 4, -1, 0, -1], [2, -1, -1, 1, 1, -1, -1], [2, -1, 2, 4, 1, 2, -1], [2, 15, -1, -1, -1, 0, -1], [2, 15, -1, -1, 1, -1, -1], [2, 12, -1, -1, -1, -1, -1], [2, 9, -1, -1, -1, -1, -1], [2, 8, -1, -1, 1, -1, -1], [2, 7, -1, -1, 1, -1, -1], [2, 7, -1, 4, -1, 2, -1], [1, -1, -1, -1, -1, -1, 5], [1, -1, -1, 4, -1, 0, -1], [1, -1, 2, 4, -1, -1, -1], [1, 15, -1, -1, 1, 1, -1], [1, 12, -1, -1, -1, 2, -1], [1, 9, -1, -1, 1, -1, -1]]
60 49 
 [[-1, -1, -1, -1, -1, 5, 0], [-1, -1, -1, -1, -1, 3, -1], [-1, -1, -1, -1, -1, 1, 5], [-1, -1, -1, -1, -1, 1, 0], [-1, -1, -1, -1, -1, 0, 0], [-1, -1, -1, -1, 1, 0, -1], [-1, -1, -1, 4, -1, -1, 5], [-1, -1, -1, 1, -1, -1, 0], [-1, -1, 2, -1, -1, 5, -1], [-1, -1, 2, -1, -1, 1, -1], [-1, -1, 2, -1, -1, 0, -1], [-1, -1, 2, 1, -1, -1, -1], [-1, 15, -1, -1, -1, -1, 5], [-1, 15, -1, -1, -1, -1, 0], [-1, 15, 2, -1, -1, -1, -1], [-1, 14, -1, -1, -1, -1, -1], [-1, 12, -1, -1, -1, -1, 5], [-1, 12, -1, -1, -1, -1, 0], [-1, 12, -1, -1, -1, 4, -1], [-1, 12, -1, -1, 1, -1, -1], [-1, 12, -1, 1, -1, -1, -1], [-1, 12, 2, -1, -1, -1, -1], [-1, 10, -1, -1, -1, -1, -1], [-1, 9, -1, -1, -1, -1, 5], [-1, 9, -1, -1, -1, -1, 0], [-1, 9, -1, -1, -1, 0, -1], [-1, 9, -1, -1, 1, 5, -1], [-1, 9, -1, 4, 1, 4, -1], [-1, 9, 2, -1, -1, -1, -1], [-1, 8, -1, -1, -1, -1, 0], [-1, 8, 2, -1, -1, -1, -1], [-1, 7, -1, -1, -1, -1, 0], [-1, 7, 2, -1, -1, -1, -1], [2, -1, -1, -1, 1, 5, -1], [2, -1, -1, 4, -1, 2, 0], [2, -1, -1, 4, -1, 0, -1], [2, -1, -1, 1, 1, -1, -1], [2, -1, 2, 4, 1, 2, -1], [2, 15, -1, -1, 1, -1, -1], [2, 12, -1, -1, -1, -1, -1], [2, 9, -1, -1, -1, -1, -1], [2, 8, -1, -1, 1, -1, -1], [2, 7, -1, -1, 1, -1, -1], [1, -1, -1, -1, -1, -1, 5], [1, -1, -1, 4, -1, 0, -1], [1, -1, 2, 4, -1, -1, -1], [1, 15, -1, -1, 1, 1, -1], [1, 12, -1, -1, -1, 2, -1], [1, 9, -1, -1, 1, -1, -1]]
70 47 
 [[-1, -1, -1, -1, -1, 5, 0], [-1, -1, -1, -1, -1, 3, -1], [-1, -1, -1, -1, -1, 1, 5], [-1, -1, -1, -1, -1, 1, 0], [-1, -1, -1, -1, -1, 0, 0], [-1, -1, -1, -1, 1, 0, -1], [-1, -1, -1, 4, -1, -1, 5], [-1, -1, -1, 1, -1, -1, 0], [-1, -1, 2, -1, -1, 5, -1], [-1, -1, 2, -1, -1, 1, -1], [-1, -1, 2, -1, -1, 0, -1], [-1, -1, 2, 1, -1, -1, -1], [-1, 15, -1, -1, -1, -1, 5], [-1, 15, -1, -1, -1, -1, 0], [-1, 15, 2, -1, -1, -1, -1], [-1, 14, -1, -1, -1, -1, -1], [-1, 12, -1, -1, -1, -1, 5], [-1, 12, -1, -1, -1, -1, 0], [-1, 12, -1, -1, -1, 4, -1], [-1, 12, -1, -1, 1, -1, -1], [-1, 12, 2, -1, -1, -1, -1], [-1, 10, -1, -1, -1, -1, -1], [-1, 9, -1, -1, -1, -1, 5], [-1, 9, -1, -1, -1, -1, 0], [-1, 9, -1, -1, -1, 0, -1], [-1, 9, -1, -1, 1, 5, -1], [-1, 9, -1, 4, 1, 4, -1], [-1, 9, 2, -1, -1, -1, -1], [-1, 8, -1, -1, -1, -1, 0], [-1, 8, 2, -1, -1, -1, -1], [-1, 7, -1, -1, -1, -1, 0], [-1, 7, 2, -1, -1, -1, -1], [2, -1, -1, -1, 1, 5, -1], [2, -1, -1, 4, -1, 2, 0], [2, -1, -1, 4, -1, 0, -1], [2, -1, -1, 1, 1, -1, -1], [2, -1, 2, 4, 1, 2, -1], [2, 15, -1, -1, 1, -1, -1], [2, 12, -1, -1, -1, -1, -1], [2, 9, -1, -1, -1, -1, -1], [2, 8, -1, -1, 1, -1, -1], [1, -1, -1, -1, -1, -1, 5], [1, -1, -1, 4, -1, 0, -1], [1, -1, 2, 4, -1, -1, -1], [1, 15, -1, -1, 1, 1, -1], [1, 12, -1, -1, -1, 2, -1], [1, 9, -1, -1, 1, -1, -1]]
80 46 
 [[-1, -1, -1, -1, -1, 5, 0], [-1, -1, -1, -1, -1, 3, -1], [-1, -1, -1, -1, -1, 1, 5], [-1, -1, -1, -1, -1, 1, 0], [-1, -1, -1, -1, -1, 0, 0], [-1, -1, -1, -1, 1, 0, -1], [-1, -1, -1, 4, -1, -1, 5], [-1, -1, -1, 1, -1, -1, 0], [-1, -1, 2, -1, -1, 5, -1], [-1, -1, 2, -1, -1, 1, -1], [-1, -1, 2, -1, -1, 0, -1], [-1, -1, 2, 1, -1, -1, -1], [-1, 15, -1, -1, -1, -1, 5], [-1, 15, -1, -1, -1, -1, 0], [-1, 15, 2, -1, -1, -1, -1], [-1, 14, -1, -1, -1, -1, -1], [-1, 12, -1, -1, -1, -1, 5], [-1, 12, -1, -1, -1, -1, 0], [-1, 12, -1, -1, -1, 4, -1], [-1, 12, -1, -1, 1, -1, -1], [-1, 12, 2, -1, -1, -1, -1], [-1, 10, -1, -1, -1, -1, -1], [-1, 9, -1, -1, -1, -1, 5], [-1, 9, -1, -1, -1, -1, 0], [-1, 9, -1, -1, -1, 0, -1], [-1, 9, -1, -1, 1, 5, -1], [-1, 9, -1, 4, 1, 4, -1], [-1, 9, 2, -1, -1, -1, -1], [-1, 8, -1, -1, -1, -1, 0], [-1, 8, 2, -1, -1, -1, -1], [-1, 7, -1, -1, -1, -1, 0], [-1, 7, 2, -1, -1, -1, -1], [2, -1, -1, -1, 1, 5, -1], [2, -1, -1, 4, -1, 2, 0], [2, -1, -1, 4, -1, 0, -1], [2, -1, 2, 4, 1, 2, -1], [2, 15, -1, -1, 1, -1, -1], [2, 12, -1, -1, -1, -1, -1], [2, 9, -1, -1, -1, -1, -1], [2, 8, -1, -1, 1, -1, -1], [1, -1, -1, -1, -1, -1, 5], [1, -1, -1, 4, -1, 0, -1], [1, -1, 2, 4, -1, -1, -1], [1, 15, -1, -1, 1, 1, -1], [1, 12, -1, -1, -1, 2, -1], [1, 9, -1, -1, 1, -1, -1]]
90 45 
 [[-1, -1, -1, -1, -1, 5, 0], [-1, -1, -1, -1, -1, 3, -1], [-1, -1, -1, -1, -1, 1, 5], [-1, -1, -1, -1, -1, 1, 0], [-1, -1, -1, -1, -1, 0, 0], [-1, -1, -1, -1, 1, 0, -1], [-1, -1, -1, 4, -1, -1, 5], [-1, -1, -1, 1, -1, -1, 0], [-1, -1, 2, -1, -1, 5, -1], [-1, -1, 2, -1, -1, 1, -1], [-1, -1, 2, -1, -1, 0, -1], [-1, -1, 2, 1, -1, -1, -1], [-1, 15, -1, -1, -1, -1, 5], [-1, 15, -1, -1, -1, -1, 0], [-1, 15, 2, -1, -1, -1, -1], [-1, 14, -1, -1, -1, -1, -1], [-1, 12, -1, -1, -1, -1, 0], [-1, 12, -1, -1, -1, 4, -1], [-1, 12, -1, -1, 1, -1, -1], [-1, 12, 2, -1, -1, -1, -1], [-1, 10, -1, -1, -1, -1, -1], [-1, 9, -1, -1, -1, -1, 5], [-1, 9, -1, -1, -1, -1, 0], [-1, 9, -1, -1, -1, 0, -1], [-1, 9, -1, -1, 1, 5, -1], [-1, 9, -1, 4, 1, 4, -1], [-1, 9, 2, -1, -1, -1, -1], [-1, 8, -1, -1, -1, -1, 0], [-1, 8, 2, -1, -1, -1, -1], [-1, 7, -1, -1, -1, -1, 0], [-1, 7, 2, -1, -1, -1, -1], [2, -1, -1, -1, 1, 5, -1], [2, -1, -1, 4, -1, 2, 0], [2, -1, -1, 4, -1, 0, -1], [2, -1, 2, 4, 1, 2, -1], [2, 15, -1, -1, 1, -1, -1], [2, 12, -1, -1, -1, -1, -1], [2, 9, -1, -1, -1, -1, -1], [2, 8, -1, -1, 1, -1, -1], [1, -1, -1, -1, -1, -1, 5], [1, -1, -1, 4, -1, 0, -1], [1, -1, 2, 4, -1, -1, -1], [1, 15, -1, -1, 1, 1, -1], [1, 12, -1, -1, -1, 2, -1], [1, 9, -1, -1, 1, -1, -1]]
100 43 
 [[-1, -1, -1, -1, -1, 5, 0], [-1, -1, -1, -1, -1, 3, -1], [-1, -1, -1, -1, -1, 1, 5], [-1, -1, -1, -1, -1, 1, 0], [-1, -1, -1, -1, -1, 0, 0], [-1, -1, -1, -1, 1, 0, -1], [-1, -1, -1, 4, -1, -1, 5], [-1, -1, -1, 1, -1, -1, 0], [-1, -1, 2, -1, -1, 5, -1], [-1, -1, 2, -1, -1, 1, -1], [-1, -1, 2, -1, -1, 0, -1], [-1, -1, 2, 1, -1, -1, -1], [-1, 15, -1, -1, -1, -1, 5], [-1, 15, -1, -1, -1, -1, 0], [-1, 15, 2, -1, -1, -1, -1], [-1, 14, -1, -1, -1, -1, -1], [-1, 12, -1, -1, -1, -1, 0], [-1, 12, -1, -1, 1, -1, -1], [-1, 12, 2, -1, -1, -1, -1], [-1, 10, -1, -1, -1, -1, -1], [-1, 9, -1, -1, -1, -1, 5], [-1, 9, -1, -1, -1, -1, 0], [-1, 9, -1, -1, -1, 0, -1], [-1, 9, -1, -1, 1, 5, -1], [-1, 9, -1, 4, 1, 4, -1], [-1, 9, 2, -1, -1, -1, -1], [-1, 8, -1, -1, -1, -1, 0], [-1, 8, 2, -1, -1, -1, -1], [-1, 7, -1, -1, -1, -1, 0], [-1, 7, 2, -1, -1, -1, -1], [2, -1, -1, -1, 1, 5, -1], [2, -1, -1, 4, -1, 2, 0], [2, -1, -1, 4, -1, 0, -1], [2, -1, 2, 4, 1, 2, -1], [2, 15, -1, -1, 1, -1, -1], [2, 12, -1, -1, -1, -1, -1], [2, 9, -1, -1, -1, -1, -1], [1, -1, -1, -1, -1, -1, 5], [1, -1, -1, 4, -1, 0, -1], [1, -1, 2, 4, -1, -1, -1], [1, 15, -1, -1, 1, 1, -1], [1, 12, -1, -1, -1, 2, -1], [1, 9, -1, -1, 1, -1, -1]]
