overall accuracy: 0.6359941944847605
execution time
10 1.5981707572937012
20 1.068692922592163
30 0.8454198837280273
40 0.7157778739929199
50 0.610159158706665
60 0.5222468376159668
70 0.4936861991882324
80 0.4527299404144287
90 0.4342169761657715
100 0.39200520515441895


number of calculations
10 47322.0
20 30793.0
30 24349.0
40 19460.0
50 16590.0
60 14609.0
70 12692.0
80 10984.0
90 9662.0
100 8602.0


number of patterns found
10 96 
 [[-2, -2, -2, -2, -2, 1, 5, -2], [-2, -2, -2, -2, 1, -2, 2, -2], [-2, -2, -2, -2, 0, 1, 9, -2], [-2, -2, -2, 6, -2, 0, -2, -2], [-2, -2, -2, 5, -2, -2, 4, -2], [-2, -2, -2, 5, 1, -2, -2, 0], [-2, -2, -2, 1, -2, -2, 9, -2], [-2, -2, -2, 1, -2, -2, 8, -2], [-2, -2, -2, 1, -2, -2, 6, -2], [-2, -2, -2, 1, -2, 0, 4, -2], [-2, -2, -2, 1, 1, 0, -2, -2], [-2, -2, -2, 1, 0, -2, 4, -2], [-2, -2, -2, 0, 1, 0, 4, -2], [-2, -2, 3, -2, -2, -2, 5, -2], [-2, -2, 3, -2, -2, -2, 4, -2], [-2, -2, 3, -2, -2, 0, 3, -2], [-2, -2, 3, -2, 1, -2, -2, -2], [-2, -2, 2, -2, -2, -2, 5, -2], [-2, -2, 1, -2, -2, -2, 5, -2], [-2, -2, 1, -2, -2, 1, 7, -2], [-2, -2, 1, -2, 1, -2, 4, -2], [-2, -2, 1, -2, 0, -2, 9, -2], [-2, -2, 1, 4, -2, -2, -2, -2], [-2, -2, 1, 0, 1, 0, 7, -2], [-2, -2, 0, 2, -2, -2, 1, -2], [-2, -2, 0, 0, -2, 1, 3, 0], [-2, -2, 0, 0, 0, 1, 6, 0], [-2, 2, -2, -2, -2, -2, 9, -2], [-2, 2, -2, -2, 2, -2, 7, -2], [-2, 2, -2, -2, 1, -2, 7, -2], [-2, 2, -2, -2, 1, 0, 6, -2], [-2, 2, -2, -2, 1, 0, 4, -2], [-2, 2, -2, -2, 0, -2, 5, 0], [-2, 2, -2, 4, -2, -2, -2, -2], [-2, 2, 0, -2, 0, -2, 5, -2], [-2, 2, 0, 5, -2, -2, -2, 0], [-2, 2, 0, 2, -2, -2, -2, -2], [-2, 2, 0, 0, -2, -2, 2, -2], [-2, 2, 0, 0, 0, -2, 6, 0], [-2, 2, 0, 0, 0, 0, 6, -2], [-2, 1, -2, -2, 1, 0, 4, -2], [-2, 1, -2, 5, 0, 0, -2, -2], [-2, 1, -2, 1, -2, -2, 4, -2], [-2, 1, -2, 1, 1, -2, -2, -2], [-2, 1, -2, 0, 1, -2, 4, -2], [-2, 1, 1, -2, -2, 1, 4, -2], [-2, 1, 0, 0, 0, 1, 6, -2], [1, -2, -2, -2, -2, -2, 9, -2], [1, -2, -2, -2, -2, 1, 8, 0], [1, -2, -2, -2, 0, -2, 8, -2], [1, -2, -2, 2, -2, 0, -2, -2], [1, -2, -2, 0, -2, -2, 8, 0], [1, -2, -2, 0, -2, 1, 8, -2], [1, -2, 1, -2, -2, -2, 7, -2], [1, -2, 1, -2, -2, 0, 2, -2], [1, -2, 1, 0, -2, -2, 8, -2], [1, -2, 0, -2, -2, -2, 8, 0], [1, -2, 0, 0, -2, -2, 8, -2], [1, -2, 0, 0, -2, 0, 5, -2], [1, 2, -2, 2, -2, -2, -2, 0], [1, 2, -2, 2, 0, -2, -2, -2], [1, 1, -2, -2, -2, -2, 8, -2], [1, 1, -2, -2, -2, 0, 5, -2], [1, 1, -2, 0, -2, -2, 5, 0], [1, 1, 1, 1, -2, -2, -2, -2], [0, -2, -2, -2, 2, 0, 7, -2], [0, -2, -2, -2, 1, 0, 4, -2], [0, -2, -2, -2, 0, 1, 6, -2], [0, -2, -2, 5, 1, -2, -2, -2], [0, -2, -2, 1, -2, -2, 4, -2], [0, -2, 2, -2, 1, 0, -2, -2], [0, -2, 1, -2, -2, 1, 4, -2], [0, -2, 1, -2, 1, 0, 7, -2], [0, -2, 1, 5, -2, -2, 2, -2], [0, -2, 1, 0, 1, -2, 7, -2], [0, -2, 0, -2, -2, 1, 6, 0], [0, -2, 0, 5, -2, -2, -2, 0], [0, -2, 0, 0, -2, 1, 6, -2], [0, -2, 0, 0, -2, 1, 3, -2], [0, 2, -2, -2, -2, -2, 5, -2], [0, 2, -2, -2, -2, 1, 6, 0], [0, 2, -2, -2, -2, 1, 3, -2], [0, 2, -2, -2, 1, -2, 6, -2], [0, 2, -2, 0, 0, -2, 6, 0], [0, 2, 1, -2, 1, 0, -2, -2], [0, 2, 0, -2, -2, -2, 6, -2], [0, 2, 0, -2, -2, -2, 2, -2], [0, 2, 0, -2, 0, -2, 3, -2], [0, 2, 0, -2, 0, 1, -2, 0], [0, 2, 0, 0, -2, -2, 3, -2], [0, 1, -2, -2, -2, 1, 6, -2], [0, 1, -2, -2, 1, -2, 4, -2], [0, 1, 3, -2, -2, 0, 2, -2], [0, 1, 3, 0, -2, -2, 2, -2], [0, 1, 1, -2, 0, -2, 6, -2], [0, 1, 1, 5, -2, -2, -2, -2]]
20 40 
 [[-2, -2, -2, -2, -2, 1, 5, -2], [-2, -2, -2, -2, 0, 1, 9, -2], [-2, -2, -2, 1, -2, -2, 6, -2], [-2, -2, -2, 1, 1, 0, -2, -2], [-2, -2, -2, 1, 0, -2, 4, -2], [-2, -2, 3, -2, -2, -2, 4, -2], [-2, -2, 2, -2, -2, -2, 5, -2], [-2, -2, 1, -2, -2, -2, 5, -2], [-2, -2, 1, -2, 0, -2, 9, -2], [-2, -2, 1, 4, -2, -2, -2, -2], [-2, -2, 0, 0, -2, 1, 3, 0], [-2, -2, 0, 0, 0, 1, 6, 0], [-2, 2, -2, -2, -2, -2, 9, -2], [-2, 2, -2, -2, 0, -2, 5, 0], [-2, 2, 0, 0, -2, -2, 2, -2], [-2, 1, -2, 1, 1, -2, -2, -2], [-2, 1, 1, -2, -2, 1, 4, -2], [-2, 1, 0, 0, 0, 1, 6, -2], [1, -2, -2, -2, -2, -2, 9, -2], [1, -2, -2, -2, 0, -2, 8, -2], [1, -2, -2, 0, -2, -2, 8, 0], [1, -2, 0, 0, -2, 0, 5, -2], [1, 1, -2, -2, -2, -2, 8, -2], [1, 1, -2, -2, -2, 0, 5, -2], [1, 1, -2, 0, -2, -2, 5, 0], [0, -2, -2, -2, 1, 0, 4, -2], [0, -2, -2, -2, 0, 1, 6, -2], [0, -2, -2, 1, -2, -2, 4, -2], [0, -2, 1, -2, -2, 1, 4, -2], [0, -2, 0, -2, -2, 1, 6, 0], [0, -2, 0, 5, -2, -2, -2, 0], [0, -2, 0, 0, -2, 1, 6, -2], [0, -2, 0, 0, -2, 1, 3, -2], [0, 2, -2, -2, -2, -2, 5, -2], [0, 2, -2, 0, 0, -2, 6, 0], [0, 2, 0, -2, -2, -2, 6, -2], [0, 2, 0, -2, -2, -2, 2, -2], [0, 2, 0, -2, 0, 1, -2, 0], [0, 1, -2, -2, -2, 1, 6, -2], [0, 1, 1, -2, 0, -2, 6, -2]]
30 19 
 [[-2, -2, -2, -2, -2, 1, 5, -2], [-2, -2, -2, -2, 0, 1, 9, -2], [-2, -2, 1, -2, -2, -2, 5, -2], [-2, -2, 1, 4, -2, -2, -2, -2], [-2, -2, 0, 0, -2, 1, 3, 0], [-2, -2, 0, 0, 0, 1, 6, 0], [-2, 2, -2, -2, 0, -2, 5, 0], [-2, 1, 1, -2, -2, 1, 4, -2], [1, 1, -2, -2, -2, 0, 5, -2], [1, 1, -2, 0, -2, -2, 5, 0], [0, -2, -2, -2, 0, 1, 6, -2], [0, -2, 1, -2, -2, 1, 4, -2], [0, -2, 0, -2, -2, 1, 6, 0], [0, -2, 0, 0, -2, 1, 6, -2], [0, 2, -2, -2, -2, -2, 5, -2], [0, 2, 0, -2, -2, -2, 6, -2], [0, 2, 0, -2, 0, 1, -2, 0], [0, 1, -2, -2, -2, 1, 6, -2], [0, 1, 1, -2, 0, -2, 6, -2]]
40 8 
 [[-2, -2, -2, -2, -2, 1, 5, -2], [-2, -2, 1, -2, -2, -2, 5, -2], [1, 1, -2, 0, -2, -2, 5, 0], [0, -2, -2, -2, 0, 1, 6, -2], [0, -2, 1, -2, -2, 1, 4, -2], [0, 2, -2, -2, -2, -2, 5, -2], [0, 2, 0, -2, 0, 1, -2, 0], [0, 1, -2, -2, -2, 1, 6, -2]]
50 3 
 [[-2, -2, -2, -2, -2, 1, 5, -2], [-2, -2, 1, -2, -2, -2, 5, -2], [0, 2, 0, -2, 0, 1, -2, 0]]
60 2 
 [[-2, -2, -2, -2, -2, 1, 5, -2], [-2, -2, 1, -2, -2, -2, 5, -2]]
70 2 
 [[-2, -2, -2, -2, -2, 1, 5, -2], [-2, -2, 1, -2, -2, -2, 5, -2]]
80 2 
 [[-2, -2, -2, -2, -2, 1, 5, -2], [-2, -2, 1, -2, -2, -2, 5, -2]]
90 2 
 [[-2, -2, -2, -2, -2, 1, 5, -2], [-2, -2, 1, -2, -2, -2, 5, -2]]
100 2 
 [[-2, -2, -2, -2, -2, 1, 5, -2], [-2, -2, 1, -2, -2, -2, 5, -2]]
