overall accuracy: 0.7788666666666667
execution time
0.05 0.6934752464294434
0.1 0.7464029788970947
0.15 0.8836281299591064
0.2 0.9174830913543701
0.25 0.8235251903533936
0.3 0.7880029678344727


number of calculations
0.05 14350.0
0.1 16186.0
0.15 17131.0
0.2 17942.0
0.25 18145.0
0.3 17297.0


number of patterns found
0.05 60 
 [[-2, -2, -2, -2, -2, -2, 6], [-2, -2, -2, -2, -2, -2, 5], [-2, -2, -2, -2, -2, -2, 4], [-2, -2, -2, -2, -2, 5, -2], [-2, -2, -2, -2, -2, 4, -2], [-2, -2, -2, -2, -2, 3, -2], [-2, -2, -2, -2, 2, -2, -2], [-2, -2, -2, 3, -2, -2, -2], [-2, -2, -2, 2, 1, -2, 1], [-2, -2, -2, 2, 1, 1, -2], [-2, -2, 3, -2, 1, -2, 1], [-2, -2, 3, 2, -2, -2, 0], [-2, -2, 3, 1, 0, -2, -2], [-2, -2, 1, 1, 0, -2, 0], [-2, 2, -2, 1, -2, 2, 1], [-2, 2, 3, -2, -2, -2, 0], [-2, 2, 3, 1, -2, -2, 1], [-2, 2, 2, 1, 0, -2, 0], [-2, 1, -2, 1, 0, -2, 0], [-2, 1, 3, -2, 0, -2, 1], [-2, 1, 3, 2, -2, -2, -2], [-2, 1, 2, -2, 1, -2, 1], [-2, 1, 2, 2, -2, -2, 0], [-2, 1, 2, 1, 1, -2, -2], [-2, 1, 1, -2, -2, -2, 0], [-2, 1, 1, 2, 1, -2, -2], [2, -2, -2, 2, 0, 0, -2], [2, -2, 1, -2, -2, -2, 0], [2, 2, -2, -2, 1, -2, 1], [2, 2, -2, -2, 1, 1, -2], [2, 2, -2, 1, -2, -2, 1], [1, -2, -2, 2, 1, -2, 0], [1, -2, 3, -2, -2, -2, 0], [1, -2, 3, 2, 1, -2, -2], [1, -2, 2, 1, 1, -2, 0], [1, 2, 3, -2, -2, -2, -2], [1, 2, 2, 2, -2, -2, 1], [1, 2, 2, 2, -2, 1, -2], [1, 1, -2, -2, 1, -2, 1], [1, 1, 2, 1, -2, -2, 0], [1, 1, 2, 1, -2, 1, -2], [1, 1, 1, -2, 1, 1, -2], [0, -2, -2, 1, -2, -2, 0], [0, -2, -2, 1, 0, -2, -2], [0, -2, 3, -2, -2, -2, 1], [0, -2, 3, -2, 1, 1, -2], [0, -2, 3, -2, 0, -2, -2], [0, -2, 3, 2, -2, 1, -2], [0, -2, 2, -2, -2, -2, 0], [0, -2, 1, -2, -2, 1, -2], [0, -2, 1, 1, -2, -2, -2], [0, 2, -2, -2, -2, 1, 2], [0, 2, -2, 2, -2, 1, -2], [0, 2, 2, -2, 0, 1, -2], [0, 1, -2, -2, -2, -2, 0], [0, 1, -2, -2, 1, -2, -2], [0, 1, -2, 1, -2, -2, -2], [0, 1, 3, -2, -2, -2, -2], [0, 1, 2, -2, -2, -2, -2], [0, 1, 1, -2, -2, -2, 1]]
0.1 27 
 [[-2, -2, -2, -2, -2, -2, 6], [-2, -2, -2, -2, -2, -2, 5], [-2, -2, -2, -2, -2, -2, 4], [-2, -2, -2, -2, -2, 5, -2], [-2, -2, -2, -2, -2, 4, -2], [-2, -2, -2, -2, -2, 3, -2], [-2, -2, -2, 3, 0, -2, -2], [-2, -2, 3, 2, 1, -2, 1], [-2, -2, 2, 3, -2, -2, -2], [-2, 2, -2, -2, 2, -2, -2], [-2, 2, 3, 2, -2, -2, 0], [-2, 1, -2, 3, -2, -2, -2], [-2, 1, 1, 1, 0, -2, 0], [2, 2, -2, -2, 1, -2, 1], [2, 2, -2, -2, 1, 1, -2], [2, 2, -2, 1, -2, -2, 1], [2, 1, 1, -2, -2, -2, 0], [1, -2, -2, -2, 2, -2, -2], [1, -2, 3, -2, -2, -2, 0], [1, -2, 3, 2, 1, -2, -2], [1, 2, 3, 1, 0, -2, -2], [0, -2, -2, 1, 0, -2, 0], [0, -2, 2, 1, -2, -2, 0], [0, -2, 1, -2, -2, 1, 2], [0, 1, 3, 2, -2, -2, -2], [0, 1, 2, -2, 0, -2, 0], [0, 1, 1, -2, -2, -2, 0]]
0.15 20 
 [[-2, -2, -2, -2, -2, -2, 6], [-2, -2, -2, -2, -2, -2, 5], [-2, -2, -2, -2, -2, -2, 4], [-2, -2, -2, -2, -2, 4, 2], [-2, -2, -2, -2, -2, 3, -2], [-2, -2, -2, -2, 0, 4, -2], [-2, -2, -2, 3, 0, -2, -2], [-2, -2, -2, 2, -2, 4, -2], [-2, -2, -2, 1, -2, 5, -2], [-2, -2, 3, -2, -2, 4, -2], [-2, -2, 2, -2, -2, 4, -2], [-2, 2, -2, -2, -2, 4, -2], [-2, 2, 3, 2, -2, -2, 0], [-2, 1, -2, -2, 1, 4, -2], [-2, 1, -2, 3, -2, -2, -2], [1, -2, -2, -2, -2, 4, -2], [1, 2, 3, -2, -2, -2, 0], [0, -2, 2, 1, 0, -2, 0], [0, 2, -2, -2, -2, 5, -2], [0, 1, -2, -2, -2, 4, -2]]
0.2 38 
 [[-2, -2, -2, -2, -2, -2, 6], [-2, -2, -2, -2, -2, -2, 5], [-2, -2, -2, -2, -2, 3, 4], [-2, -2, -2, -2, 1, 3, 1], [-2, -2, -2, 1, -2, 3, -2], [-2, -2, 3, -2, -2, 3, -2], [-2, -2, 3, -2, 0, -2, 4], [-2, -2, 3, 1, 0, 4, -2], [-2, -2, 2, -2, -2, 3, -2], [-2, -2, 2, -2, -2, 1, 4], [-2, -2, 2, 2, 0, -2, 4], [-2, -2, 1, -2, 0, 4, 2], [-2, 2, -2, -2, -2, 1, 4], [-2, 2, -2, 1, 0, -2, 4], [-2, 2, 3, -2, -2, 4, 2], [-2, 2, 3, -2, 0, 4, -2], [-2, 2, 3, 1, -2, -2, 4], [-2, 2, 2, -2, -2, -2, 4], [-2, 2, 1, -2, -2, 4, 2], [-2, 1, -2, -2, 1, 4, 2], [-2, 1, -2, -2, 1, 3, -2], [-2, 1, -2, 2, 1, -2, 4], [-2, 1, 3, -2, 1, 4, -2], [-2, 1, 3, 2, -2, -2, 4], [1, -2, -2, -2, -2, 4, 2], [1, -2, -2, -2, 1, -2, 4], [1, -2, -2, -2, 1, 4, -2], [1, -2, -2, -2, 1, 3, -2], [1, -2, -2, 2, -2, 4, -2], [1, 2, -2, -2, -2, 4, -2], [1, 1, -2, -2, -2, 3, 0], [0, -2, -2, -2, -2, 1, 4], [0, -2, -2, 1, 0, -2, 4], [0, -2, 2, -2, 0, -2, 4], [0, -2, 1, -2, 1, -2, 4], [0, 2, -2, -2, 0, -2, 4], [0, 1, -2, -2, -2, 3, -2], [0, 1, 3, -2, -2, -2, 4]]
0.25 33 
 [[-2, -2, -2, -2, -2, -2, 5], [-2, -2, -2, -2, 1, 3, 1], [-2, -2, 3, -2, 0, 3, 4], [-2, -2, 2, 1, -2, 3, 0], [-2, 2, 3, -2, -2, 3, 4], [-2, 2, 3, -2, 1, 3, -2], [-2, 2, 3, 1, -2, 3, -2], [-2, 2, 3, 1, 0, -2, 4], [-2, 1, -2, 1, -2, 3, 0], [-2, 1, 2, -2, 1, 3, 4], [-2, 1, 1, -2, 1, 3, -2], [1, -2, -2, -2, -2, 4, 2], [1, -2, -2, -2, 1, -2, 4], [1, -2, -2, -2, 1, 4, -2], [1, -2, -2, 1, -2, 3, 1], [1, -2, -2, 1, 1, 3, -2], [1, -2, 3, -2, -2, 3, -2], [1, -2, 2, -2, 1, 3, -2], [1, 1, -2, -2, 1, 3, -2], [0, -2, -2, -2, 0, 1, 4], [0, -2, -2, 2, -2, 1, 4], [0, -2, -2, 1, -2, 3, 0], [0, -2, 3, 1, 0, -2, 4], [0, -2, 2, -2, -2, 1, 4], [0, -2, 1, 1, 0, 3, -2], [0, 2, -2, -2, -2, 1, 4], [0, 2, -2, 1, 1, 3, 4], [0, 2, 3, -2, 0, 3, -2], [0, 2, 1, -2, 0, 3, 4], [0, 1, -2, 1, 0, 3, -2], [0, 1, 3, 2, -2, -2, 4], [0, 1, 2, -2, 0, 3, -2], [0, 1, 2, 1, -2, 3, 4]]
0.3 7 
 [[-2, -2, -2, -2, -2, -2, 5], [-2, 2, 3, 1, -2, 3, 4], [-2, 1, 1, 1, 1, 3, -2], [1, 1, -2, 1, 1, 3, -2], [0, -2, -2, 1, 0, 3, 0], [0, -2, 3, -2, 0, 3, 4], [0, 1, 2, 1, 0, 3, -2]]
