execution time
3 0.1359572410583496 0.13488388061523438
4 0.17021608352661133 0.1734001636505127
5 0.22319579124450684 0.24808073043823242
6 0.41524291038513184 2.0233380794525146
7 1.2920029163360596 28.73237371444702
8 0.1359572410583496
9 0.17021608352661133
10 0.22319579124450684
11 0.41524291038513184


number of patterns checked
3 144.0 212.0
4 424.0 935.0
5 1116.0 3496.0
6 6832.0 37135.0
7 27381.0 421973.0
8 144.0
9 424.0
10 1116.0
11 6832.0


number of patterns found
3 0 
 []
4 5 
 [[-1, 2, 3, -1, -1, -1, 5], [-1, 2, 2, 2, 0, 1, 4], [-1, 1, -1, 2, -1, 3, 5], [0, -1, -1, -1, 0, 6, 5], [0, -1, 3, -1, 1, -1, 5]]
5 6 
 [[-1, -1, 3, 1, -1, -1, 5, 4], [-1, 2, -1, -1, -1, -1, -1, 6], [-1, 2, 3, -1, -1, -1, 5, -1], [-1, 1, -1, 2, -1, 3, 5, -1], [0, -1, -1, 2, 0, 3, 5, 4], [0, -1, 3, -1, 1, -1, 5, -1]]
6 10 
 [[-1, -1, 3, -1, -1, -1, 5, 4, 4], [-1, 2, 3, -1, -1, -1, 5, 4, -1], [-1, 1, -1, -1, 0, -1, 5, -1, 4], [-1, 1, -1, 2, -1, -1, 5, 4, 4], [-1, 1, 2, 2, -1, -1, 5, -1, 4], [0, -1, -1, -1, 0, 6, -1, 4, -1], [0, -1, 3, -1, 1, -1, 5, 4, -1], [0, -1, 2, 2, 0, -1, 5, 4, 4], [0, 1, 3, -1, 1, 4, 2, -1, -1], [0, 1, 2, 2, 0, 4, 4, -1, 4]]
7 19 
 [[-1, -1, -1, -1, 0, 3, 5, -1, 4, -1], [-1, -1, -1, 2, -1, 3, 5, -1, -1, -1], [-1, -1, -1, 1, 2, 3, -1, -1, -1, -1], [-1, -1, 3, -1, -1, -1, 5, -1, -1, 2], [-1, -1, 3, -1, 1, -1, 5, 4, -1, -1], [-1, -1, 3, 1, -1, -1, 5, 4, -1, -1], [-1, -1, 1, 2, 1, 4, -1, -1, -1, -1], [-1, 2, 3, -1, -1, -1, 5, 4, -1, -1], [-1, 1, -1, -1, 0, 3, 5, -1, -1, -1], [-1, 1, -1, 2, 0, 4, 4, 2, -1, 2], [-1, 1, 2, 2, 0, 3, -1, 0, -1, 0], [-1, 1, 2, 2, 0, 3, 0, -1, -1, 0], [0, -1, 2, 1, 0, 3, 0, -1, -1, 0], [0, 2, 3, -1, -1, -1, 5, -1, -1, -1], [0, 2, 2, 1, -1, 3, 0, -1, -1, 0], [0, 2, 2, 1, 0, 3, -1, -1, -1, 0], [0, 2, 2, 1, 0, 3, -1, 0, -1, -1], [0, 2, 2, 1, 0, 3, 0, -1, 0, -1], [0, 1, 2, 2, -1, 3, -1, -1, 0, 0]]
