execution time
0.05 413.0560760498047
0.1 316.9723153114319
0.15 240.71451711654663
0.2 161.54875802993774
0.25 137.32655096054077
0.3 125.43636512756348
0.35 118.85972380638123
0.4 112.23234105110168
0.45 106.49968004226685
0.5 92.98074507713318


number of calculations
0.05 1377949.0
0.1 1250686.0
0.15 1188481.0
0.2 1050009.0
0.25 990623.0
0.3 886637.0
0.35 844278.0
0.4 771149.0
0.45 738366.0
0.5 682032.0


number of patterns found
0.05 1468 
 [[-1, -1, -1, -1, -1, -1, -1, -1, -1, 4, 5], [-1, -1, -1, -1, -1, -1, -1, -1, 4, 5, -1], [-1, -1, -1, -1, -1, -1, -1, -1, 4, 4, 1], [-1, -1, -1, -1, -1, -1, -1, -1, 1, 4, 4], [-1, -1, -1, -1, -1, -1, -1, 5, -1, -1, 2], [-1, -1, -1, -1, -1, -1, -1, 5, -1, 4, -1], [-1, -1, -1, -1, -1, -1, -1, 4, -1, 5, -1], [-1, -1, -1, -1, -1, -1, -1, 4, -1, 1, 4], [-1, -1, -1, -1, -1, -1, -1, 4, 4, -1, 5], [-1, -1, -1, -1, -1, -1, -1, 4, 4, -1, 1], [-1, -1, -1, -1, -1, -1, -1, 4, 1, -1, 4], [-1, -1, -1, -1, -1, -1, -1, 1, -1, 4, 4], [-1, -1, -1, -1, -1, -1, 6, -1, 4, 4, -1], [-1, -1, -1, -1, -1, -1, 6, 5, -1, -1, 4], [-1, -1, -1, -1, -1, -1, 5, -1, -1, -1, 4], [-1, -1, -1, -1, -1, -1, 5, -1, -1, -1, 1], [-1, -1, -1, -1, -1, -1, 5, -1, 4, -1, -1], [-1, -1, -1, -1, -1, -1, 4, -1, -1, 2, 0], [-1, -1, -1, -1, -1, -1, 4, -1, 2, -1, 0], [-1, -1, -1, -1, -1, -1, 4, 0, -1, -1, -1], [-1, -1, -1, -1, -1, -1, 2, -1, 4, -1, 1], [-1, -1, -1, -1, -1, -1, 2, -1, 4, 1, -1], [-1, -1, -1, -1, -1, -1, 2, 4, -1, -1, 1], [-1, -1, -1, -1, -1, -1, 2, 4, -1, 4, 4], [-1, -1, -1, -1, -1, -1, 2, 4, -1, 1, -1], [-1, -1, -1, -1, -1, -1, 2, 4, 4, -1, 4], [-1, -1, -1, -1, -1, -1, 2, 4, 4, 4, -1], [-1, -1, -1, -1, -1, -1, 1, -1, -1, 4, 4], [-1, -1, -1, -1, -1, -1, 1, 4, -1, -1, 4], [-1, -1, -1, -1, -1, -1, 1, 4, 4, -1, -1], [-1, -1, -1, -1, -1, -1, 1, 4, 2, -1, 1], [-1, -1, -1, -1, -1, -1, 0, -1, -1, 4, -1], [-1, -1, -1, -1, -1, 6, -1, -1, -1, -1, 4], [-1, -1, -1, -1, -1, 6, -1, -1, -1, 4, -1], [-1, -1, -1, -1, -1, 6, -1, -1, 4, -1, -1], [-1, -1, -1, -1, -1, 6, -1, 4, -1, -1, -1], [-1, -1, -1, -1, -1, 4, -1, -1, -1, 2, 1], [-1, -1, -1, -1, -1, 4, -1, -1, 2, -1, 1], [-1, -1, -1, -1, -1, 4, -1, -1, 2, 4, 2], [-1, -1, -1, -1, -1, 4, -1, 2, -1, 4, 2], [-1, -1, -1, -1, -1, 4, -1, 0, -1, -1, -1], [-1, -1, -1, -1, -1, 4, 5, -1, -1, -1, 2], [-1, -1, -1, -1, -1, 4, 4, -1, 2, 4, -1], [-1, -1, -1, -1, -1, 4, 4, -1, 0, -1, -1], [-1, -1, -1, -1, -1, 4, 4, 2, -1, 4, -1], [-1, -1, -1, -1, -1, 4, 2, -1, -1, -1, 1], [-1, -1, -1, -1, -1, 3, -1, -1, 4, -1, 1], [-1, -1, -1, -1, -1, 3, -1, -1, 2, -1, 0], [-1, -1, -1, -1, -1, 3, -1, 4, -1, 1, -1], [-1, -1, -1, -1, -1, 3, -1, 1, 4, -1, -1], [-1, -1, -1, -1, -1, 3, -1, 1, 0, -1, -1], [-1, -1, -1, -1, -1, 3, 5, -1, -1, -1, -1], [-1, -1, -1, -1, -1, 3, 4, 5, -1, -1, -1], [-1, -1, -1, -1, -1, 3, 1, -1, 4, -1, -1], [-1, -1, -1, -1, -1, 3, 1, -1, 0, -1, -1], [-1, -1, -1, -1, -1, 3, 1, 4, -1, -1, 1], [-1, -1, -1, -1, -1, 3, 0, -1, 2, -1, -1], [-1, -1, -1, -1, -1, 2, -1, -1, 4, -1, 1], [-1, -1, -1, -1, -1, 2, -1, -1, 4, 4, -1], [-1, -1, -1, -1, -1, 2, -1, -1, 4, 1, -1], [-1, -1, -1, -1, -1, 2, -1, 4, -1, -1, 4], [-1, -1, -1, -1, -1, 2, -1, 4, -1, -1, 1], [-1, -1, -1, -1, -1, 2, -1, 4, -1, 4, -1], [-1, -1, -1, -1, -1, 2, -1, 4, -1, 1, -1], [-1, -1, -1, -1, -1, 1, -1, 4, -1, -1, 4], [-1, -1, -1, -1, -1, 1, -1, 4, -1, 4, -1], [-1, -1, -1, -1, -1, 1, -1, 4, -1, 2, 1], [-1, -1, -1, -1, -1, 1, -1, 4, 2, -1, 1], [-1, -1, -1, -1, -1, 1, 5, -1, -1, -1, -1], [-1, -1, -1, -1, -1, 1, 4, 4, 4, -1, -1], [-1, -1, -1, -1, 2, -1, -1, -1, 0, -1, 0], [-1, -1, -1, -1, 2, -1, -1, 0, -1, -1, 0], [-1, -1, -1, -1, 2, -1, -1, 0, -1, 0, -1], [-1, -1, -1, -1, 2, -1, 0, -1, -1, -1, 0], [-1, -1, -1, -1, 2, -1, 0, -1, -1, 0, -1], [-1, -1, -1, -1, 2, 3, -1, -1, -1, -1, -1], [-1, -1, -1, -1, 1, -1, -1, -1, 5, -1, -1], [-1, -1, -1, -1, 1, -1, 5, -1, -1, -1, 2], [-1, -1, -1, -1, 1, -1, 4, 1, 1, 1, 1], [-1, -1, -1, -1, 1, -1, 2, 4, -1, -1, 4], [-1, -1, -1, -1, 1, -1, 2, 4, -1, 4, -1], [-1, -1, -1, -1, 1, -1, 1, -1, 4, -1, 1], [-1, -1, -1, -1, 1, 5, -1, -1, -1, 2, -1], [-1, -1, -1, -1, 1, 4, -1, -1, -1, -1, 1], [-1, -1, -1, -1, 1, 4, -1, -1, -1, 0, -1], [-1, -1, -1, -1, 1, 3, -1, -1, 4, -1, 4], [-1, -1, -1, -1, 1, 3, -1, 4, -1, 4, 4], [-1, -1, -1, -1, 1, 3, 4, -1, -1, 4, 4], [-1, -1, -1, -1, 1, 2, -1, -1, 4, -1, 4], [-1, -1, -1, -1, 1, 1, 4, 1, 1, -1, 1], [-1, -1, -1, -1, 0, -1, -1, -1, 1, 4, 1], [-1, -1, -1, -1, 0, -1, -1, 5, -1, -1, -1], [-1, -1, -1, -1, 0, -1, -1, 2, 4, 4, 2], [-1, -1, -1, -1, 0, -1, 6, -1, -1, -1, -1], [-1, -1, -1, -1, 0, -1, 5, -1, -1, -1, -1], [-1, -1, -1, -1, 0, -1, 4, -1, 2, 4, 2], [-1, -1, -1, -1, 0, -1, 4, -1, 2, 2, 1], [-1, -1, -1, -1, 0, -1, 4, 2, -1, -1, 1], [-1, -1, -1, -1, 0, -1, 4, 2, -1, 4, 2], [-1, -1, -1, -1, 0, -1, 4, 1, 2, 2, -1], [-1, -1, -1, -1, 0, -1, 2, -1, 4, 4, 2], [-1, -1, -1, -1, 0, -1, 1, -1, 4, 4, -1], [-1, -1, -1, -1, 0, -1, 1, 2, -1, 2, 1], [-1, -1, -1, -1, 0, 6, -1, -1, -1, -1, -1], [-1, -1, -1, -1, 0, 4, -1, -1, 2, 4, -1], [-1, -1, -1, -1, 0, 4, -1, 4, 4, 2, -1], [-1, -1, -1, -1, 0, 4, 4, 2, -1, -1, 2], [-1, -1, -1, -1, 0, 3, -1, -1, -1, -1, 5], [-1, -1, -1, -1, 0, 3, -1, -1, -1, 2, 0], [-1, -1, -1, -1, 0, 3, -1, -1, 4, -1, 2], [-1, -1, -1, -1, 0, 3, -1, 4, -1, -1, 0], [-1, -1, -1, -1, 0, 3, -1, 4, -1, 4, 2], [-1, -1, -1, -1, 0, 3, 4, -1, -1, -1, 0], [-1, -1, -1, -1, 0, 1, -1, -1, -1, 4, 4], [-1, -1, -1, -1, 0, 1, -1, -1, -1, 2, 0], [-1, -1, -1, -1, 0, 1, -1, -1, 4, -1, 4], [-1, -1, -1, -1, 0, 1, -1, 2, -1, 2, 1], [-1, -1, -1, -1, 0, 1, 4, -1, 2, -1, -1], [-1, -1, -1, -1, 0, 1, 2, -1, -1, 2, 1], [-1, -1, -1, 3, -1, -1, -1, -1, 4, -1, -1], [-1, -1, -1, 3, -1, -1, -1, 4, -1, -1, -1], [-1, -1, -1, 3, -1, 3, -1, -1, -1, -1, -1], [-1, -1, -1, 3, 1, -1, 4, -1, -1, -1, -1], [-1, -1, -1, 3, 0, -1, 2, 2, 2, 2, -1], [-1, -1, -1, 2, -1, -1, -1, -1, -1, 4, 1], [-1, -1, -1, 2, -1, -1, -1, -1, 1, 4, -1], [-1, -1, -1, 2, -1, -1, -1, 2, 4, 4, 2], [-1, -1, -1, 2, -1, -1, -1, 1, 0, 1, 1], [-1, -1, -1, 2, -1, -1, 5, -1, -1, -1, -1], [-1, -1, -1, 2, -1, -1, 4, -1, 4, -1, 1], [-1, -1, -1, 2, -1, -1, 4, 1, 2, -1, -1], [-1, -1, -1, 2, -1, -1, 2, -1, 4, 4, 2], [-1, -1, -1, 2, -1, -1, 1, -1, 4, -1, 1], [-1, -1, -1, 2, -1, -1, 1, 2, -1, 2, 1], [-1, -1, -1, 2, -1, 6, -1, -1, -1, -1, -1], [-1, -1, -1, 2, -1, 5, -1, 4, -1, 2, 2], [-1, -1, -1, 2, -1, 4, -1, -1, 2, 4, -1], [-1, -1, -1, 2, -1, 4, 4, 2, -1, -1, 2], [-1, -1, -1, 2, -1, 3, -1, -1, 4, -1, 2], [-1, -1, -1, 2, -1, 3, -1, -1, 2, 1, -1], [-1, -1, -1, 2, -1, 3, -1, 4, -1, 4, 2], [-1, -1, -1, 2, -1, 3, -1, 4, 4, 2, -1], [-1, -1, -1, 2, -1, 3, 4, 4, -1, -1, 2], [-1, -1, -1, 2, -1, 1, -1, -1, -1, 4, 4], [-1, -1, -1, 2, -1, 1, -1, -1, -1, 2, 0], [-1, -1, -1, 2, -1, 1, -1, 4, 4, -1, -1], [-1, -1, -1, 2, -1, 1, -1, 2, -1, 2, 1], [-1, -1, -1, 2, -1, 1, -1, 2, 1, -1, 1], [-1, -1, -1, 2, -1, 1, -1, 2, 1, 1, -1], [-1, -1, -1, 2, -1, 1, 4, -1, -1, 2, -1], [-1, -1, -1, 2, -1, 1, 4, -1, 2, -1, -1], [-1, -1, -1, 2, 1, -1, -1, -1, -1, 4, 2], [-1, -1, -1, 2, 1, -1, -1, 4, 4, -1, 2], [-1, -1, -1, 2, 1, -1, 4, -1, 4, -1, 2], [-1, -1, -1, 2, 1, 4, -1, -1, 2, -1, 2], [-1, -1, -1, 2, 1, 4, -1, 2, -1, -1, -1], [-1, -1, -1, 2, 1, 4, 2, -1, -1, -1, -1], [-1, -1, -1, 2, 1, 3, -1, -1, -1, 4, -1], [-1, -1, -1, 2, 1, 3, -1, -1, 4, -1, -1], [-1, -1, -1, 2, 0, -1, 1, -1, -1, 4, -1], [-1, -1, -1, 2, 0, -1, 1, -1, 1, -1, 4], [-1, -1, -1, 2, 0, 4, 4, -1, 2, -1, 2], [-1, -1, -1, 2, 0, 4, 2, -1, 2, -1, 4], [-1, -1, -1, 2, 0, 3, -1, -1, -1, 2, 4], [-1, -1, -1, 2, 0, 3, -1, 4, -1, -1, 2], [-1, -1, -1, 2, 0, 3, 4, -1, -1, 1, -1], [-1, -1, -1, 2, 0, 3, 4, 4, 2, 2, -1], [-1, -1, -1, 2, 0, 3, 4, 1, -1, -1, -1], [-1, -1, -1, 2, 0, 1, -1, -1, 2, -1, 0], [-1, -1, -1, 2, 0, 1, -1, 4, -1, 2, 2], [-1, -1, -1, 2, 0, 1, 4, -1, -1, -1, 2], [-1, -1, -1, 2, 0, 1, 4, -1, 4, -1, -1], [-1, -1, -1, 1, -1, -1, -1, -1, 5, -1, -1], [-1, -1, -1, 1, -1, -1, -1, -1, 4, -1, 5], [-1, -1, -1, 1, -1, -1, -1, 5, -1, -1, -1], [-1, -1, -1, 1, -1, -1, 4, -1, 2, 4, 2], [-1, -1, -1, 1, -1, -1, 4, 2, -1, 4, 2], [-1, -1, -1, 1, -1, -1, 2, 4, -1, -1, 4], [-1, -1, -1, 1, -1, -1, 2, 4, -1, 4, -1], [-1, -1, -1, 1, -1, -1, 2, 4, 4, -1, -1], [-1, -1, -1, 1, -1, 4, 4, -1, -1, 0, -1], [-1, -1, -1, 1, -1, 3, -1, -1, 2, 4, 2], [-1, -1, -1, 1, -1, 3, -1, 2, -1, 4, 2], [-1, -1, -1, 1, -1, 3, -1, 0, -1, 0, 0], [-1, -1, -1, 1, -1, 3, -1, 0, 0, -1, 0], [-1, -1, -1, 1, -1, 3, 4, -1, 4, 4, 4], [-1, -1, -1, 1, -1, 3, 4, 4, -1, 4, 4], [-1, -1, -1, 1, -1, 3, 0, -1, -1, 0, 0], [-1, -1, -1, 1, -1, 3, 0, -1, 0, -1, 0], [-1, -1, -1, 1, -1, 3, 0, -1, 0, 0, -1], [-1, -1, -1, 1, -1, 3, 0, 0, -1, -1, 0], [-1, -1, -1, 1, -1, 3, 0, 0, -1, 0, -1], [-1, -1, -1, 1, -1, 2, -1, -1, 4, -1, 4], [-1, -1, -1, 1, -1, 2, -1, 4, 4, -1, -1], [-1, -1, -1, 1, 2, -1, -1, -1, 0, 0, -1], [-1, -1, -1, 1, 1, -1, 4, -1, 1, -1, 1], [-1, -1, -1, 1, 1, -1, 4, 1, -1, -1, 1], [-1, -1, -1, 1, 1, -1, 4, 1, 1, -1, -1], [-1, -1, -1, 1, 1, -1, 2, -1, 4, -1, 4], [-1, -1, -1, 1, 1, -1, 2, -1, 4, 4, -1], [-1, -1, -1, 1, 1, 3, -1, 4, 2, -1, 2], [-1, -1, -1, 1, 0, -1, 4, -1, -1, 0, 0], [-1, -1, -1, 1, 0, -1, 4, -1, 2, 4, -1], [-1, -1, -1, 1, 0, -1, 4, 2, -1, 4, -1], [-1, -1, -1, 1, 0, 4, 4, -1, 4, 2, -1], [-1, -1, -1, 1, 0, 3, -1, -1, -1, 4, 4], [-1, -1, -1, 1, 0, 3, -1, -1, -1, 0, -1], [-1, -1, -1, 1, 0, 3, -1, -1, 4, 4, -1], [-1, -1, -1, 1, 0, 3, -1, -1, 0, -1, 0], [-1, -1, -1, 1, 0, 3, -1, 0, -1, -1, 0], [-1, -1, -1, 1, 0, 3, 4, -1, -1, 4, -1], [-1, -1, -1, 1, 0, 3, 4, -1, 4, -1, -1], [-1, -1, -1, 1, 0, 3, 0, -1, -1, -1, 0], [-1, -1, -1, 1, 0, 2, 2, 1, -1, 1, 1], [-1, -1, -1, 1, 0, 1, -1, 4, -1, 1, 1], [-1, -1, -1, 1, 0, 1, 4, -1, -1, 1, -1], [-1, -1, 6, -1, -1, -1, -1, -1, -1, -1, -1], [-1, -1, 3, -1, -1, -1, -1, -1, -1, 5, -1], [-1, -1, 3, -1, -1, -1, -1, -1, 5, 4, -1], [-1, -1, 3, -1, -1, -1, -1, -1, 4, -1, 1], [-1, -1, 3, -1, -1, -1, -1, 4, -1, -1, 1], [-1, -1, 3, -1, -1, -1, -1, 4, -1, 1, -1], [-1, -1, 3, -1, -1, -1, -1, 2, 4, 4, -1], [-1, -1, 3, -1, -1, -1, 5, -1, -1, -1, -1], [-1, -1, 3, -1, -1, -1, 2, -1, 4, -1, 4], [-1, -1, 3, -1, -1, -1, 2, 4, -1, -1, 4], [-1, -1, 3, -1, -1, -1, 1, -1, -1, 2, 1], [-1, -1, 3, -1, -1, 5, -1, -1, -1, 2, -1], [-1, -1, 3, -1, -1, 3, -1, 1, -1, -1, 1], [-1, -1, 3, -1, -1, 3, 1, -1, -1, -1, 1], [-1, -1, 3, -1, -1, 3, 1, -1, -1, 1, -1], [-1, -1, 3, -1, -1, 2, -1, -1, 4, -1, 4], [-1, -1, 3, -1, -1, 2, 1, -1, -1, -1, 1], [-1, -1, 3, -1, -1, 1, 1, -1, 2, -1, 1], [-1, -1, 3, -1, -1, 1, 1, 4, -1, -1, -1], [-1, -1, 3, -1, 1, -1, -1, 1, 2, 2, 2], [-1, -1, 3, -1, 1, -1, 2, 4, 4, -1, -1], [-1, -1, 3, -1, 1, 3, -1, -1, -1, -1, 1], [-1, -1, 3, -1, 1, 3, -1, 1, -1, -1, -1], [-1, -1, 3, -1, 1, 3, 4, -1, -1, 4, -1], [-1, -1, 3, -1, 1, 2, -1, 4, 4, -1, -1], [-1, -1, 3, -1, 1, 2, 2, -1, -1, 4, 4], [-1, -1, 3, -1, 1, 1, -1, 4, -1, -1, -1], [-1, -1, 3, -1, 0, -1, -1, -1, 4, -1, 4], [-1, -1, 3, -1, 0, -1, -1, 4, 4, -1, -1], [-1, -1, 3, -1, 0, -1, -1, 2, -1, 2, 4], [-1, -1, 3, -1, 0, -1, -1, 2, -1, 0, 0], [-1, -1, 3, -1, 0, -1, 4, -1, 4, 2, -1], [-1, -1, 3, -1, 0, -1, 2, -1, -1, 2, 4], [-1, -1, 3, -1, 0, -1, 1, 4, -1, -1, -1], [-1, -1, 3, -1, 0, 4, -1, -1, 4, -1, -1], [-1, -1, 3, -1, 0, 4, -1, 4, -1, -1, -1], [-1, -1, 3, -1, 0, 3, -1, -1, -1, 4, 4], [-1, -1, 3, -1, 0, 2, -1, -1, -1, 2, 4], [-1, -1, 3, -1, 0, 2, -1, -1, 2, -1, 4], [-1, -1, 3, -1, 0, 2, -1, 2, -1, -1, 4], [-1, -1, 3, -1, 0, 2, -1, 2, 4, -1, -1], [-1, -1, 3, 2, -1, -1, -1, -1, -1, 4, 2], [-1, -1, 3, 2, -1, -1, -1, -1, 4, 4, -1], [-1, -1, 3, 2, -1, -1, -1, 4, -1, 4, -1], [-1, -1, 3, 2, -1, -1, -1, 4, 4, -1, -1], [-1, -1, 3, 2, -1, -1, -1, 2, -1, -1, 0], [-1, -1, 3, 2, -1, -1, -1, 2, 4, -1, -1], [-1, -1, 3, 2, -1, -1, 4, -1, 4, -1, -1], [-1, -1, 3, 2, -1, -1, 4, 4, -1, -1, 2], [-1, -1, 3, 2, -1, 4, -1, -1, -1, 4, -1], [-1, -1, 3, 2, -1, 4, -1, -1, 4, -1, 4], [-1, -1, 3, 2, -1, 3, -1, -1, -1, -1, 1], [-1, -1, 3, 2, -1, 3, -1, -1, -1, 1, -1], [-1, -1, 3, 2, -1, 3, -1, -1, 4, -1, -1], [-1, -1, 3, 2, -1, 3, -1, 4, -1, -1, 2], [-1, -1, 3, 2, -1, 3, -1, 1, -1, -1, -1], [-1, -1, 3, 2, 1, -1, -1, -1, 4, -1, 2], [-1, -1, 3, 2, 1, -1, -1, -1, 4, 2, -1], [-1, -1, 3, 2, 1, -1, 0, -1, -1, -1, 0], [-1, -1, 3, 2, 1, 0, -1, -1, -1, -1, 0], [-1, -1, 3, 2, 0, -1, 2, -1, -1, 4, -1], [-1, -1, 3, 2, 0, -1, 2, -1, 4, -1, -1], [-1, -1, 3, 2, 0, 3, -1, 4, -1, -1, -1], [-1, -1, 3, 2, 0, 2, -1, -1, -1, 4, -1], [-1, -1, 3, 2, 0, 2, -1, -1, 4, -1, -1], [-1, -1, 3, 1, -1, 4, -1, 4, -1, 2, -1], [-1, -1, 3, 1, -1, 4, -1, 4, 2, -1, -1], [-1, -1, 3, 1, -1, 3, 4, -1, -1, 4, 4], [-1, -1, 3, 1, -1, 2, -1, -1, -1, 4, 4], [-1, -1, 3, 1, 1, -1, 2, -1, -1, 4, 4], [-1, -1, 3, 1, 0, -1, -1, -1, -1, -1, 4], [-1, -1, 3, 1, 0, -1, 4, 2, -1, -1, -1], [-1, -1, 3, 1, 0, 4, -1, -1, -1, -1, 2], [-1, -1, 3, 1, 0, 4, -1, -1, -1, 4, -1], [-1, -1, 3, 1, 0, 4, -1, -1, -1, 2, -1], [-1, -1, 2, -1, -1, -1, -1, -1, 4, -1, 5], [-1, -1, 2, -1, -1, -1, -1, 5, -1, -1, -1], [-1, -1, 2, -1, -1, -1, -1, 4, -1, -1, 5], [-1, -1, 2, -1, -1, -1, -1, 2, 4, 4, 2], [-1, -1, 2, -1, -1, -1, 6, -1, -1, -1, 4], [-1, -1, 2, -1, -1, -1, 6, -1, -1, 4, -1], [-1, -1, 2, -1, -1, -1, 6, -1, 4, -1, -1], [-1, -1, 2, -1, -1, -1, 4, -1, -1, 0, -1], [-1, -1, 2, -1, -1, -1, 4, -1, 0, -1, -1], [-1, -1, 2, -1, -1, -1, 2, -1, 4, 4, 2], [-1, -1, 2, -1, -1, -1, 2, 4, -1, 4, -1], [-1, -1, 2, -1, -1, 4, -1, 4, 4, 2, -1], [-1, -1, 2, -1, -1, 4, 5, -1, -1, -1, -1], [-1, -1, 2, -1, -1, 4, 4, 4, 2, -1, 2], [-1, -1, 2, -1, -1, 3, -1, -1, -1, -1, 0], [-1, -1, 2, -1, -1, 3, -1, -1, -1, 0, -1], [-1, -1, 2, -1, -1, 3, -1, -1, 4, -1, 2], [-1, -1, 2, -1, -1, 3, -1, -1, 4, 2, -1], [-1, -1, 2, -1, -1, 3, 0, -1, 0, -1, -1], [-1, -1, 2, -1, -1, 1, -1, -1, -1, 1, 4], [-1, -1, 2, -1, 1, -1, -1, -1, 0, 0, 1], [-1, -1, 2, -1, 1, -1, 2, -1, -1, 4, 2], [-1, -1, 2, -1, 1, 3, -1, -1, -1, 4, 4], [-1, -1, 2, -1, 1, 3, -1, 4, -1, -1, 4], [-1, -1, 2, -1, 1, 2, -1, -1, -1, 4, 2], [-1, -1, 2, -1, 0, -1, -1, -1, 4, -1, 1], [-1, -1, 2, -1, 0, -1, -1, 4, 4, 2, -1], [-1, -1, 2, -1, 0, -1, -1, 4, 1, 1, 1], [-1, -1, 2, -1, 0, -1, -1, 1, 0, -1, 0], [-1, -1, 2, -1, 0, -1, 2, 4, -1, -1, 4], [-1, -1, 2, -1, 0, -1, 1, -1, -1, -1, 4], [-1, -1, 2, -1, 0, -1, 1, 1, -1, 0, 0], [-1, -1, 2, -1, 0, 4, -1, 4, -1, 2, -1], [-1, -1, 2, -1, 0, 4, -1, 4, 2, -1, -1], [-1, -1, 2, -1, 0, 4, 4, -1, -1, 2, 2], [-1, -1, 2, -1, 0, 4, 4, -1, 4, 2, -1], [-1, -1, 2, -1, 0, 4, 4, -1, 2, -1, 2], [-1, -1, 2, -1, 0, 3, -1, -1, 4, -1, -1], [-1, -1, 2, -1, 0, 3, -1, -1, 0, -1, -1], [-1, -1, 2, -1, 0, 3, -1, 0, 1, -1, -1], [-1, -1, 2, -1, 0, 3, 4, -1, -1, 4, 2], [-1, -1, 2, -1, 0, 3, 0, 0, -1, -1, -1], [-1, -1, 2, -1, 0, 1, -1, -1, -1, -1, 4], [-1, -1, 2, -1, 0, 1, -1, 4, -1, 1, -1], [-1, -1, 2, -1, 0, 1, -1, 4, 1, -1, -1], [-1, -1, 2, -1, 0, 1, -1, 1, -1, -1, 0], [-1, -1, 2, -1, 0, 1, 1, -1, 1, -1, 0], [-1, -1, 2, 2, -1, -1, -1, -1, 4, -1, 1], [-1, -1, 2, 2, -1, -1, -1, 4, -1, 2, 4], [-1, -1, 2, 2, -1, -1, -1, 4, 2, -1, 4], [-1, -1, 2, 2, -1, -1, 4, 4, 2, -1, -1], [-1, -1, 2, 2, -1, -1, 1, 2, -1, -1, 1], [-1, -1, 2, 2, -1, 4, -1, -1, -1, -1, 1], [-1, -1, 2, 2, -1, 4, -1, -1, 4, 2, -1], [-1, -1, 2, 2, -1, 4, -1, 4, -1, -1, 2], [-1, -1, 2, 2, -1, 4, -1, 4, -1, 2, -1], [-1, -1, 2, 2, -1, 4, -1, 4, 2, -1, -1], [-1, -1, 2, 2, -1, 4, 4, -1, -1, -1, 2], [-1, -1, 2, 2, -1, 4, 4, -1, -1, 2, -1], [-1, -1, 2, 2, -1, 4, 4, -1, 2, -1, -1], [-1, -1, 2, 2, -1, 3, -1, -1, -1, 4, 4], [-1, -1, 2, 2, -1, 3, -1, -1, 4, -1, 4], [-1, -1, 2, 2, -1, 3, -1, -1, 0, -1, -1], [-1, -1, 2, 2, -1, 3, -1, 4, -1, -1, 4], [-1, -1, 2, 2, -1, 3, -1, 4, -1, 4, -1], [-1, -1, 2, 2, -1, 1, -1, -1, 1, -1, 0], [-1, -1, 2, 2, 1, -1, 2, -1, -1, 4, -1], [-1, -1, 2, 2, 0, -1, 4, 4, -1, 2, -1], [-1, -1, 2, 2, 0, -1, 1, 1, 1, -1, 0], [-1, -1, 2, 2, 0, 4, -1, -1, -1, 2, 4], [-1, -1, 2, 1, -1, -1, -1, -1, -1, -1, 5], [-1, -1, 2, 1, -1, -1, -1, 4, 1, 1, -1], [-1, -1, 2, 1, -1, 3, -1, 0, 0, -1, -1], [-1, -1, 2, 1, -1, 3, 4, -1, 4, -1, -1], [-1, -1, 2, 1, -1, 3, 4, 4, -1, 2, 2], [-1, -1, 2, 1, -1, 3, 0, 0, -1, -1, -1], [-1, -1, 2, 1, -1, 1, -1, 4, -1, 1, -1], [-1, -1, 2, 1, -1, 1, -1, 4, 1, -1, -1], [-1, -1, 2, 1, 1, 3, -1, 4, -1, 2, -1], [-1, -1, 2, 1, 0, -1, -1, 4, -1, 1, -1], [-1, -1, 2, 1, 0, -1, -1, 4, 1, -1, -1], [-1, -1, 2, 1, 0, -1, -1, 1, -1, 0, 0], [-1, -1, 2, 1, 0, 3, -1, -1, -1, 4, 2], [-1, -1, 2, 1, 0, 3, -1, 0, -1, -1, -1], [-1, -1, 2, 1, 0, 3, 0, -1, 1, -1, -1], [-1, -1, 2, 1, 0, 1, -1, 4, -1, -1, -1], [-1, -1, 2, 1, 0, 1, 1, -1, -1, 0, 0], [-1, -1, 1, -1, -1, -1, -1, -1, -1, 5, -1], [-1, -1, 1, -1, -1, -1, -1, -1, 4, -1, 0], [-1, -1, 1, -1, -1, -1, -1, 5, -1, -1, -1], [-1, -1, 1, -1, -1, -1, 5, -1, -1, 4, -1], [-1, -1, 1, -1, -1, -1, 4, -1, 2, 4, -1], [-1, -1, 1, -1, -1, -1, 4, 2, -1, 4, -1], [-1, -1, 1, -1, -1, -1, 2, -1, 4, 4, 2], [-1, -1, 1, -1, -1, -1, 2, 4, -1, 4, -1], [-1, -1, 1, -1, -1, -1, 2, 4, 4, -1, -1], [-1, -1, 1, -1, -1, 4, -1, -1, -1, 0, 0], [-1, -1, 1, -1, -1, 4, -1, 2, 2, -1, 4], [-1, -1, 1, -1, -1, 4, 4, 2, -1, -1, 2], [-1, -1, 1, -1, -1, 3, -1, -1, -1, 4, 2], [-1, -1, 1, -1, -1, 3, -1, -1, 4, -1, 4], [-1, -1, 1, -1, -1, 3, -1, 4, 4, -1, 2], [-1, -1, 1, -1, -1, 3, 1, -1, -1, 0, 0], [-1, -1, 1, -1, -1, 3, 1, 4, -1, -1, -1], [-1, -1, 1, -1, -1, 2, -1, -1, 4, -1, 4], [-1, -1, 1, -1, -1, 2, -1, 4, 4, -1, -1], [-1, -1, 1, -1, -1, 1, -1, -1, 4, 4, -1], [-1, -1, 1, -1, -1, 1, -1, 4, 4, -1, -1], [-1, -1, 1, -1, -1, 1, -1, 4, 2, -1, -1], [-1, -1, 1, -1, -1, 1, -1, 2, -1, 2, 1], [-1, -1, 1, -1, 1, -1, -1, -1, -1, 4, 2], [-1, -1, 1, -1, 1, 4, -1, 2, -1, 2, -1], [-1, -1, 1, -1, 1, 4, 2, -1, -1, 2, -1], [-1, -1, 1, -1, 1, 4, 2, -1, 2, -1, -1], [-1, -1, 1, -1, 1, 3, -1, -1, -1, 4, -1], [-1, -1, 1, -1, 1, 3, -1, -1, 4, -1, -1], [-1, -1, 1, -1, 0, -1, -1, -1, 1, 4, -1], [-1, -1, 1, -1, 0, 4, -1, 2, -1, -1, 4], [-1, -1, 1, -1, 0, 4, -1, 2, -1, 4, -1], [-1, -1, 1, -1, 0, 4, 4, 2, -1, -1, -1], [-1, -1, 1, -1, 0, 4, 2, -1, -1, -1, 4], [-1, -1, 1, -1, 0, 3, -1, -1, -1, -1, 4], [-1, -1, 1, -1, 0, 3, -1, 4, -1, -1, 2], [-1, -1, 1, -1, 0, 3, -1, 1, 2, -1, -1], [-1, -1, 1, -1, 0, 3, -1, 0, -1, 0, 1], [-1, -1, 1, -1, 0, 3, 4, 4, 2, -1, -1], [-1, -1, 1, -1, 0, 3, 0, -1, 0, 0, 1], [-1, -1, 1, -1, 0, 3, 0, 1, -1, 2, -1], [-1, -1, 1, -1, 0, 1, 4, -1, -1, -1, 2], [-1, -1, 1, 2, -1, -1, 4, -1, -1, 4, 2], [-1, -1, 1, 2, -1, 4, 4, 2, -1, -1, -1], [-1, -1, 1, 2, -1, 3, -1, -1, -1, -1, 4], [-1, -1, 1, 2, -1, 3, -1, 4, -1, -1, 2], [-1, -1, 1, 2, -1, 3, -1, 4, 2, -1, -1], [-1, -1, 1, 2, -1, 3, -1, 1, 2, -1, -1], [-1, -1, 1, 2, -1, 3, 4, 4, -1, 2, -1], [-1, -1, 1, 2, -1, 3, 0, -1, -1, 2, -1], [-1, -1, 1, 2, 1, 4, -1, -1, -1, -1, -1], [-1, -1, 1, 2, 0, -1, -1, -1, 1, -1, 4], [-1, -1, 1, 2, 0, -1, 0, -1, 2, -1, -1], [-1, -1, 1, 2, 0, 1, -1, 4, -1, 2, -1], [-1, -1, 1, 1, -1, -1, -1, -1, 4, -1, 1], [-1, -1, 1, 1, -1, -1, -1, 2, -1, 4, 4], [-1, -1, 1, 1, -1, -1, 2, -1, -1, 4, 4], [-1, -1, 1, 1, -1, -1, 2, -1, 4, -1, -1], [-1, -1, 1, 1, -1, -1, 2, 4, -1, -1, 2], [-1, -1, 1, 1, -1, 3, -1, -1, -1, 4, -1], [-1, -1, 1, 1, -1, 3, -1, -1, -1, 0, 0], [-1, -1, 1, 1, -1, 3, -1, -1, 4, -1, -1], [-1, -1, 1, 1, -1, 3, -1, -1, 0, -1, 0], [-1, -1, 1, 1, -1, 3, -1, -1, 0, 0, -1], [-1, -1, 1, 1, -1, 2, -1, -1, -1, 4, 4], [-1, -1, 1, 1, -1, 2, -1, -1, 4, -1, -1], [-1, -1, 1, 1, -1, 2, -1, 4, -1, -1, 2], [-1, -1, 1, 1, -1, 0, -1, 0, -1, 1, -1], [-1, -1, 1, 1, -1, 0, 0, -1, -1, 1, -1], [-1, -1, 1, 1, 0, -1, -1, -1, -1, 4, 4], [-1, -1, 1, 1, 0, -1, -1, 2, -1, 4, -1], [-1, -1, 1, 1, 0, -1, 2, -1, -1, 4, -1], [-1, -1, 1, 1, 0, -1, 2, 4, -1, -1, -1], [-1, -1, 1, 1, 0, 4, -1, 2, -1, -1, -1], [-1, -1, 1, 1, 0, 4, 2, -1, -1, -1, -1], [-1, -1, 1, 1, 0, 3, 0, -1, 0, -1, -1], [-1, -1, 1, 1, 0, 2, -1, -1, -1, 4, -1], [-1, -1, 1, 1, 0, 2, -1, 4, -1, -1, -1], [-1, 2, -1, -1, -1, -1, -1, -1, 5, 4, -1], [-1, 2, -1, -1, -1, -1, -1, -1, 4, -1, 5], [-1, 2, -1, -1, -1, -1, -1, 5, -1, 2, -1], [-1, 2, -1, -1, -1, -1, -1, 4, -1, -1, 5], [-1, 2, -1, -1, -1, -1, -1, 4, 4, 1, -1], [-1, 2, -1, -1, -1, -1, -1, 4, 2, 1, -1], [-1, 2, -1, -1, -1, -1, 5, 4, -1, -1, 2], [-1, 2, -1, -1, -1, -1, 4, -1, -1, 0, 0], [-1, 2, -1, -1, -1, -1, 4, -1, 2, 4, -1], [-1, 2, -1, -1, -1, -1, 4, 2, -1, 4, -1], [-1, 2, -1, -1, -1, -1, 4, 1, 2, -1, -1], [-1, 2, -1, -1, -1, -1, 2, 4, -1, 4, -1], [-1, 2, -1, -1, -1, -1, 2, 4, 4, -1, -1], [-1, 2, -1, -1, -1, -1, 1, -1, 4, -1, 1], [-1, 2, -1, -1, -1, -1, 1, -1, 4, 4, -1], [-1, 2, -1, -1, -1, 5, -1, -1, 2, -1, -1], [-1, 2, -1, -1, -1, 4, -1, -1, -1, -1, 0], [-1, 2, -1, -1, -1, 4, -1, -1, -1, 0, -1], [-1, 2, -1, -1, -1, 4, -1, -1, 2, 4, -1], [-1, 2, -1, -1, -1, 3, -1, -1, -1, 4, 4], [-1, 2, -1, -1, -1, 3, -1, 4, 2, -1, 2], [-1, 2, -1, -1, -1, 3, 4, -1, -1, -1, 0], [-1, 2, -1, -1, -1, 3, 4, -1, -1, 1, -1], [-1, 2, -1, -1, -1, 3, 4, 1, -1, -1, -1], [-1, 2, -1, -1, -1, 3, 1, 4, -1, -1, -1], [-1, 2, -1, -1, -1, 2, -1, 4, 4, -1, -1], [-1, 2, -1, -1, -1, 1, -1, -1, 4, 2, -1], [-1, 2, -1, -1, -1, 1, -1, 4, 4, -1, -1], [-1, 2, -1, -1, -1, 1, 4, -1, 2, -1, -1], [-1, 2, -1, -1, -1, 1, 1, -1, -1, 4, -1], [-1, 2, -1, -1, 2, -1, -1, -1, 0, 0, -1], [-1, 2, -1, -1, 1, -1, -1, -1, 4, -1, 1], [-1, 2, -1, -1, 1, -1, -1, -1, 4, 1, -1], [-1, 2, -1, -1, 1, -1, -1, 1, 4, -1, -1], [-1, 2, -1, -1, 1, -1, 4, -1, -1, 4, 2], [-1, 2, -1, -1, 1, -1, 4, 1, -1, -1, -1], [-1, 2, -1, -1, 1, -1, 1, -1, 4, -1, -1], [-1, 2, -1, -1, 1, 3, -1, -1, -1, 4, -1], [-1, 2, -1, -1, 1, 3, -1, 4, -1, -1, 4], [-1, 2, -1, -1, 1, 3, -1, 4, 2, -1, -1], [-1, 2, -1, -1, 1, 1, -1, -1, -1, 4, -1], [-1, 2, -1, -1, 1, 1, -1, -1, 4, -1, -1], [-1, 2, -1, -1, 0, -1, -1, -1, -1, -1, 5], [-1, 2, -1, -1, 0, -1, -1, -1, -1, 4, 1], [-1, 2, -1, -1, 0, -1, -1, -1, 1, 4, -1], [-1, 2, -1, -1, 0, -1, 2, 4, -1, -1, 4], [-1, 2, -1, -1, 0, -1, 1, -1, -1, -1, 4], [-1, 2, -1, -1, 0, -1, 1, -1, -1, 4, -1], [-1, 2, -1, -1, 0, 4, -1, -1, 4, 2, -1], [-1, 2, -1, -1, 0, 3, -1, 4, 4, -1, -1], [-1, 2, -1, -1, 0, 3, -1, 2, -1, 2, 4], [-1, 2, -1, -1, 0, 3, 4, -1, 1, -1, -1], [-1, 2, -1, -1, 0, 1, 4, -1, -1, 2, -1], [-1, 2, -1, 3, -1, -1, 4, -1, -1, -1, -1], [-1, 2, -1, 2, -1, -1, -1, -1, 4, -1, 1], [-1, 2, -1, 2, -1, -1, 4, -1, -1, 2, 1], [-1, 2, -1, 2, -1, -1, 4, 1, -1, -1, -1], [-1, 2, -1, 2, -1, -1, 1, -1, -1, -1, 4], [-1, 2, -1, 2, -1, 4, -1, -1, 4, 2, -1], [-1, 2, -1, 2, -1, 3, -1, 2, -1, -1, 4], [-1, 2, -1, 2, -1, 3, 4, -1, -1, -1, 1], [-1, 2, -1, 2, 1, -1, 2, -1, 4, -1, -1], [-1, 2, -1, 2, 0, -1, -1, -1, 1, -1, 4], [-1, 2, -1, 2, 0, -1, 4, -1, -1, 0, -1], [-1, 2, -1, 2, 0, -1, 4, -1, 4, 2, -1], [-1, 2, -1, 2, 0, -1, 4, 2, -1, 2, 4], [-1, 2, -1, 2, 0, -1, 1, 4, -1, 1, -1], [-1, 2, -1, 2, 0, 4, 2, -1, -1, -1, 4], [-1, 2, -1, 2, 0, 3, -1, -1, 4, 2, -1], [-1, 2, -1, 2, 0, 3, -1, -1, 2, -1, 4], [-1, 2, -1, 2, 0, 3, 4, 4, -1, 2, -1], [-1, 2, -1, 1, -1, 3, -1, -1, -1, 4, -1], [-1, 2, -1, 1, -1, 3, -1, -1, 4, -1, -1], [-1, 2, -1, 1, -1, 3, 4, 4, -1, -1, 4], [-1, 2, -1, 1, -1, 1, 1, 1, 2, 2, 2], [-1, 2, -1, 1, 1, -1, 4, -1, 1, -1, -1], [-1, 2, -1, 1, 1, -1, 4, 4, 2, -1, 2], [-1, 2, -1, 1, 1, 3, -1, 4, -1, 2, 2], [-1, 2, -1, 1, 1, 3, 4, -1, -1, -1, 4], [-1, 2, -1, 1, 0, 5, 4, -1, -1, -1, -1], [-1, 2, -1, 1, 0, 4, 4, 4, -1, 2, 2], [-1, 2, -1, 1, 0, 3, -1, -1, -1, -1, 0], [-1, 2, -1, 1, 0, 1, -1, 4, -1, 1, -1], [-1, 2, 3, -1, -1, -1, -1, 1, -1, 2, 1], [-1, 2, 3, -1, -1, -1, 4, 1, -1, -1, -1], [-1, 2, 3, -1, -1, -1, 1, -1, 2, -1, 1], [-1, 2, 3, -1, -1, -1, 1, 4, -1, -1, -1], [-1, 2, 3, -1, -1, 3, -1, -1, -1, -1, 4], [-1, 2, 3, -1, -1, 3, -1, -1, 0, -1, 0], [-1, 2, 3, -1, -1, 3, -1, -1, 0, 0, -1], [-1, 2, 3, -1, -1, 3, -1, 1, -1, -1, -1], [-1, 2, 3, -1, -1, 3, -1, 0, -1, -1, 0], [-1, 2, 3, -1, -1, 3, 4, -1, -1, 4, -1], [-1, 2, 3, -1, 1, -1, -1, 1, -1, 2, -1], [-1, 2, 3, -1, 1, -1, -1, 1, 2, -1, -1], [-1, 2, 3, -1, 1, 3, -1, -1, -1, 1, -1], [-1, 2, 3, -1, 1, 3, 4, -1, 2, -1, -1], [-1, 2, 3, -1, 0, -1, -1, -1, -1, 2, 4], [-1, 2, 3, -1, 0, -1, -1, 2, -1, -1, 4], [-1, 2, 3, -1, 0, -1, -1, 2, 4, -1, -1], [-1, 2, 3, -1, 0, -1, 4, 2, -1, -1, 2], [-1, 2, 3, -1, 0, 4, -1, 2, -1, -1, -1], [-1, 2, 3, -1, 0, 4, 2, -1, -1, -1, -1], [-1, 2, 3, 2, -1, 4, -1, 2, -1, -1, 2], [-1, 2, 3, 2, -1, 4, 2, -1, -1, -1, -1], [-1, 2, 3, 2, -1, 3, 0, -1, -1, -1, -1], [-1, 2, 3, 2, 1, -1, -1, -1, -1, 1, 1], [-1, 2, 3, 2, 1, -1, -1, 1, -1, -1, 1], [-1, 2, 3, 2, 1, -1, -1, 0, -1, -1, -1], [-1, 2, 3, 2, 1, -1, 0, -1, -1, -1, -1], [-1, 2, 3, 1, -1, -1, -1, 2, -1, 2, 4], [-1, 2, 3, 1, -1, -1, 1, 1, -1, 2, -1], [-1, 2, 3, 1, 1, 3, 1, -1, -1, -1, -1], [-1, 2, 3, 1, 0, -1, 4, -1, 2, -1, -1], [-1, 2, 2, -1, -1, -1, -1, -1, -1, -1, 5], [-1, 2, 2, -1, -1, -1, -1, 4, 4, 2, -1], [-1, 2, 2, -1, -1, -1, 5, -1, -1, 4, -1], [-1, 2, 2, -1, -1, -1, 4, -1, -1, -1, 0], [-1, 2, 2, -1, -1, -1, 4, 4, -1, 1, -1], [-1, 2, 2, -1, -1, -1, 2, 4, -1, -1, 4], [-1, 2, 2, -1, -1, -1, 1, -1, 1, 0, 0], [-1, 2, 2, -1, -1, 4, -1, 4, -1, 2, 2], [-1, 2, 2, -1, -1, 4, 4, -1, 4, 2, -1], [-1, 2, 2, -1, -1, 3, -1, -1, 4, 4, -1], [-1, 2, 2, -1, -1, 3, -1, 4, -1, 4, -1], [-1, 2, 2, -1, -1, 3, 4, 4, -1, 2, 2], [-1, 2, 2, -1, -1, 1, -1, -1, 1, -1, 0], [-1, 2, 2, -1, -1, 1, -1, 4, -1, 1, -1], [-1, 2, 2, -1, -1, 1, 4, 4, -1, -1, -1], [-1, 2, 2, -1, -1, 1, 1, -1, -1, -1, 4], [-1, 2, 2, -1, 1, -1, -1, -1, -1, 4, 2], [-1, 2, 2, -1, 1, 3, -1, -1, 4, -1, -1], [-1, 2, 2, -1, 1, 3, -1, 4, -1, 2, -1], [-1, 2, 2, -1, 0, -1, -1, -1, 1, 0, 0], [-1, 2, 2, -1, 0, -1, -1, 4, -1, 1, 1], [-1, 2, 2, -1, 0, -1, -1, 4, 1, -1, 1], [-1, 2, 2, -1, 0, -1, -1, 4, 1, 1, -1], [-1, 2, 2, -1, 0, -1, -1, 1, -1, 0, 0], [-1, 2, 2, -1, 0, -1, 1, -1, 1, -1, 0], [-1, 2, 2, -1, 0, -1, 1, 1, -1, -1, 0], [-1, 2, 2, -1, 0, 1, -1, 1, -1, 0, -1], [-1, 2, 2, 2, -1, -1, 4, -1, -1, 2, 4], [-1, 2, 2, 2, -1, -1, 4, -1, 2, -1, 4], [-1, 2, 2, 2, -1, -1, 4, 2, -1, -1, 4], [-1, 2, 2, 2, -1, -1, 1, -1, 1, -1, 0], [-1, 2, 2, 2, -1, 1, -1, 1, -1, -1, 0], [-1, 2, 2, 2, -1, 1, 4, -1, -1, -1, -1], [-1, 2, 2, 2, 0, -1, -1, 1, 1, -1, 0], [-1, 2, 2, 1, -1, -1, -1, 4, -1, 1, -1], [-1, 2, 2, 1, -1, -1, 4, -1, -1, 4, 2], [-1, 2, 2, 1, -1, 3, -1, 4, -1, -1, 2], [-1, 2, 2, 1, -1, 3, -1, 4, 2, 2, -1], [-1, 2, 2, 1, -1, 3, 4, 4, -1, -1, -1], [-1, 2, 2, 1, -1, 2, -1, -1, -1, 4, 2], [-1, 2, 2, 1, 1, -1, 4, -1, 4, -1, 2], [-1, 2, 2, 1, 1, -1, 4, 4, -1, 2, 2], [-1, 2, 2, 1, 1, 3, -1, 4, -1, -1, -1], [-1, 2, 2, 1, 1, 3, 4, -1, -1, 2, 2], [-1, 2, 2, 1, 0, -1, -1, 4, -1, 4, 2], [-1, 2, 2, 1, 0, -1, -1, 4, 4, -1, 2], [-1, 2, 2, 1, 0, -1, -1, 1, -1, -1, 0], [-1, 2, 2, 1, 0, -1, 2, 4, -1, -1, -1], [-1, 2, 2, 1, 0, 4, 2, -1, 2, 2, -1], [-1, 2, 2, 1, 0, 2, -1, -1, 4, -1, 2], [-1, 2, 2, 1, 0, 2, -1, 4, -1, -1, -1], [-1, 2, 2, 1, 0, 1, -1, -1, 0, -1, -1], [-1, 2, 2, 1, 0, 1, 1, -1, -1, -1, 0], [-1, 2, 1, -1, -1, -1, 2, 4, -1, -1, -1], [-1, 2, 1, -1, -1, -1, 1, -1, -1, -1, 4], [-1, 2, 1, -1, -1, -1, 1, -1, 4, -1, -1], [-1, 2, 1, -1, -1, 3, -1, -1, -1, 4, -1], [-1, 2, 1, -1, -1, 3, -1, -1, 4, -1, -1], [-1, 2, 1, -1, -1, 3, -1, 4, -1, -1, 2], [-1, 2, 1, -1, -1, 3, 1, -1, -1, 0, -1], [-1, 2, 1, -1, -1, 2, -1, 4, -1, -1, -1], [-1, 2, 1, -1, 1, -1, -1, 4, -1, -1, 2], [-1, 2, 1, -1, 0, -1, -1, -1, 1, -1, 4], [-1, 2, 1, -1, 0, -1, 4, -1, 4, 2, -1], [-1, 2, 1, -1, 0, 3, 4, 4, -1, 2, -1], [-1, 2, 1, 2, -1, -1, -1, -1, 1, -1, 4], [-1, 2, 1, 2, -1, -1, 4, -1, 4, -1, 2], [-1, 2, 1, 2, -1, -1, 4, -1, 4, 2, -1], [-1, 2, 1, 2, -1, 3, -1, 4, -1, 2, -1], [-1, 2, 1, 2, 0, 3, -1, 4, -1, -1, -1], [-1, 2, 1, 1, -1, 4, -1, 2, -1, 2, -1], [-1, 2, 1, 1, 0, -1, -1, -1, -1, 4, -1], [-1, 2, 1, 1, 0, 4, -1, -1, -1, 2, -1], [-1, 2, 1, 1, 0, 4, -1, -1, 2, -1, -1], [-1, 1, -1, -1, -1, -1, -1, -1, -1, 5, -1], [-1, 1, -1, -1, -1, -1, -1, 5, -1, -1, 4], [-1, 1, -1, -1, -1, -1, 6, -1, -1, 4, -1], [-1, 1, -1, -1, -1, -1, 5, -1, -1, -1, -1], [-1, 1, -1, -1, -1, -1, 2, -1, 4, 4, 2], [-1, 1, -1, -1, -1, -1, 0, -1, 2, -1, -1], [-1, 1, -1, -1, -1, -1, 0, 1, -1, -1, 1], [-1, 1, -1, -1, -1, -1, 0, 1, -1, 2, -1], [-1, 1, -1, -1, -1, 6, -1, -1, -1, -1, -1], [-1, 1, -1, -1, -1, 5, -1, 4, -1, 2, 2], [-1, 1, -1, -1, -1, 4, -1, -1, 5, -1, -1], [-1, 1, -1, -1, -1, 4, 4, -1, 2, -1, 2], [-1, 1, -1, -1, -1, 4, 4, 2, -1, -1, -1], [-1, 1, -1, -1, -1, 3, -1, 5, -1, -1, -1], [-1, 1, -1, -1, -1, 3, -1, 1, 2, -1, -1], [-1, 1, -1, -1, -1, 3, -1, 0, -1, 0, 0], [-1, 1, -1, -1, -1, 3, -1, 0, 0, -1, 0], [-1, 1, -1, -1, -1, 3, 0, -1, -1, 2, -1], [-1, 1, -1, -1, -1, 3, 0, -1, -1, 0, -1], [-1, 1, -1, -1, -1, 3, 0, -1, 0, -1, 0], [-1, 1, -1, -1, -1, 3, 0, 1, -1, -1, -1], [-1, 1, -1, -1, -1, 2, -1, -1, 4, -1, 4], [-1, 1, -1, -1, -1, 1, -1, -1, 2, 2, 1], [-1, 1, -1, -1, -1, 1, -1, 4, -1, 2, -1], [-1, 1, -1, -1, -1, 1, -1, 2, 1, 1, -1], [-1, 1, -1, -1, -1, 1, 1, 4, 2, -1, -1], [-1, 1, -1, -1, 1, -1, -1, -1, 2, 2, 1], [-1, 1, -1, -1, 1, -1, -1, -1, 0, 1, 1], [-1, 1, -1, -1, 1, -1, -1, 2, -1, 2, 1], [-1, 1, -1, -1, 1, -1, 2, -1, -1, 4, 2], [-1, 1, -1, -1, 1, -1, 2, -1, 4, -1, 4], [-1, 1, -1, -1, 1, -1, 2, -1, 4, 4, -1], [-1, 1, -1, -1, 1, -1, 2, 4, 4, -1, -1], [-1, 1, -1, -1, 1, 4, -1, -1, 2, 2, -1], [-1, 1, -1, -1, 1, 4, -1, 2, -1, -1, 2], [-1, 1, -1, -1, 1, 4, -1, 2, -1, 2, -1], [-1, 1, -1, -1, 1, 4, -1, 2, 2, -1, -1], [-1, 1, -1, -1, 1, 4, 2, -1, -1, -1, -1], [-1, 1, -1, -1, 1, 3, -1, -1, -1, 0, -1], [-1, 1, -1, -1, 1, 3, -1, -1, 0, -1, 0], [-1, 1, -1, -1, 1, 3, -1, 0, -1, -1, 0], [-1, 1, -1, -1, 1, 3, 4, -1, 4, -1, 2], [-1, 1, -1, -1, 1, 3, 4, 4, 4, -1, -1], [-1, 1, -1, -1, 1, 3, 0, -1, -1, -1, 0], [-1, 1, -1, -1, 1, 2, -1, -1, -1, 4, -1], [-1, 1, -1, -1, 1, 2, -1, 4, 4, -1, -1], [-1, 1, -1, -1, 1, 2, 2, -1, -1, 2, 1], [-1, 1, -1, -1, 0, -1, -1, -1, 4, -1, 1], [-1, 1, -1, -1, 0, -1, 1, 2, -1, -1, 1], [-1, 1, -1, -1, 0, -1, 0, -1, 1, -1, 1], [-1, 1, -1, -1, 0, 4, 4, -1, -1, -1, 2], [-1, 1, -1, -1, 0, 4, 4, -1, -1, 2, -1], [-1, 1, -1, -1, 0, 4, 4, -1, 2, -1, -1], [-1, 1, -1, -1, 0, 3, -1, -1, -1, 2, 4], [-1, 1, -1, -1, 0, 3, -1, -1, 4, 2, -1], [-1, 1, -1, -1, 0, 3, -1, 4, 2, 2, -1], [-1, 1, -1, -1, 0, 3, 4, -1, -1, 4, 2], [-1, 1, -1, -1, 0, 3, 0, -1, -1, -1, 1], [-1, 1, -1, -1, 0, 1, -1, 4, -1, -1, 2], [-1, 1, -1, 2, -1, -1, -1, -1, 4, 4, 2], [-1, 1, -1, 2, -1, -1, -1, 4, 4, -1, 2], [-1, 1, -1, 2, -1, -1, 6, -1, -1, -1, -1], [-1, 1, -1, 2, -1, -1, 4, -1, -1, 4, 2], [-1, 1, -1, 2, -1, -1, 1, 2, -1, -1, 1], [-1, 1, -1, 2, -1, 4, -1, -1, -1, -1, 1], [-1, 1, -1, 2, -1, 4, 4, -1, -1, -1, 2], [-1, 1, -1, 2, -1, 4, 4, -1, -1, 2, -1], [-1, 1, -1, 2, -1, 4, 4, -1, 2, -1, -1], [-1, 1, -1, 2, -1, 3, -1, -1, -1, -1, 4], [-1, 1, -1, 2, -1, 3, -1, -1, -1, 4, 2], [-1, 1, -1, 2, -1, 3, -1, -1, 4, -1, -1], [-1, 1, -1, 2, 1, -1, -1, 4, -1, 4, -1], [-1, 1, -1, 2, 1, -1, -1, 4, 4, -1, -1], [-1, 1, -1, 2, 1, -1, 4, -1, -1, -1, 4], [-1, 1, -1, 2, 1, -1, 4, -1, 4, -1, -1], [-1, 1, -1, 2, 1, 4, -1, -1, -1, -1, -1], [-1, 1, -1, 2, 1, 3, -1, 2, -1, -1, -1], [-1, 1, -1, 2, 0, -1, 4, 4, 2, 2, 2], [-1, 1, -1, 2, 0, -1, 1, 4, -1, 2, -1], [-1, 1, -1, 2, 0, -1, 0, -1, -1, 2, -1], [-1, 1, -1, 2, 0, 3, -1, 4, 2, -1, -1], [-1, 1, -1, 1, -1, -1, -1, 2, 4, -1, 4], [-1, 1, -1, 1, -1, -1, -1, 2, 4, 4, -1], [-1, 1, -1, 1, -1, -1, -1, 0, -1, 1, 1], [-1, 1, -1, 1, -1, -1, 2, -1, -1, 4, 4], [-1, 1, -1, 1, -1, -1, 2, -1, 4, -1, -1], [-1, 1, -1, 1, -1, -1, 0, -1, -1, 1, 1], [-1, 1, -1, 1, -1, -1, 0, -1, 1, 1, -1], [-1, 1, -1, 1, -1, -1, 0, 0, -1, 1, -1], [-1, 1, -1, 1, -1, 3, -1, -1, -1, -1, 0], [-1, 1, -1, 1, -1, 3, -1, -1, -1, 0, -1], [-1, 1, -1, 1, -1, 3, -1, -1, 1, 1, 1], [-1, 1, -1, 1, -1, 3, -1, 0, 0, -1, -1], [-1, 1, -1, 1, -1, 3, 0, -1, 0, -1, -1], [-1, 1, -1, 1, -1, 2, -1, -1, -1, 4, 4], [-1, 1, -1, 1, -1, 2, -1, -1, 4, -1, -1], [-1, 1, -1, 1, -1, 1, -1, 4, -1, -1, 1], [-1, 1, -1, 1, -1, 0, -1, -1, -1, 1, -1], [-1, 1, -1, 1, 1, -1, -1, 2, -1, 4, 2], [-1, 1, -1, 1, 1, -1, -1, 2, 4, -1, -1], [-1, 1, -1, 1, 1, -1, 2, -1, -1, 4, -1], [-1, 1, -1, 1, 1, -1, 2, -1, -1, 2, 1], [-1, 1, -1, 1, 1, 3, -1, -1, 0, -1, -1], [-1, 1, -1, 1, 1, 3, -1, 1, -1, -1, 1], [-1, 1, -1, 1, 1, 3, -1, 0, -1, -1, -1], [-1, 1, -1, 1, 1, 3, 0, -1, -1, -1, -1], [-1, 1, -1, 1, 0, -1, -1, -1, -1, 2, 0], [-1, 1, -1, 1, 0, -1, -1, 2, -1, 4, 4], [-1, 1, -1, 1, 0, -1, -1, 0, -1, -1, 1], [-1, 1, -1, 1, 0, -1, -1, 0, -1, 1, -1], [-1, 1, -1, 1, 0, -1, -1, 0, 1, -1, -1], [-1, 1, -1, 1, 0, -1, 0, -1, -1, -1, 1], [-1, 1, -1, 1, 0, -1, 0, -1, -1, 1, -1], [-1, 1, -1, 1, 0, -1, 0, -1, 1, -1, -1], [-1, 1, -1, 1, 0, 3, -1, -1, -1, -1, 1], [-1, 1, -1, 1, 0, 2, 2, -1, -1, 1, 1], [-1, 1, -1, 1, 0, 1, -1, -1, 1, 2, -1], [-1, 1, 3, -1, -1, -1, -1, -1, -1, 4, 2], [-1, 1, 3, -1, -1, -1, -1, -1, 4, -1, 4], [-1, 1, 3, -1, -1, -1, -1, -1, 4, 4, -1], [-1, 1, 3, -1, -1, -1, -1, 4, 4, -1, -1], [-1, 1, 3, -1, -1, -1, -1, 2, -1, 0, -1], [-1, 1, 3, -1, -1, -1, 4, -1, 4, -1, -1], [-1, 1, 3, -1, -1, -1, 4, 4, -1, -1, 2], [-1, 1, 3, -1, -1, -1, 4, 4, -1, 2, -1], [-1, 1, 3, -1, -1, -1, 2, -1, -1, 4, -1], [-1, 1, 3, -1, -1, 4, -1, -1, 2, 2, -1], [-1, 1, 3, -1, -1, 4, -1, 4, -1, -1, -1], [-1, 1, 3, -1, -1, 4, 4, -1, -1, -1, -1], [-1, 1, 3, -1, -1, 2, -1, -1, -1, -1, 4], [-1, 1, 3, -1, -1, 2, -1, -1, -1, 4, -1], [-1, 1, 3, -1, 1, -1, -1, 4, -1, 2, -1], [-1, 1, 3, -1, 1, -1, -1, 4, 2, -1, -1], [-1, 1, 3, -1, 1, -1, 4, -1, -1, 2, 2], [-1, 1, 3, -1, 1, -1, 2, -1, -1, -1, 4], [-1, 1, 3, -1, 1, 4, -1, -1, -1, -1, 4], [-1, 1, 3, -1, 1, 4, -1, -1, -1, -1, 2], [-1, 1, 3, -1, 1, 4, -1, -1, -1, 2, -1], [-1, 1, 3, -1, 1, 4, -1, -1, 2, -1, -1], [-1, 1, 3, -1, 1, 4, -1, 2, -1, -1, -1], [-1, 1, 3, -1, 1, 3, 4, -1, -1, -1, 2], [-1, 1, 3, -1, 0, -1, -1, -1, -1, 4, -1], [-1, 1, 3, -1, 0, -1, -1, -1, 4, -1, -1], [-1, 1, 3, -1, 0, -1, -1, -1, 2, -1, 1], [-1, 1, 3, -1, 0, -1, -1, 4, -1, -1, -1], [-1, 1, 3, -1, 0, -1, 4, -1, -1, -1, 2], [-1, 1, 3, 2, -1, -1, -1, -1, -1, -1, 4], [-1, 1, 3, 2, -1, -1, -1, -1, -1, 4, -1], [-1, 1, 3, 2, -1, -1, -1, -1, 4, -1, -1], [-1, 1, 3, 2, -1, -1, -1, 4, -1, -1, -1], [-1, 1, 3, 2, -1, -1, 4, -1, -1, -1, 2], [-1, 1, 3, 2, -1, -1, 4, -1, -1, 2, -1], [-1, 1, 3, 2, -1, -1, 4, 2, -1, -1, -1], [-1, 1, 3, 2, 1, -1, 4, -1, -1, -1, -1], [-1, 1, 3, 2, 0, -1, 4, -1, 2, -1, -1], [-1, 1, 3, 1, -1, -1, -1, 4, -1, 2, -1], [-1, 1, 3, 1, -1, -1, -1, 4, 2, -1, -1], [-1, 1, 3, 1, -1, 4, -1, -1, -1, 2, -1], [-1, 1, 3, 1, -1, 4, -1, -1, 2, -1, 2], [-1, 1, 2, -1, -1, -1, -1, 4, -1, 2, 4], [-1, 1, 2, -1, -1, -1, -1, 4, 2, -1, 4], [-1, 1, 2, -1, -1, 4, 4, -1, -1, 2, 2], [-1, 1, 2, -1, -1, 4, 2, -1, -1, -1, 4], [-1, 1, 2, -1, -1, 3, -1, -1, -1, 2, 4], [-1, 1, 2, -1, -1, 3, -1, -1, 4, -1, 4], [-1, 1, 2, -1, -1, 3, -1, -1, 0, -1, -1], [-1, 1, 2, -1, -1, 3, -1, 4, -1, -1, 4], [-1, 1, 2, -1, -1, 3, -1, 0, -1, -1, -1], [-1, 1, 2, -1, -1, 3, 0, -1, -1, -1, -1], [-1, 1, 2, -1, -1, 1, -1, 2, -1, -1, 1], [-1, 1, 2, -1, 1, -1, -1, -1, -1, 2, 1], [-1, 1, 2, -1, 1, -1, -1, 2, 4, -1, 2], [-1, 1, 2, -1, 1, -1, 2, -1, -1, 4, -1], [-1, 1, 2, -1, 1, -1, 2, -1, 4, -1, 2], [-1, 1, 2, -1, 1, -1, 2, -1, 4, 2, -1], [-1, 1, 2, -1, 1, 2, -1, -1, 4, -1, 2], [-1, 1, 2, -1, 1, 2, -1, -1, 4, 2, -1], [-1, 1, 2, -1, 1, 2, -1, 2, 4, -1, -1], [-1, 1, 2, -1, 0, -1, 4, 4, 2, -1, -1], [-1, 1, 2, -1, 0, -1, 0, -1, 1, -1, -1], [-1, 1, 2, -1, 0, 3, -1, -1, -1, -1, 4], [-1, 1, 2, -1, 0, 3, -1, -1, 1, 1, -1], [-1, 1, 2, -1, 0, 3, -1, 4, -1, 2, -1], [-1, 1, 2, 3, -1, -1, -1, -1, -1, 2, -1], [-1, 1, 2, 3, -1, -1, -1, 2, -1, -1, -1], [-1, 1, 2, 3, -1, 2, 2, -1, -1, -1, -1], [-1, 1, 2, 2, 0, -1, -1, 2, -1, 4, 2], [-1, 1, 2, 1, -1, -1, -1, 2, 4, -1, -1], [-1, 1, 2, 1, -1, -1, -1, 1, 2, -1, 1], [-1, 1, 2, 1, -1, 1, -1, -1, 1, -1, 2], [-1, 1, 2, 1, -1, 1, -1, -1, 1, 2, -1], [-1, 1, 2, 1, 2, -1, -1, -1, -1, -1, -1], [-1, 1, 2, 1, 1, 4, -1, 2, -1, -1, -1], [-1, 1, 2, 1, 0, 3, -1, -1, -1, 4, -1], [-1, 1, 1, -1, -1, -1, -1, 4, -1, 4, 2], [-1, 1, 1, -1, -1, -1, -1, 2, 4, -1, 4], [-1, 1, 1, -1, -1, 3, -1, -1, 0, -1, 0], [-1, 1, 1, -1, -1, 3, -1, -1, 0, 0, -1], [-1, 1, 1, -1, -1, 3, -1, 4, -1, -1, 4], [-1, 1, 1, -1, -1, 3, -1, 0, -1, -1, 0], [-1, 1, 1, -1, -1, 3, -1, 0, -1, 0, -1], [-1, 1, 1, -1, -1, 3, 4, -1, -1, -1, 4], [-1, 1, 1, -1, -1, 3, 0, -1, -1, -1, 0], [-1, 1, 1, -1, -1, 0, -1, 0, -1, 1, -1], [-1, 1, 1, -1, 1, -1, -1, 4, 4, -1, 4], [-1, 1, 1, -1, 1, -1, -1, 4, 4, 4, -1], [-1, 1, 1, -1, 1, -1, 2, -1, -1, 4, -1], [-1, 1, 1, -1, 1, 3, -1, -1, -1, -1, 0], [-1, 1, 1, -1, 1, 3, -1, -1, 0, -1, -1], [-1, 1, 1, -1, 0, -1, -1, -1, 4, 4, 2], [-1, 1, 1, -1, 0, -1, 0, -1, -1, 2, -1], [-1, 1, 1, -1, 0, -1, 0, 1, -1, -1, -1], [-1, 1, 1, 2, -1, -1, -1, -1, -1, 4, 2], [-1, 1, 1, 2, -1, -1, 4, 2, -1, 2, -1], [-1, 1, 1, 2, -1, -1, 0, 1, -1, -1, -1], [-1, 1, 1, 2, -1, 4, -1, -1, 2, -1, 2], [-1, 1, 1, 2, -1, 4, -1, 2, -1, -1, -1], [-1, 1, 1, 2, -1, 4, 2, -1, -1, 2, 2], [-1, 1, 1, 2, -1, 3, -1, 4, -1, 4, -1], [-1, 1, 1, 2, -1, 3, 0, -1, -1, -1, 1], [-1, 1, 1, 2, 0, -1, -1, 1, 2, 1, -1], [-1, 1, 1, 2, 0, -1, 4, 2, -1, -1, 2], [-1, 1, 1, 2, 0, 3, -1, -1, 2, -1, -1], [-1, 1, 1, 1, -1, -1, -1, 0, -1, 1, -1], [-1, 1, 1, 1, -1, -1, -1, 0, 0, -1, 1], [-1, 1, 1, 1, -1, -1, 2, 2, -1, -1, 4], [-1, 1, 1, 1, -1, 3, -1, -1, 0, -1, -1], [-1, 1, 1, 1, -1, 3, -1, 0, -1, -1, -1], [-1, 1, 1, 1, -1, 3, 0, -1, -1, -1, -1], [2, -1, -1, -1, -1, -1, -1, -1, -1, 4, -1], [2, -1, -1, -1, -1, -1, 4, -1, 2, -1, 2], [2, -1, -1, -1, -1, -1, 4, 2, -1, -1, -1], [2, -1, -1, -1, -1, 4, -1, -1, -1, -1, -1], [2, -1, -1, 1, 1, 1, -1, -1, -1, -1, 2], [2, -1, -1, 1, 1, 1, -1, -1, -1, 2, -1], [2, 2, 2, 1, 1, -1, 1, -1, -1, -1, -1], [1, -1, -1, -1, -1, 4, -1, -1, 4, 2, -1], [1, -1, -1, -1, -1, 3, -1, 4, 4, -1, -1], [1, -1, -1, -1, -1, 3, -1, 1, 2, -1, -1], [1, -1, -1, -1, -1, 3, 4, -1, 4, 4, 4], [1, -1, -1, -1, 1, -1, 4, -1, -1, 2, 2], [1, -1, -1, -1, 1, -1, 4, -1, 2, -1, 2], [1, -1, -1, -1, 1, -1, 4, 4, -1, -1, 2], [1, -1, -1, -1, 1, -1, 4, 4, -1, 2, -1], [1, -1, -1, -1, 1, -1, 1, -1, 4, -1, -1], [1, -1, -1, -1, 1, 4, -1, -1, -1, 2, -1], [1, -1, -1, -1, 1, 4, -1, 2, -1, -1, 2], [1, -1, -1, -1, 1, 4, 2, -1, -1, -1, 2], [1, -1, -1, -1, 1, 3, -1, -1, 2, -1, 2], [1, -1, -1, -1, 1, 3, 4, -1, -1, -1, 2], [1, -1, -1, -1, 0, 4, 4, -1, 2, -1, 2], [1, -1, -1, -1, 0, 3, -1, -1, 4, -1, -1], [1, -1, -1, 3, -1, -1, -1, -1, -1, -1, -1], [1, -1, -1, 2, -1, -1, 4, 2, -1, -1, 2], [1, -1, -1, 2, -1, 4, -1, -1, 2, -1, 2], [1, -1, -1, 2, -1, 4, -1, 2, -1, -1, -1], [1, -1, -1, 2, -1, 4, 2, -1, -1, -1, -1], [1, -1, -1, 2, -1, 3, -1, -1, -1, 4, -1], [1, -1, -1, 2, -1, 3, -1, -1, 4, -1, -1], [1, -1, -1, 2, 0, -1, 4, -1, 2, -1, 2], [1, -1, -1, 2, 0, 4, 4, -1, -1, -1, 2], [1, -1, -1, 1, -1, -1, -1, 0, 0, 1, 1], [1, -1, -1, 1, -1, -1, 2, -1, -1, 4, 4], [1, -1, -1, 1, -1, -1, 0, -1, 0, 1, -1], [1, -1, -1, 1, -1, 0, -1, 0, -1, 1, -1], [1, -1, -1, 1, -1, 0, 0, -1, -1, 1, -1], [1, -1, -1, 1, 0, -1, -1, -1, 0, -1, 1], [1, -1, -1, 1, 0, -1, -1, -1, 0, 1, -1], [1, -1, -1, 1, 0, -1, 0, 0, -1, -1, 1], [1, -1, -1, 1, 0, -1, 0, 0, -1, 1, -1], [1, -1, -1, 1, 0, 3, -1, 0, -1, -1, 1], [1, -1, -1, 1, 0, 0, -1, -1, -1, 1, -1], [1, -1, 3, -1, -1, -1, -1, -1, -1, 4, -1], [1, -1, 3, -1, -1, -1, -1, 4, 4, -1, -1], [1, -1, 3, -1, 1, -1, -1, 4, -1, -1, -1], [1, -1, 3, 2, -1, 0, -1, -1, 0, -1, 0], [1, -1, 3, 2, -1, 0, -1, 0, -1, -1, 0], [1, -1, 2, -1, -1, 3, -1, -1, -1, 4, -1], [1, -1, 2, -1, -1, 3, -1, -1, 4, -1, -1], [1, -1, 2, -1, -1, 1, -1, -1, 1, -1, 0], [1, -1, 2, -1, -1, 1, -1, 1, -1, -1, 0], [1, -1, 2, -1, 1, 4, -1, -1, -1, -1, -1], [1, -1, 2, -1, 1, 3, -1, -1, 0, -1, -1], [1, -1, 2, -1, 0, -1, 4, -1, -1, 4, 4], [1, -1, 2, -1, 0, -1, 1, -1, 1, -1, 0], [1, -1, 2, -1, 0, 1, -1, -1, -1, -1, 0], [1, -1, 2, 2, -1, 3, 4, -1, -1, -1, -1], [1, -1, 2, 2, 0, -1, -1, 4, -1, 4, -1], [1, -1, 2, 2, 0, -1, 4, -1, 2, -1, -1], [1, -1, 2, 1, 0, -1, 0, -1, 1, -1, -1], [1, -1, 1, -1, -1, 4, -1, -1, 2, -1, 2], [1, -1, 1, -1, -1, 4, -1, 2, -1, -1, 2], [1, -1, 1, -1, -1, 4, -1, 2, -1, 2, -1], [1, -1, 1, -1, -1, 4, -1, 2, 2, -1, -1], [1, -1, 1, -1, -1, 0, -1, -1, 0, 1, -1], [1, -1, 1, -1, -1, 0, -1, 0, -1, 1, -1], [1, -1, 1, -1, 0, -1, 4, 2, -1, -1, 2], [1, -1, 1, 2, -1, -1, 4, -1, -1, -1, 2], [1, -1, 1, 1, -1, -1, -1, -1, 0, 1, 1], [1, -1, 1, 1, -1, -1, -1, 0, 0, -1, 1], [1, -1, 1, 1, -1, -1, -1, 0, 0, 1, -1], [1, -1, 1, 1, -1, -1, 0, 0, -1, 1, -1], [1, -1, 1, 1, -1, 0, -1, -1, -1, 1, -1], [1, -1, 1, 1, 1, 3, -1, 0, -1, -1, 0], [1, -1, 1, 1, 1, 3, 0, -1, -1, -1, 0], [1, -1, 1, 1, 0, -1, -1, -1, -1, -1, 4], [1, -1, 1, 1, 0, -1, -1, -1, -1, 4, -1], [1, -1, 1, 1, 0, -1, -1, 0, -1, -1, 1], [1, 2, -1, -1, -1, -1, -1, 4, 4, 2, -1], [1, 2, -1, -1, -1, -1, 4, 4, 2, -1, 2], [1, 2, -1, -1, -1, 4, 4, -1, -1, 4, -1], [1, 2, -1, -1, -1, 4, 4, 4, 4, -1, 4], [1, 2, -1, -1, -1, 3, -1, -1, 4, -1, -1], [1, 2, -1, -1, -1, 3, -1, 4, -1, -1, -1], [1, 2, -1, -1, 1, -1, -1, 4, -1, -1, 2], [1, 2, -1, -1, 1, -1, -1, 4, -1, 2, -1], [1, 2, -1, -1, 1, -1, -1, 4, 2, -1, -1], [1, 2, -1, -1, 1, -1, 4, -1, -1, -1, 2], [1, 2, -1, -1, 1, -1, 4, -1, -1, 2, -1], [1, 2, -1, -1, 1, -1, 4, -1, 2, -1, -1], [1, 2, -1, -1, 1, -1, 1, 4, -1, -1, -1], [1, 2, -1, -1, 1, 3, -1, -1, -1, -1, 2], [1, 2, -1, -1, 1, 3, 4, -1, -1, -1, -1], [1, 2, -1, -1, 0, -1, -1, 4, -1, 4, -1], [1, 2, -1, -1, 0, -1, -1, 4, 4, -1, 4], [1, 2, -1, -1, 0, -1, 4, -1, -1, 4, -1], [1, 2, -1, -1, 0, -1, 4, -1, 4, -1, 4], [1, 2, -1, -1, 0, 4, -1, -1, -1, 4, -1], [1, 2, -1, -1, 0, 4, -1, 2, 2, -1, -1], [1, 2, -1, -1, 0, 4, 2, -1, 2, -1, -1], [1, 2, -1, 2, -1, -1, -1, -1, 4, -1, 2], [1, 2, -1, 2, -1, -1, -1, 4, 4, -1, -1], [1, 2, -1, 2, -1, 4, -1, -1, -1, -1, 2], [1, 2, -1, 2, -1, 4, -1, -1, 2, -1, -1], [1, 2, -1, 1, -1, -1, -1, 4, -1, -1, 4], [1, 2, -1, 1, -1, -1, 4, -1, -1, 4, -1], [1, 2, -1, 1, -1, -1, 4, -1, 4, -1, 4], [1, 2, -1, 1, 0, -1, -1, -1, -1, 4, -1], [1, 2, -1, 1, 0, 4, -1, 2, -1, -1, 2], [1, 2, 3, 2, -1, -1, -1, -1, -1, 0, 0], [1, 2, 3, 2, -1, -1, -1, -1, 0, -1, 0], [1, 2, 3, 2, -1, -1, -1, -1, 0, 0, -1], [1, 2, 3, 2, -1, -1, -1, 0, -1, -1, 0], [1, 2, 3, 2, -1, -1, -1, 0, -1, 0, -1], [1, 2, 3, 2, -1, -1, -1, 0, 0, -1, -1], [1, 2, 3, 2, -1, -1, 0, -1, -1, -1, -1], [1, 2, 3, 2, -1, 3, -1, -1, -1, -1, -1], [1, 2, 3, 2, -1, 0, -1, -1, -1, -1, -1], [1, 2, 2, -1, -1, -1, -1, 4, -1, -1, 4], [1, 2, 2, -1, 0, -1, -1, 1, -1, -1, 0], [1, 2, 2, -1, 0, -1, 1, -1, -1, -1, 0], [1, 2, 2, 2, -1, -1, -1, -1, 4, -1, -1], [1, 2, 2, 2, 0, -1, 4, -1, -1, -1, -1], [1, 2, 2, 1, 1, -1, 4, -1, -1, -1, -1], [1, 2, 1, -1, -1, 4, -1, -1, 2, -1, -1], [1, 2, 1, -1, -1, 4, -1, 2, -1, -1, -1], [1, 2, 1, -1, 0, -1, -1, -1, -1, 4, 4], [1, 2, 1, 1, -1, -1, -1, -1, -1, 4, -1], [1, 1, -1, -1, -1, -1, -1, -1, 2, 4, -1], [1, 1, -1, -1, -1, -1, -1, 2, -1, 4, -1], [1, 1, -1, -1, -1, -1, -1, 0, -1, 1, -1], [1, 1, -1, -1, -1, -1, 0, -1, -1, 1, -1], [1, 1, -1, -1, -1, -1, 0, 0, 1, -1, -1], [1, 1, -1, -1, -1, 4, -1, -1, 2, -1, 2], [1, 1, -1, -1, -1, 4, -1, 2, -1, -1, 2], [1, 1, -1, -1, -1, 4, -1, 2, 2, 2, -1], [1, 1, -1, -1, -1, 3, -1, -1, -1, -1, 0], [1, 1, -1, -1, -1, 3, -1, -1, -1, 0, -1], [1, 1, -1, -1, -1, 3, -1, -1, 0, -1, -1], [1, 1, -1, -1, -1, 3, -1, 0, -1, -1, -1], [1, 1, -1, -1, -1, 3, 0, -1, -1, -1, -1], [1, 1, -1, -1, -1, 2, -1, -1, -1, 4, -1], [1, 1, -1, -1, 1, 3, -1, 1, -1, -1, -1], [1, 1, -1, -1, 1, 3, 1, -1, -1, -1, -1], [1, 1, -1, -1, 0, -1, -1, 0, 1, -1, -1], [1, 1, -1, -1, 0, -1, 4, 2, -1, -1, 2], [1, 1, -1, -1, 0, -1, 0, 1, -1, -1, -1], [1, 1, -1, 2, -1, -1, 4, -1, 2, -1, -1], [1, 1, -1, 2, -1, 3, -1, -1, 2, -1, -1], [1, 1, -1, 1, -1, -1, -1, -1, -1, 0, 1], [1, 1, -1, 1, -1, -1, -1, -1, 0, -1, 1], [1, 1, -1, 1, -1, -1, -1, -1, 0, 1, -1], [1, 1, -1, 1, -1, -1, -1, 0, -1, -1, 1], [1, 1, -1, 1, -1, -1, -1, 0, 1, -1, -1], [1, 1, -1, 1, -1, -1, 1, -1, 1, 2, -1], [1, 1, -1, 1, -1, -1, 0, -1, -1, -1, 1], [1, 1, -1, 1, -1, -1, 0, -1, 1, -1, -1], [1, 1, -1, 1, -1, 3, -1, -1, -1, -1, 1], [1, 1, -1, 1, -1, 3, -1, -1, 1, 1, -1], [1, 1, -1, 1, -1, 1, -1, 1, 1, 2, -1], [1, 1, -1, 1, 0, 1, -1, 1, -1, 2, -1], [1, 1, -1, 1, 0, 1, 1, -1, -1, 2, -1], [1, 1, 2, -1, -1, 3, -1, 1, -1, -1, -1], [1, 1, 2, -1, 1, 3, -1, -1, -1, -1, -1], [1, 1, 2, 1, -1, 3, -1, -1, -1, -1, -1], [1, 1, 1, -1, 0, -1, 2, -1, -1, -1, 4], [1, 1, 1, -1, 0, 3, -1, -1, 2, -1, -1], [1, 1, 1, 1, -1, -1, -1, 1, -1, 2, -1], [1, 1, 1, 1, -1, -1, 1, -1, -1, 2, -1], [0, -1, -1, -1, -1, -1, -1, -1, -1, 4, 1], [0, -1, -1, -1, -1, -1, -1, -1, 4, -1, 5], [0, -1, -1, -1, -1, -1, -1, -1, 4, -1, 1], [0, -1, -1, -1, -1, -1, -1, -1, 1, 4, -1], [0, -1, -1, -1, -1, -1, -1, 5, 4, -1, 4], [0, -1, -1, -1, -1, -1, -1, 4, -1, 2, 0], [0, -1, -1, -1, -1, -1, -1, 4, 4, 1, -1], [0, -1, -1, -1, -1, -1, -1, 4, 2, -1, 0], [0, -1, -1, -1, -1, -1, -1, 1, 0, 1, -1], [0, -1, -1, -1, -1, -1, 6, -1, -1, -1, 4], [0, -1, -1, -1, -1, -1, 6, -1, -1, 4, -1], [0, -1, -1, -1, -1, -1, 5, -1, -1, -1, -1], [0, -1, -1, -1, -1, -1, 2, -1, 4, 4, 2], [0, -1, -1, -1, -1, -1, 2, 4, -1, -1, 4], [0, -1, -1, -1, -1, -1, 2, 4, -1, 4, -1], [0, -1, -1, -1, -1, -1, 1, -1, -1, 4, -1], [0, -1, -1, -1, -1, -1, 1, -1, 0, 1, 1], [0, -1, -1, -1, -1, 4, -1, 1, 1, -1, 1], [0, -1, -1, -1, -1, 3, -1, 5, -1, -1, -1], [0, -1, -1, -1, -1, 3, -1, 4, -1, -1, 0], [0, -1, -1, -1, -1, 3, -1, 1, -1, 1, 0], [0, -1, -1, -1, -1, 3, 4, -1, -1, -1, 0], [0, -1, -1, -1, -1, 3, 4, -1, -1, 0, -1], [0, -1, -1, -1, -1, 3, 1, 4, -1, -1, -1], [0, -1, -1, -1, -1, 2, -1, 4, 4, -1, -1], [0, -1, -1, -1, -1, 1, -1, -1, 4, 2, -1], [0, -1, -1, -1, -1, 1, -1, -1, 2, 2, 1], [0, -1, -1, -1, -1, 1, -1, 2, 1, 1, -1], [0, -1, -1, -1, -1, 1, 4, -1, 1, 1, 1], [0, -1, -1, -1, -1, 1, 1, 4, -1, -1, 2], [0, -1, -1, -1, 1, -1, -1, -1, 0, 1, 1], [0, -1, -1, -1, 1, -1, 4, -1, -1, 1, 1], [0, -1, -1, -1, 1, -1, 4, -1, 1, 1, -1], [0, -1, -1, -1, 1, -1, 4, 1, -1, -1, -1], [0, -1, -1, -1, 1, -1, 2, 4, 4, -1, -1], [0, -1, -1, -1, 1, 4, -1, -1, 4, 4, 2], [0, -1, -1, -1, 1, 3, -1, -1, -1, 4, 4], [0, -1, -1, -1, 1, 3, -1, 4, -1, -1, 4], [0, -1, -1, -1, 1, 3, 4, -1, -1, 4, -1], [0, -1, -1, -1, 1, 1, -1, -1, 1, -1, 0], [0, -1, -1, -1, 0, -1, 4, -1, -1, -1, 0], [0, -1, -1, -1, 0, -1, 4, -1, -1, 0, -1], [0, -1, -1, -1, 0, -1, 1, -1, 4, -1, -1], [0, -1, -1, -1, 0, -1, 1, 4, -1, -1, -1], [0, -1, -1, -1, 0, -1, 1, 1, -1, -1, 4], [0, -1, -1, -1, 0, 4, -1, -1, -1, 0, -1], [0, -1, -1, -1, 0, 4, -1, 2, -1, -1, 1], [0, -1, -1, -1, 0, 4, 4, -1, 4, 2, -1], [0, -1, -1, -1, 0, 3, -1, -1, -1, 0, 0], [0, -1, -1, -1, 0, 3, -1, -1, 0, -1, 0], [0, -1, -1, -1, 0, 3, -1, 4, 4, 2, -1], [0, -1, -1, -1, 0, 3, -1, 0, -1, 0, -1], [0, -1, -1, -1, 0, 3, 4, -1, 2, 4, 4], [0, -1, -1, -1, 0, 3, 4, 4, -1, -1, 2], [0, -1, -1, -1, 0, 3, 4, 2, -1, 4, 4], [0, -1, -1, -1, 0, 3, 1, -1, -1, -1, 0], [0, -1, -1, -1, 0, 3, 0, -1, 0, 0, -1], [0, -1, -1, -1, 0, 1, -1, -1, 4, 4, -1], [0, -1, -1, -1, 0, 1, -1, 4, 4, -1, -1], [0, -1, -1, 2, -1, -1, -1, 5, -1, -1, 4], [0, -1, -1, 2, -1, -1, 1, -1, 2, 2, 1], [0, -1, -1, 2, -1, -1, 1, 2, -1, -1, 1], [0, -1, -1, 2, -1, 4, -1, -1, -1, -1, 1], [0, -1, -1, 2, -1, 3, -1, -1, -1, -1, 4], [0, -1, -1, 2, -1, 1, -1, -1, 4, 4, -1], [0, -1, -1, 2, -1, 1, -1, 4, -1, -1, 2], [0, -1, -1, 2, -1, 1, -1, 4, -1, -1, 0], [0, -1, -1, 2, -1, 1, -1, 4, -1, 2, -1], [0, -1, -1, 2, -1, 1, -1, 2, -1, -1, 1], [0, -1, -1, 2, -1, 1, -1, 2, 1, -1, -1], [0, -1, -1, 2, -1, 1, 4, -1, -1, -1, 2], [0, -1, -1, 2, -1, 1, 4, -1, 4, -1, -1], [0, -1, -1, 2, 0, -1, -1, -1, 1, -1, 4], [0, -1, -1, 2, 0, -1, 4, -1, -1, 2, 1], [0, -1, -1, 2, 0, -1, 4, 4, 2, 2, 2], [0, -1, -1, 2, 0, -1, 1, -1, -1, -1, 4], [0, -1, -1, 2, 0, 4, 4, -1, -1, 2, 2], [0, -1, -1, 2, 0, 1, -1, -1, -1, 4, -1], [0, -1, -1, 2, 0, 1, 4, 4, -1, -1, -1], [0, -1, -1, 1, -1, -1, -1, 4, -1, -1, 5], [0, -1, -1, 1, -1, -1, -1, 4, -1, 1, 1], [0, -1, -1, 1, -1, -1, -1, 4, 1, 1, -1], [0, -1, -1, 1, -1, -1, 6, -1, 4, -1, -1], [0, -1, -1, 1, -1, -1, 4, -1, -1, -1, 5], [0, -1, -1, 1, -1, -1, 4, -1, -1, -1, 0], [0, -1, -1, 1, -1, -1, 4, -1, -1, 1, 1], [0, -1, -1, 1, -1, -1, 4, -1, 1, -1, 1], [0, -1, -1, 1, -1, -1, 4, -1, 1, 1, -1], [0, -1, -1, 1, -1, -1, 4, 1, -1, -1, 1], [0, -1, -1, 1, -1, -1, 4, 1, -1, 1, -1], [0, -1, -1, 1, -1, -1, 4, 1, 1, -1, -1], [0, -1, -1, 1, -1, -1, 1, 4, -1, -1, 1], [0, -1, -1, 1, -1, 5, -1, -1, 2, -1, -1], [0, -1, -1, 1, -1, 3, -1, -1, -1, -1, 0], [0, -1, -1, 1, -1, 3, -1, -1, -1, 0, -1], [0, -1, -1, 1, -1, 3, -1, -1, 2, 4, -1], [0, -1, -1, 1, -1, 3, -1, 4, -1, 4, 4], [0, -1, -1, 1, -1, 3, -1, 2, -1, 4, -1], [0, -1, -1, 1, -1, 3, 4, -1, -1, 4, -1], [0, -1, -1, 1, -1, 3, 4, 4, 4, -1, 4], [0, -1, -1, 1, -1, 3, 0, -1, 0, -1, -1], [0, -1, -1, 1, -1, 1, -1, 4, -1, 1, -1], [0, -1, -1, 1, -1, 1, 4, -1, -1, -1, 1], [0, -1, -1, 1, -1, 1, 4, -1, -1, 1, -1], [0, -1, -1, 1, 1, 3, -1, -1, -1, 1, 1], [0, -1, -1, 1, 0, -1, -1, 4, -1, -1, 1], [0, -1, -1, 1, 0, -1, -1, 4, -1, 1, -1], [0, -1, -1, 1, 0, -1, 4, -1, -1, 1, -1], [0, -1, -1, 1, 0, 4, -1, 2, -1, 4, 4], [0, -1, -1, 1, 0, 4, 4, 4, -1, 2, -1], [0, -1, -1, 1, 0, 3, -1, -1, -1, 4, 2], [0, -1, -1, 1, 0, 3, -1, -1, 4, -1, -1], [0, -1, -1, 1, 0, 3, -1, -1, 0, -1, -1], [0, -1, -1, 1, 0, 3, -1, 4, -1, 4, -1], [0, -1, -1, 1, 0, 3, -1, 0, -1, -1, -1], [0, -1, -1, 1, 0, 2, -1, 1, -1, -1, 1], [0, -1, 3, -1, -1, -1, -1, 1, -1, 2, 1], [0, -1, 3, -1, -1, -1, 1, -1, 2, -1, 1], [0, -1, 3, -1, -1, 4, -1, 4, 2, -1, 2], [0, -1, 3, -1, -1, 3, -1, -1, -1, 4, 4], [0, -1, 3, -1, -1, 3, -1, -1, 1, 1, -1], [0, -1, 3, -1, -1, 3, -1, 1, -1, -1, -1], [0, -1, 3, -1, -1, 2, -1, 2, -1, 0, 0], [0, -1, 3, -1, -1, 1, -1, -1, 2, -1, 1], [0, -1, 3, -1, -1, 1, -1, 4, -1, -1, -1], [0, -1, 3, -1, 1, 3, 0, -1, -1, -1, -1], [0, -1, 3, -1, 0, -1, -1, -1, 2, 1, -1], [0, -1, 3, -1, 0, -1, 4, -1, 4, -1, 2], [0, -1, 3, -1, 0, -1, 4, 4, -1, 2, 2], [0, -1, 3, -1, 0, -1, 4, 2, -1, -1, 2], [0, -1, 3, -1, 0, -1, 2, -1, 2, -1, 4], [0, -1, 3, -1, 0, -1, 2, 2, -1, -1, 4], [0, -1, 3, -1, 0, 3, -1, -1, 4, 4, -1], [0, -1, 3, -1, 0, 3, -1, 4, -1, 2, 2], [0, -1, 3, -1, 0, 1, 1, -1, 2, -1, -1], [0, -1, 3, 2, -1, -1, -1, -1, 1, -1, 0], [0, -1, 3, 2, -1, 3, -1, 4, -1, -1, -1], [0, -1, 3, 2, -1, 2, -1, -1, -1, 0, 0], [0, -1, 3, 2, 1, -1, 1, -1, -1, -1, 1], [0, -1, 3, 2, 0, -1, -1, -1, 4, -1, -1], [0, -1, 3, 2, 0, -1, 4, 4, -1, 2, -1], [0, -1, 3, 2, 0, -1, 2, -1, -1, -1, 0], [0, -1, 3, 2, 0, 3, 4, -1, -1, 2, 2], [0, -1, 3, 1, -1, -1, -1, 2, -1, 2, 4], [0, -1, 3, 1, -1, 3, 4, -1, -1, -1, 4], [0, -1, 3, 1, -1, 2, -1, 2, -1, -1, 4], [0, -1, 3, 1, 0, 3, -1, 2, -1, -1, -1], [0, -1, 2, -1, -1, -1, 4, -1, -1, -1, 0], [0, -1, 2, -1, -1, 6, -1, -1, -1, -1, -1], [0, -1, 2, -1, -1, 3, -1, -1, 0, -1, -1], [0, -1, 2, -1, -1, 3, -1, 0, -1, -1, -1], [0, -1, 2, -1, 1, -1, -1, 2, -1, 2, 1], [0, -1, 2, -1, 1, -1, 2, -1, -1, 2, 1], [0, -1, 2, -1, 1, 3, -1, -1, 4, 4, -1], [0, -1, 2, -1, 1, 2, -1, -1, -1, 4, -1], [0, -1, 2, -1, 1, 2, -1, -1, -1, 2, 1], [0, -1, 2, -1, 1, 2, -1, 2, 4, 2, -1], [0, -1, 2, -1, 0, -1, -1, 4, -1, 2, 4], [0, -1, 2, -1, 0, -1, -1, 1, 0, -1, -1], [0, -1, 2, -1, 0, -1, 4, 4, 2, -1, 2], [0, -1, 2, -1, 0, -1, 4, 4, 2, 2, -1], [0, -1, 2, -1, 0, 4, 4, -1, -1, 2, -1], [0, -1, 2, -1, 0, 1, 4, -1, -1, 1, -1], [0, -1, 2, 2, -1, 4, -1, -1, -1, 2, 4], [0, -1, 2, 2, 0, -1, 4, -1, -1, 2, 4], [0, -1, 2, 2, 0, 3, 1, 1, -1, -1, -1], [0, -1, 2, 1, -1, -1, 4, -1, -1, 1, -1], [0, -1, 2, 1, -1, -1, 4, -1, 1, -1, -1], [0, -1, 2, 1, -1, 3, -1, 4, 2, -1, -1], [0, -1, 2, 1, -1, 3, 4, 4, -1, 2, -1], [0, -1, 2, 1, -1, 2, 2, -1, 4, -1, 2], [0, -1, 2, 1, 1, -1, -1, 2, -1, 2, 4], [0, -1, 2, 1, 1, -1, -1, 2, 4, -1, 2], [0, -1, 2, 1, 1, -1, 2, -1, -1, 4, -1], [0, -1, 2, 1, 1, -1, 2, 2, 2, -1, 4], [0, -1, 2, 1, 1, 2, -1, -1, 4, -1, -1], [0, -1, 2, 1, 0, -1, -1, 1, -1, -1, 0], [0, -1, 2, 1, 0, -1, -1, 1, -1, 0, -1], [0, -1, 2, 1, 0, -1, 4, -1, -1, -1, 1], [0, -1, 2, 1, 0, -1, 1, -1, 0, -1, -1], [0, -1, 2, 1, 0, 5, 4, -1, -1, -1, -1], [0, -1, 2, 1, 0, 4, 2, -1, 2, 2, -1], [0, -1, 2, 1, 0, 3, 4, 4, -1, -1, -1], [0, -1, 2, 1, 0, 3, 0, -1, -1, -1, -1], [0, -1, 2, 1, 0, 2, -1, -1, 4, -1, 2], [0, -1, 2, 1, 0, 2, 2, -1, 4, 2, -1], [0, -1, 1, -1, -1, -1, -1, -1, 4, 4, 2], [0, -1, 1, -1, -1, -1, -1, -1, 2, 4, 2], [0, -1, 1, -1, -1, -1, -1, 4, -1, -1, 0], [0, -1, 1, -1, -1, -1, -1, 4, -1, 4, 2], [0, -1, 1, -1, -1, -1, 4, -1, 1, 1, 1], [0, -1, 1, -1, -1, -1, 4, 2, -1, -1, 4], [0, -1, 1, -1, -1, -1, 4, 1, -1, 1, 1], [0, -1, 1, -1, -1, -1, 4, 1, 1, 1, -1], [0, -1, 1, -1, -1, -1, 2, -1, -1, 4, 2], [0, -1, 1, -1, -1, -1, 1, -1, 4, -1, -1], [0, -1, 1, -1, -1, -1, 1, -1, 1, -1, 4], [0, -1, 1, -1, -1, -1, 1, 4, -1, -1, -1], [0, -1, 1, -1, -1, 3, -1, -1, -1, -1, 4], [0, -1, 1, -1, -1, 3, -1, -1, -1, 4, -1], [0, -1, 1, -1, -1, 3, -1, -1, 4, -1, -1], [0, -1, 1, -1, -1, 3, -1, 4, -1, -1, -1], [0, -1, 1, -1, -1, 3, -1, 1, 2, -1, -1], [0, -1, 1, -1, -1, 2, -1, -1, -1, 4, 2], [0, -1, 1, -1, -1, 1, -1, 4, -1, -1, -1], [0, -1, 1, -1, -1, 1, -1, 2, -1, -1, 1], [0, -1, 1, -1, -1, 1, 4, -1, -1, 2, -1], [0, -1, 1, -1, -1, 1, 4, -1, 1, 1, -1], [0, -1, 1, -1, 1, -1, -1, -1, 4, -1, 4], [0, -1, 1, -1, 1, -1, -1, -1, 4, 4, -1], [0, -1, 1, -1, 1, -1, -1, 4, -1, 4, -1], [0, -1, 1, -1, 1, -1, -1, 4, 4, -1, -1], [0, -1, 1, -1, 1, -1, 4, -1, -1, 4, -1], [0, -1, 1, -1, 1, -1, 4, -1, 4, -1, -1], [0, -1, 1, -1, 1, 2, -1, -1, -1, 4, -1], [0, -1, 1, -1, 0, -1, -1, -1, 1, -1, 4], [0, -1, 1, -1, 0, -1, 1, -1, -1, -1, 4], [0, -1, 1, -1, 0, -1, 0, -1, -1, 2, -1], [0, -1, 1, -1, 0, 1, -1, -1, -1, 2, 1], [0, -1, 1, 2, -1, -1, -1, -1, 1, -1, 4], [0, -1, 1, 2, -1, -1, 1, -1, -1, -1, 4], [0, -1, 1, 2, -1, 3, -1, -1, 0, -1, 1], [0, -1, 1, 2, -1, 3, -1, 0, -1, -1, 1], [0, -1, 1, 2, -1, 3, 0, -1, -1, -1, 1], [0, -1, 1, 2, -1, 1, -1, -1, -1, 2, 1], [0, -1, 1, 2, -1, 1, 4, -1, -1, -1, -1], [0, -1, 1, 2, 0, -1, -1, 4, 1, -1, -1], [0, -1, 1, 2, 0, 3, -1, -1, 2, 2, -1], [0, -1, 1, 1, -1, -1, -1, -1, 4, -1, -1], [0, -1, 1, 1, -1, -1, 2, 4, -1, -1, -1], [0, -1, 1, 1, -1, -1, 1, 1, -1, 0, -1], [0, -1, 1, 1, -1, 4, 2, -1, -1, 2, -1], [0, -1, 1, 1, -1, 3, -1, -1, 0, -1, -1], [0, -1, 1, 1, -1, 3, 1, -1, -1, -1, -1], [0, -1, 1, 1, -1, 2, -1, 4, -1, -1, -1], [0, -1, 1, 1, 1, -1, -1, 4, -1, -1, 4], [0, -1, 1, 1, 0, 3, 0, -1, -1, -1, -1], [0, 2, -1, -1, -1, -1, -1, 4, -1, 1, -1], [0, 2, -1, -1, -1, -1, 4, -1, -1, -1, 0], [0, 2, -1, -1, -1, -1, 4, -1, -1, 0, -1], [0, 2, -1, -1, -1, -1, 4, -1, 1, 1, -1], [0, 2, -1, -1, -1, -1, 4, 1, -1, 1, 1], [0, 2, -1, -1, -1, -1, 1, -1, -1, -1, 4], [0, 2, -1, -1, -1, 3, -1, -1, -1, 0, 0], [0, 2, -1, -1, -1, 3, -1, -1, 2, 4, -1], [0, 2, -1, -1, -1, 3, -1, 2, -1, -1, 4], [0, 2, -1, -1, -1, 3, 4, -1, 1, -1, -1], [0, 2, -1, -1, -1, 3, 1, -1, -1, 0, -1], [0, 2, -1, -1, -1, 1, 4, -1, -1, 1, 1], [0, 2, -1, -1, 1, -1, 4, -1, -1, 1, -1], [0, 2, -1, -1, 1, -1, 0, 0, -1, -1, 1], [0, 2, -1, -1, 1, 3, -1, -1, -1, 1, 1], [0, 2, -1, -1, 1, 3, 4, -1, -1, -1, 4], [0, 2, -1, -1, 1, 1, -1, 1, -1, -1, 0], [0, 2, -1, -1, 0, -1, -1, -1, 1, -1, 4], [0, 2, -1, -1, 0, -1, -1, 4, -1, -1, 0], [0, 2, -1, -1, 0, -1, -1, 1, -1, -1, 4], [0, 2, -1, -1, 0, -1, 4, -1, 4, 2, -1], [0, 2, -1, -1, 0, -1, 4, -1, 0, -1, -1], [0, 2, -1, -1, 0, 3, -1, -1, -1, -1, 0], [0, 2, -1, -1, 0, 3, -1, -1, -1, 0, -1], [0, 2, -1, -1, 0, 3, -1, -1, 4, 2, -1], [0, 2, -1, -1, 0, 1, -1, -1, -1, -1, 4], [0, 2, -1, -1, 0, 1, -1, 2, 2, -1, 1], [0, 2, -1, -1, 0, 1, 4, -1, -1, -1, 1], [0, 2, -1, -1, 0, 1, 4, 4, -1, -1, -1], [0, 2, -1, 2, -1, -1, -1, -1, 1, -1, 4], [0, 2, -1, 2, -1, -1, -1, 4, -1, -1, 0], [0, 2, -1, 2, -1, -1, 4, 4, 2, -1, 2], [0, 2, -1, 2, -1, -1, 4, 2, -1, -1, 4], [0, 2, -1, 2, -1, 3, 4, 4, 2, -1, -1], [0, 2, -1, 2, -1, 3, 1, -1, -1, -1, 0], [0, 2, -1, 2, -1, 1, 1, -1, -1, 1, 0], [0, 2, -1, 2, 0, 1, -1, 4, -1, -1, -1], [0, 2, -1, 2, 0, 1, 4, -1, -1, -1, -1], [0, 2, -1, 1, -1, -1, -1, -1, -1, -1, 5], [0, 2, -1, 1, -1, -1, 4, -1, -1, 1, -1], [0, 2, -1, 1, -1, -1, 1, -1, 4, -1, -1], [0, 2, -1, 1, -1, 3, -1, -1, 0, -1, -1], [0, 2, -1, 1, -1, 3, -1, 4, -1, -1, 4], [0, 2, -1, 1, -1, 3, -1, 0, -1, -1, -1], [0, 2, -1, 1, -1, 3, 1, -1, -1, -1, 1], [0, 2, -1, 1, 1, 3, -1, -1, -1, -1, 4], [0, 2, -1, 1, 1, 3, -1, -1, -1, -1, 1], [0, 2, -1, 1, 1, 3, -1, -1, -1, 1, -1], [0, 2, -1, 1, 1, 3, -1, 1, -1, -1, -1], [0, 2, -1, 1, 0, -1, -1, 4, 4, 2, -1], [0, 2, -1, 1, 0, 4, -1, 4, -1, 2, -1], [0, 2, -1, 1, 0, 4, 2, -1, 2, -1, 2], [0, 2, -1, 1, 0, 4, 2, -1, 2, 2, -1], [0, 2, -1, 1, 0, 3, 0, -1, -1, -1, -1], [0, 2, -1, 1, 0, 2, 2, -1, 4, 2, -1], [0, 2, 3, -1, -1, 3, -1, -1, -1, -1, 0], [0, 2, 3, -1, -1, 3, -1, -1, -1, 0, -1], [0, 2, 3, -1, -1, 3, -1, -1, 0, -1, -1], [0, 2, 3, -1, 0, -1, 4, -1, -1, 2, 2], [0, 2, 3, -1, 0, -1, 4, -1, 2, -1, 2], [0, 2, 3, -1, 0, -1, 4, 2, -1, -1, -1], [0, 2, 3, -1, 0, 3, -1, -1, 2, -1, -1], [0, 2, 3, -1, 0, 3, -1, 2, -1, -1, -1], [0, 2, 3, -1, 0, 3, 4, -1, -1, -1, -1], [0, 2, 3, -1, 0, 1, -1, -1, 2, -1, -1], [0, 2, 3, 2, 1, -1, -1, -1, -1, -1, 1], [0, 2, 3, 2, 1, -1, -1, -1, -1, 1, -1], [0, 2, 3, 1, -1, -1, -1, 1, -1, 2, -1], [0, 2, 3, 1, -1, -1, -1, 1, 2, -1, -1], [0, 2, 3, 1, 0, -1, 4, -1, -1, 2, -1], [0, 2, 2, -1, -1, -1, 1, -1, 4, -1, -1], [0, 2, 2, -1, -1, -1, 0, -1, 0, -1, 1], [0, 2, 2, -1, -1, 4, -1, 4, -1, 2, -1], [0, 2, 2, -1, -1, 4, -1, 4, 2, -1, 2], [0, 2, 2, -1, 0, -1, -1, 4, -1, -1, 1], [0, 2, 2, -1, 0, 4, -1, 4, -1, -1, 2], [0, 2, 2, -1, 0, 3, -1, -1, -1, 4, 2], [0, 2, 2, -1, 0, 1, -1, 4, -1, -1, -1], [0, 2, 2, 2, -1, -1, -1, 2, 4, 4, -1], [0, 2, 2, 2, 0, 3, 1, -1, -1, -1, -1], [0, 2, 2, 1, -1, -1, -1, -1, 4, 4, 2], [0, 2, 2, 1, -1, 5, 4, -1, -1, -1, -1], [0, 2, 2, 1, -1, 4, 2, 2, 2, 2, -1], [0, 2, 2, 1, -1, 3, -1, 4, -1, 2, -1], [0, 2, 2, 1, -1, 3, 0, -1, -1, -1, -1], [0, 2, 2, 1, 0, -1, 4, -1, 4, -1, 2], [0, 2, 2, 1, 0, 2, -1, -1, 4, 2, -1], [0, 2, 1, -1, -1, -1, -1, 2, -1, 4, 2], [0, 2, 1, -1, -1, -1, -1, 2, -1, 2, 1], [0, 2, 1, -1, -1, -1, 4, -1, 4, 2, -1], [0, 2, 1, -1, -1, 2, -1, -1, 4, -1, -1], [0, 2, 1, -1, -1, 1, 4, -1, -1, -1, 1], [0, 2, 1, -1, 0, -1, -1, 4, 2, -1, 2], [0, 2, 1, -1, 0, -1, 2, -1, 4, 4, -1], [0, 2, 1, 2, -1, -1, 4, -1, -1, -1, 1], [0, 2, 1, 2, 0, -1, -1, -1, 2, 2, 1], [0, 2, 1, 2, 0, -1, 4, 4, -1, 2, 2], [0, 2, 1, 1, -1, -1, 1, -1, -1, 0, -1], [0, 1, -1, -1, -1, -1, -1, -1, 6, -1, -1], [0, 1, -1, -1, -1, -1, -1, 5, -1, -1, -1], [0, 1, -1, -1, -1, -1, 6, -1, -1, -1, -1], [0, 1, -1, -1, -1, -1, 1, 4, -1, 2, -1], [0, 1, -1, -1, -1, -1, 1, 4, 2, -1, -1], [0, 1, -1, -1, -1, -1, 0, 1, -1, -1, -1], [0, 1, -1, -1, -1, 4, -1, -1, -1, -1, 1], [0, 1, -1, -1, -1, 4, -1, -1, -1, 2, 4], [0, 1, -1, -1, -1, 3, -1, -1, 4, -1, 4], [0, 1, -1, -1, -1, 3, -1, 4, -1, -1, 4], [0, 1, -1, -1, -1, 3, -1, 4, 4, -1, -1], [0, 1, -1, -1, -1, 3, 4, -1, 4, -1, 2], [0, 1, -1, -1, -1, 3, 1, -1, -1, 1, -1], [0, 1, -1, -1, -1, 1, -1, -1, -1, 2, 1], [0, 1, -1, -1, -1, 1, -1, 4, -1, -1, 2], [0, 1, -1, -1, -1, 1, -1, 4, -1, -1, 1], [0, 1, -1, -1, -1, 1, -1, 4, 2, -1, -1], [0, 1, -1, -1, -1, 1, -1, 2, -1, -1, 1], [0, 1, -1, -1, 1, -1, -1, -1, -1, 2, 1], [0, 1, -1, -1, 1, -1, -1, 2, -1, 2, 4], [0, 1, -1, -1, 1, -1, 2, -1, -1, 2, 4], [0, 1, -1, -1, 1, 3, 4, -1, 4, -1, -1], [0, 1, -1, -1, 0, -1, -1, -1, 4, 4, 2], [0, 1, -1, -1, 0, -1, 4, 4, -1, 4, 2], [0, 1, -1, -1, 0, 4, -1, 4, 2, -1, -1], [0, 1, -1, -1, 0, 4, 2, -1, -1, -1, 4], [0, 1, -1, -1, 0, 3, -1, -1, -1, -1, 4], [0, 1, -1, -1, 0, 3, -1, -1, 4, 4, -1], [0, 1, -1, -1, 0, 3, -1, 4, -1, 2, -1], [0, 1, -1, -1, 0, 3, -1, 4, 2, -1, -1], [0, 1, -1, 2, -1, -1, -1, 4, -1, 4, 2], [0, 1, -1, 2, -1, -1, -1, 4, 4, 2, -1], [0, 1, -1, 2, -1, -1, 4, -1, 4, -1, 2], [0, 1, -1, 2, -1, -1, 4, 4, -1, -1, 2], [0, 1, -1, 2, -1, -1, 2, -1, 2, 4, 2], [0, 1, -1, 2, -1, -1, 1, 4, -1, -1, -1], [0, 1, -1, 2, -1, 3, -1, 4, -1, -1, -1], [0, 1, -1, 2, -1, 2, -1, -1, -1, 4, 2], [0, 1, -1, 2, 1, 3, 4, -1, -1, -1, -1], [0, 1, -1, 2, 0, -1, -1, 2, 1, -1, 1], [0, 1, -1, 2, 0, 2, -1, 2, 2, 1, 1], [0, 1, -1, 1, -1, -1, -1, 2, -1, 2, 1], [0, 1, -1, 1, -1, -1, -1, 2, 4, -1, -1], [0, 1, -1, 1, -1, -1, 2, -1, -1, 2, 1], [0, 1, -1, 1, -1, 2, -1, -1, -1, 2, 1], [0, 1, -1, 1, 1, -1, 2, -1, -1, -1, 4], [0, 1, -1, 1, 1, 2, -1, -1, -1, -1, 4], [0, 1, -1, 1, 1, 2, -1, 2, 2, -1, 1], [0, 1, -1, 1, 0, -1, -1, -1, 2, -1, 1], [0, 1, -1, 1, 0, -1, -1, 2, -1, -1, 1], [0, 1, -1, 1, 0, -1, 2, -1, -1, -1, 1], [0, 1, -1, 1, 0, 3, -1, -1, 2, -1, -1], [0, 1, -1, 1, 0, 3, 4, 2, -1, -1, -1], [0, 1, -1, 1, 0, 2, -1, -1, -1, -1, 1], [0, 1, 3, -1, -1, -1, -1, 4, -1, -1, 2], [0, 1, 3, -1, -1, -1, -1, 4, -1, 2, -1], [0, 1, 3, -1, 1, -1, 2, -1, 4, -1, -1], [0, 1, 3, 2, -1, -1, -1, -1, 2, -1, 1], [0, 1, 2, -1, -1, -1, -1, 2, 1, -1, 1], [0, 1, 2, -1, -1, 4, 4, -1, 2, 2, -1], [0, 1, 2, -1, 1, -1, -1, -1, 2, -1, 1], [0, 1, 2, -1, 1, -1, -1, 2, 4, -1, -1], [0, 1, 2, -1, 1, -1, 2, -1, 4, -1, -1], [0, 1, 2, -1, 1, 2, -1, -1, 4, -1, -1], [0, 1, 2, -1, 0, -1, -1, 2, -1, 1, 1], [0, 1, 2, 2, 0, 2, -1, -1, -1, 4, 4], [0, 1, 2, 1, -1, -1, -1, -1, -1, 2, 1], [0, 1, 2, 1, -1, -1, -1, -1, 4, 2, -1], [0, 1, 2, 1, -1, -1, -1, -1, 2, -1, 1], [0, 1, 2, 1, -1, -1, 2, 2, -1, -1, 4], [0, 1, 2, 1, 0, -1, 4, -1, 2, -1, -1], [0, 1, 2, 1, 0, -1, 4, 2, -1, -1, -1], [0, 1, 2, 1, 0, 3, 4, -1, -1, -1, -1], [0, 1, 1, -1, -1, -1, -1, -1, -1, 4, 2], [0, 1, 1, -1, -1, -1, -1, 4, -1, -1, 1], [0, 1, 1, -1, -1, -1, -1, 4, 1, -1, -1], [0, 1, 1, -1, 1, -1, -1, -1, -1, -1, 4], [0, 1, 1, -1, 1, -1, -1, -1, -1, 4, -1], [0, 1, 1, -1, 1, -1, -1, -1, 4, -1, -1], [0, 1, 1, -1, 1, -1, -1, 4, -1, -1, -1], [0, 1, 1, -1, 0, -1, -1, 1, 2, -1, -1], [0, 1, 1, -1, 0, -1, 4, 2, -1, 2, -1], [0, 1, 1, -1, 0, 3, -1, -1, 2, 2, -1], [0, 1, 1, 1, -1, -1, -1, 0, -1, -1, 0], [0, 1, 1, 1, -1, -1, -1, 0, -1, 0, -1], [0, 1, 1, 1, -1, -1, 0, -1, -1, -1, 0], [0, 1, 1, 1, -1, -1, 0, -1, -1, 0, -1], [0, 1, 1, 1, -1, 4, -1, -1, -1, -1, 4], [0, 1, 1, 1, 0, -1, -1, -1, -1, -1, 1], [0, 1, 1, 1, 0, 3, -1, -1, -1, -1, -1]]
0.1 650 
 [[-1, -1, -1, -1, -1, -1, -1, 4, -1, 1, 4], [-1, -1, -1, -1, -1, -1, -1, 4, 4, 5, -1], [-1, -1, -1, -1, -1, -1, -1, 4, 1, -1, 4], [-1, -1, -1, -1, -1, -1, 4, -1, 4, 5, -1], [-1, -1, -1, -1, -1, -1, 1, -1, -1, 4, 4], [-1, -1, -1, -1, -1, -1, 1, 4, -1, -1, 4], [-1, -1, -1, -1, -1, -1, 1, 4, 4, -1, 1], [-1, -1, -1, -1, -1, 6, -1, -1, -1, -1, 4], [-1, -1, -1, -1, -1, 4, -1, -1, -1, 2, 1], [-1, -1, -1, -1, -1, 3, -1, 1, 0, -1, 1], [-1, -1, -1, -1, -1, 3, 5, -1, -1, -1, 4], [-1, -1, -1, -1, -1, 3, 5, -1, -1, 4, -1], [-1, -1, -1, -1, -1, 3, 5, -1, 4, -1, -1], [-1, -1, -1, -1, -1, 3, 4, -1, 2, -1, 0], [-1, -1, -1, -1, -1, 3, 1, -1, 0, -1, 1], [-1, -1, -1, -1, -1, 3, 1, 4, -1, -1, 1], [-1, -1, -1, -1, -1, 2, -1, -1, 4, -1, 1], [-1, -1, -1, -1, -1, 1, -1, 4, 4, 4, -1], [-1, -1, -1, -1, -1, 1, -1, 4, 2, -1, 1], [-1, -1, -1, -1, 1, -1, -1, -1, 5, -1, -1], [-1, -1, -1, -1, 1, -1, 2, 4, -1, 4, 4], [-1, -1, -1, -1, 1, -1, 2, 4, 4, -1, 4], [-1, -1, -1, -1, 1, -1, 2, 4, 4, 4, -1], [-1, -1, -1, -1, 1, 2, -1, 4, -1, 4, 4], [-1, -1, -1, -1, 1, 2, -1, 4, 4, -1, 4], [-1, -1, -1, -1, 1, 2, -1, 4, 4, 4, -1], [-1, -1, -1, -1, 0, -1, -1, -1, 4, 5, -1], [-1, -1, -1, -1, 0, -1, -1, -1, 1, 4, 4], [-1, -1, -1, -1, 0, -1, -1, 5, -1, 4, 4], [-1, -1, -1, -1, 0, -1, -1, 5, 4, -1, 4], [-1, -1, -1, -1, 0, -1, -1, 5, 4, 4, -1], [-1, -1, -1, -1, 0, -1, 5, -1, -1, -1, 4], [-1, -1, -1, -1, 0, -1, 4, -1, 2, -1, 0], [-1, -1, -1, -1, 0, -1, 0, -1, -1, 4, -1], [-1, -1, -1, -1, 0, 6, -1, 4, -1, -1, -1], [-1, -1, -1, -1, 0, 6, 5, -1, -1, -1, -1], [-1, -1, -1, -1, 0, 4, -1, -1, 2, 4, 2], [-1, -1, -1, -1, 0, 4, 4, -1, 2, 4, -1], [-1, -1, -1, -1, 0, 4, 4, 2, -1, 4, -1], [-1, -1, -1, -1, 0, 3, -1, -1, 2, -1, 0], [-1, -1, -1, -1, 0, 3, -1, 4, -1, -1, 0], [-1, -1, -1, -1, 0, 3, 5, -1, -1, -1, -1], [-1, -1, -1, -1, 0, 2, -1, 2, 4, 4, 2], [-1, -1, -1, -1, 0, 1, -1, 4, -1, -1, 4], [-1, -1, -1, 3, -1, -1, -1, -1, 4, -1, -1], [-1, -1, -1, 3, -1, -1, -1, 4, -1, -1, -1], [-1, -1, -1, 2, -1, -1, 5, -1, -1, -1, 4], [-1, -1, -1, 2, -1, -1, 5, -1, 4, -1, -1], [-1, -1, -1, 2, -1, -1, 4, -1, 2, -1, 0], [-1, -1, -1, 2, -1, -1, 1, 2, -1, 2, 1], [-1, -1, -1, 2, -1, 6, -1, 4, -1, -1, -1], [-1, -1, -1, 2, -1, 3, -1, 4, -1, 4, 2], [-1, -1, -1, 2, -1, 3, 5, -1, -1, -1, -1], [-1, -1, -1, 2, -1, 2, -1, 2, 4, 4, 2], [-1, -1, -1, 2, -1, 1, -1, 4, -1, -1, 4], [-1, -1, -1, 2, -1, 1, -1, 4, -1, 4, -1], [-1, -1, -1, 2, -1, 1, 4, -1, 2, 2, -1], [-1, -1, -1, 2, -1, 1, 4, 1, -1, 2, -1], [-1, -1, -1, 2, 1, -1, -1, -1, -1, 4, 2], [-1, -1, -1, 2, 1, -1, -1, 4, 4, -1, 2], [-1, -1, -1, 2, 1, 4, 2, -1, -1, -1, 2], [-1, -1, -1, 2, 1, 4, 2, -1, -1, 2, -1], [-1, -1, -1, 2, 1, 4, 2, -1, 2, -1, -1], [-1, -1, -1, 2, 0, -1, -1, 2, 4, 4, 2], [-1, -1, -1, 2, 0, -1, 5, 4, -1, 2, -1], [-1, -1, -1, 2, 0, -1, 1, 4, 4, -1, -1], [-1, -1, -1, 2, 0, 6, -1, -1, -1, -1, -1], [-1, -1, -1, 2, 0, 4, 4, 2, -1, -1, 2], [-1, -1, -1, 2, 0, 4, 2, -1, 2, 4, -1], [-1, -1, -1, 2, 0, 1, 4, -1, -1, 2, -1], [-1, -1, -1, 1, -1, -1, -1, -1, 5, 4, 4], [-1, -1, -1, 1, -1, -1, -1, -1, 4, 5, -1], [-1, -1, -1, 1, -1, -1, -1, 5, -1, -1, 2], [-1, -1, -1, 1, -1, -1, -1, 5, -1, 2, -1], [-1, -1, -1, 1, -1, -1, -1, 4, 5, -1, -1], [-1, -1, -1, 1, -1, -1, 2, 4, -1, 4, 4], [-1, -1, -1, 1, -1, -1, 2, 4, 4, -1, 4], [-1, -1, -1, 1, -1, -1, 2, 4, 4, 4, -1], [-1, -1, -1, 1, -1, 3, -1, -1, 2, 4, 2], [-1, -1, -1, 1, -1, 3, 4, 2, -1, 4, 2], [-1, -1, -1, 1, -1, 2, -1, 4, -1, 4, 4], [-1, -1, -1, 1, -1, 2, -1, 4, 4, -1, 4], [-1, -1, -1, 1, -1, 2, -1, 4, 4, 4, -1], [-1, -1, -1, 1, 1, -1, 2, 4, -1, 4, -1], [-1, -1, -1, 1, 1, 2, -1, -1, 4, -1, 4], [-1, -1, -1, 1, 1, 2, -1, 4, -1, 4, -1], [-1, -1, -1, 1, 0, -1, -1, 5, -1, -1, -1], [-1, -1, -1, 1, 0, -1, 4, -1, 2, 4, -1], [-1, -1, -1, 1, 0, -1, 4, 2, -1, 4, -1], [-1, -1, -1, 1, 0, -1, 2, 4, 4, -1, -1], [-1, -1, -1, 1, 0, 2, -1, 4, 4, -1, -1], [-1, -1, 6, -1, -1, -1, -1, -1, -1, 2, -1], [-1, -1, 6, -1, -1, -1, -1, -1, 2, -1, -1], [-1, -1, 6, -1, 1, -1, -1, -1, -1, -1, -1], [-1, -1, 3, -1, -1, -1, -1, 4, -1, -1, 1], [-1, -1, 3, -1, -1, -1, 5, -1, -1, -1, 2], [-1, -1, 3, -1, -1, -1, 5, -1, -1, 2, -1], [-1, -1, 3, -1, -1, -1, 5, 4, -1, -1, -1], [-1, -1, 3, -1, -1, -1, 1, 4, -1, 1, -1], [-1, -1, 3, -1, 1, 3, -1, -1, -1, 1, 1], [-1, -1, 3, -1, 1, 3, -1, 1, -1, -1, -1], [-1, -1, 3, -1, 1, 3, 1, -1, -1, -1, 1], [-1, -1, 3, -1, 0, -1, 5, -1, -1, -1, -1], [-1, -1, 3, -1, 0, -1, 4, 4, 4, 2, 2], [-1, -1, 3, -1, 0, -1, 2, 2, -1, 2, 4], [-1, -1, 3, -1, 0, 2, -1, -1, -1, 2, 4], [-1, -1, 3, 2, -1, -1, -1, 4, 4, -1, 2], [-1, -1, 3, 2, -1, -1, 4, -1, 4, -1, 2], [-1, -1, 3, 2, -1, 4, 4, 4, -1, 4, -1], [-1, -1, 3, 2, 0, 2, -1, -1, -1, 4, -1], [-1, -1, 3, 1, -1, -1, -1, -1, 5, -1, -1], [-1, -1, 3, 1, -1, -1, 2, -1, 4, -1, 4], [-1, -1, 3, 1, 0, -1, -1, 2, -1, -1, 4], [-1, -1, 2, -1, -1, -1, -1, 5, -1, -1, 2], [-1, -1, 2, -1, -1, -1, -1, 5, -1, 4, -1], [-1, -1, 2, -1, -1, -1, -1, 4, -1, -1, 5], [-1, -1, 2, -1, -1, -1, -1, 2, 4, 4, 2], [-1, -1, 2, -1, -1, -1, 4, -1, 2, -1, 0], [-1, -1, 2, -1, -1, 3, 4, -1, -1, -1, 0], [-1, -1, 2, -1, -1, 2, -1, -1, 4, 4, 2], [-1, -1, 2, -1, 1, 3, -1, 4, -1, 4, 4], [-1, -1, 2, -1, 0, -1, -1, 5, -1, -1, 4], [-1, -1, 2, -1, 0, -1, -1, 5, -1, 2, -1], [-1, -1, 2, -1, 0, -1, -1, 5, 4, -1, -1], [-1, -1, 2, -1, 0, -1, 6, -1, 4, -1, -1], [-1, -1, 2, -1, 0, -1, 6, 5, -1, -1, -1], [-1, -1, 2, -1, 0, -1, 5, 4, 4, -1, -1], [-1, -1, 2, -1, 0, 3, -1, -1, -1, 0, 0], [-1, -1, 2, -1, 0, 3, -1, 5, -1, -1, -1], [-1, -1, 2, -1, 0, 3, 0, -1, 0, -1, 0], [-1, -1, 2, -1, 0, 1, -1, 1, -1, 0, 0], [-1, -1, 2, 2, -1, 4, -1, 4, -1, 2, -1], [-1, -1, 2, 2, -1, 4, -1, 4, 2, -1, -1], [-1, -1, 2, 2, -1, 1, 1, 1, 1, -1, 0], [-1, -1, 2, 2, 0, -1, 5, -1, -1, 2, -1], [-1, -1, 2, 2, 0, -1, 5, 4, -1, -1, -1], [-1, -1, 2, 2, 0, 4, 4, -1, 2, -1, 2], [-1, -1, 2, 2, 0, 1, 1, -1, 1, -1, 0], [-1, -1, 2, 1, -1, -1, -1, 5, -1, -1, -1], [-1, -1, 2, 1, -1, -1, 2, 4, -1, 4, -1], [-1, -1, 2, 1, -1, 2, -1, 4, -1, 4, -1], [-1, -1, 2, 1, -1, 1, -1, 4, -1, 1, -1], [-1, -1, 2, 1, 1, 3, 4, 4, -1, 2, 2], [-1, -1, 2, 1, 0, -1, -1, 4, -1, 1, -1], [-1, -1, 2, 1, 0, -1, 2, 4, -1, -1, 4], [-1, -1, 2, 1, 0, 3, -1, 0, 0, -1, 0], [-1, -1, 2, 1, 0, 3, 4, -1, 4, -1, 2], [-1, -1, 2, 1, 0, 3, 0, -1, -1, 0, -1], [-1, -1, 2, 1, 0, 2, -1, 4, -1, -1, 4], [-1, -1, 1, -1, -1, -1, 1, 4, 4, -1, -1], [-1, -1, 1, -1, -1, 3, -1, -1, -1, 4, 2], [-1, -1, 1, -1, -1, 3, 0, -1, 2, -1, -1], [-1, -1, 1, -1, -1, 2, -1, 4, 4, -1, 4], [-1, -1, 1, -1, 0, 4, 4, 2, -1, -1, 2], [-1, -1, 1, -1, 0, 3, -1, 4, 4, -1, 2], [-1, -1, 1, -1, 0, 1, -1, 2, -1, 2, 1], [-1, -1, 1, 2, -1, 3, -1, 4, 4, -1, 2], [-1, -1, 1, 2, -1, 3, 4, -1, 4, -1, 2], [-1, -1, 1, 2, -1, 3, 4, 4, -1, -1, 2], [-1, -1, 1, 2, 1, 4, -1, -1, -1, -1, -1], [-1, -1, 1, 2, 0, 3, -1, -1, 4, -1, 2], [-1, -1, 1, 2, 0, 3, -1, 1, 2, -1, -1], [-1, -1, 1, 1, -1, -1, 2, -1, 4, 4, -1], [-1, -1, 1, 1, -1, 3, 4, -1, -1, 4, -1], [-1, -1, 1, 1, -1, 2, -1, -1, -1, 4, 4], [-1, -1, 1, 1, -1, 2, -1, -1, 4, 4, -1], [-1, -1, 1, 1, -1, 0, -1, 0, -1, 1, -1], [-1, -1, 1, 1, 0, -1, 2, -1, 4, -1, -1], [-1, -1, 1, 1, 0, 2, -1, -1, -1, 4, -1], [-1, -1, 1, 1, 0, 2, -1, -1, 4, -1, -1], [-1, 2, -1, -1, -1, -1, -1, 4, 4, -1, 1], [-1, 2, -1, -1, -1, -1, -1, 4, 2, 1, -1], [-1, 2, -1, -1, -1, -1, 5, 4, 4, -1, 2], [-1, 2, -1, -1, -1, -1, 1, 4, 4, -1, -1], [-1, 2, -1, -1, -1, 4, -1, -1, 2, 4, 2], [-1, 2, -1, -1, -1, 4, 5, -1, 4, -1, -1], [-1, 2, -1, -1, -1, 3, -1, -1, 4, -1, 1], [-1, 2, -1, -1, -1, 3, 4, 1, -1, -1, -1], [-1, 2, -1, -1, -1, 1, -1, 4, -1, -1, 4], [-1, 2, -1, -1, -1, 1, 4, -1, 2, 2, -1], [-1, 2, -1, -1, 1, 3, -1, -1, -1, 4, 4], [-1, 2, -1, -1, 1, 3, 4, -1, -1, 4, -1], [-1, 2, -1, -1, 0, 4, -1, -1, 2, 4, -1], [-1, 2, -1, -1, 0, 2, -1, -1, 4, 4, 2], [-1, 2, -1, -1, 0, 1, 4, -1, 2, -1, -1], [-1, 2, -1, 3, -1, 3, -1, -1, -1, -1, -1], [-1, 2, -1, 2, -1, -1, 4, 1, -1, 2, -1], [-1, 2, -1, 2, -1, 2, -1, -1, 4, 4, 2], [-1, 2, -1, 2, -1, 1, 4, -1, -1, 2, -1], [-1, 2, -1, 2, 0, -1, 1, -1, -1, -1, 4], [-1, 2, -1, 2, 0, 3, -1, 4, 4, -1, 2], [-1, 2, -1, 2, 0, 3, 4, -1, 4, 2, 2], [-1, 2, -1, 1, -1, -1, 4, -1, 2, 4, -1], [-1, 2, -1, 1, -1, -1, 4, 2, -1, 4, -1], [-1, 2, -1, 1, -1, -1, 2, 4, -1, 4, -1], [-1, 2, -1, 1, -1, -1, 2, 4, 4, -1, -1], [-1, 2, -1, 1, -1, 3, -1, -1, 4, 4, 4], [-1, 2, -1, 1, -1, 3, 4, 4, -1, 4, 4], [-1, 2, -1, 1, -1, 2, -1, 4, -1, 4, -1], [-1, 2, -1, 1, -1, 2, -1, 4, 4, -1, -1], [-1, 2, -1, 1, 0, 3, 4, -1, 4, -1, 4], [-1, 2, -1, 1, 0, 3, 4, -1, 4, 4, -1], [-1, 2, -1, 1, 0, 3, 4, 4, -1, 4, -1], [-1, 2, 3, -1, -1, -1, -1, 4, -1, 1, -1], [-1, 2, 3, -1, -1, -1, -1, 1, -1, 2, 1], [-1, 2, 3, -1, -1, -1, 4, 1, -1, -1, -1], [-1, 2, 3, -1, -1, -1, 1, -1, -1, 2, 1], [-1, 2, 3, -1, -1, 3, 4, -1, -1, -1, 4], [-1, 2, 3, -1, 1, 3, -1, -1, -1, -1, 1], [-1, 2, 3, -1, 0, 4, 2, -1, 2, -1, -1], [-1, 2, 3, 2, -1, 4, 2, -1, -1, -1, -1], [-1, 2, 3, 1, -1, 3, 4, -1, -1, 4, -1], [-1, 2, 3, 1, 0, -1, 4, 2, -1, -1, -1], [-1, 2, 2, -1, -1, -1, 2, 4, -1, 4, 4], [-1, 2, 2, -1, -1, 2, -1, 4, -1, 4, 4], [-1, 2, 2, -1, -1, 1, 1, 1, 1, -1, 0], [-1, 2, 2, -1, 0, -1, -1, -1, -1, -1, 5], [-1, 2, 2, -1, 0, -1, -1, 4, -1, 1, 1], [-1, 2, 2, -1, 0, -1, 1, 1, -1, 0, 0], [-1, 2, 2, -1, 0, -1, 1, 1, 1, -1, 0], [-1, 2, 2, -1, 0, 3, -1, -1, 0, -1, 0], [-1, 2, 2, -1, 0, 3, -1, -1, 0, 0, -1], [-1, 2, 2, -1, 0, 1, -1, -1, 1, -1, 0], [-1, 2, 2, -1, 0, 1, -1, 1, -1, -1, 0], [-1, 2, 2, 2, -1, -1, 5, 4, -1, -1, -1], [-1, 2, 2, 2, -1, -1, 1, -1, 1, -1, 0], [-1, 2, 2, 2, -1, 4, -1, -1, 4, 2, -1], [-1, 2, 2, 2, 0, -1, 5, -1, -1, -1, -1], [-1, 2, 2, 2, 0, 1, 4, -1, -1, -1, -1], [-1, 2, 2, 1, -1, -1, -1, 4, 1, 1, -1], [-1, 2, 2, 1, -1, -1, 2, 4, -1, -1, 4], [-1, 2, 2, 1, -1, 3, 4, -1, 4, -1, 2], [-1, 2, 2, 1, -1, 2, -1, 4, -1, -1, 4], [-1, 2, 2, 1, 0, -1, 2, 4, -1, -1, -1], [-1, 2, 2, 1, 0, 3, -1, -1, -1, -1, 0], [-1, 2, 2, 1, 0, 3, -1, -1, -1, 0, -1], [-1, 2, 2, 1, 0, 3, -1, -1, 0, -1, -1], [-1, 2, 2, 1, 0, 3, -1, 0, -1, -1, -1], [-1, 2, 1, -1, -1, -1, 2, 4, 4, -1, -1], [-1, 2, 1, -1, -1, 2, -1, 4, -1, -1, 4], [-1, 2, 1, -1, -1, 2, -1, 4, 4, -1, -1], [-1, 2, 1, -1, 0, -1, 1, -1, -1, -1, 4], [-1, 2, 1, -1, 0, 3, 4, 4, -1, -1, 2], [-1, 2, 1, -1, 0, 2, -1, -1, 4, 4, -1], [-1, 2, 1, 2, -1, -1, 4, -1, 4, 2, 2], [-1, 2, 1, 2, -1, 3, -1, 4, -1, -1, 2], [-1, 2, 1, 2, 0, -1, 4, -1, 4, 2, -1], [-1, 2, 1, 2, 0, 3, 4, 4, -1, 2, -1], [-1, 2, 1, 1, 0, -1, -1, -1, -1, 4, 4], [-1, 2, 1, 1, 0, 4, -1, -1, -1, 2, -1], [-1, 2, 1, 1, 0, 4, -1, -1, 2, -1, -1], [-1, 2, 1, 1, 0, 4, -1, 2, -1, -1, -1], [-1, 1, -1, -1, -1, -1, -1, -1, 4, 5, -1], [-1, 1, -1, -1, -1, -1, -1, 5, -1, -1, 4], [-1, 1, -1, -1, -1, -1, -1, 5, 4, 4, -1], [-1, 1, -1, -1, -1, -1, 5, -1, -1, -1, 4], [-1, 1, -1, -1, -1, -1, 0, -1, 2, -1, -1], [-1, 1, -1, -1, -1, 4, 4, 2, -1, -1, 2], [-1, 1, -1, -1, -1, 4, 4, 2, -1, 2, -1], [-1, 1, -1, -1, -1, 3, -1, 1, 2, 2, -1], [-1, 1, -1, -1, -1, 3, 5, -1, -1, -1, -1], [-1, 1, -1, -1, -1, 1, 1, 4, -1, 2, -1], [-1, 1, -1, -1, 1, -1, 2, 4, -1, -1, 4], [-1, 1, -1, -1, 1, 2, -1, -1, 4, 4, -1], [-1, 1, -1, -1, 1, 2, -1, 4, -1, -1, 4], [-1, 1, -1, -1, 0, -1, -1, 5, -1, 4, -1], [-1, 1, -1, -1, 0, -1, 6, -1, -1, -1, -1], [-1, 1, -1, -1, 0, -1, 5, -1, -1, 4, -1], [-1, 1, -1, -1, 0, -1, 5, -1, 4, -1, -1], [-1, 1, -1, -1, 0, -1, 5, -1, 2, 2, -1], [-1, 1, -1, -1, 0, -1, 5, 4, -1, -1, -1], [-1, 1, -1, -1, 0, 4, 4, -1, 2, -1, 2], [-1, 1, -1, -1, 0, 4, 4, 2, -1, -1, -1], [-1, 1, -1, -1, 0, 3, -1, 5, -1, -1, -1], [-1, 1, -1, -1, 0, 3, 0, -1, -1, 2, -1], [-1, 1, -1, 2, -1, -1, -1, -1, -1, 5, 4], [-1, 1, -1, 2, -1, -1, 5, -1, -1, 4, -1], [-1, 1, -1, 2, -1, -1, 1, 2, -1, -1, 1], [-1, 1, -1, 2, -1, 4, 4, -1, 2, -1, 2], [-1, 1, -1, 2, -1, 4, 4, 2, -1, -1, -1], [-1, 1, -1, 2, 1, -1, -1, 4, -1, 4, -1], [-1, 1, -1, 2, 1, -1, -1, 4, 4, -1, -1], [-1, 1, -1, 2, 1, 4, -1, -1, 2, -1, 2], [-1, 1, -1, 2, 1, 4, -1, -1, 2, 2, -1], [-1, 1, -1, 2, 1, 4, -1, 2, -1, -1, -1], [-1, 1, -1, 2, 1, 4, 2, -1, -1, -1, -1], [-1, 1, -1, 2, 0, -1, -1, -1, -1, 5, -1], [-1, 1, -1, 2, 0, -1, 5, -1, -1, 2, -1], [-1, 1, -1, 2, 0, 4, 4, -1, -1, 2, 2], [-1, 1, -1, 2, 0, 3, -1, 1, 2, -1, -1], [-1, 1, -1, 1, -1, -1, 2, -1, 4, -1, 4], [-1, 1, -1, 1, -1, -1, 2, -1, 4, 4, -1], [-1, 1, -1, 1, -1, -1, 0, -1, -1, 1, 1], [-1, 1, -1, 1, -1, 3, 0, -1, -1, 0, 0], [-1, 1, -1, 1, -1, 2, -1, -1, 4, -1, 4], [-1, 1, -1, 1, -1, 2, -1, -1, 4, 4, -1], [-1, 1, -1, 1, -1, 0, 0, -1, -1, 1, -1], [-1, 1, -1, 1, 1, 3, -1, -1, -1, 0, 0], [-1, 1, -1, 1, 1, 3, -1, -1, 0, -1, 0], [-1, 1, -1, 1, 1, 3, -1, 0, -1, -1, 0], [-1, 1, -1, 1, 1, 3, 0, -1, -1, -1, 0], [-1, 1, -1, 1, 1, 3, 0, -1, -1, 0, -1], [-1, 1, -1, 1, 1, 2, -1, -1, -1, 4, 4], [-1, 1, -1, 1, 1, 2, 2, -1, -1, 4, -1], [-1, 1, -1, 1, 0, -1, 0, -1, -1, 1, -1], [-1, 1, 3, -1, -1, -1, -1, 4, 4, -1, 2], [-1, 1, 3, -1, -1, -1, -1, 4, 4, 2, -1], [-1, 1, 3, -1, -1, -1, -1, 2, -1, 0, 0], [-1, 1, 3, -1, -1, -1, 4, -1, 4, -1, 2], [-1, 1, 3, -1, -1, -1, 4, -1, 4, 2, -1], [-1, 1, 3, -1, -1, 4, -1, 4, -1, -1, 2], [-1, 1, 3, -1, -1, 4, -1, 4, -1, 2, -1], [-1, 1, 3, -1, -1, 4, -1, 4, 2, -1, -1], [-1, 1, 3, -1, -1, 4, 4, -1, -1, -1, 4], [-1, 1, 3, -1, -1, 4, 4, -1, -1, 2, -1], [-1, 1, 3, -1, -1, 2, -1, -1, -1, 4, 4], [-1, 1, 3, -1, -1, 2, -1, 2, -1, 0, -1], [-1, 1, 3, -1, 1, 4, -1, -1, 2, 2, -1], [-1, 1, 3, -1, 0, -1, -1, -1, 4, -1, 4], [-1, 1, 3, -1, 0, -1, -1, 4, 4, -1, -1], [-1, 1, 3, -1, 0, -1, 4, -1, 4, -1, -1], [-1, 1, 3, -1, 0, -1, 4, 4, -1, -1, 2], [-1, 1, 3, -1, 0, 4, -1, 4, -1, -1, -1], [-1, 1, 3, 2, -1, -1, -1, -1, -1, 4, -1], [-1, 1, 3, 2, -1, -1, -1, -1, 4, -1, -1], [-1, 1, 3, 2, -1, -1, 4, 4, -1, -1, 2], [-1, 1, 3, 2, -1, 4, -1, 4, -1, -1, -1], [-1, 1, 3, 2, -1, 4, 4, -1, -1, -1, -1], [-1, 1, 3, 2, 0, -1, -1, 4, -1, -1, 4], [-1, 1, 3, 2, 0, -1, -1, 4, -1, -1, 2], [-1, 1, 2, -1, -1, -1, 5, 4, 4, -1, -1], [-1, 1, 2, -1, -1, 3, -1, -1, 0, -1, 0], [-1, 1, 2, -1, -1, 3, -1, 0, -1, -1, 0], [-1, 1, 2, -1, -1, 3, 0, -1, -1, -1, 0], [-1, 1, 2, -1, -1, 3, 0, -1, -1, 0, -1], [-1, 1, 2, -1, 0, -1, -1, 5, -1, -1, -1], [-1, 1, 2, -1, 0, -1, -1, 4, -1, 2, 4], [-1, 1, 2, -1, 0, -1, -1, 4, 2, -1, 4], [-1, 1, 2, 2, -1, 4, 4, -1, -1, 2, 2], [-1, 1, 2, 2, -1, 3, -1, -1, -1, -1, 0], [-1, 1, 2, 2, -1, 3, -1, -1, -1, 0, -1], [-1, 1, 2, 2, -1, 3, -1, -1, 0, -1, -1], [-1, 1, 2, 2, -1, 3, -1, 0, -1, -1, -1], [-1, 1, 2, 2, -1, 3, 0, -1, -1, -1, -1], [-1, 1, 2, 1, -1, 1, -1, 1, 1, -1, 2], [-1, 1, 2, 1, 1, -1, 2, -1, 4, -1, -1], [-1, 1, 2, 1, 1, 4, -1, 2, -1, 2, -1], [-1, 1, 2, 1, 1, 4, 2, -1, -1, -1, -1], [-1, 1, 2, 1, 1, 2, -1, -1, 4, -1, -1], [-1, 1, 1, -1, -1, 3, -1, 1, 2, -1, -1], [-1, 1, 1, -1, 1, 3, -1, -1, -1, -1, 0], [-1, 1, 1, -1, 1, 3, -1, -1, -1, 0, -1], [-1, 1, 1, -1, 0, -1, 0, -1, -1, 2, -1], [-1, 1, 1, 2, -1, 4, -1, 2, -1, 2, 2], [-1, 1, 1, 2, -1, 4, -1, 2, 2, -1, 2], [-1, 1, 1, 2, -1, 4, -1, 2, 2, 2, -1], [-1, 1, 1, 1, -1, -1, -1, 0, 0, -1, 1], [-1, 1, 1, 1, -1, 3, -1, -1, -1, -1, 0], [-1, 1, 1, 1, -1, 3, -1, -1, -1, 0, -1], [-1, 1, 1, 1, 1, 3, -1, -1, 0, -1, -1], [-1, 1, 1, 1, 0, 3, -1, 0, 0, -1, -1], [-1, 1, 1, 1, 0, 3, 0, -1, 0, -1, -1], [2, -1, -1, -1, -1, 4, -1, -1, -1, -1, 2], [2, -1, -1, -1, -1, 4, -1, -1, 2, -1, -1], [2, -1, -1, -1, -1, 4, -1, 2, -1, -1, -1], [1, -1, -1, -1, 0, 3, -1, -1, 4, 4, -1], [1, -1, -1, 2, -1, 4, -1, 2, 2, -1, 2], [1, -1, -1, 1, -1, 0, -1, 0, -1, 1, -1], [1, -1, -1, 1, -1, 0, 0, -1, -1, 1, -1], [1, -1, -1, 1, 0, 0, -1, -1, -1, 1, -1], [1, -1, 2, -1, 1, 4, 4, -1, -1, -1, -1], [1, -1, 2, -1, 1, 3, -1, 0, -1, -1, 0], [1, -1, 2, -1, 1, 3, -1, 0, -1, 0, -1], [1, -1, 2, -1, 1, 3, 0, -1, 0, -1, 0], [1, -1, 2, -1, 1, 3, 0, -1, 0, 0, -1], [1, -1, 2, 2, -1, 3, 4, -1, -1, -1, -1], [1, -1, 2, 1, 1, 4, -1, -1, -1, -1, -1], [1, -1, 2, 1, 0, -1, 0, -1, 1, -1, -1], [1, -1, 1, 1, -1, -1, -1, 0, 0, 1, -1], [1, -1, 1, 1, -1, 0, -1, -1, -1, 1, -1], [1, -1, 1, 1, 0, -1, -1, -1, 0, -1, 1], [1, 2, -1, -1, -1, 3, -1, -1, 4, -1, -1], [1, 2, -1, -1, 1, -1, 4, -1, -1, -1, 2], [1, 2, -1, -1, 0, 4, -1, -1, -1, 4, -1], [1, 2, -1, 2, -1, 4, 2, -1, -1, -1, -1], [1, 2, -1, 1, 1, -1, 4, -1, -1, 2, -1], [1, 2, 3, 2, -1, -1, -1, 0, -1, -1, 0], [1, 2, 3, 2, -1, -1, 0, -1, -1, -1, 0], [1, 2, 3, 2, -1, -1, 0, -1, -1, 0, -1], [1, 2, 3, 2, -1, -1, 0, -1, 0, -1, -1], [1, 2, 2, -1, -1, 1, -1, 1, -1, -1, 0], [1, 2, 2, -1, 0, 1, -1, -1, -1, -1, 0], [1, 1, -1, -1, -1, -1, -1, -1, 2, 4, -1], [1, 1, -1, -1, -1, -1, 0, 0, 1, -1, -1], [1, 1, -1, -1, -1, 3, 0, 1, -1, -1, -1], [1, 1, -1, -1, -1, 0, -1, 0, -1, 1, -1], [1, 1, -1, -1, 1, 4, -1, -1, -1, 2, -1], [1, 1, -1, -1, 1, 3, -1, -1, -1, 0, -1], [1, 1, -1, -1, 1, 3, -1, -1, 0, -1, -1], [1, 1, -1, -1, 1, 3, -1, 0, -1, -1, 0], [1, 1, -1, -1, 1, 3, 1, -1, -1, -1, -1], [1, 1, -1, 2, -1, 3, -1, -1, 2, -1, -1], [1, 1, -1, 1, -1, -1, -1, -1, 0, -1, 1], [1, 1, -1, 1, -1, -1, -1, 0, -1, -1, 1], [1, 1, -1, 1, -1, -1, -1, 0, -1, 1, -1], [1, 1, -1, 1, -1, -1, 0, -1, -1, -1, 1], [1, 1, -1, 1, -1, -1, 0, -1, -1, 1, -1], [1, 1, -1, 1, -1, 3, -1, -1, -1, 1, 1], [1, 1, -1, 1, -1, 3, -1, -1, -1, 0, -1], [1, 1, -1, 1, -1, 3, -1, -1, 1, -1, 1], [1, 1, -1, 1, -1, 3, -1, -1, 0, -1, -1], [1, 1, -1, 1, -1, 3, -1, 0, -1, -1, -1], [1, 1, -1, 1, -1, 3, 0, -1, -1, -1, -1], [1, 1, -1, 1, -1, 1, 1, 1, 1, 2, -1], [1, 1, -1, 1, 1, 3, -1, -1, -1, -1, 0], [1, 1, 2, -1, -1, 3, -1, 0, -1, -1, -1], [1, 1, 2, -1, -1, 3, 0, -1, -1, -1, -1], [1, 1, 1, -1, -1, 3, -1, -1, -1, -1, 0], [1, 1, 1, -1, -1, 3, -1, -1, 0, 0, -1], [0, -1, -1, -1, -1, -1, 2, 4, -1, -1, 1], [0, -1, -1, -1, -1, -1, 1, 4, 4, -1, -1], [0, -1, -1, -1, -1, 6, -1, 4, -1, -1, -1], [0, -1, -1, -1, -1, 3, -1, -1, 2, -1, 0], [0, -1, -1, -1, -1, 3, -1, 5, -1, 4, -1], [0, -1, -1, -1, -1, 3, -1, 4, -1, -1, 0], [0, -1, -1, -1, -1, 3, 1, -1, 4, -1, -1], [0, -1, -1, -1, -1, 2, -1, 4, -1, -1, 1], [0, -1, -1, -1, -1, 1, 5, -1, -1, -1, -1], [0, -1, -1, -1, 1, -1, 5, 4, -1, -1, 2], [0, -1, -1, -1, 1, 1, -1, 1, 1, -1, 0], [0, -1, -1, -1, 0, -1, -1, -1, -1, 4, 1], [0, -1, -1, -1, 0, -1, -1, 4, 4, -1, 1], [0, -1, -1, -1, 0, -1, 6, 5, -1, -1, -1], [0, -1, -1, -1, 0, -1, 5, 4, 4, -1, -1], [0, -1, -1, -1, 0, -1, 4, -1, 0, -1, 0], [0, -1, -1, -1, 0, -1, 1, -1, 4, 1, -1], [0, -1, -1, -1, 0, 6, -1, -1, -1, -1, -1], [0, -1, -1, -1, 0, 3, 4, -1, -1, -1, 0], [0, -1, -1, -1, 0, 3, 4, 4, 4, 4, 2], [0, -1, -1, -1, 0, 2, -1, -1, 4, 4, 2], [0, -1, -1, 2, -1, -1, -1, -1, -1, 4, 1], [0, -1, -1, 2, -1, -1, -1, -1, 1, 4, -1], [0, -1, -1, 2, -1, -1, 5, 4, -1, 2, -1], [0, -1, -1, 2, -1, -1, 1, 2, -1, -1, 1], [0, -1, -1, 2, -1, 6, -1, -1, -1, -1, -1], [0, -1, -1, 2, -1, 1, -1, -1, 2, 2, 1], [0, -1, -1, 2, -1, 1, -1, 2, -1, -1, 1], [0, -1, -1, 2, -1, 1, -1, 2, 1, -1, -1], [0, -1, -1, 2, 0, -1, 5, -1, -1, 2, -1], [0, -1, -1, 2, 0, -1, 5, 4, -1, -1, -1], [0, -1, -1, 2, 0, -1, 1, -1, -1, 4, -1], [0, -1, -1, 2, 0, 1, 4, -1, 4, -1, -1], [0, -1, -1, 1, -1, -1, -1, 4, 1, 1, 1], [0, -1, -1, 1, -1, 3, -1, 0, -1, 0, 0], [0, -1, -1, 1, -1, 3, -1, 0, 0, -1, 0], [0, -1, -1, 1, -1, 3, 0, -1, -1, 0, 0], [0, -1, -1, 1, -1, 3, 0, -1, 0, -1, 0], [0, -1, -1, 1, -1, 1, 4, -1, -1, 1, 1], [0, -1, -1, 1, 1, -1, 4, 1, -1, -1, -1], [0, -1, -1, 1, 1, -1, 2, 4, -1, -1, 4], [0, -1, -1, 1, 1, 3, 4, 4, -1, 4, 4], [0, -1, -1, 1, 1, 2, -1, 4, -1, -1, 4], [0, -1, -1, 1, 1, 2, 2, -1, 4, 4, -1], [0, -1, -1, 1, 0, -1, -1, -1, 4, -1, 1], [0, -1, -1, 1, 0, 3, -1, -1, -1, -1, 0], [0, -1, -1, 1, 0, 3, -1, -1, -1, 0, -1], [0, -1, -1, 1, 0, 3, 4, -1, -1, 4, 2], [0, -1, -1, 1, 0, 3, 0, -1, 0, -1, -1], [0, -1, 3, -1, -1, -1, -1, 4, -1, 1, -1], [0, -1, 3, -1, -1, -1, 5, -1, -1, -1, -1], [0, -1, 3, -1, -1, 1, -1, -1, 2, -1, 1], [0, -1, 3, -1, 0, -1, -1, -1, 2, 1, 1], [0, -1, 3, -1, 0, -1, -1, 4, 4, 2, 2], [0, -1, 3, -1, 0, -1, 4, -1, 4, 2, -1], [0, -1, 3, -1, 0, -1, 2, -1, -1, 2, 4], [0, -1, 3, -1, 0, 2, -1, 2, 2, -1, 4], [0, -1, 3, 2, -1, -1, 2, 2, -1, -1, 0], [0, -1, 3, 2, -1, 2, -1, 2, -1, -1, 0], [0, -1, 3, 1, 0, 4, -1, -1, 4, -1, 4], [0, -1, 2, -1, -1, -1, 5, -1, -1, -1, 4], [0, -1, 2, -1, -1, -1, 4, -1, -1, 0, 0], [0, -1, 2, -1, -1, 3, -1, -1, -1, 0, 0], [0, -1, 2, -1, -1, 3, -1, -1, 0, -1, 0], [0, -1, 2, -1, -1, 3, -1, 0, -1, 0, -1], [0, -1, 2, -1, -1, 3, 0, -1, -1, 0, -1], [0, -1, 2, -1, -1, 3, 0, 0, -1, -1, 0], [0, -1, 2, -1, 1, 3, -1, 4, -1, -1, 4], [0, -1, 2, -1, 1, 2, -1, -1, -1, 4, 2], [0, -1, 2, -1, 0, -1, -1, -1, 4, -1, 1], [0, -1, 2, -1, 0, -1, -1, 5, -1, -1, -1], [0, -1, 2, -1, 0, -1, 4, -1, -1, 0, -1], [0, -1, 2, -1, 0, 3, -1, -1, -1, -1, 0], [0, -1, 2, -1, 0, 3, -1, -1, -1, 0, -1], [0, -1, 2, -1, 0, 3, -1, -1, 0, -1, -1], [0, -1, 2, 2, 0, 4, 4, -1, -1, 2, 2], [0, -1, 2, 2, 0, 4, 4, -1, 2, 2, -1], [0, -1, 2, 2, 0, 2, -1, 2, 4, 4, -1], [0, -1, 2, 1, -1, -1, 2, 4, 4, -1, -1], [0, -1, 2, 1, -1, 3, -1, -1, -1, -1, 0], [0, -1, 2, 1, -1, 3, 0, -1, 0, -1, -1], [0, -1, 2, 1, -1, 2, -1, 4, 4, -1, -1], [0, -1, 2, 1, 0, 3, -1, -1, 4, 2, -1], [0, -1, 2, 1, 0, 3, -1, 0, -1, -1, -1], [0, -1, 1, -1, -1, -1, -1, 5, -1, -1, -1], [0, -1, 1, -1, -1, -1, 2, 4, 4, -1, -1], [0, -1, 1, -1, -1, -1, 1, 4, 1, 1, -1], [0, -1, 1, -1, -1, 2, -1, 4, 4, -1, -1], [0, -1, 1, -1, -1, 1, -1, -1, 2, 2, 1], [0, -1, 1, -1, 0, 3, 4, 4, -1, -1, 2], [0, -1, 1, 2, -1, -1, 2, -1, 2, 4, 2], [0, -1, 1, 2, -1, 3, -1, 4, 2, -1, -1], [0, -1, 1, 2, -1, 1, -1, 4, -1, 2, -1], [0, -1, 1, 2, 0, -1, 1, -1, -1, -1, 4], [0, -1, 1, 2, 0, 3, -1, -1, -1, -1, 4], [0, -1, 1, 2, 0, 3, -1, 4, -1, -1, 2], [0, -1, 1, 1, -1, -1, 2, -1, 4, -1, -1], [0, -1, 1, 1, -1, -1, 2, 4, -1, -1, -1], [0, -1, 1, 1, -1, 3, -1, -1, -1, 4, -1], [0, -1, 1, 1, -1, 3, -1, -1, -1, 0, -1], [0, -1, 1, 1, -1, 3, -1, -1, 4, -1, -1], [0, -1, 1, 1, -1, 3, -1, -1, 0, -1, 0], [0, -1, 1, 1, -1, 3, 0, 0, -1, -1, 0], [0, -1, 1, 1, -1, 2, -1, -1, 4, -1, -1], [0, -1, 1, 1, -1, 2, -1, 4, -1, -1, -1], [0, -1, 1, 1, 1, -1, -1, 4, -1, 4, -1], [0, -1, 1, 1, 1, -1, -1, 4, 4, -1, 4], [0, -1, 1, 1, 0, 3, -1, -1, 0, -1, -1], [0, -1, 1, 1, 0, 3, -1, 0, -1, -1, -1], [0, 2, -1, -1, -1, -1, -1, 5, -1, -1, 2], [0, 2, -1, -1, -1, -1, 4, -1, -1, 0, 0], [0, 2, -1, -1, -1, -1, 1, -1, 4, -1, 1], [0, 2, -1, -1, -1, -1, 1, -1, 1, -1, 4], [0, 2, -1, -1, -1, 3, -1, 1, 0, -1, -1], [0, 2, -1, -1, -1, 3, 4, -1, -1, -1, 0], [0, 2, -1, -1, -1, 3, 1, -1, 0, -1, -1], [0, 2, -1, -1, -1, 2, -1, 4, -1, 4, 4], [0, 2, -1, -1, -1, 1, -1, 4, 4, -1, -1], [0, 2, -1, -1, 1, -1, 4, 1, -1, -1, -1], [0, 2, -1, -1, 0, -1, -1, 4, -1, -1, 0], [0, 2, -1, -1, 0, -1, 4, -1, -1, -1, 0], [0, 2, -1, -1, 0, -1, 4, -1, -1, 0, -1], [0, 2, -1, -1, 0, -1, 1, -1, -1, -1, 4], [0, 2, -1, -1, 0, -1, 1, 4, -1, 1, -1], [0, 2, -1, -1, 0, 1, -1, 4, -1, 1, -1], [0, 2, -1, 2, -1, -1, 2, -1, 4, 4, 2], [0, 2, -1, 2, -1, -1, 1, -1, -1, -1, 4], [0, 2, -1, 2, -1, 3, -1, 2, -1, -1, 4], [0, 2, -1, 2, -1, 3, 4, 4, 2, -1, 2], [0, 2, -1, 2, 0, -1, -1, -1, 1, -1, 4], [0, 2, -1, 1, -1, -1, 4, -1, -1, -1, 0], [0, 2, -1, 1, -1, -1, 4, -1, -1, 1, 1], [0, 2, -1, 1, -1, -1, 4, -1, 1, 1, -1], [0, 2, -1, 1, -1, -1, 4, 1, -1, 1, -1], [0, 2, -1, 1, -1, 3, -1, -1, -1, 0, -1], [0, 2, -1, 1, -1, 3, -1, -1, 0, -1, 0], [0, 2, -1, 1, -1, 3, -1, 4, -1, 4, 4], [0, 2, -1, 1, -1, 3, -1, 0, -1, -1, 0], [0, 2, -1, 1, -1, 3, 0, -1, -1, -1, 0], [0, 2, -1, 1, 1, 3, -1, -1, -1, -1, 1], [0, 2, -1, 1, 1, 3, -1, 4, -1, -1, 4], [0, 2, -1, 1, 0, -1, 2, 4, -1, -1, 4], [0, 2, -1, 1, 0, 3, -1, -1, 0, -1, -1], [0, 2, -1, 1, 0, 3, -1, 0, -1, -1, -1], [0, 2, -1, 1, 0, 2, -1, 4, -1, -1, 4], [0, 2, 3, -1, -1, 3, -1, -1, -1, 4, 4], [0, 2, 3, -1, -1, 3, -1, -1, 0, -1, 0], [0, 2, 3, -1, -1, 3, -1, -1, 0, 0, -1], [0, 2, 3, -1, -1, 3, -1, 1, -1, -1, -1], [0, 2, 3, -1, -1, 3, -1, 0, -1, -1, 0], [0, 2, 3, -1, 0, -1, -1, -1, -1, 2, 4], [0, 2, 3, -1, 0, -1, 4, 2, -1, -1, 2], [0, 2, 3, 2, 1, -1, -1, -1, -1, 1, -1], [0, 2, 3, 1, 0, -1, -1, -1, -1, -1, 4], [0, 2, 2, -1, -1, -1, 4, -1, -1, -1, 0], [0, 2, 2, -1, -1, 3, -1, -1, -1, 0, -1], [0, 2, 2, -1, 1, 3, -1, -1, 4, 4, -1], [0, 2, 2, -1, 0, 4, -1, 4, 2, -1, 2], [0, 2, 2, -1, 0, 4, 4, 4, 2, -1, -1], [0, 2, 2, 2, 0, -1, 4, 4, 2, -1, 2], [0, 2, 2, 2, 0, -1, 4, 2, -1, -1, 4], [0, 2, 2, 1, -1, 3, -1, -1, 0, -1, -1], [0, 2, 2, 1, -1, 3, -1, 0, -1, -1, -1], [0, 2, 2, 1, -1, 3, 4, 4, -1, 2, 2], [0, 2, 2, 1, 0, -1, -1, 4, 4, 2, -1], [0, 2, 2, 1, 0, 3, -1, -1, 4, -1, 2], [0, 2, 2, 1, 0, 3, 4, -1, 4, -1, -1], [0, 2, 2, 1, 0, 3, 0, -1, -1, -1, -1], [0, 2, 2, 1, 0, 2, -1, 4, -1, -1, -1], [0, 2, 1, -1, -1, -1, 2, 4, -1, -1, -1], [0, 2, 1, -1, -1, 3, -1, -1, -1, 4, -1], [0, 2, 1, -1, -1, 2, -1, -1, 4, 4, -1], [0, 2, 1, -1, -1, 2, -1, 4, -1, -1, -1], [0, 2, 1, -1, 0, -1, 4, -1, 4, 2, -1], [0, 2, 1, -1, 0, 3, -1, 4, -1, -1, 2], [0, 2, 1, -1, 0, 3, 4, 4, -1, 2, -1], [0, 2, 1, -1, 0, 2, -1, -1, 4, -1, 4], [0, 2, 1, 2, -1, -1, -1, 2, 2, 2, 1], [0, 2, 1, 2, -1, -1, 4, -1, 4, 2, -1], [0, 2, 1, 2, -1, 3, 4, 4, -1, 2, -1], [0, 2, 1, 2, 0, -1, -1, 2, -1, 2, 1], [0, 2, 1, 2, 0, 3, -1, 4, -1, 2, -1], [0, 1, -1, -1, -1, -1, -1, -1, -1, 5, 4], [0, 1, -1, -1, -1, -1, -1, 5, -1, 4, -1], [0, 1, -1, -1, -1, -1, 5, -1, 2, 2, -1], [0, 1, -1, -1, -1, -1, 5, 4, -1, 2, -1], [0, 1, -1, -1, -1, 4, -1, -1, -1, -1, 1], [0, 1, -1, -1, -1, 1, -1, 4, -1, 2, -1], [0, 1, -1, -1, 1, -1, -1, 2, -1, 2, 1], [0, 1, -1, -1, 1, 3, 4, -1, 4, -1, 4], [0, 1, -1, -1, 0, -1, -1, 5, -1, -1, -1], [0, 1, -1, -1, 0, -1, 5, -1, 2, -1, -1], [0, 1, -1, 2, -1, -1, 4, -1, 4, 4, 2], [0, 1, -1, 2, -1, -1, 4, 4, -1, 4, 2], [0, 1, -1, 2, 0, -1, 5, -1, -1, -1, -1], [0, 1, -1, 1, -1, -1, -1, 2, 4, 4, -1], [0, 1, -1, 1, 1, -1, -1, 2, 4, -1, -1], [0, 1, -1, 1, 1, -1, 2, -1, 4, -1, -1], [0, 1, -1, 1, 1, 2, -1, -1, 4, -1, -1], [0, 1, -1, 1, 0, 2, -1, -1, -1, -1, 1], [0, 1, 3, -1, -1, -1, -1, 2, -1, 0, -1], [0, 1, 3, -1, 0, -1, -1, -1, 4, 4, -1], [0, 1, 3, -1, 0, -1, -1, 4, -1, -1, 2], [0, 1, 3, -1, 0, -1, -1, 4, -1, 4, -1], [0, 1, 3, -1, 0, -1, 4, 4, -1, 2, -1], [0, 1, 3, 2, -1, -1, 4, 4, -1, 2, -1], [0, 1, 3, 2, -1, 3, -1, 4, -1, -1, -1], [0, 1, 3, 2, 0, -1, 4, 4, -1, -1, -1], [0, 1, 3, 1, 1, -1, -1, 4, 2, -1, -1], [0, 1, 2, -1, 1, -1, -1, -1, -1, 2, 1], [0, 1, 2, -1, 1, -1, 2, -1, 4, -1, 2], [0, 1, 2, -1, 1, 2, -1, -1, 4, -1, 2], [0, 1, 2, -1, 0, 4, 4, -1, -1, 2, 2], [0, 1, 2, 2, -1, -1, -1, 5, 4, -1, -1], [0, 1, 2, 2, 0, 4, 4, -1, -1, 2, -1], [0, 1, 2, 1, -1, -1, -1, 2, 4, -1, -1], [0, 1, 2, 1, -1, -1, 2, -1, 4, -1, -1], [0, 1, 1, -1, -1, -1, -1, -1, 4, 4, 2], [0, 1, 1, -1, -1, 3, -1, -1, -1, -1, 4], [0, 1, 1, -1, -1, 2, -1, -1, -1, 4, 2], [0, 1, 1, -1, -1, 1, -1, 4, -1, -1, -1], [0, 1, 1, -1, 1, -1, -1, -1, 4, -1, 4], [0, 1, 1, -1, 1, -1, -1, -1, 4, 4, -1], [0, 1, 1, -1, 1, -1, -1, 4, -1, -1, 4], [0, 1, 1, -1, 1, -1, -1, 4, -1, 4, -1], [0, 1, 1, -1, 1, -1, -1, 4, 4, -1, -1], [0, 1, 1, -1, 1, -1, 4, -1, -1, -1, 4], [0, 1, 1, -1, 1, -1, 4, -1, -1, 4, -1], [0, 1, 1, -1, 1, -1, 4, -1, 4, -1, -1], [0, 1, 1, 2, -1, -1, -1, -1, -1, 4, 2], [0, 1, 1, 1, -1, 3, 0, -1, -1, -1, -1]]
0.15 186 
 [[-1, -1, -1, -1, -1, -1, -1, 4, -1, 1, 4], [-1, -1, -1, -1, -1, -1, -1, 4, 4, 5, -1], [-1, -1, -1, -1, -1, 4, -1, -1, -1, 2, 1], [-1, -1, -1, -1, -1, 3, -1, 1, 0, -1, 1], [-1, -1, -1, -1, -1, 3, 5, -1, -1, -1, 4], [-1, -1, -1, -1, -1, 3, 1, -1, 0, -1, 1], [-1, -1, -1, -1, -1, 2, -1, -1, 4, -1, 1], [-1, -1, -1, -1, 1, -1, -1, -1, 5, 4, -1], [-1, -1, -1, -1, 1, -1, 2, 4, 4, 4, 4], [-1, -1, -1, -1, 1, 2, -1, 4, 4, 4, 4], [-1, -1, -1, -1, 0, 4, -1, -1, 2, 4, 2], [-1, -1, -1, -1, 0, 3, 5, -1, -1, 4, -1], [-1, -1, -1, -1, 0, 3, 5, -1, 4, -1, -1], [-1, -1, -1, 2, -1, 3, 5, -1, -1, -1, -1], [-1, -1, -1, 2, -1, 1, -1, 4, -1, 4, -1], [-1, -1, -1, 2, 1, 4, 2, -1, 2, -1, 2], [-1, -1, -1, 2, 1, 4, 2, 2, -1, -1, 2], [-1, -1, -1, 2, 0, -1, 5, -1, 4, -1, 4], [-1, -1, -1, 2, 0, 1, 4, -1, 2, 2, -1], [-1, -1, -1, 1, -1, -1, -1, 5, -1, -1, 2], [-1, -1, 3, -1, -1, -1, 5, -1, -1, -1, 2], [-1, -1, 3, -1, -1, -1, 5, -1, -1, 2, -1], [-1, -1, 3, -1, -1, -1, 1, 4, -1, -1, 1], [-1, -1, 3, -1, 0, -1, 5, -1, -1, -1, -1], [-1, -1, 2, -1, -1, -1, 4, -1, 2, -1, 0], [-1, -1, 2, -1, -1, 3, 5, 4, 4, -1, -1], [-1, -1, 2, -1, 0, -1, -1, 5, 4, -1, 4], [-1, -1, 2, 2, -1, -1, 5, -1, -1, -1, 4], [-1, -1, 2, 2, -1, -1, 5, -1, 4, -1, -1], [-1, -1, 2, 1, -1, 1, -1, 4, 1, 1, -1], [-1, -1, 2, 1, 0, -1, -1, 5, -1, -1, -1], [-1, -1, 2, 1, 0, -1, 2, 4, 4, -1, -1], [-1, -1, 2, 1, 0, 2, -1, 4, 4, -1, -1], [-1, -1, 1, 2, 0, 3, -1, 4, 4, -1, 2], [-1, 2, -1, -1, -1, -1, 1, 4, 4, -1, -1], [-1, 2, -1, -1, -1, 1, -1, 4, -1, -1, 4], [-1, 2, -1, -1, 1, -1, -1, -1, 5, -1, -1], [-1, 2, -1, 2, 0, 1, 4, -1, -1, 2, -1], [-1, 2, -1, 1, 1, 3, -1, 4, -1, 4, 4], [-1, 2, -1, 1, 0, -1, 2, 4, 4, -1, -1], [-1, 2, -1, 1, 0, 2, -1, 4, 4, -1, -1], [-1, 2, 2, -1, 0, 1, 1, -1, 1, -1, 0], [-1, 2, 2, 2, 0, 4, 4, 4, 2, -1, 2], [-1, 2, 2, 1, -1, -1, 2, 4, 4, -1, -1], [-1, 2, 2, 1, -1, 2, -1, 4, 4, -1, -1], [-1, 2, 2, 1, 0, 3, -1, -1, -1, 0, -1], [-1, 2, 2, 1, 0, 3, -1, -1, 0, -1, 0], [-1, 2, 2, 1, 0, 3, -1, 0, -1, -1, 0], [-1, 2, 2, 1, 0, 3, 0, -1, -1, -1, 0], [-1, 2, 1, 2, -1, 3, 4, 4, -1, -1, 2], [-1, 2, 1, 2, 0, 3, -1, 4, -1, -1, 2], [-1, 1, -1, -1, -1, -1, 0, -1, 2, -1, -1], [-1, 1, -1, -1, 0, -1, -1, 5, 4, 4, -1], [-1, 1, -1, -1, 0, -1, 5, -1, -1, -1, 4], [-1, 1, -1, -1, 0, -1, 5, -1, 4, 4, -1], [-1, 1, -1, -1, 0, 4, 4, 2, -1, -1, 2], [-1, 1, -1, -1, 0, 3, 5, -1, -1, -1, -1], [-1, 1, -1, 2, -1, -1, -1, -1, -1, 5, 4], [-1, 1, -1, 2, -1, -1, 5, -1, -1, -1, 4], [-1, 1, -1, 2, -1, -1, 1, 2, -1, -1, 1], [-1, 1, -1, 2, -1, 4, 4, 2, -1, -1, 2], [-1, 1, -1, 2, -1, 4, 4, 2, -1, 2, -1], [-1, 1, -1, 2, 1, 4, 2, -1, -1, -1, 2], [-1, 1, -1, 2, 1, 4, 2, -1, 2, 2, -1], [-1, 1, -1, 2, 0, 4, 4, 2, -1, -1, -1], [-1, 1, -1, 1, 1, -1, 2, -1, 4, 4, -1], [-1, 1, -1, 1, 1, -1, 2, 4, -1, -1, 4], [-1, 1, -1, 1, 1, 2, -1, -1, 4, 4, -1], [-1, 1, 3, -1, -1, -1, 4, -1, 4, -1, 2], [-1, 1, 3, -1, -1, -1, 4, -1, 4, 2, -1], [-1, 1, 3, -1, -1, 4, -1, 4, 2, -1, -1], [-1, 1, 3, -1, 0, 4, -1, 4, 4, -1, -1], [-1, 1, 3, -1, 0, 4, 4, -1, 4, -1, -1], [-1, 1, 3, -1, 0, 4, 4, 4, -1, -1, -1], [-1, 1, 3, 2, -1, -1, -1, -1, 4, -1, 4], [-1, 1, 3, 2, -1, -1, -1, -1, 4, 4, -1], [-1, 1, 3, 2, -1, -1, -1, 4, 4, -1, -1], [-1, 1, 3, 2, -1, -1, 4, -1, 4, -1, -1], [-1, 1, 3, 2, -1, -1, 4, 4, -1, -1, 2], [-1, 1, 3, 2, 0, 4, -1, 4, -1, -1, -1], [-1, 1, 2, -1, -1, -1, 5, -1, -1, -1, 4], [-1, 1, 2, -1, 0, -1, 5, 4, 4, -1, -1], [-1, 1, 2, 2, -1, 3, -1, -1, 0, -1, 0], [-1, 1, 2, 2, -1, 3, -1, 0, -1, -1, 0], [-1, 1, 2, 2, -1, 3, -1, 0, -1, 0, -1], [-1, 1, 2, 2, -1, 3, 0, -1, -1, -1, 0], [-1, 1, 2, 2, -1, 3, 0, -1, -1, 0, -1], [-1, 1, 2, 2, 0, 3, -1, -1, -1, 0, 0], [-1, 1, 2, 2, 0, 3, -1, -1, 0, 0, -1], [-1, 1, 1, 1, -1, 3, 0, -1, -1, 0, 0], [-1, 1, 1, 1, 1, 3, -1, -1, -1, 0, -1], [-1, 1, 1, 1, 1, 3, -1, -1, 0, -1, 0], [-1, 1, 1, 1, 1, 3, -1, 0, -1, -1, 0], [-1, 1, 1, 1, 1, 3, 0, -1, -1, -1, 0], [2, -1, -1, -1, -1, 4, -1, -1, 2, -1, 2], [2, -1, -1, -1, -1, 4, -1, 2, -1, -1, 2], [1, -1, -1, 1, -1, 0, -1, 0, -1, 1, -1], [1, 2, -1, 1, 1, -1, 4, -1, -1, 2, 2], [1, 2, 3, 2, -1, -1, 0, -1, -1, 0, 0], [1, 2, 3, 2, -1, -1, 0, -1, 0, 0, -1], [1, 2, 3, 2, -1, -1, 0, 0, -1, 0, -1], [1, 2, 2, -1, -1, 1, -1, 1, -1, -1, 0], [1, 2, 2, -1, 0, 1, -1, -1, -1, -1, 0], [1, 1, -1, -1, -1, 0, -1, 0, -1, 1, -1], [1, 1, -1, 1, -1, -1, -1, 0, -1, 1, -1], [1, 1, -1, 1, -1, -1, 0, -1, -1, 1, -1], [1, 1, -1, 1, 1, 3, -1, -1, 0, -1, 0], [1, 1, -1, 1, 1, 3, -1, -1, 0, 0, -1], [1, 1, -1, 1, 1, 3, -1, 0, -1, -1, 0], [1, 1, -1, 1, 1, 3, 0, -1, -1, 0, 0], [1, 1, 2, 1, -1, 3, -1, 0, -1, -1, -1], [1, 1, 2, 1, -1, 3, 0, -1, -1, -1, -1], [0, -1, -1, -1, 0, -1, 1, 4, 4, -1, -1], [0, -1, -1, -1, 0, 6, -1, 4, -1, -1, -1], [0, -1, -1, -1, 0, 3, -1, -1, 2, -1, 0], [0, -1, -1, -1, 0, 3, -1, 4, -1, -1, 0], [0, -1, -1, 2, -1, -1, 1, 2, -1, -1, 1], [0, -1, -1, 2, -1, 1, -1, 2, 1, -1, -1], [0, -1, -1, 2, 0, 6, -1, -1, -1, -1, -1], [0, -1, -1, 1, 1, -1, 4, 1, -1, -1, -1], [0, -1, -1, 1, 0, 3, -1, -1, -1, -1, 0], [0, -1, -1, 1, 0, 3, -1, -1, -1, 0, -1], [0, -1, 3, -1, -1, -1, -1, 4, -1, 1, 1], [0, -1, 3, -1, 1, 3, -1, 1, -1, -1, -1], [0, -1, 3, -1, 0, -1, 4, 4, 4, 2, 2], [0, -1, 3, -1, 0, 2, -1, -1, -1, 2, 4], [0, -1, 2, -1, -1, 3, 4, -1, -1, -1, 0], [0, -1, 2, -1, 0, -1, 4, -1, -1, 0, 0], [0, -1, 2, -1, 0, 3, -1, -1, -1, 0, 0], [0, -1, 2, -1, 0, 3, -1, -1, 0, -1, 0], [0, -1, 2, 1, -1, -1, 2, 4, 4, 4, -1], [0, -1, 2, 1, -1, 3, 0, -1, -1, 0, -1], [0, -1, 2, 1, -1, 2, -1, 4, 4, 4, -1], [0, -1, 1, -1, 0, 1, -1, -1, 2, 2, 1], [0, -1, 1, 1, -1, -1, 2, -1, 4, 4, -1], [0, -1, 1, 1, -1, -1, 2, 4, -1, -1, -1], [0, -1, 1, 1, -1, 3, -1, -1, -1, 4, -1], [0, -1, 1, 1, -1, 2, -1, 4, -1, -1, -1], [0, -1, 1, 1, 0, -1, 2, -1, 4, -1, -1], [0, 2, -1, -1, -1, 3, 4, -1, -1, -1, 0], [0, 2, -1, -1, 0, -1, 4, -1, -1, 0, 0], [0, 2, -1, -1, 0, -1, 1, -1, -1, -1, 4], [0, 2, -1, -1, 0, -1, 1, 4, -1, 1, -1], [0, 2, 3, -1, -1, -1, -1, 4, -1, -1, 1], [0, 2, 3, -1, -1, -1, -1, 4, -1, 1, -1], [0, 2, 2, -1, 0, -1, 4, -1, -1, -1, 0], [0, 2, 2, 2, -1, 4, -1, 4, 2, -1, 2], [0, 2, 2, 1, -1, 3, -1, -1, -1, -1, 0], [0, 2, 2, 1, -1, 3, -1, -1, -1, 0, -1], [0, 2, 2, 1, -1, 3, -1, 0, 0, -1, -1], [0, 2, 2, 1, -1, 3, 0, -1, 0, -1, -1], [0, 2, 2, 1, -1, 3, 0, 0, -1, -1, -1], [0, 2, 2, 1, 0, 3, -1, -1, 0, -1, -1], [0, 2, 2, 1, 0, 3, -1, 0, -1, -1, -1], [0, 2, 1, -1, -1, -1, 2, 4, 4, -1, -1], [0, 2, 1, -1, -1, 2, -1, 4, -1, -1, 4], [0, 2, 1, -1, -1, 2, -1, 4, 4, -1, -1], [0, 1, -1, -1, 0, -1, 6, -1, -1, -1, -1], [0, 1, -1, 1, 1, 2, -1, 2, 4, -1, -1], [0, 1, 3, -1, -1, -1, -1, 4, 4, 2, -1], [0, 1, 3, -1, 0, -1, -1, 4, 4, -1, -1], [0, 1, 3, -1, 0, -1, 4, 4, -1, -1, 2], [0, 1, 3, -1, 0, 4, -1, 4, -1, -1, -1], [0, 1, 3, 2, -1, -1, -1, 4, -1, 4, -1], [0, 1, 2, -1, -1, 3, -1, 0, -1, 0, 0], [0, 1, 2, -1, -1, 3, -1, 0, 0, -1, 0], [0, 1, 2, -1, -1, 3, 0, -1, -1, 0, 0], [0, 1, 2, -1, -1, 3, 0, -1, 0, -1, 0], [0, 1, 2, -1, 1, -1, -1, -1, -1, 2, 1], [0, 1, 2, -1, 0, -1, -1, 5, 4, -1, -1], [0, 1, 2, -1, 0, 3, -1, 0, -1, -1, 0], [0, 1, 2, -1, 0, 3, 0, -1, -1, -1, 0], [0, 1, 2, -1, 0, 3, 0, -1, -1, 0, -1], [0, 1, 2, 2, -1, 3, -1, -1, -1, -1, 0], [0, 1, 2, 2, -1, 3, -1, -1, -1, 0, -1], [0, 1, 2, 2, -1, 3, -1, -1, 0, -1, -1], [0, 1, 2, 2, 0, 3, 0, 0, -1, -1, -1], [0, 1, 2, 1, -1, -1, -1, 2, 4, -1, -1], [0, 1, 2, 1, -1, -1, 2, -1, 4, -1, 2], [0, 1, 1, -1, 1, -1, -1, -1, 4, -1, 4], [0, 1, 1, -1, 1, -1, -1, -1, 4, 4, -1], [0, 1, 1, -1, 1, -1, -1, 4, -1, -1, 4], [0, 1, 1, -1, 1, -1, -1, 4, -1, 4, -1], [0, 1, 1, -1, 1, -1, -1, 4, 4, -1, -1], [0, 1, 1, -1, 1, -1, 4, -1, 4, -1, -1], [0, 1, 1, 2, 0, 1, -1, 4, -1, -1, -1]]
0.2 45 
 [[-1, -1, -1, -1, -1, 3, 5, -1, -1, 4, 4], [-1, -1, -1, -1, 1, -1, -1, -1, 5, 4, -1], [-1, -1, -1, -1, 0, 3, 5, 4, 4, -1, -1], [-1, -1, -1, 2, -1, 3, 5, -1, 4, -1, -1], [-1, -1, -1, 2, 0, 3, 5, 4, -1, -1, -1], [-1, -1, 3, -1, -1, -1, 5, -1, -1, -1, 2], [-1, -1, 2, 2, 0, -1, 5, -1, 4, -1, 4], [-1, 2, 2, 1, 0, 3, 0, -1, -1, 0, 0], [-1, 1, -1, -1, -1, -1, 0, 1, 2, -1, -1], [-1, 1, -1, -1, 0, -1, 5, -1, -1, -1, 4], [-1, 1, -1, -1, 0, 4, 4, 2, -1, -1, 2], [-1, 1, -1, 1, 1, 2, -1, -1, 4, 4, -1], [-1, 1, 3, 2, -1, -1, -1, 4, 4, -1, -1], [-1, 1, 2, 2, -1, 3, -1, 0, -1, -1, 0], [-1, 1, 2, 2, -1, 3, 0, -1, -1, 0, 0], [-1, 1, 2, 2, -1, 3, 0, -1, 0, -1, 0], [-1, 1, 2, 2, 0, 3, -1, -1, 0, -1, 0], [-1, 1, 2, 2, 0, 3, 0, -1, 0, 0, -1], [-1, 1, 2, 2, 0, 3, 0, 0, -1, 0, -1], [1, 1, -1, 1, -1, -1, 0, -1, -1, 1, -1], [0, -1, -1, 1, 0, 3, 0, -1, -1, 0, 0], [0, -1, 2, 1, 0, 3, -1, -1, -1, -1, 0], [0, -1, 2, 1, 0, 3, -1, 0, -1, 0, -1], [0, -1, 2, 1, 0, 3, 0, -1, -1, 0, -1], [0, -1, 1, 1, 0, 3, -1, -1, -1, 0, 0], [0, -1, 1, 1, 0, 3, -1, -1, 0, -1, 0], [0, -1, 1, 1, 0, 3, -1, 0, -1, -1, 0], [0, -1, 1, 1, 0, 3, -1, 0, -1, 0, -1], [0, -1, 1, 1, 0, 3, 0, -1, -1, 0, -1], [0, 2, -1, 1, 0, 3, -1, -1, -1, 0, -1], [0, 2, -1, 1, 0, 3, -1, -1, 0, -1, 0], [0, 2, -1, 1, 0, 3, -1, 0, -1, -1, 0], [0, 2, -1, 1, 0, 3, 0, -1, -1, -1, 0], [0, 2, 2, 1, -1, 3, -1, 0, -1, 0, -1], [0, 2, 2, 1, -1, 3, 0, -1, -1, 0, -1], [0, 2, 2, 1, 0, 3, -1, -1, 0, -1, -1], [0, 2, 2, 1, 0, 3, -1, 0, -1, -1, -1], [0, 1, 3, -1, -1, -1, 4, 4, 4, -1, 2], [0, 1, 2, -1, 0, 3, -1, 0, -1, 0, 0], [0, 1, 2, -1, 0, 3, -1, 0, 0, -1, 0], [0, 1, 2, -1, 0, 3, 0, -1, -1, 0, 0], [0, 1, 2, -1, 0, 3, 0, -1, 0, -1, 0], [0, 1, 2, 2, -1, 3, -1, -1, -1, 0, 0], [0, 1, 2, 2, -1, 3, -1, -1, 0, 0, -1], [0, 1, 2, 2, 0, 3, -1, -1, -1, -1, 0]]
0.25 10 
 [[-1, -1, -1, 2, -1, 3, 5, 4, 4, -1, -1], [-1, -1, -1, 2, 0, 3, 5, -1, 4, -1, -1], [-1, 1, 2, 2, 0, 3, 0, -1, -1, 0, 0], [0, -1, 2, 1, 0, 3, 0, -1, -1, 0, 0], [0, 2, -1, 1, 0, 3, -1, 0, -1, 0, 0], [0, 2, -1, 1, 0, 3, -1, 0, 0, -1, 0], [0, 2, -1, 1, 0, 3, 0, -1, -1, 0, 0], [0, 2, -1, 1, 0, 3, 0, -1, 0, -1, 0], [0, 2, 2, 1, 0, 3, -1, -1, -1, -1, 0], [0, 2, 2, 1, 0, 3, -1, -1, -1, 0, -1]]
0.3 3 
 [[0, 2, 2, 1, 0, 3, -1, -1, -1, 0, 0], [0, 2, 2, 1, 0, 3, 0, -1, -1, -1, 0], [0, 2, 2, 1, 0, 3, 0, -1, -1, 0, -1]]
0.35 1 
 [[0, 2, 2, 1, 0, 3, 0, -1, -1, 0, 0]]
0.4 0 
 []
0.45 0 
 []
0.5 0 
 []
