execution time
1 47.15172600746155 1235.2619228363037
10 11.297778367996216 778.3534240722656
20 7.104290723800659 606.166286945343
30 4.541337013244629 590.9723823070526
40 3.979214906692505 542.3986690044403
50 3.047914981842041 504.39550399780273
60 2.7670531272888184 505.9890444278717
70 2.4340872764587402 504.6002731323242
80 2.3155248165130615 504.5698709487915
90 2.2787158489227295 505.79872465133667
100 1.9872400760650635 503.2675919532776
200 1.362109899520874 504.3268120288849
500 0.6775479316711426 505.0505542755127
1000 0.4274008274078369 504.51568484306335


number of calculations
1 236835.0 5068288.0
10 135458.0 5008305.0
20 98797.0 4999701.0
30 81341.0 4995825.0
40 70005.0 4993213.0
50 61435.0 4991479.0
60 55535.0 4990106.0
70 49969.0 4989021.0
80 45585.0 4988156.0
90 42836.0 4987410.0
100 39744.0 4986740.0
200 23079.0 4983077.0
500 9077.0 4979805.0
1000 3622.0 4978234.0


number of patterns found
1 998 
 [[-1, -1, -1, -1, -1, -1, -1, 10], [-1, -1, -1, -1, -1, -1, 5, 8], [-1, -1, -1, -1, -1, -1, 2, 5], [-1, -1, -1, -1, -1, 6, -1, 6], [-1, -1, -1, -1, -1, 3, -1, 8], [-1, -1, -1, -1, -1, 3, 7, -1], [-1, -1, -1, -1, -1, 3, 6, 6], [-1, -1, -1, -1, -1, 2, -1, 5], [-1, -1, -1, -1, -1, 1, -1, 6], [-1, -1, -1, -1, -1, 1, 6, -1], [-1, -1, -1, -1, -1, 0, 4, -1], [-1, -1, -1, -1, 2, -1, -1, 8], [-1, -1, -1, -1, 2, -1, 9, -1], [-1, -1, -1, -1, 2, -1, 4, 1], [-1, -1, -1, -1, 2, -1, 1, 4], [-1, -1, -1, -1, 2, -1, 1, 0], [-1, -1, -1, -1, 2, 10, -1, -1], [-1, -1, -1, -1, 2, 4, -1, 1], [-1, -1, -1, -1, 2, 4, 5, -1], [-1, -1, -1, -1, 2, 4, 1, -1], [-1, -1, -1, -1, 2, 3, -1, 0], [-1, -1, -1, -1, 2, 3, 0, -1], [-1, -1, -1, -1, 2, 2, 1, 2], [-1, -1, -1, -1, 2, 1, -1, 2], [-1, -1, -1, -1, 2, 1, -1, 0], [-1, -1, -1, -1, 2, 1, 2, -1], [-1, -1, -1, -1, 1, -1, -1, 6], [-1, -1, -1, -1, 1, -1, -1, 3], [-1, -1, -1, -1, 1, -1, 7, -1], [-1, -1, -1, -1, 1, -1, 4, 0], [-1, -1, -1, -1, 1, 8, -1, -1], [-1, -1, -1, -1, 1, 5, 5, 4], [-1, -1, -1, -1, 1, 4, -1, 0], [-1, -1, -1, -1, 1, 4, 1, 2], [-1, -1, -1, -1, 1, 1, 5, -1], [-1, -1, -1, -1, 0, 4, 6, 5], [-1, -1, -1, -1, 0, 4, 1, 4], [-1, -1, -1, 3, -1, -1, 6, -1], [-1, -1, -1, 3, -1, -1, 5, -1], [-1, -1, -1, 3, -1, -1, 4, 1], [-1, -1, -1, 3, -1, -1, 4, 0], [-1, -1, -1, 3, -1, 5, -1, 2], [-1, -1, -1, 3, -1, 4, -1, 0], [-1, -1, -1, 3, -1, 1, -1, 4], [-1, -1, -1, 3, -1, 1, 4, -1], [-1, -1, -1, 3, 2, 2, -1, 2], [-1, -1, -1, 3, 1, -1, 2, 4], [-1, -1, -1, 3, 1, 4, 2, -1], [-1, -1, -1, 3, 1, 2, -1, 4], [-1, -1, -1, 3, 1, 2, 1, 1], [-1, -1, -1, 3, 1, 0, -1, -1], [-1, -1, -1, 3, 0, -1, 4, 4], [-1, -1, -1, 2, -1, -1, 5, 6], [-1, -1, -1, 2, -1, -1, 4, 7], [-1, -1, -1, 2, -1, 6, 6, -1], [-1, -1, -1, 2, -1, 6, 5, 5], [-1, -1, -1, 2, -1, 5, -1, 6], [-1, -1, -1, 2, -1, 4, -1, 7], [-1, -1, -1, 2, -1, 4, 6, 5], [-1, -1, -1, 2, -1, 4, 1, 4], [-1, -1, -1, 2, -1, 4, 1, 2], [-1, -1, -1, 2, -1, 2, 1, 4], [-1, -1, -1, 2, 2, 0, -1, -1], [-1, -1, -1, 2, 1, 6, -1, 5], [-1, -1, -1, 2, 1, 4, 6, -1], [-1, -1, -1, 2, 1, 4, 1, -1], [-1, -1, -1, 2, 1, 3, 4, 5], [-1, -1, -1, 2, 0, 4, 2, 1], [-1, -1, -1, 2, 0, 3, 6, 5], [-1, -1, -1, 1, -1, -1, 7, -1], [-1, -1, -1, 1, -1, 8, -1, -1], [-1, -1, -1, 1, -1, 7, -1, 5], [-1, -1, -1, 1, -1, 7, 6, -1], [-1, -1, -1, 1, -1, 5, -1, 1], [-1, -1, -1, 1, -1, 3, -1, 6], [-1, -1, -1, 1, 2, 5, -1, 4], [-1, -1, -1, 1, 2, 5, 4, -1], [-1, -1, -1, 1, 2, 3, -1, 2], [-1, -1, -1, 1, 1, 7, -1, -1], [-1, -1, -1, 1, 0, 6, -1, 4], [-1, -1, -1, 1, 0, 4, 6, -1], [-1, -1, -1, 1, 0, 4, 4, 1], [-1, -1, -1, 1, 0, 3, 4, 5], [-1, -1, -1, 1, 0, 1, -1, 5], [-1, -1, -1, 0, -1, -1, -1, 5], [-1, -1, -1, 0, -1, -1, -1, 4], [-1, -1, -1, 0, -1, -1, 6, -1], [-1, -1, -1, 0, -1, 7, -1, -1], [-1, -1, -1, 0, -1, 2, 1, -1], [-1, -1, 6, -1, -1, -1, -1, 4], [-1, -1, 6, -1, -1, -1, 4, -1], [-1, -1, 6, 1, -1, 4, -1, -1], [-1, -1, 5, -1, 0, -1, 4, 4], [-1, -1, 5, -1, 0, 4, -1, 4], [-1, -1, 5, -1, 0, 4, 4, -1], [-1, -1, 5, 1, -1, -1, -1, 4], [-1, -1, 5, 1, -1, -1, 4, -1], [-1, -1, 5, 1, -1, 3, -1, 2], [-1, -1, 4, -1, -1, -1, 2, 1], [-1, -1, 4, -1, -1, 4, -1, 2], [-1, -1, 4, -1, -1, 4, 2, -1], [-1, -1, 4, -1, 0, 4, -1, -1], [-1, -1, 4, -1, 0, 2, -1, 1], [-1, -1, 4, 2, -1, 2, -1, 1], [-1, -1, 4, 1, -1, 4, -1, -1], [-1, -1, 3, -1, -1, -1, 7, -1], [-1, -1, 3, -1, -1, 8, -1, -1], [-1, -1, 3, -1, -1, 7, -1, -1], [-1, -1, 3, -1, -1, 5, 5, -1], [-1, -1, 3, -1, -1, 4, 5, 5], [-1, -1, 3, -1, -1, 3, 4, 1], [-1, -1, 3, -1, -1, 1, 5, -1], [-1, -1, 3, -1, 2, -1, 1, 2], [-1, -1, 3, -1, 2, 2, 1, -1], [-1, -1, 3, -1, 0, 6, -1, -1], [-1, -1, 3, -1, 0, 3, 5, -1], [-1, -1, 3, -1, 0, 2, 1, 4], [-1, -1, 3, -1, 0, 1, 4, 2], [-1, -1, 3, -1, 0, 0, -1, 4], [-1, -1, 3, 3, -1, 4, 2, -1], [-1, -1, 3, 3, -1, 3, -1, 2], [-1, -1, 3, 3, -1, 3, -1, 1], [-1, -1, 3, 3, 1, 5, -1, -1], [-1, -1, 3, 3, 0, -1, 4, 2], [-1, -1, 3, 3, 0, 4, -1, -1], [-1, -1, 3, 3, 0, 3, -1, -1], [-1, -1, 3, 2, -1, -1, 4, 0], [-1, -1, 3, 2, -1, 6, -1, 4], [-1, -1, 3, 2, -1, 6, 5, -1], [-1, -1, 3, 2, -1, 4, -1, 0], [-1, -1, 3, 2, -1, 3, 5, -1], [-1, -1, 3, 2, -1, 1, 4, 2], [-1, -1, 3, 2, 2, 4, -1, 4], [-1, -1, 3, 2, 2, 4, 4, -1], [-1, -1, 3, 2, 1, -1, 6, -1], [-1, -1, 3, 2, 1, -1, 0, 1], [-1, -1, 3, 2, 1, 3, -1, 1], [-1, -1, 3, 2, 1, 3, 0, -1], [-1, -1, 3, 1, -1, -1, 5, 4], [-1, -1, 3, 1, -1, 5, -1, 2], [-1, -1, 3, 1, -1, 4, 2, 1], [-1, -1, 3, 1, -1, 1, 2, 1], [-1, -1, 3, 1, 2, -1, 4, 2], [-1, -1, 3, 1, 2, 5, -1, -1], [-1, -1, 3, 1, 2, 4, -1, 2], [-1, -1, 3, 1, 2, 4, 2, -1], [-1, -1, 3, 1, 2, 3, -1, -1], [-1, -1, 3, 1, 1, 5, -1, 4], [-1, -1, 3, 1, 0, -1, 5, -1], [-1, -1, 3, 1, 0, 4, -1, 1], [-1, -1, 3, 0, 0, 3, 4, -1], [-1, -1, 2, -1, -1, -1, 6, 6], [-1, -1, 2, -1, -1, 5, -1, 1], [-1, -1, 2, -1, -1, 4, -1, 7], [-1, -1, 2, -1, -1, 4, 6, -1], [-1, -1, 2, -1, -1, 2, 1, 4], [-1, -1, 2, -1, 2, -1, 5, -1], [-1, -1, 2, -1, 2, 3, 4, 4], [-1, -1, 2, -1, 1, 6, -1, 5], [-1, -1, 2, -1, 1, 6, 6, -1], [-1, -1, 2, -1, 0, 3, 4, 5], [-1, -1, 2, 3, -1, -1, -1, 5], [-1, -1, 2, 3, -1, 3, -1, 4], [-1, -1, 2, 3, -1, 1, 2, -1], [-1, -1, 2, 3, 1, -1, -1, 1], [-1, -1, 2, 3, 1, -1, -1, 0], [-1, -1, 2, 3, 1, -1, 0, -1], [-1, -1, 2, 3, 1, 4, -1, -1], [-1, -1, 2, 3, 1, 1, -1, -1], [-1, -1, 2, 3, 0, 3, 0, 0], [-1, -1, 2, 3, 0, 1, -1, 2], [-1, -1, 2, 2, -1, 6, -1, 5], [-1, -1, 2, 2, -1, 3, 1, 5], [-1, -1, 2, 2, 2, -1, -1, 1], [-1, -1, 2, 2, 2, -1, 1, -1], [-1, -1, 2, 2, 1, 4, -1, 1], [-1, -1, 2, 2, 0, 3, 6, -1], [-1, -1, 2, 1, -1, -1, -1, 6], [-1, -1, 2, 1, -1, -1, 4, 0], [-1, -1, 2, 1, -1, 4, -1, 0], [-1, -1, 2, 1, -1, 4, 4, 1], [-1, -1, 2, 1, -1, 1, -1, 5], [-1, -1, 2, 1, 2, -1, -1, 0], [-1, -1, 2, 1, 2, 3, 4, -1], [-1, -1, 2, 1, 1, 1, 4, 2], [-1, -1, 2, 1, 1, 0, -1, 4], [-1, -1, 1, -1, -1, -1, -1, 6], [-1, -1, 1, -1, -1, -1, -1, 3], [-1, -1, 1, -1, -1, 6, 6, -1], [-1, -1, 1, -1, -1, 4, 2, 1], [-1, -1, 1, -1, -1, 4, 1, 4], [-1, -1, 1, -1, -1, 4, 1, 2], [-1, -1, 1, -1, 2, -1, -1, 5], [-1, -1, 1, -1, 2, 1, -1, 4], [-1, -1, 1, -1, 1, -1, 1, 5], [-1, -1, 1, -1, 1, 6, -1, -1], [-1, -1, 1, -1, 1, 3, 5, -1], [-1, -1, 1, -1, 1, 3, 1, 2], [-1, -1, 1, -1, 1, 2, 1, 4], [-1, -1, 1, -1, 1, 1, -1, 5], [-1, -1, 1, -1, 0, -1, -1, 9], [-1, -1, 1, -1, 0, -1, 7, -1], [-1, -1, 1, -1, 0, 4, 4, 1], [-1, -1, 1, -1, 0, 3, 5, 4], [-1, -1, 1, 3, -1, -1, 2, 4], [-1, -1, 1, 3, -1, 2, -1, 4], [-1, -1, 1, 3, -1, 2, 1, -1], [-1, -1, 1, 3, 2, -1, -1, -1], [-1, -1, 1, 3, 1, -1, -1, 4], [-1, -1, 1, 3, 1, 2, -1, 1], [-1, -1, 1, 3, 0, 2, -1, 2], [-1, -1, 1, 2, -1, -1, -1, 9], [-1, -1, 1, 2, -1, -1, 7, -1], [-1, -1, 1, 2, -1, 3, 5, -1], [-1, -1, 1, 2, -1, 1, 4, 2], [-1, -1, 1, 2, 2, -1, -1, 0], [-1, -1, 1, 2, 2, -1, 0, -1], [-1, -1, 1, 2, 2, 3, -1, -1], [-1, -1, 1, 2, 1, 1, 4, -1], [-1, -1, 1, 1, -1, 6, -1, -1], [-1, -1, 1, 1, -1, 3, 1, 4], [-1, -1, 1, 1, -1, 1, 5, -1], [-1, -1, 1, 1, 1, -1, -1, 8], [-1, -1, 1, 1, 1, -1, 9, -1], [-1, -1, 1, 1, 1, -1, 5, 4], [-1, -1, 1, 1, 1, 10, -1, -1], [-1, -1, 1, 1, 1, 3, 4, 1], [-1, -1, 1, 1, 0, 4, -1, 1], [-1, -1, 1, 1, 0, 4, 1, -1], [-1, -1, 1, 1, 0, 2, 1, 2], [-1, -1, 1, 1, 0, 1, 4, 4], [-1, 2, -1, -1, -1, -1, -1, 6], [-1, 2, -1, -1, -1, -1, 7, -1], [-1, 2, -1, -1, -1, 8, -1, -1], [-1, 2, -1, -1, -1, 4, 6, -1], [-1, 2, -1, -1, -1, 2, 1, 4], [-1, 2, -1, -1, 2, 5, -1, 4], [-1, 2, -1, -1, 2, 4, 2, -1], [-1, 2, -1, -1, 2, 0, -1, 1], [-1, 2, -1, -1, 2, 0, 1, -1], [-1, 2, -1, -1, 1, 6, -1, -1], [-1, 2, -1, -1, 1, 3, 6, -1], [-1, 2, -1, -1, 0, -1, -1, 8], [-1, 2, -1, -1, 0, -1, 9, -1], [-1, 2, -1, -1, 0, -1, 4, 9], [-1, 2, -1, -1, 0, 10, -1, -1], [-1, 2, -1, -1, 0, 4, -1, 9], [-1, 2, -1, -1, 0, 4, -1, 7], [-1, 2, -1, -1, 0, 4, 4, 1], [-1, 2, -1, 3, -1, -1, 2, 4], [-1, 2, -1, 3, -1, 3, -1, 5], [-1, 2, -1, 3, -1, 2, -1, 4], [-1, 2, -1, 3, -1, 1, 2, 2], [-1, 2, -1, 3, 1, -1, -1, 5], [-1, 2, -1, 3, 1, -1, -1, 4], [-1, 2, -1, 3, 1, 4, 4, -1], [-1, 2, -1, 3, 0, 4, 2, -1], [-1, 2, -1, 3, 0, 3, 4, -1], [-1, 2, -1, 3, 0, 1, 2, -1], [-1, 2, -1, 2, -1, -1, -1, 8], [-1, 2, -1, 2, -1, -1, 9, -1], [-1, 2, -1, 2, -1, 10, -1, -1], [-1, 2, -1, 2, -1, 5, 5, -1], [-1, 2, -1, 2, -1, 3, 4, 1], [-1, 2, -1, 2, 0, -1, -1, 9], [-1, 2, -1, 1, -1, 6, -1, -1], [-1, 2, -1, 1, -1, 4, 4, 1], [-1, 2, -1, 1, 2, 5, -1, -1], [-1, 2, -1, 1, 2, 4, -1, 2], [-1, 2, -1, 1, 2, 3, 4, -1], [-1, 2, -1, 1, 1, 4, 2, 1], [-1, 2, -1, 1, 1, 1, 4, 2], [-1, 2, -1, 1, 0, 5, -1, 2], [-1, 2, -1, 1, 0, 4, -1, 5], [-1, 2, 6, -1, 1, 4, -1, -1], [-1, 2, 6, 2, 0, 2, -1, -1], [-1, 2, 5, -1, -1, -1, 4, 4], [-1, 2, 5, -1, -1, 4, -1, 4], [-1, 2, 5, -1, -1, 3, -1, 2], [-1, 2, 4, -1, -1, 4, -1, -1], [-1, 2, 4, -1, -1, 2, -1, 1], [-1, 2, 3, -1, -1, -1, -1, 8], [-1, 2, 3, -1, -1, -1, 5, -1], [-1, 2, 3, -1, -1, 6, -1, -1], [-1, 2, 3, -1, -1, 5, -1, -1], [-1, 2, 3, -1, -1, 1, 4, 2], [-1, 2, 3, -1, 2, -1, 4, -1], [-1, 2, 3, -1, 2, 4, -1, -1], [-1, 2, 3, -1, 2, 3, -1, -1], [-1, 2, 3, -1, 1, 4, 2, 1], [-1, 2, 3, -1, 0, 4, -1, 1], [-1, 2, 3, -1, 0, 4, 1, -1], [-1, 2, 3, 2, -1, 3, 0, 1], [-1, 2, 3, 2, 1, 4, 2, 2], [-1, 2, 3, 2, 1, 3, -1, 0], [-1, 2, 3, 2, 0, 3, 1, 4], [-1, 2, 3, 1, -1, 4, -1, 5], [-1, 2, 3, 1, 1, -1, 6, -1], [-1, 2, 3, 1, 1, 1, 1, 4], [-1, 2, 2, -1, -1, -1, -1, 8], [-1, 2, 2, -1, -1, -1, 9, -1], [-1, 2, 2, -1, -1, -1, 4, 7], [-1, 2, 2, -1, -1, 10, -1, -1], [-1, 2, 2, -1, -1, 6, -1, 5], [-1, 2, 2, -1, -1, 4, 4, 1], [-1, 2, 2, -1, -1, 4, 1, 2], [-1, 2, 2, -1, -1, 3, 1, 5], [-1, 2, 2, -1, 1, 1, 4, 2], [-1, 2, 2, -1, 0, 5, -1, 2], [-1, 2, 2, -1, 0, 3, 4, 1], [-1, 2, 2, 3, -1, -1, -1, 4], [-1, 2, 2, 3, -1, 4, 2, -1], [-1, 2, 2, 3, -1, 1, -1, -1], [-1, 2, 2, 3, 1, -1, 1, -1], [-1, 2, 2, 2, -1, -1, 1, 5], [-1, 2, 2, 2, -1, 5, -1, 2], [-1, 2, 2, 2, -1, 4, 1, -1], [-1, 2, 2, 2, -1, 3, 1, 4], [-1, 2, 2, 2, 1, 5, -1, -1], [-1, 2, 2, 2, 1, 4, 2, -1], [-1, 2, 2, 2, 1, 2, 2, 1], [-1, 2, 2, 2, 0, -1, 4, 1], [-1, 2, 2, 1, -1, 1, 4, 2], [-1, 2, 2, 1, -1, 0, -1, 4], [-1, 2, 2, 1, 1, 4, 5, 4], [-1, 2, 2, 1, 1, 1, 2, 1], [-1, 2, 1, -1, -1, -1, -1, 9], [-1, 2, 1, -1, -1, 6, -1, -1], [-1, 2, 1, -1, -1, 5, 5, -1], [-1, 2, 1, -1, -1, 1, -1, 5], [-1, 2, 1, -1, 1, -1, -1, 5], [-1, 2, 1, -1, 1, -1, 5, -1], [-1, 2, 1, -1, 1, 2, -1, 4], [-1, 2, 1, 3, -1, -1, -1, 4], [-1, 2, 1, 3, -1, 2, -1, 2], [-1, 2, 1, 3, -1, 2, 2, -1], [-1, 2, 1, 3, 0, -1, -1, 2], [-1, 2, 1, 3, 0, -1, 2, -1], [-1, 2, 1, 3, 0, 2, -1, -1], [-1, 2, 1, 2, -1, 4, 4, 1], [-1, 2, 1, 2, 1, 5, -1, -1], [-1, 2, 1, 2, 1, 4, -1, 4], [-1, 2, 1, 2, 1, 4, 4, -1], [-1, 2, 1, 1, -1, -1, 5, -1], [-1, 2, 1, 1, -1, -1, 4, 0], [-1, 2, 1, 1, -1, 4, -1, 0], [-1, 2, 1, 1, 1, 3, 4, 2], [-1, 2, 1, 1, 1, 1, 1, 4], [-1, 2, 1, 1, 0, 5, -1, 4], [-1, 2, 1, 1, 0, 5, 4, -1], [-1, 1, -1, -1, -1, 3, 5, 6], [-1, 1, -1, -1, 2, -1, -1, 0], [-1, 1, -1, -1, 2, -1, 0, -1], [-1, 1, -1, -1, 2, 3, -1, -1], [-1, 1, -1, -1, 2, 1, -1, 4], [-1, 1, -1, -1, 1, 10, -1, -1], [-1, 1, -1, -1, 1, 6, 6, -1], [-1, 1, -1, -1, 0, 6, -1, 4], [-1, 1, -1, 3, -1, -1, 0, -1], [-1, 1, -1, 3, -1, 4, 2, -1], [-1, 1, -1, 3, -1, 3, -1, 1], [-1, 1, -1, 3, -1, 3, -1, 0], [-1, 1, -1, 3, -1, 2, 1, -1], [-1, 1, -1, 3, 2, -1, -1, -1], [-1, 1, -1, 3, 1, -1, -1, 0], [-1, 1, -1, 3, 1, -1, 4, 2], [-1, 1, -1, 3, 1, 5, -1, -1], [-1, 1, -1, 2, -1, -1, 5, 5], [-1, 1, -1, 2, -1, -1, 4, 0], [-1, 1, -1, 2, -1, 4, -1, 0], [-1, 1, -1, 2, -1, 3, 6, -1], [-1, 1, -1, 2, -1, 3, 5, -1], [-1, 1, -1, 2, -1, 1, 4, 2], [-1, 1, -1, 2, 2, 2, -1, 2], [-1, 1, -1, 2, 1, 7, -1, -1], [-1, 1, -1, 2, 1, 4, -1, 1], [-1, 1, -1, 2, 1, 3, 1, 2], [-1, 1, -1, 2, 1, 1, 4, 1], [-1, 1, -1, 2, 0, 6, -1, -1], [-1, 1, -1, 2, 0, 5, -1, 5], [-1, 1, -1, 1, -1, 7, -1, -1], [-1, 1, -1, 1, -1, 5, 5, 4], [-1, 1, -1, 1, -1, 3, 4, 5], [-1, 1, -1, 1, -1, 1, -1, 5], [-1, 1, -1, 1, 1, -1, -1, 8], [-1, 1, -1, 1, 1, -1, 9, -1], [-1, 1, -1, 1, 0, 2, 1, 2], [-1, 1, -1, 0, -1, -1, 4, -1], [-1, 1, -1, 0, -1, 3, -1, -1], [-1, 1, 5, 2, -1, 4, -1, 2], [-1, 1, 5, 2, -1, 4, 2, -1], [-1, 1, 3, -1, -1, 3, 5, -1], [-1, 1, 3, -1, -1, 2, 1, 2], [-1, 1, 3, -1, -1, 0, 0, 1], [-1, 1, 3, -1, 1, -1, 0, 1], [-1, 1, 3, -1, 1, 5, -1, 4], [-1, 1, 3, -1, 1, 4, 5, 4], [-1, 1, 3, -1, 1, 1, 2, 1], [-1, 1, 3, -1, 0, -1, 6, -1], [-1, 1, 3, -1, 0, 1, 4, 4], [-1, 1, 3, 3, -1, -1, -1, 0], [-1, 1, 3, 3, -1, 4, -1, -1], [-1, 1, 3, 3, -1, 0, -1, -1], [-1, 1, 3, 2, -1, -1, -1, 6], [-1, 1, 3, 2, -1, -1, 6, -1], [-1, 1, 3, 2, -1, -1, 5, -1], [-1, 1, 3, 2, -1, 6, -1, -1], [-1, 1, 3, 2, -1, 4, 1, -1], [-1, 1, 3, 2, -1, 1, 4, 4], [-1, 1, 3, 2, 2, -1, 2, 2], [-1, 1, 3, 2, 2, 2, -1, -1], [-1, 1, 3, 2, 1, -1, -1, 5], [-1, 1, 3, 2, 1, 4, 4, 4], [-1, 1, 3, 2, 0, 0, -1, 1], [-1, 1, 3, 1, 1, 0, -1, 1], [-1, 1, 3, 1, 0, -1, -1, 5], [-1, 1, 3, 1, 0, -1, 1, 2], [-1, 1, 3, 1, 0, 2, 1, -1], [-1, 1, 3, 1, 0, 1, -1, 4], [-1, 1, 2, -1, -1, -1, 4, 0], [-1, 1, 2, -1, -1, 4, -1, 0], [-1, 1, 2, -1, -1, 3, 4, 5], [-1, 1, 2, -1, 2, 1, 4, -1], [-1, 1, 2, -1, 1, 4, -1, 1], [-1, 1, 2, -1, 1, 0, -1, 2], [-1, 1, 2, -1, 0, 3, -1, 5], [-1, 1, 2, -1, 0, 3, 6, -1], [-1, 1, 2, 3, -1, -1, 4, 2], [-1, 1, 2, 3, -1, 5, -1, -1], [-1, 1, 2, 3, -1, 3, -1, -1], [-1, 1, 2, 2, -1, 3, -1, 5], [-1, 1, 2, 2, -1, 1, 4, 4], [-1, 1, 2, 2, 1, -1, 1, 4], [-1, 1, 2, 2, 1, 1, -1, 4], [-1, 1, 2, 2, 1, 1, 4, -1], [-1, 1, 2, 2, 0, -1, 6, -1], [-1, 1, 2, 1, 0, -1, 4, 5], [-1, 1, 1, -1, -1, -1, -1, 8], [-1, 1, 1, -1, -1, -1, 9, -1], [-1, 1, 1, -1, -1, 10, -1, -1], [-1, 1, 1, -1, -1, 5, -1, 2], [-1, 1, 1, -1, -1, 3, 5, -1], [-1, 1, 1, -1, -1, 3, 1, 2], [-1, 1, 1, -1, -1, 1, 4, 2], [-1, 1, 1, -1, 1, 1, 2, 2], [-1, 1, 1, 3, -1, -1, -1, 0], [-1, 1, 1, 3, -1, 2, -1, 1], [-1, 1, 1, 3, -1, 0, -1, -1], [-1, 1, 1, 2, -1, 4, 4, 2], [-1, 1, 1, 2, 2, -1, -1, -1], [-1, 1, 1, 2, 1, 4, -1, 2], [-1, 1, 1, 2, 1, 4, 2, -1], [-1, 1, 1, 2, 1, 3, -1, 4], [-1, 1, 1, 2, 1, 1, 2, -1], [3, -1, -1, -1, -1, 3, -1, 2], [3, -1, -1, -1, -1, 3, -1, 0], [3, -1, -1, -1, -1, 3, 4, -1], [3, -1, -1, -1, -1, 3, 0, -1], [3, -1, -1, -1, 0, -1, 4, -1], [3, -1, -1, -1, 0, 3, -1, -1], [3, -1, 2, -1, -1, -1, 4, 2], [3, -1, 2, -1, -1, 3, -1, -1], [3, -1, 1, -1, -1, -1, 2, 1], [3, -1, 1, -1, -1, 2, -1, 1], [3, 2, -1, -1, -1, -1, 4, 2], [3, 2, -1, -1, -1, 3, -1, -1], [3, 2, -1, -1, -1, 2, -1, 1], [3, 2, -1, -1, 0, -1, 2, 1], [3, 2, 2, -1, -1, -1, -1, 0], [3, 2, 2, -1, -1, -1, 0, -1], [3, 2, 2, 1, -1, 0, -1, -1], [3, 2, 2, 1, 0, -1, -1, 2], [2, -1, -1, -1, -1, -1, 5, -1], [2, -1, -1, -1, -1, 6, -1, -1], [2, -1, -1, -1, -1, 4, 1, 2], [2, -1, -1, -1, -1, 2, 1, 4], [2, -1, -1, -1, 2, 3, -1, -1], [2, -1, -1, -1, 1, 4, 4, 2], [2, -1, -1, -1, 0, 4, 1, -1], [2, -1, -1, -1, 0, 3, 4, 2], [2, -1, -1, -1, 0, 2, 1, 2], [2, -1, -1, 3, -1, 0, -1, -1], [2, -1, -1, 2, -1, -1, 4, 0], [2, -1, -1, 2, -1, -1, 2, 0], [2, -1, -1, 2, -1, 4, -1, 0], [2, -1, -1, 2, -1, 4, 2, -1], [2, -1, -1, 2, -1, 4, 1, -1], [2, -1, -1, 2, -1, 2, -1, 0], [2, -1, -1, 2, -1, 2, 1, 2], [2, -1, -1, 2, 1, -1, 4, -1], [2, -1, -1, 2, 1, 4, -1, -1], [2, -1, -1, 2, 1, 2, -1, 4], [2, -1, -1, 2, 0, -1, 1, 0], [2, -1, -1, 2, 0, 1, -1, 4], [2, -1, -1, 2, 0, 1, -1, 0], [2, -1, -1, 1, 0, 3, -1, 2], [2, -1, 3, -1, -1, -1, 1, 4], [2, -1, 3, -1, -1, 1, -1, 4], [2, -1, 3, -1, 1, -1, -1, 4], [2, -1, 3, -1, 1, 4, 4, -1], [2, -1, 3, -1, 0, -1, 2, 4], [2, -1, 3, -1, 0, 2, -1, 4], [2, -1, 3, 1, -1, -1, -1, 4], [2, -1, 3, 1, -1, 3, -1, 1], [2, -1, 3, 1, 1, 3, -1, -1], [2, -1, 3, 1, 1, 2, -1, 1], [2, -1, 3, 1, 1, 2, 1, -1], [2, -1, 3, 1, 0, 1, -1, 1], [2, -1, 3, 1, 0, 1, 1, -1], [2, -1, 2, -1, -1, -1, 1, 0], [2, -1, 2, -1, -1, 3, 4, 4], [2, -1, 2, -1, -1, 1, -1, 0], [2, -1, 2, -1, 2, -1, -1, 2], [2, -1, 2, -1, 2, -1, 2, -1], [2, -1, 2, -1, 2, 2, -1, -1], [2, -1, 2, -1, 1, 3, -1, 1], [2, -1, 2, -1, 1, 3, 1, -1], [2, -1, 2, -1, 0, -1, 2, 0], [2, -1, 2, -1, 0, 3, -1, 4], [2, -1, 2, -1, 0, 3, -1, 0], [2, -1, 2, -1, 0, 2, -1, 0], [2, -1, 2, 2, -1, -1, 4, 1], [2, -1, 2, 2, -1, 3, -1, 4], [2, -1, 2, 2, -1, 3, 4, -1], [2, -1, 2, 2, -1, 1, 4, -1], [2, -1, 2, 2, -1, 1, 1, 2], [2, -1, 2, 1, -1, 3, 1, 1], [2, -1, 2, 1, 2, -1, -1, -1], [2, -1, 2, 1, 0, 3, 0, -1], [2, -1, 1, -1, -1, 4, -1, 2], [2, -1, 1, -1, -1, 4, 1, -1], [2, -1, 1, -1, 2, -1, -1, 0], [2, -1, 1, -1, 2, -1, 0, -1], [2, -1, 1, -1, 2, 0, -1, -1], [2, -1, 1, -1, 1, 2, -1, 4], [2, -1, 1, -1, 0, -1, 4, 2], [2, -1, 1, -1, 0, 3, -1, 2], [2, -1, 1, 2, -1, -1, 4, 2], [2, -1, 1, 2, -1, 4, -1, -1], [2, -1, 1, 2, -1, 3, -1, 2], [2, -1, 1, 2, -1, 3, 4, -1], [2, -1, 1, 2, -1, 2, -1, 4], [2, -1, 1, 2, 1, -1, 1, 4], [2, -1, 1, 1, 0, -1, 0, 1], [2, 2, -1, -1, -1, -1, 4, 0], [2, 2, -1, -1, -1, 4, -1, 0], [2, 2, -1, -1, -1, 4, 1, -1], [2, 2, -1, -1, -1, 3, 4, 2], [2, 2, -1, -1, 2, -1, -1, 1], [2, 2, -1, -1, 2, -1, 1, -1], [2, 2, -1, -1, 0, -1, 4, 2], [2, 2, -1, -1, 0, -1, 2, 4], [2, 2, -1, -1, 0, 3, 4, -1], [2, 2, -1, 2, -1, -1, 4, 1], [2, 2, -1, 2, -1, -1, 2, 4], [2, 2, -1, 2, -1, 3, 4, -1], [2, 2, -1, 2, -1, 2, -1, 4], [2, 2, -1, 1, 0, 4, -1, 2], [2, 2, -1, 1, 0, 3, -1, 0], [2, 2, -1, 1, 0, 3, 0, -1], [2, 2, 3, -1, 1, 3, -1, 1], [2, 2, 2, -1, -1, 3, -1, 1], [2, 2, 2, -1, -1, 3, 4, -1], [2, 2, 2, -1, -1, 3, 1, -1], [2, 2, 2, -1, 0, 3, -1, 2], [2, 2, 2, -1, 0, 3, 0, -1], [2, 2, 2, 2, -1, -1, 4, -1], [2, 2, 2, 1, -1, 3, -1, -1], [2, 2, 1, -1, -1, -1, 4, 2], [2, 2, 1, -1, -1, -1, 2, 4], [2, 2, 1, -1, -1, 3, -1, 2], [2, 2, 1, -1, -1, 3, 4, -1], [2, 2, 1, -1, -1, 2, -1, 4], [2, 2, 1, -1, 2, 1, -1, -1], [2, 2, 1, -1, 1, -1, 1, 4], [2, 2, 1, -1, 1, 4, 4, -1], [2, 2, 1, -1, 0, -1, 4, -1], [2, 2, 1, 2, -1, -1, -1, 4], [2, 2, 1, 2, -1, -1, 4, -1], [2, 2, 1, 1, 0, 0, -1, 1], [2, 1, -1, -1, -1, -1, 2, 0], [2, 1, -1, -1, -1, 4, 2, -1], [2, 1, -1, -1, -1, 2, -1, 0], [2, 1, -1, -1, -1, 2, 1, 2], [2, 1, -1, -1, 2, 0, -1, -1], [2, 1, -1, -1, 1, 4, -1, 2], [2, 1, -1, -1, 0, 1, -1, 4], [2, 1, -1, 3, -1, -1, -1, 0], [2, 1, -1, 2, -1, -1, 1, 0], [2, 1, -1, 2, -1, 4, -1, 2], [2, 1, -1, 2, -1, 1, -1, 4], [2, 1, -1, 2, -1, 1, -1, 0], [2, 1, 5, -1, 0, -1, -1, 2], [2, 1, 5, -1, 0, -1, 2, -1], [2, 1, 3, -1, -1, -1, -1, 4], [2, 1, 3, -1, 1, 4, -1, -1], [2, 1, 3, -1, 1, 2, -1, 1], [2, 1, 3, -1, 1, 2, 1, -1], [2, 1, 3, 1, 0, -1, -1, 1], [2, 1, 3, 1, 0, 1, -1, -1], [2, 1, 2, -1, -1, 3, -1, 4], [2, 1, 2, -1, -1, 3, -1, 0], [2, 1, 2, -1, 2, -1, -1, -1], [2, 1, 2, 2, -1, 1, -1, 2], [2, 1, 1, -1, 0, -1, 1, 0], [2, 1, 1, -1, 0, 1, -1, 0], [2, 1, 1, 2, 1, 0, -1, 0], [2, 1, 1, 2, 0, -1, 1, 2], [1, -1, -1, -1, -1, -1, -1, 3], [1, -1, -1, -1, -1, -1, 7, -1], [1, -1, -1, -1, -1, 8, -1, -1], [1, -1, -1, -1, -1, 7, -1, 5], [1, -1, -1, -1, -1, 7, 6, -1], [1, -1, -1, -1, -1, 4, 5, 4], [1, -1, -1, -1, -1, 4, 4, 5], [1, -1, -1, -1, -1, 4, 1, 4], [1, -1, -1, -1, -1, 4, 1, 2], [1, -1, -1, -1, -1, 3, -1, 6], [1, -1, -1, -1, -1, 1, 4, 2], [1, -1, -1, -1, 2, -1, -1, 0], [1, -1, -1, -1, 2, 4, -1, 2], [1, -1, -1, -1, 2, 4, 2, -1], [1, -1, -1, -1, 2, 1, 4, -1], [1, -1, -1, -1, 1, -1, 4, 5], [1, -1, -1, -1, 1, -1, 3, -1], [1, -1, -1, -1, 1, 6, -1, -1], [1, -1, -1, -1, 1, 3, 5, -1], [1, -1, -1, -1, 1, 3, 1, 2], [1, -1, -1, -1, 0, -1, 6, 5], [1, -1, -1, -1, 0, 4, 5, -1], [1, -1, -1, -1, 0, 4, 4, 1], [1, -1, -1, 3, -1, -1, 2, 4], [1, -1, -1, 3, -1, 4, -1, -1], [1, -1, -1, 3, -1, 2, -1, 4], [1, -1, -1, 3, 2, -1, -1, -1], [1, -1, -1, 3, 1, -1, -1, 0], [1, -1, -1, 2, -1, 5, -1, 2], [1, -1, -1, 2, -1, 4, 4, 1], [1, -1, -1, 2, -1, 3, 5, -1], [1, -1, -1, 2, 2, -1, -1, -1], [1, -1, -1, 2, 1, 1, 4, 1], [1, -1, -1, 1, -1, -1, -1, 5], [1, -1, -1, 1, -1, 7, -1, -1], [1, -1, -1, 1, 0, -1, 6, -1], [1, -1, 5, -1, 0, -1, -1, 4], [1, -1, 5, -1, 0, -1, 4, -1], [1, -1, 5, 1, 0, 4, -1, -1], [1, -1, 3, -1, -1, -1, -1, 6], [1, -1, 3, -1, -1, -1, -1, 5], [1, -1, 3, -1, 2, 3, -1, -1], [1, -1, 3, -1, 1, 4, 1, -1], [1, -1, 3, -1, 1, 0, 0, 1], [1, -1, 3, -1, 0, -1, 5, -1], [1, -1, 3, -1, 0, 4, -1, 4], [1, -1, 3, -1, 0, 4, 4, -1], [1, -1, 3, 2, -1, -1, 0, 1], [1, -1, 3, 2, -1, 4, -1, 2], [1, -1, 3, 2, -1, 4, 1, -1], [1, -1, 3, 2, -1, 3, -1, 1], [1, -1, 3, 2, -1, 1, 4, 1], [1, -1, 3, 2, -1, 1, 1, 4], [1, -1, 3, 2, 1, -1, -1, 0], [1, -1, 3, 2, 1, -1, 4, 2], [1, -1, 3, 2, 1, -1, 0, -1], [1, -1, 3, 2, 1, 3, -1, -1], [1, -1, 3, 2, 1, 0, -1, -1], [1, -1, 3, 2, 0, -1, 4, 1], [1, -1, 3, 2, 0, 4, 2, -1], [1, -1, 3, 1, -1, 4, -1, 4], [1, -1, 3, 1, -1, 4, 4, -1], [1, -1, 3, 1, 1, 0, -1, 1], [1, -1, 3, 1, 0, 4, -1, -1], [1, -1, 2, -1, -1, -1, -1, 5], [1, -1, 2, -1, -1, -1, 4, 0], [1, -1, 2, -1, -1, 4, -1, 0], [1, -1, 2, -1, -1, 3, 4, 1], [1, -1, 2, -1, 2, -1, 4, -1], [1, -1, 2, -1, 2, -1, 0, -1], [1, -1, 2, -1, 2, 4, -1, -1], [1, -1, 2, -1, 2, 1, -1, 4], [1, -1, 2, -1, 2, 0, -1, -1], [1, -1, 2, -1, 1, 4, 1, -1], [1, -1, 2, -1, 1, 1, 4, 4], [1, -1, 2, -1, 1, 0, -1, 4], [1, -1, 2, -1, 0, -1, 6, -1], [1, -1, 2, 3, -1, -1, 4, -1], [1, -1, 2, 2, -1, -1, 4, 1], [1, -1, 2, 2, 1, -1, 1, 4], [1, -1, 2, 2, 1, 3, -1, 2], [1, -1, 2, 2, 1, 3, 0, 0], [1, -1, 2, 2, 0, 2, 1, 1], [1, -1, 2, 2, 0, 1, 4, -1], [1, -1, 2, 1, -1, -1, 6, -1], [1, -1, 2, 1, 1, 4, -1, 2], [1, -1, 2, 1, 1, 4, 2, -1], [1, -1, 2, 1, 1, 1, 2, 1], [1, -1, 1, -1, -1, -1, 3, -1], [1, -1, 1, -1, -1, 6, -1, -1], [1, -1, 1, -1, -1, 5, -1, 2], [1, -1, 1, -1, -1, 4, 5, -1], [1, -1, 1, -1, -1, 4, 4, 1], [1, -1, 1, -1, -1, 3, 5, -1], [1, -1, 1, -1, 1, -1, 5, -1], [1, -1, 1, 3, -1, -1, -1, 4], [1, -1, 1, 3, -1, -1, -1, 2], [1, -1, 1, 3, -1, -1, 2, -1], [1, -1, 1, 3, -1, 2, -1, -1], [1, -1, 1, 2, 1, 1, 2, 2], [1, -1, 1, 1, -1, -1, 5, -1], [1, -1, 1, 1, -1, 4, 4, 2], [1, -1, 1, 1, 1, 1, 1, 4], [1, -1, 1, 1, 0, 4, -1, 4], [1, 2, -1, -1, -1, 4, -1, 5], [1, 2, -1, -1, -1, 4, 5, -1], [1, 2, -1, -1, 1, -1, -1, 5], [1, 2, -1, 3, -1, -1, 4, -1], [1, 2, -1, 2, 1, 3, -1, 4], [1, 2, -1, 2, 1, 3, -1, 0], [1, 2, -1, 2, 1, 3, 0, -1], [1, 2, -1, 1, 1, 1, 2, 1], [1, 2, 5, -1, -1, 4, -1, -1], [1, 2, 3, -1, -1, 4, 4, 2], [1, 2, 3, -1, 0, -1, 4, 1], [1, 2, 3, -1, 0, 4, -1, 2], [1, 2, 3, 2, -1, -1, 4, 1], [1, 2, 3, 2, -1, 4, 2, -1], [1, 2, 3, 2, -1, 3, -1, 4], [1, 2, 3, 2, -1, 3, 0, -1], [1, 2, 3, 2, 1, -1, 4, 4], [1, 2, 3, 1, -1, 2, 1, 1], [1, 2, 3, 1, 2, 1, -1, -1], [1, 2, 3, 1, 1, 2, 1, -1], [1, 2, 2, -1, -1, 1, 2, 1], [1, 2, 2, 3, -1, -1, -1, 0], [1, 2, 2, 2, -1, 2, 1, 1], [1, 2, 2, 1, 0, 3, 4, 4], [1, 2, 1, -1, 1, 1, 1, 4], [1, 2, 1, 2, -1, 3, 1, 4], [1, 2, 1, 2, 1, -1, 2, 4], [1, 2, 1, 1, 1, -1, 1, 4], [1, 2, 1, 1, 1, 0, 1, 1], [1, 2, 1, 1, 0, -1, 4, 2], [1, 2, 1, 1, 0, 4, -1, -1], [1, 1, -1, -1, -1, -1, 4, 0], [1, 1, -1, -1, -1, -1, 3, -1], [1, 1, -1, -1, -1, 7, -1, -1], [1, 1, -1, -1, -1, 4, -1, 0], [1, 1, -1, -1, -1, 3, 5, -1], [1, 1, -1, -1, -1, 3, 1, 2], [1, 1, -1, -1, 1, 4, 4, 2], [1, 1, -1, -1, 1, 1, 4, 4], [1, 1, -1, 3, -1, -1, -1, 4], [1, 1, -1, 2, -1, 3, -1, 2], [1, 1, -1, 2, 1, -1, 4, 2], [1, 1, -1, 2, 1, -1, 4, 1], [1, 1, -1, 2, 1, -1, 1, 2], [1, 1, -1, 2, 1, 1, 4, -1], [1, 1, -1, 1, -1, 4, 4, 2], [1, 1, -1, 1, -1, 1, 4, 4], [1, 1, 3, -1, -1, -1, 1, 4], [1, 1, 3, -1, -1, 4, -1, 4], [1, 1, 3, -1, -1, 4, 4, -1], [1, 1, 3, -1, -1, 4, 1, -1], [1, 1, 3, -1, -1, 3, -1, 2], [1, 1, 3, -1, -1, 1, -1, 4], [1, 1, 3, -1, 1, -1, 4, -1], [1, 1, 3, -1, 1, -1, 1, 2], [1, 1, 3, -1, 0, 4, -1, -1], [1, 1, 3, -1, 0, 3, -1, 1], [1, 1, 3, -1, 0, 3, 1, -1], [1, 1, 3, 2, -1, -1, 4, 2], [1, 1, 3, 2, -1, 4, -1, -1], [1, 1, 3, 2, -1, 3, 1, -1], [1, 1, 3, 1, -1, -1, 4, 4], [1, 1, 3, 1, 0, -1, -1, 4], [1, 1, 2, -1, -1, -1, 6, -1], [1, 1, 2, -1, -1, 4, 1, 1], [1, 1, 2, -1, -1, 1, 4, 4], [1, 1, 2, -1, 2, -1, -1, 4], [1, 1, 2, -1, 2, -1, -1, 2], [1, 1, 2, -1, 2, -1, 2, -1], [1, 1, 2, -1, 2, 2, -1, -1], [1, 1, 2, -1, 1, -1, 1, 2], [1, 1, 2, -1, 1, 4, -1, 2], [1, 1, 2, -1, 1, 4, 2, -1], [1, 1, 2, -1, 1, 1, 4, -1], [1, 1, 2, 2, -1, 1, -1, 4], [1, 1, 2, 2, 1, -1, 4, -1], [1, 1, 2, 1, -1, 3, 1, 1], [1, 1, 2, 1, -1, 3, 0, 1], [1, 1, 2, 1, -1, 1, 2, 2], [1, 1, 2, 1, 1, 3, -1, 0], [1, 1, 2, 1, 1, 3, 1, -1], [1, 1, 2, 1, 0, -1, 0, 1], [1, 1, 2, 1, 0, 3, -1, 1], [1, 1, 2, 1, 0, 1, -1, 2], [1, 1, 2, 1, 0, 1, 2, -1], [1, 1, 1, -1, -1, 4, 4, 2], [1, 1, 1, -1, 1, -1, 4, 2], [1, 1, 1, -1, 1, 3, -1, 2], [1, 1, 1, -1, 1, 1, -1, 2], [1, 1, 1, -1, 1, 1, 2, -1], [1, 1, 1, 2, -1, -1, 4, 2], [1, 1, 1, 2, 1, 4, -1, -1], [1, 1, 1, 1, 0, 3, -1, 0], [1, 1, 1, 1, 0, 0, 0, 1], [0, -1, -1, -1, -1, -1, 6, 6], [0, -1, -1, -1, -1, 4, -1, 7], [0, -1, -1, -1, -1, 4, 6, -1], [0, -1, -1, -1, -1, 2, 1, 4], [0, -1, -1, -1, 2, -1, 1, 2], [0, -1, -1, -1, 2, 2, 1, -1], [0, -1, -1, -1, 2, 0, -1, 1], [0, -1, -1, -1, 2, 0, 1, -1], [0, -1, -1, -1, 1, 3, 4, 1], [0, -1, -1, 3, -1, 1, 2, 2], [0, -1, -1, 3, 1, -1, 0, 1], [0, -1, -1, 3, 1, 5, -1, -1], [0, -1, -1, 3, 1, 3, -1, 1], [0, -1, -1, 3, 0, 3, 0, 0], [0, -1, -1, 3, 0, 1, 2, -1], [0, -1, -1, 2, -1, 3, 1, 5], [0, -1, -1, 2, 2, -1, -1, 1], [0, -1, -1, 2, 2, -1, 1, -1], [0, -1, -1, 2, 2, 4, -1, 4], [0, -1, -1, 2, 0, 3, 5, 4], [0, -1, -1, 1, -1, 4, 4, 1], [0, -1, -1, 1, 1, 10, -1, -1], [0, -1, -1, 1, 1, 4, 2, 1], [0, -1, -1, 1, 0, -1, 4, 0], [0, -1, -1, 1, 0, 6, 5, -1], [0, -1, -1, 1, 0, 4, -1, 0], [0, -1, -1, 1, 0, 0, -1, 4], [0, -1, -1, 0, 0, -1, 1, -1], [0, -1, 5, 2, -1, 4, -1, -1], [0, -1, 5, 1, -1, 3, -1, -1], [0, -1, 4, -1, -1, 2, -1, 1], [0, -1, 4, 2, -1, -1, 0, -1], [0, -1, 4, 2, -1, 0, -1, 0], [0, -1, 3, -1, 1, -1, 5, -1], [0, -1, 3, -1, 1, 5, -1, 4], [0, -1, 3, -1, 1, 4, 2, 1], [0, -1, 3, -1, 0, 5, -1, 2], [0, -1, 3, -1, 0, 4, 1, 1], [0, -1, 3, 3, -1, -1, 0, 1], [0, -1, 3, 3, 1, -1, 0, -1], [0, -1, 3, 2, -1, 0, 0, 1], [0, -1, 3, 1, -1, -1, 5, 5], [0, -1, 3, 1, -1, 2, 1, 2], [0, -1, 3, 1, 1, 5, -1, -1], [0, -1, 3, 1, 0, 4, 1, -1], [0, -1, 3, 0, -1, -1, 1, -1], [0, -1, 3, 0, 0, 3, -1, -1], [0, -1, 3, 0, 0, 1, -1, -1], [0, -1, 2, -1, -1, 3, 1, 5], [0, -1, 2, -1, 2, -1, 1, 1], [0, -1, 2, -1, 2, 3, -1, 4], [0, -1, 2, -1, 1, 0, -1, 2], [0, -1, 2, -1, 0, 4, 4, 1], [0, -1, 2, -1, 0, 1, -1, 5], [0, -1, 2, 3, -1, 1, -1, -1], [0, -1, 2, 2, -1, 3, 1, 4], [0, -1, 2, 2, 1, 2, 2, 1], [0, -1, 2, 2, 1, 1, -1, 4], [0, -1, 2, 1, 1, -1, 2, 0], [0, -1, 2, 1, 1, 4, 5, 4], [0, -1, 2, 1, 1, 2, -1, 0], [0, -1, 1, -1, -1, -1, -1, 9], [0, -1, 1, -1, -1, -1, 9, -1], [0, -1, 1, -1, -1, 10, -1, -1], [0, -1, 1, -1, -1, 1, 4, 2], [0, -1, 1, -1, 2, -1, -1, 4], [0, -1, 1, -1, 2, -1, -1, 0], [0, -1, 1, -1, 2, -1, 0, -1], [0, -1, 1, -1, 2, 1, -1, -1], [0, -1, 1, -1, 1, -1, -1, 8], [0, -1, 1, -1, 1, 4, -1, 1], [0, -1, 1, -1, 1, 4, 1, -1], [0, -1, 1, -1, 0, 5, 5, -1], [0, -1, 1, 2, -1, 5, 5, -1], [0, -1, 1, 2, 1, -1, 4, 4], [0, -1, 1, 2, 1, 5, -1, -1], [0, -1, 1, 2, 1, 4, -1, 4], [0, -1, 1, 2, 1, 4, 4, -1], [0, -1, 1, 2, 0, -1, 6, -1], [0, -1, 1, 1, -1, -1, -1, 8], [0, -1, 1, 1, -1, -1, 4, 0], [0, -1, 1, 1, -1, 4, -1, 1], [0, -1, 1, 1, -1, 4, -1, 0], [0, -1, 1, 1, -1, 4, 1, -1], [0, -1, 1, 1, -1, 3, 1, 2], [0, -1, 1, 1, -1, 1, -1, 5], [0, -1, 1, 1, -1, 1, 4, 4], [0, -1, 1, 1, -1, 1, 2, 2], [0, -1, 1, 1, -1, 0, 1, 1], [0, -1, 1, 1, 2, 3, -1, -1], [0, -1, 1, 1, 1, 1, -1, 2], [0, -1, 1, 1, 1, 1, 2, -1], [0, -1, 1, 1, 0, 5, -1, 4], [0, -1, 1, 1, 0, 5, 4, -1], [0, 2, -1, -1, -1, -1, -1, 8], [0, 2, -1, -1, -1, -1, 9, -1], [0, 2, -1, -1, -1, 10, -1, -1], [0, 2, -1, -1, 1, 5, 5, -1], [0, 2, -1, 3, -1, 3, 4, 4], [0, 2, -1, 3, 1, 1, 1, 1], [0, 2, -1, 2, -1, -1, -1, 7], [0, 2, -1, 2, 2, -1, 4, 4], [0, 2, -1, 2, 1, 5, -1, -1], [0, 2, -1, 2, 1, 4, 2, 2], [0, 2, -1, 1, -1, 7, -1, -1], [0, 2, -1, 1, -1, 3, 1, 4], [0, 2, -1, 1, -1, 1, 5, -1], [0, 2, -1, 1, 2, 3, -1, -1], [0, 2, -1, 1, 0, 4, -1, 1], [0, 2, -1, 1, 0, 1, 4, 2], [0, 2, 6, -1, -1, 4, -1, -1], [0, 2, 5, 2, 1, -1, -1, -1], [0, 2, 4, 2, -1, -1, -1, 1], [0, 2, 4, 2, -1, 1, -1, -1], [0, 2, 4, 2, -1, 0, -1, -1], [0, 2, 4, 2, 0, -1, 1, -1], [0, 2, 3, 2, 1, 4, 2, -1], [0, 2, 3, 1, -1, 4, -1, 1], [0, 2, 3, 1, 2, -1, -1, 4], [0, 2, 2, -1, -1, 3, 1, 4], [0, 2, 2, 3, -1, -1, 1, 1], [0, 2, 2, 3, -1, 0, -1, -1], [0, 2, 2, 2, 1, -1, 2, 1], [0, 2, 2, 2, 0, 4, -1, 1], [0, 2, 2, 2, 0, 1, 4, 4], [0, 2, 2, 1, 0, 5, 4, 4], [0, 2, 1, -1, 1, -1, 2, 4], [0, 2, 1, -1, 1, 3, -1, 2], [0, 2, 1, 2, 1, 4, -1, -1], [0, 2, 1, 1, -1, -1, 2, 4], [0, 2, 1, 1, -1, 2, -1, 4], [0, 2, 1, 1, 1, -1, 4, 2], [0, 2, 1, 1, 1, 3, 4, -1], [0, 2, 1, 1, 0, -1, 1, 4], [0, 2, 1, 1, 0, 1, -1, 4], [0, 2, 1, 1, 0, 1, 4, -1], [0, 1, -1, -1, -1, 6, 6, -1], [0, 1, -1, -1, -1, 5, -1, 1], [0, 1, -1, -1, 2, -1, -1, 5], [0, 1, -1, -1, 1, 0, -1, 2], [0, 1, -1, -1, 1, 0, 1, -1], [0, 1, -1, -1, 0, 0, -1, 4], [0, 1, -1, -1, 0, 0, 0, 1], [0, 1, -1, 3, -1, -1, -1, 0], [0, 1, -1, 3, -1, 5, -1, -1], [0, 1, -1, 2, -1, 6, -1, 5], [0, 1, -1, 2, -1, 0, -1, 4], [0, 1, -1, 2, -1, 0, 0, 1], [0, 1, -1, 2, 0, 0, -1, 1], [0, 1, -1, 1, -1, 5, 5, -1], [0, 1, -1, 1, -1, 1, 2, 1], [0, 1, -1, 1, -1, 0, -1, 2], [0, 1, -1, 1, 1, 4, 5, 4], [0, 1, -1, 1, 0, 3, 1, 4], [0, 1, -1, 1, 0, 1, 4, 1], [0, 1, 6, 1, -1, -1, -1, 2], [0, 1, 6, 1, -1, -1, 2, -1], [0, 1, 6, 1, -1, 2, -1, -1], [0, 1, 5, -1, -1, 4, 2, -1], [0, 1, 5, -1, 0, 4, -1, -1], [0, 1, 3, -1, -1, -1, 4, 0], [0, 1, 3, -1, -1, -1, 0, 1], [0, 1, 3, -1, -1, 4, -1, 0], [0, 1, 3, -1, -1, 0, -1, 1], [0, 1, 3, -1, 1, 3, -1, 1], [0, 1, 3, 1, 1, 1, 2, -1], [0, 1, 3, 1, 0, -1, 2, 1], [0, 1, 3, 1, 0, 3, 4, 4], [0, 1, 3, 1, 0, 1, 4, -1], [0, 1, 2, -1, -1, 1, -1, 5], [0, 1, 2, -1, -1, 0, -1, 2], [0, 1, 2, -1, 2, -1, -1, 1], [0, 1, 2, -1, 2, -1, 1, -1], [0, 1, 2, -1, 1, 3, 0, 1], [0, 1, 2, -1, 0, 1, 2, 1], [0, 1, 2, 1, -1, 1, 4, 1], [0, 1, 2, 1, 0, -1, 4, 1], [0, 1, 1, -1, -1, 4, -1, 1], [0, 1, 1, -1, -1, 4, 1, -1], [0, 1, 1, -1, -1, 0, -1, 4], [0, 1, 1, -1, -1, 0, -1, 1], [0, 1, 1, -1, 1, 1, 4, 1], [0, 1, 1, -1, 1, 1, 2, -1], [0, 1, 1, -1, 0, 6, -1, -1], [0, 1, 1, -1, 0, 4, 4, 2], [0, 1, 1, 3, -1, -1, -1, 1], [0, 1, 1, 3, 1, -1, 1, -1], [0, 1, 1, 2, -1, 6, -1, -1], [0, 1, 1, 2, 1, 3, 4, -1], [0, 1, 1, 1, -1, 0, 1, -1], [0, 1, 1, 1, 1, -1, 2, 0], [0, 1, 1, 1, 1, 2, -1, 0]]
10 163 
 [[-1, -1, -1, -1, -1, -1, 2, 5], [-1, -1, -1, -1, -1, 2, -1, 5], [-1, -1, -1, -1, 2, 3, -1, 0], [-1, -1, -1, -1, 2, 3, 0, -1], [-1, -1, -1, -1, 1, -1, -1, 6], [-1, -1, -1, -1, 1, -1, 4, 0], [-1, -1, -1, -1, 1, 5, 5, 4], [-1, -1, -1, -1, 1, 4, -1, 0], [-1, -1, -1, -1, 1, 1, 5, -1], [-1, -1, -1, 3, 1, -1, 2, 4], [-1, -1, -1, 3, 1, 4, 2, -1], [-1, -1, -1, 3, 1, 2, -1, 4], [-1, -1, -1, 2, -1, 2, 1, 4], [-1, -1, -1, 2, 0, 3, 6, 5], [-1, -1, -1, 1, -1, -1, 7, -1], [-1, -1, -1, 1, 0, 6, -1, 4], [-1, -1, 3, -1, -1, 3, 4, 1], [-1, -1, 3, -1, -1, 1, 5, -1], [-1, -1, 3, -1, 0, 3, 5, -1], [-1, -1, 3, 2, -1, 3, 5, -1], [-1, -1, 3, 2, 1, 3, -1, 1], [-1, -1, 3, 2, 1, 3, 0, -1], [-1, -1, 3, 1, -1, -1, 5, 4], [-1, -1, 3, 1, 2, 3, -1, -1], [-1, -1, 3, 1, 1, 5, -1, 4], [-1, -1, 3, 1, 0, -1, 5, -1], [-1, -1, 2, -1, -1, -1, 6, 6], [-1, -1, 2, -1, -1, 4, 6, -1], [-1, -1, 2, -1, 0, 3, 4, 5], [-1, -1, 2, 3, 1, 4, -1, -1], [-1, -1, 2, 1, -1, -1, -1, 6], [-1, -1, 2, 1, -1, -1, 4, 0], [-1, -1, 2, 1, -1, 4, -1, 0], [-1, -1, 2, 1, 2, -1, -1, 0], [-1, -1, 1, -1, -1, -1, -1, 6], [-1, -1, 1, -1, 0, 3, 5, 4], [-1, -1, 1, 2, -1, 3, 5, -1], [-1, -1, 1, 2, -1, 1, 4, 2], [-1, -1, 1, 1, 1, -1, 5, 4], [-1, -1, 1, 1, 0, 4, 1, -1], [-1, 2, -1, -1, -1, -1, -1, 6], [-1, 2, -1, -1, -1, -1, 7, -1], [-1, 2, -1, -1, -1, 2, 1, 4], [-1, 2, -1, -1, 1, 6, -1, -1], [-1, 2, -1, -1, 0, 4, 4, 1], [-1, 2, -1, 3, 1, -1, -1, 4], [-1, 2, -1, 2, -1, 5, 5, -1], [-1, 2, -1, 2, -1, 3, 4, 1], [-1, 2, -1, 1, -1, 6, -1, -1], [-1, 2, -1, 1, 0, 5, -1, 2], [-1, 2, 3, -1, -1, -1, 5, -1], [-1, 2, 3, -1, -1, 5, -1, -1], [-1, 2, 3, -1, 2, -1, 4, -1], [-1, 2, 3, -1, 2, 4, -1, -1], [-1, 2, 3, 2, 1, 4, 2, 2], [-1, 2, 3, 1, 1, 1, 1, 4], [-1, 2, 2, -1, -1, 4, 4, 1], [-1, 2, 2, -1, 0, 5, -1, 2], [-1, 2, 2, -1, 0, 3, 4, 1], [-1, 2, 2, 3, -1, -1, -1, 4], [-1, 2, 2, 3, -1, 1, -1, -1], [-1, 2, 2, 2, -1, 4, 1, -1], [-1, 2, 2, 2, 1, 4, 2, -1], [-1, 2, 2, 2, 0, -1, 4, 1], [-1, 2, 1, -1, 1, -1, 5, -1], [-1, 2, 1, -1, 1, 2, -1, 4], [-1, 2, 1, 2, 1, 4, 4, -1], [-1, 2, 1, 1, -1, -1, 5, -1], [-1, 2, 1, 1, 1, 3, 4, 2], [-1, 2, 1, 1, 1, 1, 1, 4], [-1, 1, -1, -1, 2, -1, -1, 0], [-1, 1, -1, -1, 2, -1, 0, -1], [-1, 1, -1, -1, 2, 3, -1, -1], [-1, 1, -1, -1, 0, 6, -1, 4], [-1, 1, -1, 3, -1, -1, 0, -1], [-1, 1, -1, 2, -1, -1, 4, 0], [-1, 1, -1, 2, -1, 4, -1, 0], [-1, 1, -1, 2, -1, 3, 6, -1], [-1, 1, -1, 2, -1, 3, 5, -1], [-1, 1, -1, 2, 2, 2, -1, 2], [-1, 1, -1, 2, 0, 6, -1, -1], [-1, 1, 3, -1, -1, 3, 5, -1], [-1, 1, 3, -1, 1, 5, -1, 4], [-1, 1, 3, 2, -1, -1, 5, -1], [-1, 1, 2, -1, 0, 3, -1, 5], [-1, 1, 2, -1, 0, 3, 6, -1], [-1, 1, 2, 2, -1, 3, -1, 5], [-1, 1, 2, 2, -1, 1, 4, 4], [-1, 1, 2, 2, 0, -1, 6, -1], [-1, 1, 1, -1, 1, 1, 2, 2], [-1, 1, 1, 2, -1, 4, 4, 2], [-1, 1, 1, 2, 1, 4, -1, 2], [2, -1, -1, -1, 0, 3, 4, 2], [2, -1, 1, -1, -1, 4, -1, 2], [2, -1, 1, 2, -1, 4, -1, -1], [2, 2, -1, -1, -1, 3, 4, 2], [2, 2, -1, -1, 0, -1, 4, 2], [2, 2, -1, -1, 0, 3, 4, -1], [2, 2, 2, 1, -1, 3, -1, -1], [2, 2, 1, -1, 0, -1, 4, -1], [2, 1, -1, -1, -1, 4, 2, -1], [1, -1, -1, -1, 2, -1, -1, 0], [1, -1, -1, 2, 2, -1, -1, -1], [1, -1, -1, 1, -1, -1, -1, 5], [1, -1, 3, -1, 0, 4, 4, -1], [1, -1, 3, 2, -1, 3, -1, 1], [1, -1, 3, 2, 1, -1, -1, 0], [1, -1, 3, 2, 1, -1, 0, -1], [1, -1, 3, 2, 1, 3, -1, -1], [1, -1, 3, 2, 1, 0, -1, -1], [1, -1, 3, 1, -1, 4, 4, -1], [1, -1, 2, 2, 0, 2, 1, 1], [1, -1, 2, 2, 0, 1, 4, -1], [1, -1, 2, 1, 1, 4, -1, 2], [1, -1, 2, 1, 1, 4, 2, -1], [1, -1, 1, -1, 1, -1, 5, -1], [1, -1, 1, 1, 1, 1, 1, 4], [1, -1, 1, 1, 0, 4, -1, 4], [1, 2, -1, 2, 1, 3, -1, 0], [1, 2, -1, 2, 1, 3, 0, -1], [1, 2, 3, 2, -1, 3, 0, -1], [1, 2, 2, 2, -1, 2, 1, 1], [1, 2, 1, 1, 1, -1, 1, 4], [1, 2, 1, 1, 0, 4, -1, -1], [1, 1, -1, 2, -1, 3, -1, 2], [1, 1, 2, -1, 1, 4, -1, 2], [1, 1, 2, 1, -1, 3, 1, 1], [1, 1, 2, 1, 1, 3, -1, 0], [1, 1, 1, 2, -1, -1, 4, 2], [1, 1, 1, 1, 0, 3, -1, 0], [0, -1, -1, -1, -1, -1, 6, 6], [0, -1, -1, -1, -1, 4, 6, -1], [0, -1, -1, -1, -1, 2, 1, 4], [0, -1, -1, -1, 1, 3, 4, 1], [0, -1, -1, 2, 0, 3, 5, 4], [0, -1, -1, 1, 0, 6, 5, -1], [0, -1, 3, -1, 1, -1, 5, -1], [0, -1, 3, -1, 1, 5, -1, 4], [0, -1, 3, 1, 1, 5, -1, -1], [0, -1, 2, -1, 0, 4, 4, 1], [0, -1, 2, 3, -1, 1, -1, -1], [0, -1, 1, 2, 1, -1, 4, 4], [0, -1, 1, 2, 1, 4, 4, -1], [0, -1, 1, 1, -1, 1, 2, 2], [0, 2, -1, 3, 1, 1, 1, 1], [0, 2, -1, 2, 1, 4, 2, 2], [0, 2, -1, 1, -1, 3, 1, 4], [0, 2, -1, 1, -1, 1, 5, -1], [0, 2, -1, 1, 2, 3, -1, -1], [0, 2, -1, 1, 0, 4, -1, 1], [0, 2, 3, 2, 1, 4, 2, -1], [0, 2, 2, 2, 0, 4, -1, 1], [0, 2, 2, 2, 0, 1, 4, 4], [0, 2, 2, 1, 0, 5, 4, 4], [0, 2, 1, -1, 1, 3, -1, 2], [0, 2, 1, 1, -1, -1, 2, 4], [0, 2, 1, 1, -1, 2, -1, 4], [0, 2, 1, 1, 1, -1, 4, 2], [0, 2, 1, 1, 1, 3, 4, -1], [0, 1, -1, 2, 0, 0, -1, 1], [0, 1, 3, 1, 1, 1, 2, -1], [0, 1, 3, 1, 0, 3, 4, 4], [0, 1, 1, -1, 0, 4, 4, 2]]
20 30 
 [[-1, -1, -1, -1, -1, -1, 2, 5], [-1, -1, -1, -1, -1, 2, -1, 5], [-1, -1, -1, -1, 2, 3, -1, 0], [-1, -1, -1, -1, 2, 3, 0, -1], [-1, -1, -1, -1, 1, -1, 4, 0], [-1, -1, -1, -1, 1, 4, -1, 0], [-1, -1, 3, 1, -1, -1, 5, 4], [-1, 2, -1, -1, -1, -1, -1, 6], [-1, 2, 3, -1, -1, -1, 5, -1], [-1, 2, 3, -1, -1, 5, -1, -1], [-1, 2, 2, 2, 0, -1, 4, 1], [-1, 1, -1, -1, 2, -1, -1, 0], [-1, 1, -1, -1, 2, -1, 0, -1], [-1, 1, -1, -1, 2, 3, -1, -1], [-1, 1, -1, 2, -1, 3, 5, -1], [-1, 1, -1, 2, 0, 6, -1, -1], [-1, 1, 2, -1, 0, 3, -1, 5], [1, -1, -1, -1, 2, -1, -1, 0], [1, -1, 3, 2, 1, -1, -1, 0], [1, -1, 3, 2, 1, -1, 0, -1], [1, -1, 3, 2, 1, 0, -1, -1], [1, 2, -1, 2, 1, 3, -1, 0], [1, 2, -1, 2, 1, 3, 0, -1], [1, 2, 1, 1, 0, 4, -1, -1], [1, 1, -1, 2, -1, 3, -1, 2], [1, 1, 1, 1, 0, 3, -1, 0], [0, -1, -1, 2, 0, 3, 5, 4], [0, -1, 3, -1, 1, -1, 5, -1], [0, -1, 3, -1, 1, 5, -1, 4], [0, 2, -1, 2, 1, 4, 2, 2]]
30 6 
 [[-1, -1, 3, 1, -1, -1, 5, 4], [-1, 2, -1, -1, -1, -1, -1, 6], [-1, 2, 3, -1, -1, -1, 5, -1], [-1, 1, -1, 2, -1, 3, 5, -1], [0, -1, -1, 2, 0, 3, 5, 4], [0, -1, 3, -1, 1, -1, 5, -1]]
40 2 
 [[-1, -1, 3, 1, -1, -1, 5, 4], [0, -1, -1, 2, 0, 3, 5, 4]]
50 0 
 []
60 0 
 []
70 0 
 []
80 0 
 []
90 0 
 []
100 0 
 []
200 0 
 []
500 0 
 []
1000 0 
 []
