execution time
6000 0.7957549095153809 74.08959221839905
8000 1.577908992767334 139.859277009964
10000 3.075636148452759 247.89716577529907
12000 5.432518005371094 350.9658188819885
14000 8.294622898101807 459.87904715538025
16000 10.710840225219727 765.9642820358276
18000 26.31049609184265 1040.4054453372955
20000 29.374074935913086 999.3541600704193


number of calculations
6000 25027.0 1314089.0
8000 31452.0 1315479.0
10000 40577.0 1317543.0
12000 52151.0 1319823.0
14000 59770.0 1322256.0
16000 69317.0 1324922.0
18000 80297.0 1327815.0
20000 89418.0 1330674.0


number of patterns found
6000 0 
 []
8000 0 
 []
10000 0 
 []
12000 0 
 []
14000 0 
 []
16000 0 
 []
18000 0 
 []
20000 0 
 []
