execution time
0.05 11.736247348785401
0.1 13.627826833724976
0.15 11.535826921463013
0.2 11.119248914718629
0.25 9.670189237594604
0.3 10.154783153533936
0.35 8.749884176254273
0.4 8.717597579956054
0.45 8.673147630691528
0.5 9.84216856956482


number of calculations
0.05 316225.0
0.1 322514.0
0.15 288658.0
0.2 289486.0
0.25 256216.0
0.3 256423.0
0.35 231251.0
0.4 231251.0
0.45 210908.0
0.5 210908.0


number of patterns found
0.05 55 
 [[-1, -1, -1, -1, 1, 1, 5, -1, -1, -1, -1], [-1, -1, -1, 6, 0, 0, -1, -1, -1, -1, -1], [-1, -1, -1, 1, -1, -1, 6, -1, -1, -1, -1], [-1, -1, -1, 1, -1, 1, 5, -1, -1, -1, -1], [-1, -1, -1, 1, -1, 0, 8, -1, -1, -1, -1], [-1, -1, 3, -1, -1, -1, 4, -1, -1, -1, -1], [-1, -1, 3, 0, 1, -1, -1, -1, -1, 0, -1], [-1, -1, 1, -1, 1, -1, 5, -1, -1, -1, -1], [-1, -1, 1, 4, -1, 0, 2, -1, -1, -1, -1], [-1, -1, 0, 2, -1, -1, 1, -1, -1, -1, -1], [-1, -1, 0, 1, -1, -1, 8, -1, -1, -1, -1], [-1, 3, 0, 0, 0, 1, -1, -1, -1, -1, -1], [-1, 2, -1, -1, 2, -1, 9, -1, -1, -1, -1], [-1, 2, -1, -1, 2, 0, 7, -1, -1, -1, -1], [-1, 2, -1, 0, 1, 0, 7, -1, -1, -1, -1], [-1, 2, 1, -1, -1, 1, 5, -1, -1, -1, -1], [-1, 2, 1, 5, -1, -1, 4, -1, -1, -1, -1], [-1, 2, 0, -1, 0, -1, 9, -1, -1, -1, -1], [-1, 2, 0, 2, -1, 1, -1, -1, -1, -1, -1], [-1, 2, 0, 0, -1, 1, 2, 0, -1, -1, -1], [-1, 2, 0, 0, 2, -1, 7, -1, -1, -1, -1], [-1, 1, -1, 1, 1, 0, -1, -1, -1, -1, -1], [-1, 1, 3, -1, -1, 0, 5, -1, -1, -1, -1], [-1, 1, 1, -1, 1, -1, 4, -1, -1, -1, -1], [1, -1, -1, 0, 0, 1, 8, 0, -1, -1, -1], [1, -1, 1, -1, -1, -1, 9, -1, -1, -1, -1], [1, -1, 1, -1, -1, 1, 7, -1, -1, -1, -1], [1, -1, 1, 2, -1, 0, -1, -1, -1, -1, -1], [1, 2, -1, 2, -1, 0, -1, 0, -1, -1, -1], [1, 2, -1, 2, 0, 0, -1, -1, -1, -1, -1], [1, 1, -1, 0, -1, 1, 8, 0, -1, -1, -1], [1, 1, -1, 0, 0, 1, 8, -1, -1, -1, -1], [1, 1, 1, -1, -1, -1, 8, -1, -1, -1, -1], [1, 1, 1, -1, -1, 0, 2, -1, -1, -1, -1], [1, 1, 1, 1, -1, 0, -1, -1, -1, -1, -1], [0, -1, -1, 6, -1, 0, -1, -1, -1, -1, -1], [0, -1, -1, 1, 0, 0, 4, -1, -1, -1, -1], [0, -1, 3, -1, -1, -1, 5, -1, -1, -1, -1], [0, -1, 1, 4, -1, -1, 2, -1, -1, -1, -1], [0, -1, 1, 0, 1, 0, 7, -1, -1, -1, -1], [0, -1, 0, 5, -1, -1, 1, 0, -1, -1, -1], [0, -1, 0, 5, 0, -1, 1, -1, -1, -1, -1], [0, -1, 0, 5, 0, 1, -1, 0, -1, -1, -1], [0, 3, 0, 5, -1, -1, -1, -1, -1, -1, -1], [0, 2, -1, 5, -1, -1, 4, -1, -1, -1, -1], [0, 2, -1, 0, 2, -1, 7, -1, -1, -1, -1], [0, 2, -1, 0, 1, -1, 7, -1, -1, -1, -1], [0, 2, -1, 0, 0, 0, 9, -1, -1, -1, -1], [0, 2, 0, -1, -1, 1, 2, 0, -1, -1, -1], [0, 2, 0, -1, 0, 0, 6, -1, -1, -1, -1], [0, 2, 0, 0, -1, 1, 2, -1, -1, -1, -1], [0, 2, 0, 0, 0, -1, 6, 0, -1, -1, -1], [0, 1, -1, 1, -1, -1, 8, -1, -1, -1, -1], [0, 1, -1, 1, -1, 0, 4, -1, -1, -1, -1], [0, 1, 1, 5, -1, -1, 2, -1, -1, -1, -1]]
0.1 33 
 [[-1, -1, -1, 1, 1, -1, 6, -1, -1, -1, -1], [-1, -1, 3, -1, -1, 0, 4, -1, -1, -1, -1], [-1, -1, 3, 0, -1, 1, 4, -1, -1, -1, -1], [-1, -1, 1, 4, -1, 0, 2, -1, -1, -1, -1], [-1, -1, 1, 1, -1, -1, 6, -1, -1, -1, -1], [-1, -1, 0, 1, -1, -1, 8, -1, -1, -1, -1], [-1, 2, -1, -1, 2, -1, 9, -1, -1, -1, -1], [-1, 2, -1, -1, 2, 0, 7, -1, -1, -1, -1], [-1, 2, 1, 5, -1, -1, 4, -1, -1, -1, -1], [-1, 2, 0, 2, -1, -1, 1, -1, -1, -1, -1], [-1, 2, 0, 2, 0, 1, -1, -1, -1, -1, -1], [-1, 2, 0, 0, 0, -1, 9, -1, -1, -1, -1], [-1, 1, -1, 1, -1, -1, 6, -1, -1, -1, -1], [-1, 1, 3, -1, -1, -1, 4, -1, -1, -1, -1], [-1, 1, 1, -1, 1, -1, 5, -1, -1, -1, -1], [1, -1, 1, -1, -1, -1, 9, -1, -1, -1, -1], [1, -1, 1, -1, -1, 1, 7, 0, -1, -1, -1], [1, -1, 1, 2, -1, 0, -1, -1, -1, -1, -1], [1, 2, -1, 2, 0, 0, -1, 0, -1, -1, -1], [1, 1, -1, 0, 0, 1, 8, 0, -1, -1, -1], [1, 1, 1, -1, -1, 1, 7, -1, -1, -1, -1], [1, 1, 1, 0, -1, -1, 8, -1, -1, -1, -1], [1, 1, 1, 0, -1, 0, 2, -1, -1, -1, -1], [0, -1, -1, -1, 1, 1, 5, -1, -1, -1, -1], [0, -1, -1, 6, 0, 0, -1, -1, -1, -1, -1], [0, -1, -1, 1, -1, 1, 5, -1, -1, -1, -1], [0, -1, -1, 1, -1, 0, 8, 0, -1, -1, -1], [0, -1, 1, -1, 1, -1, 5, -1, -1, -1, -1], [0, -1, 0, 5, 0, -1, 1, 0, -1, -1, -1], [0, 2, -1, 0, 1, 0, 7, -1, -1, -1, -1], [0, 2, 0, -1, 0, -1, 9, -1, -1, -1, -1], [0, 2, 0, -1, 0, 0, 6, -1, -1, -1, -1], [0, 1, 1, -1, 1, -1, 4, -1, -1, -1, -1]]
0.15 11 
 [[-1, -1, 1, 1, -1, -1, 6, -1, -1, -1, -1], [-1, -1, 0, 1, -1, -1, 8, 0, -1, -1, -1], [-1, 2, -1, 0, 2, 0, 7, -1, -1, -1, -1], [-1, 1, -1, 1, -1, -1, 6, -1, -1, -1, -1], [-1, 1, 1, -1, 1, -1, 5, -1, -1, -1, -1], [1, -1, 1, -1, 0, -1, 9, -1, -1, -1, -1], [1, 1, 1, -1, -1, -1, 9, -1, -1, -1, -1], [1, 1, 1, 0, -1, -1, 8, -1, -1, -1, -1], [0, -1, 0, 1, -1, -1, 8, -1, -1, -1, -1], [0, 2, -1, -1, 2, 0, 7, -1, -1, -1, -1], [0, 2, 0, 0, 0, 0, 6, -1, -1, -1, -1]]
0.2 6 
 [[-1, 1, -1, 1, -1, -1, 6, -1, -1, -1, -1], [-1, 1, 1, -1, 1, -1, 5, -1, -1, -1, -1], [1, -1, 1, -1, 0, -1, 9, -1, -1, -1, -1], [1, 1, 1, -1, -1, 0, 9, -1, -1, -1, -1], [0, -1, 0, 1, -1, -1, 8, 0, -1, -1, -1], [0, 2, -1, -1, 2, 0, 7, -1, -1, -1, -1]]
0.25 1 
 [[1, -1, 1, -1, 0, -1, 9, -1, -1, -1, -1]]
0.3 1 
 [[1, -1, 1, -1, 0, 0, 9, -1, -1, -1, -1]]
0.35 0 
 []
0.4 0 
 []
0.45 0 
 []
0.5 0 
 []
