execution time
1 6.734994173049927 94.05962920188904
10 1.888390302658081 84.11195492744446
20 1.3207249641418457 86.6631031036377
30 1.0001649856567383 84.85731101036072
40 0.8371071815490723 97.90094900131226
50 0.7844469547271729 83.68397998809814
60 0.7412741184234619 77.5208888053894
70 0.44335508346557617 75.55591917037964
80 0.39566898345947266 74.67469573020935
90 0.39356279373168945 82.02284693717957
100 0.4014918804168701 71.56735801696777
200 0.21058106422424316 75.79045605659485
500 0.17315006256103516 71.91807413101196
1000 0.11655902862548828 71.68790006637573


number of calculations
1 172559.0 1362826.0
10 60792.0 1321921.0
20 37447.0 1316932.0
30 28815.0 1314753.0
40 22515.0 1313391.0
50 19092.0 1312521.0
60 16827.0 1311845.0
70 14531.0 1311273.0
80 12390.0 1310823.0
90 10919.0 1310488.0
100 9630.0 1310185.0
200 4484.0 1308596.0
500 1888.0 1307309.0
1000 624.0 1307015.0


number of patterns found
1 318 
 [[-1, -1, -1, -1, -1, -1, -1, 7], [-1, -1, -1, -1, -1, -1, 9, 5], [-1, -1, -1, -1, -1, -1, 4, 9], [-1, -1, -1, -1, -1, 1, 5, 1], [-1, -1, -1, -1, 4, -1, 8, -1], [-1, -1, -1, -1, 3, 0, 7, -1], [-1, -1, -1, -1, 2, -1, 1, -1], [-1, -1, -1, -1, 1, -1, 5, 1], [-1, -1, -1, -1, 1, 1, -1, 1], [-1, -1, -1, 6, -1, -1, -1, 1], [-1, -1, -1, 6, -1, -1, 8, -1], [-1, -1, -1, 6, -1, -1, 5, -1], [-1, -1, -1, 5, -1, -1, 9, 1], [-1, -1, -1, 5, -1, 1, 7, -1], [-1, -1, -1, 5, -1, 0, 6, -1], [-1, -1, -1, 5, 3, -1, 7, -1], [-1, -1, -1, 5, 2, -1, 2, -1], [-1, -1, -1, 5, 2, 0, 5, -1], [-1, -1, -1, 5, 1, -1, 6, -1], [-1, -1, -1, 5, 0, -1, 10, -1], [-1, -1, -1, 5, 0, -1, 9, -1], [-1, -1, -1, 4, -1, -1, 9, -1], [-1, -1, -1, 4, 1, -1, 8, -1], [-1, -1, -1, 2, -1, -1, 5, -1], [-1, -1, -1, 2, 1, 1, 6, -1], [-1, -1, -1, 2, 1, 0, 10, -1], [-1, -1, -1, 2, 0, 1, 8, -1], [-1, -1, -1, 2, 0, 0, 4, -1], [-1, -1, -1, 1, -1, -1, 5, 1], [-1, -1, -1, 1, -1, -1, 3, 9], [-1, -1, -1, 1, -1, -1, 2, 1], [-1, -1, -1, 1, 3, -1, 8, -1], [-1, -1, -1, 1, 2, 0, 10, -1], [-1, -1, -1, 1, 1, -1, 5, -1], [-1, -1, -1, 1, 1, 1, 6, -1], [-1, -1, -1, 0, -1, 1, 1, 9], [-1, -1, -1, 0, -1, 0, -1, 5], [-1, -1, -1, 0, 1, 1, 2, -1], [-1, -1, 3, -1, -1, -1, -1, 9], [-1, -1, 3, -1, -1, 1, 10, -1], [-1, -1, 3, -1, 1, -1, 8, -1], [-1, -1, 3, -1, 1, -1, 4, -1], [-1, -1, 3, -1, 1, -1, 2, -1], [-1, -1, 3, -1, 0, -1, 10, -1], [-1, -1, 3, 5, -1, -1, 7, -1], [-1, -1, 3, 5, -1, -1, 3, -1], [-1, -1, 3, 4, -1, -1, 3, -1], [-1, -1, 3, 4, -1, 0, 1, -1], [-1, -1, 3, 2, 0, -1, 4, -1], [-1, -1, 3, 1, -1, -1, 6, -1], [-1, -1, 3, 1, -1, 1, 5, -1], [-1, -1, 3, 1, -1, 1, 3, -1], [-1, -1, 3, 0, -1, 1, 5, -1], [-1, -1, 3, 0, -1, 1, 4, -1], [-1, -1, 2, -1, -1, -1, 2, 9], [-1, -1, 2, -1, -1, 1, 10, 0], [-1, -1, 2, -1, -1, 1, 8, -1], [-1, -1, 2, -1, 2, -1, 9, -1], [-1, -1, 2, -1, 1, 0, 7, -1], [-1, -1, 2, 6, -1, 0, -1, -1], [-1, -1, 2, 4, -1, -1, 6, -1], [-1, -1, 2, 2, -1, -1, 8, -1], [-1, -1, 2, 2, -1, 1, 3, -1], [-1, -1, 2, 2, -1, 0, 1, 0], [-1, -1, 2, 1, -1, -1, 8, -1], [-1, -1, 2, 1, -1, 0, 9, -1], [-1, -1, 2, 1, -1, 0, 4, -1], [-1, -1, 2, 1, 1, -1, -1, -1], [-1, -1, 1, -1, -1, -1, -1, 9], [-1, -1, 1, -1, -1, -1, 4, 2], [-1, -1, 1, -1, -1, 1, -1, 2], [-1, -1, 1, -1, 2, -1, 5, -1], [-1, -1, 1, -1, 1, -1, -1, 2], [-1, -1, 1, 5, -1, 1, 5, -1], [-1, -1, 1, 5, 0, -1, 6, -1], [-1, -1, 1, 4, -1, 1, 7, -1], [-1, -1, 1, 4, 0, 1, 4, -1], [-1, -1, 1, 1, -1, 1, 7, -1], [-1, -1, 1, 1, -1, 1, 6, -1], [-1, -1, 1, 1, 2, -1, -1, -1], [-1, -1, 1, 1, 0, 0, 9, -1], [-1, -1, 0, -1, -1, -1, 5, 1], [-1, -1, 0, -1, 3, -1, 7, -1], [-1, -1, 0, 6, -1, 0, 2, -1], [-1, -1, 0, 6, -1, 0, 1, -1], [-1, -1, 0, 5, -1, -1, 7, -1], [-1, -1, 0, 5, -1, 1, 9, -1], [-1, -1, 0, 5, 2, 0, -1, -1], [-1, -1, 0, 5, 1, -1, 4, -1], [-1, -1, 0, 3, -1, 0, 1, -1], [-1, -1, 0, 2, -1, 1, 6, -1], [-1, -1, 0, 2, -1, 1, 1, -1], [-1, -1, 0, 1, -1, 0, 8, -1], [-1, -1, 0, 1, 1, -1, 8, -1], [-1, -1, 0, 1, 0, 1, 9, 0], [-1, 3, -1, -1, -1, -1, 9, 1], [-1, 3, -1, -1, -1, -1, 8, -1], [-1, 3, -1, -1, -1, 1, -1, 1], [-1, 3, -1, -1, -1, 1, 4, 0], [-1, 3, -1, -1, -1, 0, 7, -1], [-1, 3, -1, -1, 3, -1, -1, -1], [-1, 3, -1, -1, 0, -1, 7, -1], [-1, 3, -1, -1, 0, 1, 5, -1], [-1, 3, -1, -1, 0, 1, 4, -1], [-1, 3, -1, 5, -1, -1, 7, -1], [-1, 3, -1, 5, -1, 1, 9, -1], [-1, 3, -1, 5, -1, 1, 2, -1], [-1, 3, -1, 0, -1, -1, 9, 0], [-1, 3, -1, 0, -1, -1, 5, -1], [-1, 3, -1, 0, 2, -1, -1, -1], [-1, 3, -1, 0, 1, -1, 3, -1], [-1, 3, 1, -1, -1, -1, 7, -1], [-1, 3, 1, -1, -1, 1, 2, -1], [-1, 3, 1, -1, 1, -1, 4, -1], [-1, 3, 1, 5, -1, -1, 6, -1], [-1, 3, 0, -1, -1, -1, -1, 1], [-1, 3, 0, -1, 0, -1, 5, -1], [-1, 3, 0, 5, -1, 1, -1, -1], [-1, 3, 0, 5, 0, -1, 1, -1], [-1, 3, 0, 3, -1, -1, 1, -1], [-1, 3, 0, 0, -1, 0, 3, -1], [-1, 2, -1, -1, -1, -1, 5, 1], [-1, 2, -1, -1, -1, 0, -1, 5], [-1, 2, -1, -1, 1, -1, 10, -1], [-1, 2, -1, 6, -1, -1, 2, -1], [-1, 2, -1, 5, 2, -1, -1, -1], [-1, 2, -1, 4, -1, -1, 7, -1], [-1, 2, -1, 4, -1, 0, 3, -1], [-1, 2, -1, 4, 2, -1, -1, -1], [-1, 2, -1, 2, -1, 1, 6, -1], [-1, 2, -1, 2, 1, -1, 6, -1], [-1, 2, -1, 2, 0, -1, 8, -1], [-1, 2, -1, 1, 2, -1, 9, -1], [-1, 2, -1, 1, 0, -1, 9, 0], [-1, 2, 3, -1, -1, -1, 6, -1], [-1, 2, 3, -1, 0, -1, 7, -1], [-1, 2, 3, 5, -1, 0, -1, -1], [-1, 2, 3, 4, -1, 0, -1, -1], [-1, 2, 3, 1, -1, -1, 3, -1], [-1, 2, 3, 0, -1, -1, 4, -1], [-1, 2, 3, 0, -1, 1, 1, -1], [-1, 2, 3, 0, 1, -1, -1, -1], [-1, 2, 2, -1, 1, -1, 5, -1], [-1, 2, 2, -1, 1, -1, 3, -1], [-1, 2, 2, -1, 0, -1, 8, -1], [-1, 2, 2, 5, -1, 0, 4, -1], [-1, 2, 2, 5, 0, -1, 4, -1], [-1, 2, 2, 4, -1, -1, 3, -1], [-1, 2, 2, 0, -1, 1, 6, -1], [-1, 2, 2, 0, -1, 1, 5, -1], [-1, 2, 2, 0, 0, -1, 6, -1], [-1, 2, 1, -1, 2, 0, 2, -1], [-1, 2, 0, -1, 2, 0, 9, -1], [-1, 2, 0, -1, 1, 1, 2, -1], [-1, 2, 0, -1, 0, 1, 9, 0], [-1, 2, 0, 5, -1, 1, 1, 0], [-1, 2, 0, 5, 0, 0, 5, -1], [-1, 2, 0, 4, -1, 1, 5, -1], [-1, 2, 0, 4, 0, -1, 5, -1], [-1, 2, 0, 1, -1, -1, 9, 0], [-1, 2, 0, 1, -1, 1, 5, -1], [-1, 2, 0, 1, -1, 0, 9, -1], [-1, 1, -1, -1, -1, -1, 2, 9], [-1, 1, -1, -1, -1, -1, 1, 9], [-1, 1, -1, -1, -1, 1, 4, 2], [-1, 1, -1, -1, 2, -1, 5, -1], [-1, 1, -1, -1, 1, -1, 4, 2], [-1, 1, -1, -1, 1, 1, 5, -1], [-1, 1, -1, -1, 1, 1, 2, -1], [-1, 1, -1, 6, -1, -1, 7, -1], [-1, 1, -1, 5, -1, 0, 5, -1], [-1, 1, -1, 5, 1, -1, 2, -1], [-1, 1, -1, 5, 0, -1, 7, -1], [-1, 1, -1, 3, -1, -1, 7, -1], [-1, 1, -1, 3, -1, 0, -1, -1], [-1, 1, -1, 2, -1, 0, 4, -1], [-1, 1, -1, 1, -1, -1, 6, -1], [-1, 1, -1, 1, -1, 0, 8, -1], [-1, 1, -1, 1, 3, -1, -1, -1], [-1, 1, -1, 1, 2, 1, 9, -1], [-1, 1, -1, 1, 1, 0, 9, -1], [-1, 1, -1, 0, 1, -1, 2, -1], [-1, 1, 3, -1, -1, 1, 9, -1], [-1, 1, 3, -1, 0, -1, 9, -1], [-1, 1, 3, 2, -1, -1, 4, -1], [-1, 1, 3, 1, -1, 0, 4, -1], [-1, 1, 2, 2, -1, 0, 2, -1], [-1, 1, 2, 2, -1, 0, 1, -1], [-1, 1, 1, -1, 1, -1, 5, -1], [-1, 1, 1, -1, 1, -1, 2, -1], [-1, 1, 1, 6, -1, 0, -1, -1], [-1, 1, 1, 5, -1, -1, 5, -1], [-1, 1, 1, 4, -1, 1, 4, -1], [-1, 1, 1, 4, -1, 1, 3, -1], [-1, 1, 1, 4, -1, 0, 2, -1], [-1, 1, 1, 2, -1, -1, 1, -1], [-1, 1, 1, 1, -1, 0, 9, -1], [-1, 1, 0, -1, -1, 1, 2, 1], [-1, 1, 0, 5, -1, 0, 1, -1], [-1, 1, 0, 5, 2, -1, -1, -1], [-1, 1, 0, 2, -1, 0, 10, -1], [-1, 0, -1, -1, -1, -1, -1, 9], [-1, 0, -1, 1, -1, -1, -1, -1], [-1, 0, 3, -1, -1, 1, 5, -1], [-1, 0, 1, -1, -1, -1, 2, -1], [-1, 0, 1, -1, -1, 1, 5, -1], [1, -1, -1, -1, -1, -1, 10, 9], [1, -1, -1, -1, -1, -1, 10, 1], [1, -1, -1, -1, -1, -1, 3, 9], [1, -1, -1, -1, 2, 0, 8, 0], [1, -1, -1, -1, 1, 1, 2, -1], [1, -1, -1, 4, 0, 1, 7, -1], [1, -1, -1, 1, -1, -1, -1, 9], [1, -1, -1, 1, -1, -1, 6, -1], [1, -1, -1, 1, -1, 0, 7, -1], [1, -1, -1, 1, 0, 0, 9, -1], [1, -1, -1, 0, 2, -1, 8, -1], [1, -1, 3, -1, -1, -1, 10, -1], [1, -1, 3, -1, -1, 1, 3, -1], [1, -1, 3, -1, -1, 0, 4, -1], [1, -1, 3, -1, 1, -1, -1, -1], [1, -1, 3, 1, -1, -1, 4, -1], [1, -1, 3, 1, -1, -1, 3, -1], [1, -1, 2, -1, -1, -1, 9, -1], [1, -1, 2, -1, 2, -1, -1, -1], [1, -1, 2, 2, -1, -1, -1, -1], [1, -1, 2, 1, -1, 0, 2, -1], [1, -1, 1, -1, 1, -1, 6, -1], [1, -1, 1, -1, 0, -1, 9, -1], [1, -1, 1, 4, -1, -1, 1, -1], [1, -1, 1, 2, -1, 0, 1, -1], [1, -1, 1, 2, 0, 0, -1, -1], [1, -1, 1, 1, -1, -1, 7, -1], [1, -1, 1, 1, -1, 0, 9, -1], [1, -1, 0, -1, 2, 0, 8, -1], [1, -1, 0, 6, -1, 1, -1, -1], [1, -1, 0, 4, -1, 1, 4, -1], [1, -1, 0, 3, -1, -1, 1, -1], [1, 3, -1, -1, 1, -1, 6, -1], [1, 3, -1, 5, -1, -1, 6, -1], [1, 3, -1, 5, 1, -1, -1, -1], [1, 3, 1, -1, -1, -1, 6, -1], [1, 3, 0, -1, -1, 1, -1, -1], [1, 3, 0, 3, -1, -1, -1, -1], [1, 2, -1, -1, 2, -1, 8, 0], [1, 2, -1, 4, -1, -1, 1, 0], [1, 2, -1, 2, -1, 0, 3, -1], [1, 2, -1, 0, 2, -1, 6, -1], [1, 2, 3, -1, -1, -1, 3, -1], [1, 2, 3, 4, -1, -1, -1, -1], [1, 2, 2, -1, -1, 0, 2, -1], [1, 2, 1, -1, -1, 0, 6, -1], [1, 2, 1, 4, -1, 0, -1, -1], [1, 2, 1, 2, -1, 0, -1, 0], [1, 2, 1, 0, -1, -1, 6, -1], [1, 2, 0, -1, -1, 1, 4, -1], [1, 2, 0, -1, 2, -1, 8, -1], [1, 2, 0, 0, -1, -1, 4, -1], [1, 1, -1, -1, 0, 1, 10, -1], [1, 1, -1, 2, -1, 1, 3, -1], [1, 1, -1, 1, -1, 0, 9, -1], [1, 1, 3, -1, -1, -1, 4, -1], [1, 1, 2, 1, -1, 0, -1, -1], [1, 1, 1, -1, -1, 0, 9, -1], [1, 1, 1, -1, -1, 0, 8, -1], [1, 1, 0, 0, 0, 1, 8, 0], [1, 0, -1, -1, -1, 0, 7, -1], [1, 0, 1, -1, -1, -1, 7, -1], [0, -1, -1, -1, -1, -1, 5, 1], [0, -1, -1, 5, 0, -1, 7, -1], [0, -1, -1, 2, -1, 1, 6, -1], [0, -1, -1, 1, 2, -1, 9, -1], [0, -1, -1, 1, 1, 0, 9, -1], [0, -1, -1, 0, -1, -1, 1, 9], [0, -1, 3, -1, -1, 1, 5, -1], [0, -1, 3, 4, -1, 0, 5, -1], [0, -1, 2, -1, 1, 1, 5, -1], [0, -1, 2, -1, 1, 0, 4, -1], [0, -1, 2, 4, -1, 1, 2, -1], [0, -1, 1, -1, -1, -1, -1, 2], [0, -1, 1, 5, -1, -1, 6, -1], [0, -1, 1, 4, -1, -1, 4, -1], [0, -1, 1, 1, -1, -1, 10, -1], [0, -1, 1, 1, 0, -1, 6, -1], [0, -1, 0, 5, -1, 1, 1, -1], [0, -1, 0, 1, -1, -1, 8, 0], [0, 3, -1, 3, 0, 0, 1, -1], [0, 3, 1, 3, 0, -1, 1, -1], [0, 3, 1, 3, 0, 0, -1, -1], [0, 3, 0, 5, -1, -1, 1, -1], [0, 3, 0, 5, 0, -1, -1, -1], [0, 3, 0, 1, -1, 0, 1, -1], [0, 2, -1, 5, 0, 1, 4, -1], [0, 2, -1, 2, -1, -1, 6, -1], [0, 2, -1, 1, -1, -1, 9, -1], [0, 2, 3, 0, 0, 0, 3, -1], [0, 2, 1, -1, 1, 0, 7, -1], [0, 2, 1, 0, 1, -1, 7, -1], [0, 2, 0, 5, -1, -1, 2, 0], [0, 2, 0, 5, 0, 1, -1, 0], [0, 2, 0, 2, 0, 1, -1, -1], [0, 2, 0, 0, 2, 0, 7, -1], [0, 2, 0, 0, 1, 1, 7, -1], [0, 2, 0, 0, 0, 1, 3, 0], [0, 1, -1, -1, -1, -1, -1, 9], [0, 1, -1, -1, 1, -1, 2, -1], [0, 1, -1, -1, 0, -1, 9, 2], [0, 1, -1, 4, 0, 0, 6, -1], [0, 1, 3, -1, -1, 1, 4, -1], [0, 1, 2, -1, 1, -1, 4, -1], [0, 1, 2, 5, -1, 0, 1, -1], [0, 1, 2, 1, -1, -1, 4, -1], [0, 1, 1, -1, 2, -1, 10, -1], [0, 1, 1, 5, -1, 1, 2, -1], [0, 1, 1, 4, -1, -1, 2, -1], [0, 1, 1, 1, -1, 1, 2, -1], [0, 1, 0, 1, -1, -1, 8, -1], [0, 0, -1, -1, -1, 1, 5, -1]]
10 6 
 [[-1, -1, 3, 0, -1, 1, 4, -1], [-1, 1, -1, 1, -1, -1, 6, -1], [-1, 1, 1, -1, 1, -1, 5, -1], [1, -1, 1, -1, 0, -1, 9, -1], [1, 1, 1, -1, -1, 0, 9, -1], [0, -1, 0, 1, -1, -1, 8, 0]]
20 0 
 []
30 0 
 []
40 0 
 []
50 0 
 []
60 0 
 []
70 0 
 []
80 0 
 []
90 0 
 []
100 0 
 []
200 0 
 []
500 0 
 []
1000 0 
 []
