execution time
3 0.6408069133758545 0.569359302520752
4 0.7576730251312256 0.7489261627197266
5 0.8948643207550049 1.0324227809906006
6 1.9284169673919678 7.767560958862305
7 5.49870228767395 132.08634066581726
8 0.6408069133758545
9 0.7576730251312256
10 0.8948643207550049
11 1.9284169673919678


number of patterns checked
3 144.0 212.0
4 424.0 935.0
5 1116.0 3496.0
6 6832.0 37135.0
7 27377.0 421973.0
8 144.0
9 424.0
10 1116.0
11 6832.0


number of patterns found
3 0 
 []
4 5 
 [[-1, 2, 3, -1, -1, -1, 5], [-1, 2, 2, 2, 0, 1, 4], [-1, 1, -1, 2, -1, 3, 5], [0, -1, -1, -1, 0, 6, 5], [0, -1, 3, -1, 1, -1, 5]]
5 6 
 [[-1, -1, 3, 1, -1, -1, 5, 4], [-1, 2, -1, -1, -1, -1, -1, 6], [-1, 2, 3, -1, -1, -1, 5, -1], [-1, 1, -1, 2, -1, 3, 5, -1], [0, -1, -1, 2, 0, 3, 5, 4], [0, -1, 3, -1, 1, -1, 5, -1]]
6 10 
 [[-1, -1, 3, -1, -1, -1, 5, 4, 4], [-1, 2, 3, -1, -1, -1, 5, 4, -1], [-1, 1, -1, -1, 0, -1, 5, -1, 4], [-1, 1, -1, 2, -1, -1, 5, 4, 4], [-1, 1, 2, 2, -1, -1, 5, -1, 4], [0, -1, -1, -1, 0, 6, -1, 4, -1], [0, -1, 3, -1, 1, -1, 5, 4, -1], [0, -1, 2, 2, 0, -1, 5, 4, 4], [0, 1, 3, -1, 1, 4, 2, -1, -1], [0, 1, 2, 2, 0, 4, 4, -1, 4]]
7 22 
 [[-1, -1, -1, -1, 0, 3, 5, -1, 4, -1], [-1, -1, -1, 2, -1, 3, 5, -1, -1, -1], [-1, -1, -1, 1, 2, 3, -1, -1, -1, -1], [-1, -1, 3, -1, -1, -1, 5, -1, -1, 2], [-1, -1, 3, -1, 1, -1, 5, 4, -1, -1], [-1, -1, 3, 1, -1, -1, 5, 4, -1, -1], [-1, -1, 1, 2, 1, 4, -1, -1, -1, -1], [-1, 1, -1, -1, -1, -1, -1, -1, 4, 5], [-1, 1, -1, -1, 0, 3, 5, -1, -1, -1], [-1, 1, -1, 2, 0, 4, 4, 2, -1, 2], [-1, 1, -1, 1, 1, -1, 2, -1, 4, 4], [-1, 1, 2, 2, 0, 3, -1, 0, -1, 0], [-1, 1, 2, 2, 0, 3, 0, -1, -1, 0], [0, -1, 3, -1, 1, -1, 5, -1, -1, -1], [0, -1, 2, 1, 0, 3, 0, -1, -1, 0], [0, -1, 1, 1, -1, -1, 2, -1, 4, 4], [0, 2, 2, 1, -1, 3, 0, -1, -1, 0], [0, 2, 2, 1, 0, 3, -1, -1, -1, 0], [0, 2, 2, 1, 0, 3, -1, 0, -1, -1], [0, 2, 2, 1, 0, 3, 0, -1, 0, -1], [0, 1, 2, 2, -1, 3, -1, -1, 0, 0], [0, 1, 1, -1, 1, -1, -1, -1, 4, 4]]
