execution time
0.05 554.3100690841675
0.1 571.5742430686951
0.15 451.39271092414856
0.2 387.28754711151123
0.25 326.72750997543335
0.3 289.5898451805115
0.35 219.3116958141327
0.4 211.1176881790161
0.45 198.29881501197815
0.5 165.738920211792


number of calculations
0.05 1277195.0
0.1 1251329.0
0.15 1115069.0
0.2 1050527.0
0.25 936965.0
0.3 888272.0
0.35 805990.0
0.4 771786.0
0.45 708496.0
0.5 682022.0


number of patterns found
0.05 1368 
 [[-1, -1, -1, -1, -1, -1, -1, -1, -1, 4, 5], [-1, -1, -1, -1, -1, -1, -1, -1, 6, -1, 4], [-1, -1, -1, -1, -1, -1, -1, -1, 6, 5, -1], [-1, -1, -1, -1, -1, -1, -1, -1, 4, 5, -1], [-1, -1, -1, -1, -1, -1, -1, -1, 4, 4, 1], [-1, -1, -1, -1, -1, -1, -1, -1, 1, 4, 4], [-1, -1, -1, -1, -1, -1, -1, 5, -1, -1, 2], [-1, -1, -1, -1, -1, -1, -1, 5, -1, 4, 4], [-1, -1, -1, -1, -1, -1, -1, 5, 4, -1, 4], [-1, -1, -1, -1, -1, -1, -1, 5, 4, 4, -1], [-1, -1, -1, -1, -1, -1, -1, 4, -1, 1, 4], [-1, -1, -1, -1, -1, -1, -1, 4, 1, -1, 4], [-1, -1, -1, -1, -1, -1, -1, 1, -1, 4, 4], [-1, -1, -1, -1, -1, -1, 6, -1, 4, 4, -1], [-1, -1, -1, -1, -1, -1, 6, 5, -1, -1, 4], [-1, -1, -1, -1, -1, -1, 6, 5, -1, 4, -1], [-1, -1, -1, -1, -1, -1, 5, -1, -1, -1, 4], [-1, -1, -1, -1, -1, -1, 5, -1, -1, -1, 1], [-1, -1, -1, -1, -1, -1, 5, -1, 4, -1, -1], [-1, -1, -1, -1, -1, -1, 4, -1, -1, 2, 0], [-1, -1, -1, -1, -1, -1, 4, -1, 2, -1, 0], [-1, -1, -1, -1, -1, -1, 4, -1, 2, 4, 2], [-1, -1, -1, -1, -1, -1, 4, 4, 4, -1, 5], [-1, -1, -1, -1, -1, -1, 2, -1, 4, -1, 1], [-1, -1, -1, -1, -1, -1, 2, -1, 4, 1, -1], [-1, -1, -1, -1, -1, -1, 2, 4, -1, -1, 1], [-1, -1, -1, -1, -1, -1, 2, 4, -1, 4, -1], [-1, -1, -1, -1, -1, -1, 2, 4, -1, 1, -1], [-1, -1, -1, -1, -1, -1, 2, 4, 4, -1, 4], [-1, -1, -1, -1, -1, -1, 1, -1, -1, 4, 4], [-1, -1, -1, -1, -1, -1, 1, 4, -1, -1, 4], [-1, -1, -1, -1, -1, -1, 1, 4, 4, -1, -1], [-1, -1, -1, -1, -1, -1, 1, 4, 2, -1, 1], [-1, -1, -1, -1, -1, -1, 0, -1, -1, 4, -1], [-1, -1, -1, -1, -1, 6, -1, -1, -1, -1, 4], [-1, -1, -1, -1, -1, 6, -1, -1, 4, -1, -1], [-1, -1, -1, -1, -1, 6, 5, -1, -1, -1, -1], [-1, -1, -1, -1, -1, 4, -1, -1, -1, 2, 1], [-1, -1, -1, -1, -1, 4, -1, -1, 2, 4, 2], [-1, -1, -1, -1, -1, 4, 5, -1, -1, -1, 2], [-1, -1, -1, -1, -1, 4, 4, -1, 2, 4, -1], [-1, -1, -1, -1, -1, 4, 4, 2, -1, 4, -1], [-1, -1, -1, -1, -1, 4, 2, -1, -1, -1, 1], [-1, -1, -1, -1, -1, 3, -1, -1, -1, 2, 0], [-1, -1, -1, -1, -1, 3, -1, -1, 2, -1, 0], [-1, -1, -1, -1, -1, 3, -1, 5, -1, 4, -1], [-1, -1, -1, -1, -1, 3, -1, 4, -1, 1, -1], [-1, -1, -1, -1, -1, 3, -1, 1, 0, -1, -1], [-1, -1, -1, -1, -1, 3, 5, -1, -1, -1, -1], [-1, -1, -1, -1, -1, 3, 4, -1, 2, 1, -1], [-1, -1, -1, -1, -1, 3, 4, 5, -1, -1, -1], [-1, -1, -1, -1, -1, 3, 4, 1, -1, 1, -1], [-1, -1, -1, -1, -1, 3, 1, -1, 0, -1, -1], [-1, -1, -1, -1, -1, 3, 0, -1, 2, -1, -1], [-1, -1, -1, -1, -1, 2, -1, -1, 4, -1, 1], [-1, -1, -1, -1, -1, 2, -1, -1, 4, 4, 2], [-1, -1, -1, -1, -1, 2, -1, -1, 4, 1, -1], [-1, -1, -1, -1, -1, 2, -1, 4, -1, -1, 4], [-1, -1, -1, -1, -1, 2, -1, 4, -1, -1, 1], [-1, -1, -1, -1, -1, 2, -1, 4, -1, 4, -1], [-1, -1, -1, -1, -1, 2, -1, 4, -1, 1, -1], [-1, -1, -1, -1, -1, 1, -1, -1, -1, 4, 4], [-1, -1, -1, -1, -1, 1, -1, -1, 4, -1, 4], [-1, -1, -1, -1, -1, 1, -1, -1, 4, 4, -1], [-1, -1, -1, -1, -1, 1, -1, 4, -1, -1, 4], [-1, -1, -1, -1, -1, 1, -1, 4, -1, 4, -1], [-1, -1, -1, -1, -1, 1, -1, 4, -1, 2, 1], [-1, -1, -1, -1, -1, 1, -1, 4, 4, -1, -1], [-1, -1, -1, -1, -1, 1, -1, 4, 2, -1, 1], [-1, -1, -1, -1, -1, 1, 5, -1, -1, -1, -1], [-1, -1, -1, -1, -1, 1, 1, 4, 2, 2, -1], [-1, -1, -1, -1, 2, -1, -1, -1, 0, -1, 0], [-1, -1, -1, -1, 2, -1, -1, 0, -1, -1, 0], [-1, -1, -1, -1, 2, -1, -1, 0, -1, 0, -1], [-1, -1, -1, -1, 2, -1, 0, -1, -1, -1, 0], [-1, -1, -1, -1, 2, -1, 0, -1, -1, 0, -1], [-1, -1, -1, -1, 2, 3, -1, -1, -1, -1, -1], [-1, -1, -1, -1, 1, -1, -1, -1, 5, -1, -1], [-1, -1, -1, -1, 1, -1, 4, -1, 1, 1, -1], [-1, -1, -1, -1, 1, -1, 4, 1, -1, 1, -1], [-1, -1, -1, -1, 1, -1, 4, 1, 1, -1, 1], [-1, -1, -1, -1, 1, -1, 2, 4, -1, -1, 4], [-1, -1, -1, -1, 1, 5, -1, -1, -1, -1, 2], [-1, -1, -1, -1, 1, 5, -1, -1, -1, 2, -1], [-1, -1, -1, -1, 1, 4, -1, -1, -1, -1, 1], [-1, -1, -1, -1, 1, 4, -1, -1, -1, 0, -1], [-1, -1, -1, -1, 1, 3, -1, -1, 4, -1, 4], [-1, -1, -1, -1, 1, 3, -1, 4, -1, 4, 4], [-1, -1, -1, -1, 1, 3, 4, -1, -1, 4, 4], [-1, -1, -1, -1, 1, 2, -1, -1, 4, -1, 4], [-1, -1, -1, -1, 0, -1, -1, -1, -1, 5, 4], [-1, -1, -1, -1, 0, -1, -1, -1, 1, 4, -1], [-1, -1, -1, -1, 0, -1, -1, 5, -1, -1, -1], [-1, -1, -1, -1, 0, -1, -1, 4, -1, 5, -1], [-1, -1, -1, -1, 0, -1, -1, 4, 4, -1, 1], [-1, -1, -1, -1, 0, -1, -1, 2, 4, 4, 2], [-1, -1, -1, -1, 0, -1, 6, -1, -1, -1, -1], [-1, -1, -1, -1, 0, -1, 5, -1, -1, -1, -1], [-1, -1, -1, -1, 0, -1, 4, -1, 2, 4, -1], [-1, -1, -1, -1, 0, -1, 4, -1, 2, 2, 1], [-1, -1, -1, -1, 0, -1, 4, 2, -1, -1, 1], [-1, -1, -1, -1, 0, -1, 4, 2, -1, 4, -1], [-1, -1, -1, -1, 0, -1, 4, 1, 2, 2, -1], [-1, -1, -1, -1, 0, -1, 2, -1, 4, 4, 2], [-1, -1, -1, -1, 0, -1, 1, 2, -1, 2, 1], [-1, -1, -1, -1, 0, 6, -1, -1, -1, -1, -1], [-1, -1, -1, -1, 0, 4, -1, -1, 2, 4, -1], [-1, -1, -1, -1, 0, 4, -1, 4, 4, 2, -1], [-1, -1, -1, -1, 0, 4, -1, 2, -1, 4, 2], [-1, -1, -1, -1, 0, 4, 4, -1, 4, 2, -1], [-1, -1, -1, -1, 0, 4, 4, 2, -1, -1, 2], [-1, -1, -1, -1, 0, 3, -1, -1, -1, -1, 5], [-1, -1, -1, -1, 0, 3, -1, -1, 4, 4, 2], [-1, -1, -1, -1, 0, 3, -1, 4, -1, -1, 0], [-1, -1, -1, -1, 0, 3, -1, 4, -1, 4, 2], [-1, -1, -1, -1, 0, 3, -1, 4, 4, -1, 2], [-1, -1, -1, -1, 0, 3, 4, -1, -1, -1, 0], [-1, -1, -1, -1, 0, 3, 4, -1, -1, 4, 2], [-1, -1, -1, -1, 0, 3, 1, -1, 4, -1, -1], [-1, -1, -1, -1, 0, 2, -1, -1, 4, 4, -1], [-1, -1, -1, -1, 0, 2, -1, 4, 4, -1, -1], [-1, -1, -1, -1, 0, 1, -1, -1, -1, 2, 0], [-1, -1, -1, -1, 0, 1, -1, 2, -1, 2, 1], [-1, -1, -1, -1, 0, 1, 4, -1, -1, -1, 4], [-1, -1, -1, -1, 0, 1, 4, -1, 4, -1, -1], [-1, -1, -1, -1, 0, 1, 4, -1, 2, -1, -1], [-1, -1, -1, -1, 0, 1, 2, -1, -1, 2, 1], [-1, -1, -1, 3, -1, -1, -1, -1, 4, -1, -1], [-1, -1, -1, 3, -1, -1, -1, 4, -1, -1, -1], [-1, -1, -1, 3, -1, 3, -1, -1, -1, -1, -1], [-1, -1, -1, 2, -1, -1, -1, -1, 6, -1, -1], [-1, -1, -1, 2, -1, -1, -1, -1, 1, 4, -1], [-1, -1, -1, 2, -1, -1, -1, 5, -1, 4, -1], [-1, -1, -1, 2, -1, -1, -1, 2, 4, 4, 2], [-1, -1, -1, 2, -1, -1, -1, 1, 0, 1, 1], [-1, -1, -1, 2, -1, -1, 5, -1, -1, -1, -1], [-1, -1, -1, 2, -1, -1, 2, -1, 4, 4, 2], [-1, -1, -1, 2, -1, -1, 1, -1, -1, 4, -1], [-1, -1, -1, 2, -1, -1, 1, -1, 4, -1, 1], [-1, -1, -1, 2, -1, -1, 1, 2, -1, 2, 1], [-1, -1, -1, 2, -1, 6, -1, -1, -1, -1, -1], [-1, -1, -1, 2, -1, 4, -1, -1, -1, 5, -1], [-1, -1, -1, 2, -1, 4, -1, -1, 2, 4, -1], [-1, -1, -1, 2, -1, 3, -1, -1, 4, -1, 2], [-1, -1, -1, 2, -1, 3, -1, -1, 2, 1, -1], [-1, -1, -1, 2, -1, 3, -1, 4, -1, 4, 2], [-1, -1, -1, 2, -1, 3, 4, -1, -1, 1, -1], [-1, -1, -1, 2, -1, 2, -1, -1, 4, 4, -1], [-1, -1, -1, 2, -1, 1, -1, -1, -1, 4, -1], [-1, -1, -1, 2, -1, 1, -1, -1, -1, 2, 0], [-1, -1, -1, 2, -1, 1, -1, 2, -1, 2, 1], [-1, -1, -1, 2, -1, 1, 4, -1, -1, 2, -1], [-1, -1, -1, 2, -1, 1, 4, -1, 4, -1, -1], [-1, -1, -1, 2, 1, -1, -1, -1, -1, 4, 2], [-1, -1, -1, 2, 1, -1, -1, 4, 4, -1, 2], [-1, -1, -1, 2, 1, 4, -1, -1, 2, -1, 2], [-1, -1, -1, 2, 1, 4, -1, 2, -1, -1, -1], [-1, -1, -1, 2, 1, 4, 2, -1, -1, -1, -1], [-1, -1, -1, 2, 1, 3, -1, -1, -1, 4, -1], [-1, -1, -1, 2, 1, 3, 4, -1, 4, -1, -1], [-1, -1, -1, 2, 0, -1, 1, -1, 1, -1, 4], [-1, -1, -1, 2, 0, 4, 4, -1, 2, -1, 2], [-1, -1, -1, 2, 0, 4, 2, -1, 2, -1, 4], [-1, -1, -1, 2, 0, 3, -1, -1, -1, 2, 4], [-1, -1, -1, 2, 0, 3, -1, 4, -1, -1, 2], [-1, -1, -1, 2, 0, 3, -1, 4, 4, 2, -1], [-1, -1, -1, 2, 0, 3, 4, 4, 2, -1, -1], [-1, -1, -1, 2, 0, 1, -1, -1, 2, -1, 0], [-1, -1, -1, 2, 0, 1, -1, 4, -1, 2, 2], [-1, -1, -1, 2, 0, 1, -1, 4, 2, 2, -1], [-1, -1, -1, 2, 0, 1, -1, 2, 1, 1, -1], [-1, -1, -1, 2, 0, 1, 4, -1, -1, -1, 2], [-1, -1, -1, 2, 0, 1, 4, 4, -1, -1, -1], [-1, -1, -1, 2, 0, 1, 1, 4, 2, -1, -1], [-1, -1, -1, 1, -1, -1, -1, -1, 5, -1, -1], [-1, -1, -1, 1, -1, -1, -1, -1, 4, -1, 5], [-1, -1, -1, 1, -1, -1, -1, 5, -1, -1, -1], [-1, -1, -1, 1, -1, -1, -1, 4, -1, 5, -1], [-1, -1, -1, 1, -1, -1, 4, -1, 2, 4, -1], [-1, -1, -1, 1, -1, -1, 4, 2, -1, 4, -1], [-1, -1, -1, 1, -1, -1, 2, 4, -1, -1, 4], [-1, -1, -1, 1, -1, -1, 2, 4, 4, -1, -1], [-1, -1, -1, 1, -1, 4, -1, 1, 1, -1, -1], [-1, -1, -1, 1, -1, 3, -1, -1, 2, 4, -1], [-1, -1, -1, 1, -1, 3, -1, 2, -1, 4, 2], [-1, -1, -1, 1, -1, 3, -1, 0, -1, 0, 0], [-1, -1, -1, 1, -1, 3, -1, 0, 0, -1, 0], [-1, -1, -1, 1, -1, 3, 4, -1, -1, 4, 2], [-1, -1, -1, 1, -1, 3, 4, -1, 4, 4, 4], [-1, -1, -1, 1, -1, 3, 4, 4, -1, 4, 4], [-1, -1, -1, 1, -1, 3, 0, -1, -1, 0, -1], [-1, -1, -1, 1, -1, 3, 0, -1, 0, -1, 0], [-1, -1, -1, 1, -1, 2, -1, -1, 4, -1, 4], [-1, -1, -1, 1, -1, 2, -1, 4, 4, -1, -1], [-1, -1, -1, 1, 2, -1, -1, -1, 0, 0, -1], [-1, -1, -1, 1, 1, -1, 4, -1, 1, -1, 1], [-1, -1, -1, 1, 1, -1, 4, 1, -1, -1, -1], [-1, -1, -1, 1, 1, -1, 2, -1, 4, -1, 4], [-1, -1, -1, 1, 1, 3, -1, -1, 4, 2, -1], [-1, -1, -1, 1, 0, 3, -1, -1, -1, -1, 0], [-1, -1, -1, 1, 0, 3, -1, -1, -1, 4, -1], [-1, -1, -1, 1, 0, 3, -1, -1, -1, 0, -1], [-1, -1, -1, 1, 0, 3, 4, -1, 4, -1, -1], [-1, -1, -1, 1, 0, 2, 2, 1, -1, 1, 1], [-1, -1, -1, 1, 0, 1, 4, -1, -1, 1, -1], [-1, -1, 6, -1, -1, -1, -1, -1, -1, -1, -1], [-1, -1, 3, -1, -1, -1, -1, -1, -1, 5, -1], [-1, -1, 3, -1, -1, -1, -1, -1, 5, 4, -1], [-1, -1, 3, -1, -1, -1, -1, 4, -1, -1, 1], [-1, -1, 3, -1, -1, -1, -1, 4, -1, 1, -1], [-1, -1, 3, -1, -1, -1, -1, 2, 4, 4, -1], [-1, -1, 3, -1, -1, -1, 5, -1, -1, -1, -1], [-1, -1, 3, -1, -1, -1, 2, -1, 4, -1, 4], [-1, -1, 3, -1, -1, -1, 1, -1, -1, 2, 1], [-1, -1, 3, -1, -1, -1, 1, -1, 2, -1, 1], [-1, -1, 3, -1, -1, 5, -1, -1, -1, 2, -1], [-1, -1, 3, -1, -1, 3, -1, 1, -1, -1, -1], [-1, -1, 3, -1, -1, 3, 1, -1, -1, -1, 1], [-1, -1, 3, -1, -1, 2, -1, -1, 4, -1, 4], [-1, -1, 3, -1, -1, 2, -1, 2, -1, 0, 0], [-1, -1, 3, -1, -1, 1, 1, 4, -1, -1, -1], [-1, -1, 3, -1, 1, 3, -1, -1, -1, -1, 1], [-1, -1, 3, -1, 1, 3, -1, -1, 1, 1, -1], [-1, -1, 3, -1, 1, 3, 4, -1, -1, 4, -1], [-1, -1, 3, -1, 1, 1, -1, 4, -1, -1, -1], [-1, -1, 3, -1, 0, -1, -1, -1, 4, -1, 4], [-1, -1, 3, -1, 0, -1, -1, 4, 4, 2, -1], [-1, -1, 3, -1, 0, -1, -1, 2, -1, 2, 4], [-1, -1, 3, -1, 0, -1, -1, 2, -1, 0, -1], [-1, -1, 3, -1, 0, -1, 4, -1, 4, 2, -1], [-1, -1, 3, -1, 0, -1, 2, -1, -1, 2, 4], [-1, -1, 3, -1, 0, -1, 1, 4, -1, -1, -1], [-1, -1, 3, -1, 0, 4, -1, -1, 4, -1, -1], [-1, -1, 3, -1, 0, 4, -1, 4, -1, -1, -1], [-1, -1, 3, -1, 0, 3, -1, -1, -1, 4, 4], [-1, -1, 3, -1, 0, 2, -1, -1, -1, 2, 4], [-1, -1, 3, -1, 0, 2, -1, -1, 2, -1, 4], [-1, -1, 3, -1, 0, 2, -1, 2, -1, -1, 4], [-1, -1, 3, -1, 0, 2, -1, 2, 4, -1, -1], [-1, -1, 3, 2, -1, -1, -1, -1, -1, 4, 2], [-1, -1, 3, 2, -1, -1, -1, -1, 4, -1, 2], [-1, -1, 3, 2, -1, -1, -1, -1, 4, 4, -1], [-1, -1, 3, 2, -1, -1, -1, 4, 4, -1, -1], [-1, -1, 3, 2, -1, -1, -1, 2, -1, -1, 0], [-1, -1, 3, 2, -1, -1, -1, 2, 4, -1, -1], [-1, -1, 3, 2, -1, -1, 4, -1, 4, 2, -1], [-1, -1, 3, 2, -1, -1, 4, 4, -1, -1, 2], [-1, -1, 3, 2, -1, 4, -1, -1, -1, 4, -1], [-1, -1, 3, 2, -1, 4, -1, -1, 4, -1, 4], [-1, -1, 3, 2, -1, 3, -1, -1, -1, -1, 1], [-1, -1, 3, 2, -1, 3, -1, -1, -1, 1, -1], [-1, -1, 3, 2, -1, 3, -1, 4, -1, -1, 2], [-1, -1, 3, 2, -1, 2, -1, -1, -1, 0, 0], [-1, -1, 3, 2, 1, -1, -1, -1, 4, -1, -1], [-1, -1, 3, 2, 1, -1, 0, -1, -1, -1, 0], [-1, -1, 3, 2, 1, 0, -1, -1, -1, -1, 0], [-1, -1, 3, 2, 0, -1, 2, -1, -1, -1, 0], [-1, -1, 3, 2, 0, -1, 2, -1, -1, 4, -1], [-1, -1, 3, 2, 0, -1, 2, -1, 4, -1, -1], [-1, -1, 3, 2, 0, 2, -1, -1, -1, 4, -1], [-1, -1, 3, 2, 0, 2, -1, -1, 4, -1, -1], [-1, -1, 3, 1, -1, 4, -1, 4, -1, 2, -1], [-1, -1, 3, 1, -1, 4, -1, 4, 2, -1, -1], [-1, -1, 3, 1, -1, 3, 4, -1, -1, 4, 4], [-1, -1, 3, 1, 0, -1, -1, -1, 2, -1, 4], [-1, -1, 3, 1, 0, -1, -1, 2, -1, -1, 4], [-1, -1, 3, 1, 0, -1, 4, -1, -1, -1, 4], [-1, -1, 3, 1, 0, -1, 4, 2, -1, -1, -1], [-1, -1, 3, 1, 0, 4, -1, -1, -1, -1, 4], [-1, -1, 3, 1, 0, 4, -1, -1, -1, -1, 2], [-1, -1, 3, 1, 0, 4, -1, -1, -1, 2, -1], [-1, -1, 3, 1, 0, 2, -1, -1, -1, -1, 4], [-1, -1, 2, -1, -1, -1, -1, -1, 4, -1, 5], [-1, -1, 2, -1, -1, -1, -1, 5, -1, -1, -1], [-1, -1, 2, -1, -1, -1, -1, 4, -1, -1, 5], [-1, -1, 2, -1, -1, -1, -1, 4, 4, -1, 1], [-1, -1, 2, -1, -1, -1, -1, 2, 4, 4, 2], [-1, -1, 2, -1, -1, -1, 6, -1, -1, -1, 4], [-1, -1, 2, -1, -1, -1, 6, -1, -1, 4, -1], [-1, -1, 2, -1, -1, -1, 6, -1, 4, -1, -1], [-1, -1, 2, -1, -1, -1, 4, 2, -1, 4, 2], [-1, -1, 2, -1, -1, -1, 2, -1, 4, 4, 2], [-1, -1, 2, -1, -1, -1, 2, 4, -1, -1, 4], [-1, -1, 2, -1, -1, 6, -1, -1, -1, -1, -1], [-1, -1, 2, -1, -1, 4, -1, 4, 4, 2, -1], [-1, -1, 2, -1, -1, 4, 5, -1, -1, -1, -1], [-1, -1, 2, -1, -1, 3, -1, -1, -1, -1, 0], [-1, -1, 2, -1, -1, 3, -1, -1, -1, 0, -1], [-1, -1, 2, -1, -1, 3, -1, -1, 4, 2, -1], [-1, -1, 2, -1, -1, 3, 0, -1, 0, -1, -1], [-1, -1, 2, -1, -1, 1, -1, -1, -1, -1, 4], [-1, -1, 2, -1, 1, -1, -1, -1, 0, 0, 1], [-1, -1, 2, -1, 1, 3, -1, -1, -1, 4, 4], [-1, -1, 2, -1, 1, 3, -1, 4, -1, -1, 4], [-1, -1, 2, -1, 1, 3, 4, 4, -1, 2, 2], [-1, -1, 2, -1, 0, -1, -1, 4, 4, 2, -1], [-1, -1, 2, -1, 0, -1, -1, 4, 1, 1, 1], [-1, -1, 2, -1, 0, -1, 1, -1, -1, -1, 4], [-1, -1, 2, -1, 0, 4, -1, 4, -1, 2, -1], [-1, -1, 2, -1, 0, 4, -1, 4, 2, -1, -1], [-1, -1, 2, -1, 0, 4, 4, -1, -1, 2, 2], [-1, -1, 2, -1, 0, 4, 4, -1, 2, -1, 2], [-1, -1, 2, -1, 0, 3, -1, -1, -1, 4, 2], [-1, -1, 2, -1, 0, 3, -1, -1, 4, -1, 2], [-1, -1, 2, -1, 0, 3, -1, -1, 0, -1, -1], [-1, -1, 2, -1, 0, 3, -1, 0, 1, -1, -1], [-1, -1, 2, -1, 0, 3, 0, 0, -1, -1, -1], [-1, -1, 2, -1, 0, 1, -1, 4, 1, -1, -1], [-1, -1, 2, -1, 0, 1, -1, 1, -1, 0, 0], [-1, -1, 2, -1, 0, 1, 4, 4, -1, -1, -1], [-1, -1, 2, -1, 0, 1, 1, -1, 1, -1, 0], [-1, -1, 2, 3, 0, -1, 2, 2, 2, 2, -1], [-1, -1, 2, 2, -1, -1, -1, -1, 4, -1, 1], [-1, -1, 2, 2, -1, -1, -1, 4, -1, 2, 4], [-1, -1, 2, 2, -1, -1, -1, 4, 2, -1, 4], [-1, -1, 2, 2, -1, -1, 4, 4, 2, -1, -1], [-1, -1, 2, 2, -1, -1, 1, 2, -1, -1, 1], [-1, -1, 2, 2, -1, 4, -1, -1, 4, 2, -1], [-1, -1, 2, 2, -1, 4, -1, 4, -1, -1, 2], [-1, -1, 2, 2, -1, 4, -1, 4, -1, 2, -1], [-1, -1, 2, 2, -1, 4, -1, 4, 2, -1, -1], [-1, -1, 2, 2, -1, 4, 4, -1, -1, -1, 2], [-1, -1, 2, 2, -1, 4, 4, -1, -1, 2, -1], [-1, -1, 2, 2, -1, 4, 4, -1, 2, -1, -1], [-1, -1, 2, 2, -1, 3, -1, -1, -1, 4, 4], [-1, -1, 2, 2, -1, 3, -1, -1, 4, -1, 4], [-1, -1, 2, 2, -1, 3, -1, -1, 0, -1, -1], [-1, -1, 2, 2, -1, 3, -1, 4, -1, -1, 4], [-1, -1, 2, 2, -1, 3, -1, 4, -1, 4, -1], [-1, -1, 2, 2, -1, 1, -1, -1, 1, -1, 0], [-1, -1, 2, 2, -1, 1, 4, 4, -1, -1, -1], [-1, -1, 2, 2, 1, -1, 2, -1, -1, 4, -1], [-1, -1, 2, 2, 0, -1, 4, 4, -1, 2, -1], [-1, -1, 2, 2, 0, -1, 1, 1, 1, -1, 0], [-1, -1, 2, 2, 0, 4, -1, -1, -1, 2, 4], [-1, -1, 2, 2, 0, 3, -1, -1, 4, -1, -1], [-1, -1, 2, 2, 0, 1, 4, -1, -1, -1, -1], [-1, -1, 2, 1, -1, -1, -1, -1, -1, -1, 5], [-1, -1, 2, 1, -1, -1, -1, 4, 1, 1, -1], [-1, -1, 2, 1, -1, -1, 4, -1, 1, 1, -1], [-1, -1, 2, 1, -1, 3, -1, 0, 0, -1, -1], [-1, -1, 2, 1, -1, 3, 4, -1, 4, -1, -1], [-1, -1, 2, 1, -1, 3, 4, 4, -1, 2, 2], [-1, -1, 2, 1, -1, 3, 0, 0, -1, -1, -1], [-1, -1, 2, 1, -1, 1, -1, 4, -1, 1, -1], [-1, -1, 2, 1, -1, 1, 4, -1, -1, 1, -1], [-1, -1, 2, 1, 1, 3, -1, 4, -1, 2, -1], [-1, -1, 2, 1, 0, -1, -1, 4, -1, 1, -1], [-1, -1, 2, 1, 0, -1, -1, 4, 1, -1, -1], [-1, -1, 2, 1, 0, -1, -1, 1, -1, 0, 0], [-1, -1, 2, 1, 0, 3, -1, 0, -1, -1, -1], [-1, -1, 2, 1, 0, 3, 0, -1, 1, -1, -1], [-1, -1, 2, 1, 0, 1, -1, 4, -1, -1, -1], [-1, -1, 1, -1, -1, -1, -1, -1, 1, 4, -1], [-1, -1, 1, -1, -1, -1, -1, 5, -1, -1, -1], [-1, -1, 1, -1, -1, -1, 5, -1, -1, 4, -1], [-1, -1, 1, -1, -1, -1, 4, -1, 2, 4, -1], [-1, -1, 1, -1, -1, -1, 4, 2, -1, 4, -1], [-1, -1, 1, -1, -1, -1, 2, -1, 4, 4, 2], [-1, -1, 1, -1, -1, -1, 2, 4, 4, -1, -1], [-1, -1, 1, -1, -1, 4, -1, 2, 2, -1, 4], [-1, -1, 1, -1, -1, 4, 4, 2, -1, -1, 2], [-1, -1, 1, -1, -1, 3, -1, -1, -1, 4, 2], [-1, -1, 1, -1, -1, 3, -1, -1, 4, -1, 2], [-1, -1, 1, -1, -1, 3, -1, -1, 2, 1, -1], [-1, -1, 1, -1, -1, 3, -1, 4, -1, -1, 4], [-1, -1, 1, -1, -1, 3, 4, 4, -1, -1, 2], [-1, -1, 1, -1, -1, 3, 4, 4, 2, -1, -1], [-1, -1, 1, -1, -1, 3, 1, -1, -1, 0, 0], [-1, -1, 1, -1, -1, 3, 0, 1, -1, 2, -1], [-1, -1, 1, -1, -1, 2, -1, -1, 4, -1, 4], [-1, -1, 1, -1, -1, 2, -1, -1, 4, 4, -1], [-1, -1, 1, -1, -1, 2, -1, 4, 4, -1, -1], [-1, -1, 1, -1, -1, 1, -1, 4, -1, 2, -1], [-1, -1, 1, -1, -1, 1, -1, 4, 2, -1, -1], [-1, -1, 1, -1, -1, 1, -1, 2, -1, 2, 1], [-1, -1, 1, -1, 1, -1, -1, -1, -1, 4, 2], [-1, -1, 1, -1, 1, 4, -1, 2, -1, 2, -1], [-1, -1, 1, -1, 1, 4, 2, -1, -1, 2, -1], [-1, -1, 1, -1, 1, 4, 2, -1, 2, -1, -1], [-1, -1, 1, -1, 1, 3, -1, -1, -1, 4, -1], [-1, -1, 1, -1, 1, 3, -1, -1, 4, -1, -1], [-1, -1, 1, -1, 1, 2, 2, -1, -1, 4, -1], [-1, -1, 1, -1, 0, -1, 0, -1, 2, -1, -1], [-1, -1, 1, -1, 0, 4, -1, 2, -1, 4, -1], [-1, -1, 1, -1, 0, 4, 4, 2, -1, -1, -1], [-1, -1, 1, -1, 0, 4, 2, -1, -1, -1, 4], [-1, -1, 1, -1, 0, 3, -1, -1, -1, -1, 4], [-1, -1, 1, -1, 0, 3, -1, 4, -1, -1, 2], [-1, -1, 1, -1, 0, 3, 0, -1, -1, 2, -1], [-1, -1, 1, -1, 0, 1, 4, -1, -1, -1, 2], [-1, -1, 1, 2, -1, -1, 4, -1, -1, 4, 2], [-1, -1, 1, 2, -1, 4, 4, 2, -1, -1, -1], [-1, -1, 1, 2, -1, 3, -1, -1, -1, -1, 4], [-1, -1, 1, 2, -1, 3, -1, 4, -1, -1, 2], [-1, -1, 1, 2, -1, 3, -1, 4, 2, -1, -1], [-1, -1, 1, 2, -1, 3, 0, -1, -1, 2, -1], [-1, -1, 1, 2, -1, 1, 1, 4, -1, -1, -1], [-1, -1, 1, 2, 1, -1, -1, -1, -1, 4, -1], [-1, -1, 1, 2, 1, 4, -1, -1, -1, -1, -1], [-1, -1, 1, 2, 0, -1, -1, -1, 1, -1, 4], [-1, -1, 1, 2, 0, 3, -1, 1, 2, -1, -1], [-1, -1, 1, 2, 0, 3, 4, 4, -1, 2, -1], [-1, -1, 1, 1, -1, -1, -1, 2, -1, 4, 4], [-1, -1, 1, 1, -1, -1, 2, -1, -1, 4, 4], [-1, -1, 1, 1, -1, -1, 2, -1, 4, -1, -1], [-1, -1, 1, 1, -1, -1, 2, 4, -1, -1, 2], [-1, -1, 1, 1, -1, 3, -1, -1, -1, 4, -1], [-1, -1, 1, 1, -1, 3, -1, -1, -1, 0, -1], [-1, -1, 1, 1, -1, 3, -1, -1, 4, -1, -1], [-1, -1, 1, 1, -1, 3, -1, -1, 0, -1, 0], [-1, -1, 1, 1, -1, 2, -1, -1, -1, 4, -1], [-1, -1, 1, 1, -1, 2, -1, -1, 4, -1, -1], [-1, -1, 1, 1, -1, 2, -1, 4, -1, -1, 2], [-1, -1, 1, 1, -1, 0, -1, 0, -1, 1, -1], [-1, -1, 1, 1, -1, 0, 0, -1, -1, 1, -1], [-1, -1, 1, 1, 1, -1, -1, -1, 4, -1, 2], [-1, -1, 1, 1, 0, -1, -1, -1, -1, 4, 4], [-1, -1, 1, 1, 0, -1, -1, 2, -1, 4, -1], [-1, -1, 1, 1, 0, -1, 2, -1, -1, 4, -1], [-1, -1, 1, 1, 0, -1, 2, 4, -1, -1, -1], [-1, -1, 1, 1, 0, 4, -1, 2, -1, -1, -1], [-1, -1, 1, 1, 0, 4, 2, -1, -1, -1, -1], [-1, -1, 1, 1, 0, 2, -1, 4, -1, -1, -1], [-1, 2, -1, -1, -1, -1, -1, -1, 5, 4, -1], [-1, 2, -1, -1, -1, -1, -1, -1, 4, -1, 5], [-1, 2, -1, -1, -1, -1, -1, 5, -1, 2, -1], [-1, 2, -1, -1, -1, -1, -1, 4, -1, -1, 5], [-1, 2, -1, -1, -1, -1, -1, 4, -1, 5, -1], [-1, 2, -1, -1, -1, -1, -1, 4, 4, -1, 1], [-1, 2, -1, -1, -1, -1, -1, 4, 2, 1, -1], [-1, 2, -1, -1, -1, -1, 4, -1, 2, 4, -1], [-1, 2, -1, -1, -1, -1, 4, 2, -1, 4, -1], [-1, 2, -1, -1, -1, -1, 4, 1, 2, -1, -1], [-1, 2, -1, -1, -1, -1, 2, 4, 4, -1, -1], [-1, 2, -1, -1, -1, -1, 1, -1, -1, -1, 4], [-1, 2, -1, -1, -1, -1, 1, -1, -1, 4, -1], [-1, 2, -1, -1, -1, -1, 1, -1, 4, -1, 1], [-1, 2, -1, -1, -1, 5, 4, -1, 2, -1, -1], [-1, 2, -1, -1, -1, 4, -1, -1, 2, 4, -1], [-1, 2, -1, -1, -1, 4, -1, 2, -1, 4, 2], [-1, 2, -1, -1, -1, 3, -1, -1, -1, 4, 4], [-1, 2, -1, -1, -1, 3, 4, -1, -1, -1, 0], [-1, 2, -1, -1, -1, 3, 4, -1, -1, 1, -1], [-1, 2, -1, -1, -1, 3, 4, 4, 2, -1, 2], [-1, 2, -1, -1, -1, 3, 4, 1, -1, -1, -1], [-1, 2, -1, -1, -1, 2, -1, 4, 4, -1, -1], [-1, 2, -1, -1, -1, 1, -1, -1, 4, 2, -1], [-1, 2, -1, -1, -1, 1, 4, -1, 2, 2, -1], [-1, 2, -1, -1, 1, -1, -1, 1, 4, -1, -1], [-1, 2, -1, -1, 1, -1, 4, -1, -1, 4, 2], [-1, 2, -1, -1, 1, -1, 4, 1, -1, -1, -1], [-1, 2, -1, -1, 1, 3, -1, -1, -1, 4, -1], [-1, 2, -1, -1, 1, 3, -1, -1, 4, 2, -1], [-1, 2, -1, -1, 1, 3, -1, 4, -1, -1, 4], [-1, 2, -1, -1, 1, 1, -1, -1, -1, 4, -1], [-1, 2, -1, -1, 1, 1, -1, -1, 4, -1, -1], [-1, 2, -1, -1, 0, -1, -1, -1, -1, -1, 5], [-1, 2, -1, -1, 0, -1, 2, 4, -1, -1, 4], [-1, 2, -1, -1, 0, 4, -1, -1, 4, 2, -1], [-1, 2, -1, -1, 0, 3, -1, -1, 4, 2, 2], [-1, 2, -1, -1, 0, 3, -1, 4, 4, 2, -1], [-1, 2, -1, -1, 0, 3, 4, -1, 4, -1, 2], [-1, 2, -1, -1, 0, 1, 4, -1, -1, 2, -1], [-1, 2, -1, 2, -1, -1, -1, -1, 4, -1, 1], [-1, 2, -1, 2, -1, -1, 4, 1, -1, 2, -1], [-1, 2, -1, 2, -1, -1, 1, -1, 4, -1, -1], [-1, 2, -1, 2, -1, 4, -1, -1, 4, 2, -1], [-1, 2, -1, 2, -1, 3, -1, -1, 2, -1, 4], [-1, 2, -1, 2, -1, 3, -1, 2, -1, -1, 4], [-1, 2, -1, 2, -1, 3, 4, 4, -1, -1, 2], [-1, 2, -1, 2, -1, 3, 4, 4, 2, -1, -1], [-1, 2, -1, 2, 1, -1, 2, -1, 4, -1, -1], [-1, 2, -1, 2, 0, -1, 4, -1, 4, 2, -1], [-1, 2, -1, 2, 0, -1, 4, 2, -1, 2, 4], [-1, 2, -1, 2, 0, -1, 4, 1, -1, -1, -1], [-1, 2, -1, 2, 0, -1, 1, 4, -1, 1, -1], [-1, 2, -1, 2, 0, 4, 2, -1, -1, -1, 4], [-1, 2, -1, 2, 0, 3, -1, -1, 4, 2, -1], [-1, 2, -1, 2, 0, 3, 4, 4, -1, 2, -1], [-1, 2, -1, 1, -1, -1, 4, -1, 1, 1, -1], [-1, 2, -1, 1, -1, 4, -1, 1, -1, -1, -1], [-1, 2, -1, 1, -1, 3, -1, -1, -1, 4, -1], [-1, 2, -1, 1, -1, 3, -1, -1, 4, -1, -1], [-1, 2, -1, 1, -1, 3, 4, 4, -1, -1, 4], [-1, 2, -1, 1, -1, 1, 1, 1, 2, 2, 2], [-1, 2, -1, 1, 1, -1, 4, -1, -1, 1, -1], [-1, 2, -1, 1, 1, -1, 4, -1, 1, -1, -1], [-1, 2, -1, 1, 1, 3, -1, 4, -1, 2, -1], [-1, 2, -1, 1, 1, 3, 4, -1, -1, -1, 4], [-1, 2, -1, 1, 1, 3, 4, 4, -1, -1, 2], [-1, 2, -1, 1, 0, 5, 4, -1, -1, -1, -1], [-1, 2, -1, 1, 0, 4, 4, 4, -1, 2, 2], [-1, 2, -1, 1, 0, 1, -1, 4, -1, 1, -1], [-1, 2, 3, -1, -1, -1, -1, -1, 1, 2, 1], [-1, 2, 3, -1, -1, -1, -1, 1, -1, 2, 1], [-1, 2, 3, -1, -1, -1, 4, 1, -1, -1, -1], [-1, 2, 3, -1, -1, -1, 1, 4, -1, -1, -1], [-1, 2, 3, -1, -1, 3, -1, -1, -1, -1, 4], [-1, 2, 3, -1, -1, 3, -1, -1, 0, -1, 0], [-1, 2, 3, -1, -1, 3, -1, 0, -1, -1, 0], [-1, 2, 3, -1, -1, 3, 4, -1, -1, 4, -1], [-1, 2, 3, -1, -1, 1, -1, -1, -1, 2, 1], [-1, 2, 3, -1, -1, 1, -1, 4, -1, -1, -1], [-1, 2, 3, -1, 1, -1, -1, 1, -1, 2, -1], [-1, 2, 3, -1, 1, -1, -1, 1, 2, -1, -1], [-1, 2, 3, -1, 0, -1, -1, -1, -1, 2, 4], [-1, 2, 3, -1, 0, -1, -1, 2, -1, -1, 4], [-1, 2, 3, -1, 0, -1, -1, 2, 4, -1, -1], [-1, 2, 3, -1, 0, -1, 4, 2, -1, -1, 2], [-1, 2, 3, -1, 0, 4, -1, 2, -1, -1, -1], [-1, 2, 3, -1, 0, 4, 2, -1, -1, -1, -1], [-1, 2, 3, 2, -1, 4, -1, 2, -1, -1, 2], [-1, 2, 3, 2, -1, 4, 2, -1, -1, -1, -1], [-1, 2, 3, 2, -1, 3, 0, -1, -1, -1, -1], [-1, 2, 3, 2, 1, -1, -1, -1, -1, 1, 1], [-1, 2, 3, 2, 1, -1, -1, 1, -1, -1, 1], [-1, 2, 3, 2, 1, -1, -1, 0, -1, -1, -1], [-1, 2, 3, 2, 1, -1, 0, -1, -1, -1, -1], [-1, 2, 3, 1, -1, -1, -1, 2, -1, 2, 4], [-1, 2, 3, 1, -1, 3, -1, -1, 0, 0, -1], [-1, 2, 3, 1, 0, -1, -1, -1, -1, -1, 4], [-1, 2, 3, 1, 0, -1, 4, -1, 2, -1, -1], [-1, 2, 3, 1, 0, 4, -1, -1, -1, 4, -1], [-1, 2, 2, -1, -1, -1, -1, -1, -1, -1, 5], [-1, 2, 2, -1, -1, -1, -1, 4, 4, 2, -1], [-1, 2, 2, -1, -1, -1, 4, -1, -1, -1, 0], [-1, 2, 2, -1, -1, -1, 4, -1, 1, 1, 1], [-1, 2, 2, -1, -1, -1, 4, 4, -1, 1, -1], [-1, 2, 2, -1, -1, -1, 1, -1, 1, 0, 0], [-1, 2, 2, -1, -1, 4, -1, 4, -1, 2, 2], [-1, 2, 2, -1, -1, 4, 4, -1, 4, 2, -1], [-1, 2, 2, -1, -1, 4, 4, 4, 2, -1, 2], [-1, 2, 2, -1, -1, 3, -1, -1, 4, -1, 2], [-1, 2, 2, -1, -1, 3, -1, -1, 4, 4, -1], [-1, 2, 2, -1, -1, 3, -1, 4, -1, 4, -1], [-1, 2, 2, -1, -1, 3, -1, 4, 2, 2, 2], [-1, 2, 2, -1, -1, 3, 4, 4, -1, -1, 2], [-1, 2, 2, -1, -1, 1, -1, -1, 1, -1, 0], [-1, 2, 2, -1, -1, 1, -1, 4, -1, 1, -1], [-1, 2, 2, -1, -1, 1, 4, 4, -1, -1, -1], [-1, 2, 2, -1, 1, 3, -1, -1, 4, -1, -1], [-1, 2, 2, -1, 1, 3, -1, 4, -1, -1, -1], [-1, 2, 2, -1, 0, -1, -1, 4, -1, 1, 1], [-1, 2, 2, -1, 0, -1, -1, 4, 1, 1, -1], [-1, 2, 2, -1, 0, -1, 1, -1, 1, -1, 0], [-1, 2, 2, -1, 0, -1, 1, 1, -1, -1, 0], [-1, 2, 2, -1, 0, 3, 4, -1, 4, -1, -1], [-1, 2, 2, -1, 0, 1, -1, 1, -1, -1, 0], [-1, 2, 2, -1, 0, 1, -1, 1, -1, 0, -1], [-1, 2, 2, 2, -1, -1, 4, -1, -1, 2, 4], [-1, 2, 2, 2, -1, -1, 4, -1, 2, -1, 4], [-1, 2, 2, 2, -1, -1, 4, 4, -1, 2, -1], [-1, 2, 2, 2, -1, -1, 4, 2, -1, -1, 4], [-1, 2, 2, 2, -1, -1, 1, -1, 1, -1, 0], [-1, 2, 2, 2, -1, 1, -1, 1, -1, -1, 0], [-1, 2, 2, 2, -1, 1, 4, -1, -1, -1, -1], [-1, 2, 2, 1, -1, -1, -1, 4, -1, 1, -1], [-1, 2, 2, 1, -1, -1, 4, -1, -1, 4, 2], [-1, 2, 2, 1, -1, -1, 4, -1, -1, 1, -1], [-1, 2, 2, 1, -1, 3, -1, 4, -1, 2, 2], [-1, 2, 2, 1, -1, 3, 4, 4, -1, -1, -1], [-1, 2, 2, 1, -1, 2, -1, -1, -1, 4, 2], [-1, 2, 2, 1, -1, 1, -1, 4, 1, -1, -1], [-1, 2, 2, 1, 1, -1, 4, 4, -1, 2, 2], [-1, 2, 2, 1, 1, 3, 4, -1, -1, 2, 2], [-1, 2, 2, 1, 0, -1, -1, 4, 4, -1, 2], [-1, 2, 2, 1, 0, -1, -1, 1, -1, -1, 0], [-1, 2, 2, 1, 0, -1, 2, 4, -1, -1, -1], [-1, 2, 2, 1, 0, 4, 2, -1, 2, 2, -1], [-1, 2, 2, 1, 0, 2, -1, -1, 4, -1, 2], [-1, 2, 2, 1, 0, 2, -1, 4, -1, -1, -1], [-1, 2, 1, -1, -1, -1, 4, -1, 4, 2, -1], [-1, 2, 1, -1, -1, -1, 2, 4, -1, -1, -1], [-1, 2, 1, -1, -1, -1, 1, -1, 4, -1, -1], [-1, 2, 1, -1, -1, 3, -1, -1, -1, 4, -1], [-1, 2, 1, -1, -1, 3, -1, -1, 4, -1, -1], [-1, 2, 1, -1, -1, 3, -1, 4, -1, -1, 2], [-1, 2, 1, -1, -1, 3, 4, 4, -1, 2, -1], [-1, 2, 1, -1, -1, 3, 1, -1, -1, 0, -1], [-1, 2, 1, -1, -1, 2, -1, 4, -1, -1, -1], [-1, 2, 1, -1, -1, 1, -1, -1, -1, 4, -1], [-1, 2, 1, -1, 1, -1, -1, 4, -1, -1, 2], [-1, 2, 1, -1, 1, -1, -1, 4, -1, 2, -1], [-1, 2, 1, -1, 0, -1, -1, -1, 1, -1, 4], [-1, 2, 1, -1, 0, 3, -1, 4, -1, -1, -1], [-1, 2, 1, 2, -1, -1, -1, -1, 1, -1, 4], [-1, 2, 1, 2, -1, -1, 4, -1, 4, -1, 2], [-1, 2, 1, 1, -1, -1, -1, -1, -1, 4, -1], [-1, 2, 1, 1, -1, -1, -1, -1, 4, -1, 2], [-1, 2, 1, 1, -1, -1, -1, -1, 4, 2, -1], [-1, 2, 1, 1, -1, 4, -1, 2, -1, 2, -1], [-1, 2, 1, 1, 0, 4, -1, -1, -1, 2, -1], [-1, 2, 1, 1, 0, 4, -1, -1, 2, -1, -1], [-1, 1, -1, -1, -1, -1, -1, -1, -1, 5, 4], [-1, 1, -1, -1, -1, -1, -1, 5, -1, -1, -1], [-1, 1, -1, -1, -1, -1, 6, -1, -1, 4, -1], [-1, 1, -1, -1, -1, -1, 6, -1, 4, -1, -1], [-1, 1, -1, -1, -1, -1, 5, -1, -1, -1, -1], [-1, 1, -1, -1, -1, -1, 2, -1, 4, -1, 4], [-1, 1, -1, -1, -1, -1, 2, -1, 4, 4, 2], [-1, 1, -1, -1, -1, -1, 2, 4, -1, -1, 4], [-1, 1, -1, -1, -1, -1, 0, -1, 2, -1, -1], [-1, 1, -1, -1, -1, -1, 0, 1, -1, -1, 1], [-1, 1, -1, -1, -1, -1, 0, 1, -1, 2, -1], [-1, 1, -1, -1, -1, 6, -1, -1, -1, -1, -1], [-1, 1, -1, -1, -1, 4, -1, -1, 5, -1, -1], [-1, 1, -1, -1, -1, 4, 4, -1, 2, -1, 2], [-1, 1, -1, -1, -1, 4, 4, 2, -1, -1, -1], [-1, 1, -1, -1, -1, 3, -1, 1, 2, -1, -1], [-1, 1, -1, -1, -1, 3, -1, 0, -1, 0, 0], [-1, 1, -1, -1, -1, 3, -1, 0, 0, -1, 0], [-1, 1, -1, -1, -1, 3, 0, -1, -1, 2, -1], [-1, 1, -1, -1, -1, 3, 0, -1, -1, 0, -1], [-1, 1, -1, -1, -1, 3, 0, -1, 0, -1, 0], [-1, 1, -1, -1, -1, 3, 0, 1, -1, -1, -1], [-1, 1, -1, -1, -1, 2, -1, -1, 4, -1, 4], [-1, 1, -1, -1, -1, 2, -1, -1, 4, 4, -1], [-1, 1, -1, -1, -1, 1, -1, -1, 2, 2, 1], [-1, 1, -1, -1, -1, 1, -1, 4, -1, 2, -1], [-1, 1, -1, -1, -1, 1, -1, 2, 1, 1, -1], [-1, 1, -1, -1, 1, -1, -1, -1, 2, 2, 1], [-1, 1, -1, -1, 1, -1, -1, 2, -1, 2, 1], [-1, 1, -1, -1, 1, -1, 2, -1, -1, 4, 2], [-1, 1, -1, -1, 1, 4, -1, 2, -1, 2, -1], [-1, 1, -1, -1, 1, 4, 2, -1, -1, -1, -1], [-1, 1, -1, -1, 1, 3, -1, -1, -1, 0, -1], [-1, 1, -1, -1, 1, 3, -1, -1, 0, -1, 0], [-1, 1, -1, -1, 1, 3, -1, 1, -1, -1, 1], [-1, 1, -1, -1, 1, 3, -1, 0, -1, -1, 0], [-1, 1, -1, -1, 1, 3, 0, -1, -1, -1, 0], [-1, 1, -1, -1, 1, 2, -1, -1, -1, 4, 2], [-1, 1, -1, -1, 1, 2, 2, -1, -1, 2, 1], [-1, 1, -1, -1, 0, -1, -1, -1, -1, 5, -1], [-1, 1, -1, -1, 0, -1, 4, -1, -1, 4, 2], [-1, 1, -1, -1, 0, -1, 1, 2, -1, -1, 1], [-1, 1, -1, -1, 0, -1, 0, -1, 1, -1, 1], [-1, 1, -1, -1, 0, 4, 4, -1, -1, -1, 2], [-1, 1, -1, -1, 0, 4, 4, -1, -1, 2, -1], [-1, 1, -1, -1, 0, 4, 4, -1, 2, -1, -1], [-1, 1, -1, -1, 0, 3, -1, -1, -1, 4, 2], [-1, 1, -1, -1, 0, 3, -1, -1, -1, 2, 4], [-1, 1, -1, -1, 0, 3, -1, 4, 2, 2, -1], [-1, 1, -1, -1, 0, 3, 0, -1, -1, -1, 1], [-1, 1, -1, -1, 0, 1, -1, 4, -1, -1, 2], [-1, 1, -1, 2, -1, -1, -1, -1, -1, 5, -1], [-1, 1, -1, 2, -1, -1, -1, -1, 4, 4, 2], [-1, 1, -1, 2, -1, -1, 6, -1, -1, -1, -1], [-1, 1, -1, 2, -1, -1, 4, -1, -1, 4, 2], [-1, 1, -1, 2, -1, -1, 1, 2, -1, -1, 1], [-1, 1, -1, 2, -1, 4, -1, -1, -1, -1, 1], [-1, 1, -1, 2, -1, 4, 4, -1, -1, -1, 2], [-1, 1, -1, 2, -1, 4, 4, -1, -1, 2, -1], [-1, 1, -1, 2, -1, 4, 4, -1, 2, -1, -1], [-1, 1, -1, 2, -1, 3, -1, -1, -1, -1, 4], [-1, 1, -1, 2, -1, 3, -1, -1, -1, 4, 2], [-1, 1, -1, 2, -1, 3, -1, -1, 4, -1, -1], [-1, 1, -1, 2, 1, -1, -1, 4, -1, 4, -1], [-1, 1, -1, 2, 1, -1, -1, 4, 4, -1, -1], [-1, 1, -1, 2, 1, -1, 4, -1, -1, -1, 4], [-1, 1, -1, 2, 1, 4, -1, -1, -1, -1, -1], [-1, 1, -1, 2, 0, -1, 4, 4, 2, 2, 2], [-1, 1, -1, 2, 0, -1, 1, 4, -1, 2, -1], [-1, 1, -1, 2, 0, -1, 0, -1, -1, 2, -1], [-1, 1, -1, 2, 0, 3, -1, 4, 2, -1, -1], [-1, 1, -1, 2, 0, 1, -1, -1, -1, -1, 4], [-1, 1, -1, 1, -1, -1, -1, 2, 4, -1, 4], [-1, 1, -1, 1, -1, -1, -1, 2, 4, 4, -1], [-1, 1, -1, 1, -1, -1, -1, 0, -1, 1, 1], [-1, 1, -1, 1, -1, -1, 2, -1, -1, 4, 4], [-1, 1, -1, 1, -1, -1, 2, -1, 4, 4, -1], [-1, 1, -1, 1, -1, -1, 0, -1, -1, 1, -1], [-1, 1, -1, 1, -1, 3, -1, -1, -1, 0, -1], [-1, 1, -1, 1, -1, 3, -1, -1, 1, 1, 1], [-1, 1, -1, 1, -1, 3, -1, -1, 0, -1, 0], [-1, 1, -1, 1, -1, 3, -1, 0, -1, -1, 0], [-1, 1, -1, 1, -1, 3, -1, 0, 0, -1, -1], [-1, 1, -1, 1, -1, 3, 0, -1, -1, -1, -1], [-1, 1, -1, 1, -1, 2, -1, -1, -1, 4, 4], [-1, 1, -1, 1, -1, 1, -1, 4, -1, -1, 1], [-1, 1, -1, 1, 1, -1, -1, 2, -1, 4, 2], [-1, 1, -1, 1, 1, -1, -1, 2, 4, -1, 2], [-1, 1, -1, 1, 1, -1, 2, -1, -1, 4, -1], [-1, 1, -1, 1, 1, -1, 2, -1, -1, 2, 1], [-1, 1, -1, 1, 1, 3, -1, -1, -1, -1, 0], [-1, 1, -1, 1, 1, 3, -1, -1, 0, -1, -1], [-1, 1, -1, 1, 1, 3, -1, 0, -1, -1, -1], [-1, 1, -1, 1, 1, 2, -1, -1, -1, 4, -1], [-1, 1, -1, 1, 1, 2, -1, 2, 4, -1, -1], [-1, 1, -1, 1, 1, 2, 2, -1, 4, -1, -1], [-1, 1, -1, 1, 0, -1, -1, -1, -1, 2, 0], [-1, 1, -1, 1, 0, -1, -1, 2, -1, 4, 4], [-1, 1, -1, 1, 0, -1, -1, 0, -1, -1, 1], [-1, 1, -1, 1, 0, -1, -1, 0, -1, 1, -1], [-1, 1, -1, 1, 0, -1, -1, 0, 1, -1, -1], [-1, 1, -1, 1, 0, -1, 0, -1, -1, -1, 1], [-1, 1, -1, 1, 0, -1, 0, -1, 1, -1, -1], [-1, 1, -1, 1, 0, 3, -1, -1, -1, -1, 1], [-1, 1, -1, 1, 0, 2, 2, -1, -1, 1, 1], [-1, 1, -1, 1, 0, 1, -1, -1, 1, 2, -1], [-1, 1, 3, -1, -1, -1, -1, -1, -1, 4, 2], [-1, 1, 3, -1, -1, -1, -1, -1, 4, -1, 4], [-1, 1, 3, -1, -1, -1, -1, 4, 4, -1, -1], [-1, 1, 3, -1, -1, -1, -1, 2, -1, 0, -1], [-1, 1, 3, -1, -1, -1, 4, -1, 4, -1, -1], [-1, 1, 3, -1, -1, -1, 4, 4, -1, -1, 2], [-1, 1, 3, -1, -1, -1, 4, 4, -1, 2, -1], [-1, 1, 3, -1, -1, 4, -1, 4, -1, -1, -1], [-1, 1, 3, -1, -1, 4, 4, -1, -1, -1, 4], [-1, 1, 3, -1, -1, 4, 4, -1, -1, 2, -1], [-1, 1, 3, -1, -1, 4, 4, -1, 2, -1, -1], [-1, 1, 3, -1, -1, 2, -1, -1, -1, 4, -1], [-1, 1, 3, -1, 1, -1, -1, 4, -1, 2, -1], [-1, 1, 3, -1, 1, -1, -1, 4, 2, -1, -1], [-1, 1, 3, -1, 1, 4, -1, -1, -1, -1, 4], [-1, 1, 3, -1, 1, 4, -1, -1, -1, 2, -1], [-1, 1, 3, -1, 1, 4, -1, -1, 2, -1, -1], [-1, 1, 3, -1, 1, 3, 4, -1, -1, -1, 2], [-1, 1, 3, -1, 0, -1, -1, -1, -1, 4, -1], [-1, 1, 3, -1, 0, -1, -1, -1, 4, -1, -1], [-1, 1, 3, -1, 0, -1, -1, -1, 2, -1, 1], [-1, 1, 3, -1, 0, -1, -1, 4, -1, -1, -1], [-1, 1, 3, -1, 0, 4, 4, -1, -1, -1, -1], [-1, 1, 3, 2, -1, -1, -1, -1, -1, -1, 4], [-1, 1, 3, 2, -1, -1, -1, -1, -1, 4, -1], [-1, 1, 3, 2, -1, -1, -1, -1, 4, -1, -1], [-1, 1, 3, 2, -1, -1, -1, 4, -1, -1, -1], [-1, 1, 3, 2, -1, -1, 4, -1, -1, -1, 2], [-1, 1, 3, 2, -1, -1, 4, -1, -1, 2, -1], [-1, 1, 3, 2, -1, 4, 4, -1, -1, -1, -1], [-1, 1, 3, 2, 1, -1, 4, -1, -1, -1, -1], [-1, 1, 3, 1, -1, -1, -1, 4, -1, 2, -1], [-1, 1, 3, 1, -1, -1, -1, 4, 2, -1, -1], [-1, 1, 3, 1, -1, 4, -1, -1, -1, 2, -1], [-1, 1, 2, -1, -1, -1, -1, 4, -1, 2, 4], [-1, 1, 2, -1, -1, -1, -1, 4, 2, -1, 4], [-1, 1, 2, -1, -1, 3, -1, -1, 4, -1, 4], [-1, 1, 2, -1, -1, 3, -1, -1, 0, -1, -1], [-1, 1, 2, -1, -1, 3, -1, 4, -1, -1, 4], [-1, 1, 2, -1, -1, 3, -1, 0, -1, -1, -1], [-1, 1, 2, -1, -1, 3, 0, -1, -1, -1, -1], [-1, 1, 2, -1, -1, 1, -1, 2, -1, -1, 1], [-1, 1, 2, -1, 1, -1, -1, -1, -1, 2, 1], [-1, 1, 2, -1, 1, -1, -1, 2, 4, -1, 2], [-1, 1, 2, -1, 1, -1, 2, -1, 4, -1, 2], [-1, 1, 2, -1, 1, -1, 2, -1, 4, 2, -1], [-1, 1, 2, -1, 1, 2, -1, -1, 4, -1, 2], [-1, 1, 2, -1, 1, 2, -1, -1, 4, 2, -1], [-1, 1, 2, -1, 0, -1, 4, 4, 2, -1, -1], [-1, 1, 2, -1, 0, -1, 0, -1, 1, -1, -1], [-1, 1, 2, -1, 0, 3, -1, -1, -1, -1, 4], [-1, 1, 2, -1, 0, 3, -1, -1, -1, 4, -1], [-1, 1, 2, -1, 0, 3, -1, -1, 4, -1, -1], [-1, 1, 2, -1, 0, 3, -1, 4, -1, 2, -1], [-1, 1, 2, 3, -1, -1, -1, -1, -1, 2, -1], [-1, 1, 2, 3, -1, -1, -1, 2, -1, -1, -1], [-1, 1, 2, 2, -1, -1, -1, 4, 4, 2, 2], [-1, 1, 2, 2, -1, 2, -1, -1, -1, 4, 4], [-1, 1, 2, 2, 0, -1, -1, 4, -1, -1, 4], [-1, 1, 2, 2, 0, -1, -1, 2, -1, 4, 2], [-1, 1, 2, 2, 0, -1, 2, -1, 4, 4, -1], [-1, 1, 2, 2, 0, 1, -1, 4, -1, -1, -1], [-1, 1, 2, 1, -1, -1, -1, 2, 4, -1, -1], [-1, 1, 2, 1, -1, -1, 2, -1, 4, -1, 2], [-1, 1, 2, 1, -1, -1, 2, -1, 4, 2, -1], [-1, 1, 2, 1, -1, 3, -1, -1, -1, -1, 1], [-1, 1, 2, 1, -1, 2, -1, -1, 4, -1, 2], [-1, 1, 2, 1, -1, 2, -1, -1, 4, 2, -1], [-1, 1, 2, 1, -1, 1, -1, -1, 1, -1, 2], [-1, 1, 2, 1, -1, 1, -1, -1, 1, 2, -1], [-1, 1, 2, 1, 1, -1, 2, -1, 4, -1, -1], [-1, 1, 2, 1, 1, 4, -1, 2, -1, -1, -1], [-1, 1, 2, 1, 1, 2, -1, -1, 4, -1, -1], [-1, 1, 2, 1, 0, -1, 4, 2, -1, -1, -1], [-1, 1, 2, 1, 0, 3, 4, -1, 2, -1, -1], [-1, 1, 1, -1, -1, -1, -1, 4, -1, 4, 2], [-1, 1, 1, -1, -1, -1, 0, 1, -1, -1, -1], [-1, 1, 1, -1, -1, 3, -1, -1, 0, -1, 0], [-1, 1, 1, -1, -1, 3, -1, -1, 0, 0, -1], [-1, 1, 1, -1, -1, 3, -1, 0, -1, -1, 0], [-1, 1, 1, -1, -1, 3, -1, 0, -1, 0, -1], [-1, 1, 1, -1, -1, 3, 4, -1, -1, -1, 4], [-1, 1, 1, -1, -1, 3, 0, -1, -1, -1, 0], [-1, 1, 1, -1, -1, 2, -1, -1, -1, 4, 2], [-1, 1, 1, -1, 1, -1, -1, 4, 4, 4, -1], [-1, 1, 1, -1, 1, 3, -1, -1, -1, -1, 0], [-1, 1, 1, -1, 1, 3, -1, -1, 0, -1, -1], [-1, 1, 1, -1, 1, 3, 0, -1, -1, -1, -1], [-1, 1, 1, -1, 0, -1, -1, -1, 4, 4, 2], [-1, 1, 1, -1, 0, -1, 0, -1, -1, 2, -1], [-1, 1, 1, 2, -1, -1, -1, -1, -1, 4, 2], [-1, 1, 1, 2, -1, -1, 4, 2, -1, 2, -1], [-1, 1, 1, 2, -1, 4, -1, -1, -1, 2, 2], [-1, 1, 1, 2, -1, 4, -1, -1, 2, -1, 2], [-1, 1, 1, 2, -1, 4, -1, 2, -1, -1, -1], [-1, 1, 1, 2, -1, 3, 0, -1, -1, -1, 1], [-1, 1, 1, 2, 0, -1, 4, 2, -1, -1, 2], [-1, 1, 1, 1, -1, -1, -1, 0, -1, 1, -1], [-1, 1, 1, 1, -1, -1, -1, 0, 0, -1, 1], [-1, 1, 1, 1, -1, -1, 2, 2, -1, -1, 4], [-1, 1, 1, 1, -1, 3, -1, -1, -1, -1, 0], [-1, 1, 1, 1, -1, 3, -1, -1, 0, -1, -1], [-1, 1, 1, 1, -1, 3, -1, 0, -1, -1, -1], [-1, 1, 1, 1, 1, 3, -1, 1, -1, -1, -1], [2, -1, -1, -1, -1, -1, -1, -1, -1, 4, -1], [2, -1, -1, -1, -1, -1, 4, -1, 2, -1, 2], [2, -1, -1, -1, -1, -1, 4, 2, -1, -1, -1], [2, -1, -1, -1, -1, 4, -1, -1, -1, -1, 2], [2, -1, -1, -1, -1, 4, -1, -1, -1, 2, -1], [2, -1, -1, -1, -1, 4, -1, -1, 2, -1, -1], [2, -1, -1, -1, -1, 4, -1, 2, -1, -1, -1], [2, -1, -1, -1, 0, -1, 4, -1, -1, -1, 2], [2, 2, 2, 1, 1, -1, 1, -1, -1, -1, -1], [1, -1, -1, -1, -1, -1, 0, -1, 2, 2, -1], [1, -1, -1, -1, -1, 4, -1, -1, 4, 2, -1], [1, -1, -1, -1, -1, 3, -1, -1, 4, 4, -1], [1, -1, -1, -1, -1, 3, -1, 4, 4, -1, -1], [1, -1, -1, -1, -1, 3, -1, 1, 2, -1, -1], [1, -1, -1, -1, 1, -1, 4, 4, -1, -1, 2], [1, -1, -1, -1, 1, -1, 4, 4, -1, 2, -1], [1, -1, -1, -1, 1, 4, -1, -1, -1, 2, -1], [1, -1, -1, -1, 1, 4, -1, 2, -1, -1, 2], [1, -1, -1, -1, 1, 4, 2, -1, -1, -1, 2], [1, -1, -1, -1, 1, 3, -1, -1, -1, -1, 2], [1, -1, -1, -1, 0, 3, -1, -1, 4, -1, -1], [1, -1, -1, -1, 0, 2, -1, -1, -1, 4, 4], [1, -1, -1, 3, -1, -1, -1, -1, -1, -1, -1], [1, -1, -1, 2, -1, -1, 4, 1, -1, -1, -1], [1, -1, -1, 2, -1, 4, -1, 2, -1, -1, 2], [1, -1, -1, 2, -1, 4, -1, 2, 2, -1, -1], [1, -1, -1, 2, -1, 4, 2, -1, -1, -1, 2], [1, -1, -1, 2, -1, 4, 2, -1, -1, 2, -1], [1, -1, -1, 2, -1, 4, 2, -1, 2, -1, -1], [1, -1, -1, 2, -1, 3, -1, -1, -1, 4, -1], [1, -1, -1, 2, -1, 3, -1, -1, 4, -1, -1], [1, -1, -1, 2, 0, 4, 4, -1, -1, -1, 2], [1, -1, -1, 1, -1, -1, -1, 0, 0, 1, 1], [1, -1, -1, 1, -1, -1, 0, -1, 0, 1, -1], [1, -1, -1, 1, -1, 0, -1, 0, -1, 1, -1], [1, -1, -1, 1, -1, 0, 0, -1, -1, 1, -1], [1, -1, -1, 1, 1, -1, 4, -1, -1, 2, 2], [1, -1, -1, 1, 0, -1, -1, -1, 0, -1, 1], [1, -1, -1, 1, 0, -1, -1, -1, 0, 1, -1], [1, -1, -1, 1, 0, -1, 0, 0, -1, -1, 1], [1, -1, -1, 1, 0, -1, 0, 0, -1, 1, -1], [1, -1, -1, 1, 0, 3, -1, 0, -1, -1, 1], [1, -1, -1, 1, 0, 0, -1, -1, -1, 1, -1], [1, -1, 3, -1, -1, -1, -1, -1, -1, 4, -1], [1, -1, 3, 2, -1, 0, -1, -1, 0, -1, 0], [1, -1, 3, 2, -1, 0, -1, 0, -1, -1, 0], [1, -1, 2, -1, -1, -1, -1, 4, -1, -1, 4], [1, -1, 2, -1, -1, 3, -1, -1, -1, 4, -1], [1, -1, 2, -1, -1, 3, -1, -1, 4, -1, -1], [1, -1, 2, -1, -1, 1, -1, -1, 1, -1, 0], [1, -1, 2, -1, -1, 1, 1, 1, -1, -1, 0], [1, -1, 2, -1, 1, -1, 4, -1, -1, -1, 2], [1, -1, 2, -1, 1, 4, -1, -1, -1, -1, -1], [1, -1, 2, -1, 1, 3, -1, -1, 0, -1, -1], [1, -1, 2, -1, 0, -1, 1, -1, 1, -1, 0], [1, -1, 2, -1, 0, 1, 1, -1, -1, -1, 0], [1, -1, 2, 2, -1, -1, -1, -1, -1, 4, 4], [1, -1, 2, 2, -1, -1, -1, -1, 4, 4, -1], [1, -1, 2, 2, -1, -1, -1, 4, -1, 4, -1], [1, -1, 2, 2, -1, -1, -1, 4, 4, -1, -1], [1, -1, 2, 2, -1, -1, 4, -1, -1, 2, -1], [1, -1, 2, 2, -1, -1, 4, -1, 2, -1, -1], [1, -1, 2, 2, -1, 3, -1, -1, 2, -1, -1], [1, -1, 2, 2, -1, 3, 4, -1, -1, -1, -1], [1, -1, 2, 2, 0, -1, -1, -1, -1, -1, 4], [1, -1, 2, 1, 0, -1, 0, -1, 1, -1, -1], [1, -1, 1, -1, -1, 4, -1, -1, 2, -1, 2], [1, -1, 1, -1, -1, 4, -1, 2, -1, -1, 2], [1, -1, 1, -1, -1, 4, -1, 2, -1, 2, -1], [1, -1, 1, -1, -1, 4, -1, 2, 2, -1, -1], [1, -1, 1, -1, 0, -1, 4, 2, -1, -1, 2], [1, -1, 1, 2, -1, -1, 4, -1, -1, -1, 2], [1, -1, 1, 2, -1, 4, -1, -1, -1, -1, 2], [1, -1, 1, 2, -1, 4, -1, 2, -1, -1, -1], [1, -1, 1, 2, -1, 4, 2, -1, -1, -1, -1], [1, -1, 1, 1, -1, -1, -1, -1, 0, 1, 1], [1, -1, 1, 1, -1, -1, -1, 0, 0, -1, 1], [1, -1, 1, 1, -1, -1, -1, 0, 0, 1, -1], [1, -1, 1, 1, -1, -1, 0, 0, -1, 1, -1], [1, -1, 1, 1, -1, 0, -1, -1, -1, 1, -1], [1, -1, 1, 1, 1, 3, -1, 0, -1, -1, 0], [1, -1, 1, 1, 1, 3, 0, -1, -1, -1, 0], [1, -1, 1, 1, 0, -1, -1, -1, -1, -1, 4], [1, -1, 1, 1, 0, -1, -1, -1, -1, 4, -1], [1, -1, 1, 1, 0, -1, -1, 0, -1, -1, 1], [1, 2, -1, -1, -1, -1, -1, 4, 4, -1, 2], [1, 2, -1, -1, -1, -1, -1, 4, 4, 2, -1], [1, 2, -1, -1, -1, 4, 4, -1, -1, 4, -1], [1, 2, -1, -1, -1, 3, -1, -1, 4, -1, -1], [1, 2, -1, -1, -1, 3, -1, 4, -1, -1, 2], [1, 2, -1, -1, -1, 3, 4, 4, -1, -1, -1], [1, 2, -1, -1, 1, -1, -1, -1, 4, -1, 2], [1, 2, -1, -1, 1, -1, -1, 4, -1, -1, 2], [1, 2, -1, -1, 1, -1, -1, 4, -1, 2, -1], [1, 2, -1, -1, 1, -1, 4, -1, -1, -1, 2], [1, 2, -1, -1, 1, -1, 4, -1, -1, 2, -1], [1, 2, -1, -1, 1, 3, 4, -1, -1, -1, -1], [1, 2, -1, -1, 0, -1, -1, 4, -1, 4, -1], [1, 2, -1, -1, 0, -1, -1, 4, 4, -1, 4], [1, 2, -1, -1, 0, -1, 4, -1, -1, 4, -1], [1, 2, -1, -1, 0, -1, 4, -1, 4, -1, 4], [1, 2, -1, -1, 0, 4, -1, -1, -1, 4, -1], [1, 2, -1, -1, 0, 4, -1, 2, 2, -1, -1], [1, 2, -1, 2, -1, -1, -1, -1, 4, -1, 2], [1, 2, -1, 2, -1, -1, -1, 4, 4, -1, -1], [1, 2, -1, 2, -1, -1, 4, -1, -1, -1, 2], [1, 2, -1, 2, -1, 4, -1, -1, -1, -1, 2], [1, 2, -1, 2, -1, 4, -1, 2, -1, -1, -1], [1, 2, -1, 2, -1, 4, 2, -1, -1, -1, -1], [1, 2, -1, 2, -1, 3, -1, 4, -1, -1, -1], [1, 2, -1, 1, -1, -1, -1, 4, -1, -1, 4], [1, 2, -1, 1, -1, -1, 4, -1, -1, 4, -1], [1, 2, -1, 1, -1, -1, 4, -1, 4, -1, 4], [1, 2, -1, 1, 0, -1, -1, -1, -1, 4, 4], [1, 2, 3, 2, -1, -1, -1, -1, 0, -1, 0], [1, 2, 3, 2, -1, -1, -1, -1, 0, 0, -1], [1, 2, 3, 2, -1, -1, -1, 0, -1, -1, 0], [1, 2, 3, 2, -1, -1, -1, 0, -1, 0, -1], [1, 2, 3, 2, -1, -1, -1, 0, 0, -1, -1], [1, 2, 3, 2, -1, -1, 0, -1, -1, -1, -1], [1, 2, 3, 2, -1, 0, -1, -1, -1, -1, -1], [1, 2, 2, -1, -1, -1, 4, 4, -1, -1, 2], [1, 2, 2, -1, -1, -1, 4, 4, -1, 2, -1], [1, 2, 2, -1, -1, 3, -1, 4, -1, -1, -1], [1, 2, 2, -1, -1, 1, -1, 1, -1, -1, 0], [1, 2, 2, -1, 1, -1, 4, -1, -1, -1, -1], [1, 2, 2, -1, 0, -1, -1, 1, -1, -1, 0], [1, 2, 2, -1, 0, -1, 1, -1, -1, -1, 0], [1, 2, 2, -1, 0, 1, -1, -1, -1, -1, 0], [1, 2, 2, 2, -1, -1, -1, -1, 4, -1, -1], [1, 2, 2, 2, -1, -1, -1, 4, -1, -1, 2], [1, 2, 2, 2, -1, -1, 4, -1, -1, -1, -1], [1, 2, 1, -1, -1, 4, -1, -1, 2, -1, -1], [1, 2, 1, -1, -1, 4, -1, 2, -1, -1, -1], [1, 2, 1, -1, 0, -1, -1, -1, -1, 4, 4], [1, 1, -1, -1, -1, -1, -1, -1, 2, 4, -1], [1, 1, -1, -1, -1, -1, -1, 2, -1, 4, -1], [1, 1, -1, -1, -1, -1, -1, 0, -1, 1, -1], [1, 1, -1, -1, -1, -1, 2, -1, -1, 4, -1], [1, 1, -1, -1, -1, -1, 0, -1, -1, 1, -1], [1, 1, -1, -1, -1, -1, 0, 1, -1, -1, -1], [1, 1, -1, -1, -1, -1, 0, 0, 1, -1, -1], [1, 1, -1, -1, -1, 4, -1, 2, 2, -1, 2], [1, 1, -1, -1, -1, 3, -1, -1, -1, -1, 0], [1, 1, -1, -1, -1, 3, -1, -1, -1, 0, -1], [1, 1, -1, -1, -1, 3, -1, -1, 0, -1, -1], [1, 1, -1, -1, -1, 3, -1, 0, -1, -1, -1], [1, 1, -1, -1, -1, 3, 0, -1, -1, -1, -1], [1, 1, -1, -1, -1, 2, -1, -1, -1, 4, -1], [1, 1, -1, -1, 1, 3, -1, -1, -1, -1, 1], [1, 1, -1, -1, 1, 3, -1, -1, 1, 1, -1], [1, 1, -1, -1, 1, 3, -1, 1, -1, -1, -1], [1, 1, -1, -1, 1, 3, 1, -1, -1, -1, -1], [1, 1, -1, -1, 0, -1, -1, 0, 1, -1, -1], [1, 1, -1, 2, -1, -1, 4, -1, 2, -1, -1], [1, 1, -1, 2, -1, 3, -1, -1, 2, -1, -1], [1, 1, -1, 1, -1, -1, -1, -1, 0, -1, 1], [1, 1, -1, 1, -1, -1, -1, -1, 0, 1, -1], [1, 1, -1, 1, -1, -1, -1, 0, -1, -1, 1], [1, 1, -1, 1, -1, -1, -1, 0, 1, -1, -1], [1, 1, -1, 1, -1, -1, 1, -1, 1, 2, -1], [1, 1, -1, 1, -1, -1, 0, -1, -1, -1, 1], [1, 1, -1, 1, -1, -1, 0, -1, 1, -1, -1], [1, 1, -1, 1, -1, 3, -1, -1, -1, -1, 1], [1, 1, -1, 1, -1, 3, -1, -1, -1, 1, -1], [1, 1, -1, 1, -1, 3, -1, -1, 1, -1, -1], [1, 1, -1, 1, -1, 3, -1, 1, -1, -1, -1], [1, 1, -1, 1, -1, 1, -1, 1, 1, 2, -1], [1, 1, -1, 1, 1, 3, -1, -1, -1, -1, -1], [1, 1, -1, 1, 0, 1, 1, -1, -1, 2, -1], [1, 1, 2, -1, -1, 3, -1, -1, -1, -1, -1], [1, 1, 1, -1, 0, 3, -1, -1, 2, -1, -1], [1, 1, 1, 1, -1, -1, -1, 1, -1, 2, -1], [1, 1, 1, 1, -1, -1, 1, -1, -1, 2, -1], [0, -1, -1, -1, -1, -1, -1, -1, -1, 4, 1], [0, -1, -1, -1, -1, -1, -1, -1, 1, 4, -1], [0, -1, -1, -1, -1, -1, -1, 5, -1, -1, 4], [0, -1, -1, -1, -1, -1, -1, 5, -1, 4, -1], [0, -1, -1, -1, -1, -1, -1, 4, -1, 2, 0], [0, -1, -1, -1, -1, -1, -1, 4, 4, -1, 5], [0, -1, -1, -1, -1, -1, -1, 4, 4, -1, 1], [0, -1, -1, -1, -1, -1, -1, 4, 2, -1, 0], [0, -1, -1, -1, -1, -1, -1, 1, 0, 1, -1], [0, -1, -1, -1, -1, -1, 6, -1, -1, -1, 4], [0, -1, -1, -1, -1, -1, 6, -1, -1, 4, -1], [0, -1, -1, -1, -1, -1, 5, -1, -1, -1, -1], [0, -1, -1, -1, -1, -1, 4, -1, 4, -1, 5], [0, -1, -1, -1, -1, -1, 4, -1, 1, 1, 1], [0, -1, -1, -1, -1, -1, 4, 1, 1, 1, -1], [0, -1, -1, -1, -1, -1, 2, 4, -1, -1, 4], [0, -1, -1, -1, -1, -1, 1, -1, -1, 4, -1], [0, -1, -1, -1, -1, -1, 1, -1, 0, 1, 1], [0, -1, -1, -1, -1, 6, -1, -1, -1, -1, -1], [0, -1, -1, -1, -1, 4, -1, -1, 1, -1, 1], [0, -1, -1, -1, -1, 4, -1, 1, -1, -1, 1], [0, -1, -1, -1, -1, 4, -1, 1, 1, -1, -1], [0, -1, -1, -1, -1, 3, -1, 5, -1, -1, -1], [0, -1, -1, -1, -1, 3, -1, 4, -1, -1, 0], [0, -1, -1, -1, -1, 3, 4, -1, -1, -1, 0], [0, -1, -1, -1, -1, 3, 4, -1, -1, 1, -1], [0, -1, -1, -1, -1, 3, 1, -1, 4, -1, -1], [0, -1, -1, -1, -1, 3, 1, 4, -1, -1, -1], [0, -1, -1, -1, -1, 2, -1, -1, 4, 4, -1], [0, -1, -1, -1, -1, 2, -1, 4, 4, -1, -1], [0, -1, -1, -1, -1, 1, -1, -1, 2, 2, 1], [0, -1, -1, -1, -1, 1, -1, 4, -1, -1, 2], [0, -1, -1, -1, -1, 1, 4, -1, -1, 4, -1], [0, -1, -1, -1, -1, 1, 4, -1, 4, -1, -1], [0, -1, -1, -1, 1, -1, -1, -1, 0, 1, 1], [0, -1, -1, -1, 1, -1, 4, -1, -1, 1, -1], [0, -1, -1, -1, 1, -1, 4, 1, -1, -1, -1], [0, -1, -1, -1, 1, -1, 2, 4, 4, -1, -1], [0, -1, -1, -1, 1, -1, 1, -1, -1, 2, 1], [0, -1, -1, -1, 1, 4, -1, -1, 4, 4, 2], [0, -1, -1, -1, 1, 3, -1, -1, -1, 4, 4], [0, -1, -1, -1, 1, 3, -1, -1, -1, 1, 1], [0, -1, -1, -1, 1, 3, -1, 4, -1, -1, 4], [0, -1, -1, -1, 1, 1, -1, -1, 1, -1, 0], [0, -1, -1, -1, 0, -1, -1, -1, 4, -1, 1], [0, -1, -1, -1, 0, -1, -1, 4, -1, 1, -1], [0, -1, -1, -1, 0, -1, -1, 4, 0, -1, -1], [0, -1, -1, -1, 0, -1, 1, -1, 4, 1, -1], [0, -1, -1, -1, 0, -1, 1, 4, -1, -1, -1], [0, -1, -1, -1, 0, -1, 1, 1, -1, -1, 4], [0, -1, -1, -1, 0, 4, -1, 2, -1, -1, 1], [0, -1, -1, -1, 0, 3, -1, -1, -1, 0, 0], [0, -1, -1, -1, 0, 3, -1, 4, 4, 2, -1], [0, -1, -1, -1, 0, 3, -1, 0, -1, 0, -1], [0, -1, -1, -1, 0, 3, -1, 0, 0, -1, 0], [0, -1, -1, -1, 0, 3, 4, -1, 4, -1, 2], [0, -1, -1, -1, 0, 3, 4, 4, -1, -1, 2], [0, -1, -1, -1, 0, 3, 0, -1, 0, -1, 0], [0, -1, -1, -1, 0, 3, 0, -1, 0, 0, -1], [0, -1, -1, -1, 0, 1, -1, 2, 1, 1, -1], [0, -1, -1, -1, 0, 1, 4, -1, -1, -1, 2], [0, -1, -1, -1, 0, 1, 4, 4, -1, -1, -1], [0, -1, -1, 2, -1, -1, 1, -1, -1, -1, 4], [0, -1, -1, 2, -1, -1, 1, -1, 2, 2, 1], [0, -1, -1, 2, -1, -1, 1, 2, -1, -1, 1], [0, -1, -1, 2, -1, 4, -1, -1, -1, -1, 1], [0, -1, -1, 2, -1, 3, -1, -1, -1, -1, 4], [0, -1, -1, 2, -1, 1, -1, 4, -1, 2, -1], [0, -1, -1, 2, -1, 1, -1, 2, -1, -1, 1], [0, -1, -1, 2, -1, 1, -1, 2, 1, -1, -1], [0, -1, -1, 2, -1, 1, 4, -1, -1, -1, 2], [0, -1, -1, 2, -1, 1, 4, 4, -1, -1, -1], [0, -1, -1, 2, 0, -1, -1, -1, 1, -1, 4], [0, -1, -1, 2, 0, -1, -1, 1, -1, 4, -1], [0, -1, -1, 2, 0, -1, 4, -1, -1, 2, 1], [0, -1, -1, 2, 0, -1, 4, 4, 2, 2, 2], [0, -1, -1, 2, 0, 3, -1, 4, 2, -1, -1], [0, -1, -1, 2, 0, 1, -1, 4, -1, -1, -1], [0, -1, -1, 1, -1, -1, -1, 4, -1, -1, 5], [0, -1, -1, 1, -1, -1, -1, 4, -1, 1, -1], [0, -1, -1, 1, -1, -1, 4, -1, -1, -1, 5], [0, -1, -1, 1, -1, -1, 4, -1, -1, 1, -1], [0, -1, -1, 1, -1, -1, 4, -1, 1, -1, 1], [0, -1, -1, 1, -1, -1, 4, 1, -1, -1, -1], [0, -1, -1, 1, -1, -1, 1, 4, -1, -1, 1], [0, -1, -1, 1, -1, 5, -1, -1, 2, -1, -1], [0, -1, -1, 1, -1, 4, -1, -1, 1, -1, -1], [0, -1, -1, 1, -1, 4, -1, 1, -1, -1, -1], [0, -1, -1, 1, -1, 3, -1, -1, -1, -1, 0], [0, -1, -1, 1, -1, 3, -1, -1, -1, 0, -1], [0, -1, -1, 1, -1, 3, -1, 4, -1, 4, 4], [0, -1, -1, 1, -1, 3, -1, 2, -1, 4, -1], [0, -1, -1, 1, -1, 3, 4, 4, 4, -1, 4], [0, -1, -1, 1, -1, 3, 0, -1, 0, -1, -1], [0, -1, -1, 1, -1, 1, 4, -1, -1, -1, 1], [0, -1, -1, 1, 1, 3, -1, 1, -1, -1, 1], [0, -1, -1, 1, 1, 3, 1, -1, -1, -1, 1], [0, -1, -1, 1, 1, 2, -1, -1, -1, 4, 4], [0, -1, -1, 1, 0, -1, -1, 4, -1, -1, 1], [0, -1, -1, 1, 0, 4, 4, 4, -1, 2, -1], [0, -1, -1, 1, 0, 3, -1, -1, 0, -1, -1], [0, -1, -1, 1, 0, 3, -1, 4, 4, -1, -1], [0, -1, -1, 1, 0, 3, -1, 0, -1, -1, -1], [0, -1, -1, 1, 0, 2, -1, 1, -1, -1, 1], [0, -1, 3, -1, -1, -1, -1, 2, -1, 0, 0], [0, -1, 3, -1, -1, -1, -1, 1, -1, 2, 1], [0, -1, 3, -1, -1, -1, -1, 1, 2, -1, 1], [0, -1, 3, -1, -1, -1, 4, 1, -1, -1, -1], [0, -1, 3, -1, -1, 3, -1, -1, -1, 4, 4], [0, -1, 3, -1, -1, 3, -1, -1, 1, 1, -1], [0, -1, 3, -1, -1, 2, -1, 2, -1, 0, -1], [0, -1, 3, -1, -1, 1, -1, -1, 2, -1, 1], [0, -1, 3, -1, -1, 1, -1, 4, -1, -1, -1], [0, -1, 3, -1, 1, 3, 0, -1, -1, -1, -1], [0, -1, 3, -1, 0, -1, -1, -1, 2, 1, -1], [0, -1, 3, -1, 0, -1, -1, 4, 4, -1, -1], [0, -1, 3, -1, 0, -1, 4, -1, 4, -1, 2], [0, -1, 3, -1, 0, -1, 4, 4, -1, 2, 2], [0, -1, 3, -1, 0, -1, 2, -1, 2, -1, 4], [0, -1, 3, -1, 0, -1, 2, 2, -1, -1, 4], [0, -1, 3, -1, 0, 3, -1, 4, -1, 2, 2], [0, -1, 3, -1, 0, 1, 1, -1, 2, -1, -1], [0, -1, 3, 2, -1, -1, -1, -1, 1, -1, 0], [0, -1, 3, 2, -1, -1, 2, -1, -1, -1, 0], [0, -1, 3, 2, -1, 2, -1, -1, -1, -1, 0], [0, -1, 3, 2, -1, 2, -1, -1, -1, 0, -1], [0, -1, 3, 2, 1, -1, 1, -1, -1, -1, 1], [0, -1, 3, 2, 0, -1, -1, -1, 4, -1, -1], [0, -1, 3, 2, 0, -1, 4, 4, -1, 2, -1], [0, -1, 3, 2, 0, 3, -1, 4, -1, -1, -1], [0, -1, 3, 2, 0, 3, 4, -1, -1, 2, 2], [0, -1, 3, 1, -1, -1, -1, 2, -1, 2, 4], [0, -1, 3, 1, -1, 3, 4, -1, -1, 4, -1], [0, -1, 3, 1, 0, -1, -1, -1, -1, -1, 4], [0, -1, 3, 1, 0, 4, -1, -1, -1, 4, -1], [0, -1, 3, 1, 0, 3, -1, 2, -1, -1, -1], [0, -1, 2, -1, -1, 4, -1, 1, -1, -1, -1], [0, -1, 2, -1, -1, 4, 4, 4, 2, -1, 2], [0, -1, 2, -1, -1, 3, -1, -1, 0, -1, -1], [0, -1, 2, -1, -1, 3, -1, 0, -1, -1, -1], [0, -1, 2, -1, -1, 1, -1, -1, -1, 4, -1], [0, -1, 2, -1, 1, -1, -1, 2, -1, 2, 1], [0, -1, 2, -1, 1, -1, 2, -1, -1, 4, 2], [0, -1, 2, -1, 1, 2, -1, -1, -1, 4, 2], [0, -1, 2, -1, 1, 2, -1, 2, 4, 2, -1], [0, -1, 2, -1, 0, -1, -1, 4, -1, 2, 4], [0, -1, 2, -1, 0, -1, -1, 1, 0, 0, -1], [0, -1, 2, -1, 0, -1, 4, -1, -1, -1, 0], [0, -1, 2, -1, 0, -1, 4, 4, 2, -1, 2], [0, -1, 2, -1, 0, -1, 4, 4, 2, 2, -1], [0, -1, 2, -1, 0, 4, 4, -1, -1, 2, -1], [0, -1, 2, -1, 0, 4, 4, -1, 2, -1, -1], [0, -1, 2, -1, 0, 1, 4, -1, -1, 1, -1], [0, -1, 2, 2, -1, 4, -1, -1, -1, 2, 4], [0, -1, 2, 2, 0, -1, 4, -1, -1, 2, 4], [0, -1, 2, 2, 0, 3, 1, 1, -1, -1, -1], [0, -1, 2, 1, -1, -1, 4, -1, 1, -1, -1], [0, -1, 2, 1, -1, 3, -1, 4, 2, -1, -1], [0, -1, 2, 1, -1, 3, 4, 4, -1, 2, -1], [0, -1, 2, 1, 1, -1, 2, 2, 2, -1, 4], [0, -1, 2, 1, 0, -1, 4, -1, -1, -1, 1], [0, -1, 2, 1, 0, 5, 4, -1, -1, -1, -1], [0, -1, 2, 1, 0, 4, 2, -1, 2, 2, -1], [0, -1, 2, 1, 0, 3, 0, -1, -1, -1, -1], [0, -1, 2, 1, 0, 2, -1, -1, 4, -1, 2], [0, -1, 2, 1, 0, 2, 2, -1, 4, 2, -1], [0, -1, 1, -1, -1, -1, -1, -1, 4, 4, 2], [0, -1, 1, -1, -1, -1, -1, -1, 2, 4, 2], [0, -1, 1, -1, -1, -1, -1, 4, -1, -1, 0], [0, -1, 1, -1, -1, -1, -1, 4, -1, 4, 2], [0, -1, 1, -1, -1, -1, -1, 4, -1, 1, -1], [0, -1, 1, -1, -1, -1, 4, -1, -1, 1, 1], [0, -1, 1, -1, -1, -1, 4, 2, -1, -1, 4], [0, -1, 1, -1, -1, -1, 2, -1, -1, 4, 2], [0, -1, 1, -1, -1, -1, 1, -1, -1, -1, 4], [0, -1, 1, -1, -1, -1, 1, -1, 4, -1, -1], [0, -1, 1, -1, -1, -1, 1, 4, -1, -1, -1], [0, -1, 1, -1, -1, 3, -1, -1, -1, -1, 4], [0, -1, 1, -1, -1, 3, -1, -1, -1, 4, -1], [0, -1, 1, -1, -1, 3, -1, -1, 4, -1, -1], [0, -1, 1, -1, -1, 3, -1, 4, -1, -1, -1], [0, -1, 1, -1, -1, 2, -1, -1, -1, 4, 2], [0, -1, 1, -1, -1, 1, -1, -1, -1, 4, -1], [0, -1, 1, -1, -1, 1, -1, 4, -1, -1, -1], [0, -1, 1, -1, -1, 1, -1, 2, -1, -1, 1], [0, -1, 1, -1, -1, 1, 4, -1, 1, 1, -1], [0, -1, 1, -1, 1, -1, -1, -1, -1, 4, -1], [0, -1, 1, -1, 1, -1, -1, -1, 4, -1, 4], [0, -1, 1, -1, 1, -1, -1, 4, 4, -1, -1], [0, -1, 1, -1, 1, -1, 4, -1, 4, -1, -1], [0, -1, 1, -1, 0, -1, -1, -1, 1, -1, 4], [0, -1, 1, -1, 0, -1, -1, 4, 1, -1, -1], [0, -1, 1, -1, 0, -1, 0, -1, -1, 2, -1], [0, -1, 1, -1, 0, 4, -1, 2, -1, -1, 4], [0, -1, 1, -1, 0, 1, -1, -1, -1, 2, 1], [0, -1, 1, 2, -1, -1, -1, -1, -1, 4, 2], [0, -1, 1, 2, -1, -1, -1, -1, 1, -1, 4], [0, -1, 1, 2, -1, -1, -1, 4, 1, -1, -1], [0, -1, 1, 2, -1, -1, 4, -1, 1, 1, -1], [0, -1, 1, 2, -1, 3, -1, -1, 0, -1, 1], [0, -1, 1, 2, -1, 3, -1, 0, -1, -1, 1], [0, -1, 1, 2, -1, 3, 0, -1, -1, -1, 1], [0, -1, 1, 2, -1, 1, -1, -1, -1, 2, 1], [0, -1, 1, 2, -1, 1, 4, -1, -1, -1, -1], [0, -1, 1, 1, -1, -1, -1, -1, 4, -1, -1], [0, -1, 1, 1, -1, -1, 2, 4, -1, -1, -1], [0, -1, 1, 1, -1, 3, -1, -1, 0, -1, -1], [0, -1, 1, 1, -1, 3, 1, -1, -1, -1, -1], [0, -1, 1, 1, -1, 2, -1, 4, -1, -1, -1], [0, -1, 1, 1, 1, 3, 4, -1, -1, -1, -1], [0, -1, 1, 1, 0, -1, -1, 4, -1, -1, 2], [0, -1, 1, 1, 0, 3, 0, -1, -1, -1, -1], [0, 2, -1, -1, -1, -1, -1, -1, 4, -1, 1], [0, 2, -1, -1, -1, -1, -1, 4, -1, 1, -1], [0, 2, -1, -1, -1, -1, 4, -1, -1, 1, -1], [0, 2, -1, -1, -1, -1, 4, 4, -1, -1, 0], [0, 2, -1, -1, -1, -1, 4, 1, -1, -1, -1], [0, 2, -1, -1, -1, -1, 1, -1, 4, -1, -1], [0, 2, -1, -1, -1, 4, -1, 1, -1, -1, -1], [0, 2, -1, -1, -1, 3, -1, 2, -1, -1, 4], [0, 2, -1, -1, -1, 3, 1, -1, -1, 0, -1], [0, 2, -1, -1, 1, -1, 0, 0, -1, -1, 1], [0, 2, -1, -1, 1, 3, 4, -1, -1, -1, 4], [0, 2, -1, -1, 1, 1, -1, 1, -1, -1, 0], [0, 2, -1, -1, 0, -1, -1, -1, 1, -1, 4], [0, 2, -1, -1, 0, -1, -1, 4, -1, -1, 0], [0, 2, -1, -1, 0, -1, -1, 1, -1, -1, 4], [0, 2, -1, -1, 0, -1, 4, -1, -1, -1, 0], [0, 2, -1, -1, 0, -1, 4, -1, -1, 0, -1], [0, 2, -1, -1, 0, -1, 4, -1, 4, 2, -1], [0, 2, -1, -1, 0, -1, 4, -1, 1, -1, 1], [0, 2, -1, -1, 0, 3, -1, -1, -1, -1, 0], [0, 2, -1, -1, 0, 3, -1, -1, -1, 0, -1], [0, 2, -1, -1, 0, 1, -1, 2, 2, -1, 1], [0, 2, -1, -1, 0, 1, 4, -1, -1, -1, 1], [0, 2, -1, 2, -1, -1, -1, -1, 1, -1, 4], [0, 2, -1, 2, -1, -1, -1, 4, -1, -1, 0], [0, 2, -1, 2, -1, -1, 4, -1, -1, -1, 0], [0, 2, -1, 2, -1, -1, 4, 2, -1, -1, 4], [0, 2, -1, 2, -1, 3, 1, -1, -1, -1, 0], [0, 2, -1, 2, -1, 1, 1, -1, -1, 1, 0], [0, 2, -1, 2, 0, -1, 4, 4, 2, -1, 2], [0, 2, -1, 2, 0, 1, 4, -1, -1, -1, -1], [0, 2, -1, 1, -1, -1, -1, -1, -1, -1, 5], [0, 2, -1, 1, -1, -1, -1, -1, -1, 5, -1], [0, 2, -1, 1, -1, -1, 4, -1, 1, -1, -1], [0, 2, -1, 1, -1, 3, -1, -1, 0, -1, -1], [0, 2, -1, 1, -1, 3, -1, 4, -1, -1, 4], [0, 2, -1, 1, -1, 3, -1, 0, -1, -1, -1], [0, 2, -1, 1, -1, 3, 1, -1, -1, -1, 1], [0, 2, -1, 1, 1, 3, -1, -1, -1, -1, 4], [0, 2, -1, 1, 1, 3, -1, -1, -1, -1, 1], [0, 2, -1, 1, 1, 3, -1, -1, -1, 1, -1], [0, 2, -1, 1, 1, 3, -1, 1, -1, -1, -1], [0, 2, -1, 1, 0, -1, -1, 4, 4, 2, -1], [0, 2, -1, 1, 0, 4, -1, 4, -1, 2, -1], [0, 2, -1, 1, 0, 4, 2, -1, 2, 2, -1], [0, 2, -1, 1, 0, 3, 0, -1, -1, -1, -1], [0, 2, -1, 1, 0, 2, 2, -1, 4, 2, -1], [0, 2, 3, -1, -1, 3, -1, -1, -1, -1, 0], [0, 2, 3, -1, -1, 3, -1, -1, -1, 0, -1], [0, 2, 3, -1, -1, 3, -1, -1, 0, -1, -1], [0, 2, 3, -1, 0, -1, 4, -1, 2, -1, 2], [0, 2, 3, -1, 0, -1, 4, 2, -1, -1, -1], [0, 2, 3, -1, 0, 3, -1, -1, 2, -1, -1], [0, 2, 3, -1, 0, 3, -1, 2, -1, -1, -1], [0, 2, 3, -1, 0, 3, 4, -1, -1, 2, 2], [0, 2, 3, -1, 0, 1, -1, -1, 2, -1, -1], [0, 2, 3, 2, 1, -1, -1, -1, -1, -1, 1], [0, 2, 3, 2, 1, -1, -1, -1, -1, 1, -1], [0, 2, 3, 1, -1, -1, -1, 1, -1, 2, -1], [0, 2, 3, 1, -1, 2, -1, 2, -1, -1, 4], [0, 2, 3, 1, 0, -1, 4, -1, -1, 2, -1], [0, 2, 2, -1, -1, -1, 0, -1, 0, -1, 1], [0, 2, 2, -1, -1, 4, -1, 4, 2, -1, 2], [0, 2, 2, -1, 0, -1, -1, 4, -1, -1, 1], [0, 2, 2, -1, 0, 4, -1, 4, -1, -1, 2], [0, 2, 2, -1, 0, 1, -1, 4, -1, -1, -1], [0, 2, 2, 2, -1, -1, -1, 2, 4, 4, -1], [0, 2, 2, 2, 0, 3, 1, -1, -1, -1, -1], [0, 2, 2, 1, -1, 5, 4, -1, -1, -1, -1], [0, 2, 2, 1, -1, 3, -1, 4, -1, -1, 2], [0, 2, 2, 1, -1, 3, -1, 4, -1, 2, -1], [0, 2, 2, 1, -1, 3, 0, -1, -1, -1, -1], [0, 2, 2, 1, 0, -1, 4, -1, 4, -1, 2], [0, 2, 2, 1, 0, 4, 2, -1, 2, -1, 2], [0, 2, 2, 1, 0, 2, -1, -1, 4, 2, -1], [0, 2, 1, -1, -1, -1, -1, 2, -1, 2, 1], [0, 2, 1, -1, -1, 2, -1, -1, 4, -1, -1], [0, 2, 1, -1, 0, -1, 2, -1, 4, 4, -1], [0, 2, 1, -1, 0, 1, 4, -1, -1, -1, -1], [0, 2, 1, 2, -1, -1, 4, -1, -1, -1, 1], [0, 2, 1, 2, 0, -1, -1, -1, 2, 2, 1], [0, 2, 1, 2, 0, -1, 4, 4, -1, 2, 2], [0, 2, 1, 1, -1, -1, -1, 4, -1, -1, 2], [0, 2, 1, 1, -1, -1, 1, -1, -1, 0, -1], [0, 2, 1, 1, -1, 1, -1, -1, -1, -1, 2], [0, 1, -1, -1, -1, -1, -1, -1, -1, 5, -1], [0, 1, -1, -1, -1, -1, -1, -1, 6, -1, -1], [0, 1, -1, -1, -1, -1, -1, 4, 1, -1, 1], [0, 1, -1, -1, -1, -1, 6, -1, -1, -1, -1], [0, 1, -1, -1, -1, -1, 1, 4, -1, 2, -1], [0, 1, -1, -1, -1, -1, 1, 4, 2, -1, -1], [0, 1, -1, -1, -1, -1, 0, 1, -1, -1, -1], [0, 1, -1, -1, -1, 4, -1, -1, -1, -1, 1], [0, 1, -1, -1, -1, 4, -1, -1, -1, 2, 4], [0, 1, -1, -1, -1, 3, -1, -1, 4, -1, 4], [0, 1, -1, -1, -1, 3, -1, 4, -1, -1, 4], [0, 1, -1, -1, -1, 3, 1, -1, -1, 1, -1], [0, 1, -1, -1, -1, 1, -1, -1, -1, 4, -1], [0, 1, -1, -1, -1, 1, -1, -1, -1, 2, 1], [0, 1, -1, -1, -1, 1, -1, 4, -1, -1, 1], [0, 1, -1, -1, -1, 1, -1, 4, 2, -1, -1], [0, 1, -1, -1, 1, -1, -1, -1, -1, 2, 1], [0, 1, -1, -1, 1, -1, -1, 2, -1, 2, 4], [0, 1, -1, -1, 1, -1, 2, -1, -1, 2, 4], [0, 1, -1, -1, 1, -1, 2, -1, 4, 4, -1], [0, 1, -1, -1, 1, 3, 4, 4, 4, -1, -1], [0, 1, -1, -1, 1, 2, 2, -1, -1, 4, -1], [0, 1, -1, -1, 0, -1, -1, -1, 4, 4, 2], [0, 1, -1, -1, 0, -1, 2, 1, -1, 1, -1], [0, 1, -1, -1, 0, 4, 2, -1, -1, -1, 4], [0, 1, -1, -1, 0, 3, -1, -1, -1, -1, 4], [0, 1, -1, -1, 0, 3, -1, -1, 4, -1, 2], [0, 1, -1, -1, 0, 3, -1, -1, 4, 4, -1], [0, 1, -1, -1, 0, 3, -1, 4, -1, 2, -1], [0, 1, -1, -1, 0, 3, -1, 4, 2, -1, -1], [0, 1, -1, 2, -1, -1, -1, 4, -1, 4, 2], [0, 1, -1, 2, -1, -1, -1, 4, 4, -1, 2], [0, 1, -1, 2, -1, -1, -1, 4, 4, 2, -1], [0, 1, -1, 2, -1, -1, 4, -1, 4, -1, 2], [0, 1, -1, 2, -1, -1, 2, -1, -1, 4, 2], [0, 1, -1, 2, -1, -1, 1, 4, -1, -1, -1], [0, 1, -1, 2, -1, 3, -1, -1, -1, 1, 1], [0, 1, -1, 2, -1, 3, -1, 4, -1, -1, -1], [0, 1, -1, 2, -1, 2, -1, -1, -1, 4, 2], [0, 1, -1, 2, -1, 1, -1, 4, -1, -1, -1], [0, 1, -1, 2, 1, 3, 4, -1, -1, -1, -1], [0, 1, -1, 2, 0, -1, 4, 4, -1, -1, 2], [0, 1, -1, 2, 0, 2, -1, 2, 2, 1, 1], [0, 1, -1, 1, -1, -1, -1, -1, 2, 2, 1], [0, 1, -1, 1, -1, -1, -1, 2, -1, 2, 1], [0, 1, -1, 1, -1, -1, -1, 2, 4, -1, -1], [0, 1, -1, 1, -1, -1, 2, -1, -1, 2, 1], [0, 1, -1, 1, -1, -1, 2, -1, 4, -1, -1], [0, 1, -1, 1, -1, 3, 4, -1, 4, -1, 2], [0, 1, -1, 1, -1, 2, -1, -1, -1, 2, 1], [0, 1, -1, 1, -1, 2, -1, -1, 4, -1, -1], [0, 1, -1, 1, 1, -1, 2, -1, -1, -1, 4], [0, 1, -1, 1, 1, 2, -1, -1, -1, -1, 4], [0, 1, -1, 1, 0, -1, -1, -1, 2, -1, 1], [0, 1, -1, 1, 0, -1, 2, -1, -1, -1, 1], [0, 1, -1, 1, 0, 3, -1, -1, 2, -1, -1], [0, 1, -1, 1, 0, 3, 4, 2, -1, -1, -1], [0, 1, -1, 1, 0, 2, -1, -1, -1, -1, 1], [0, 1, 3, -1, -1, -1, -1, -1, 4, -1, 2], [0, 1, 3, -1, -1, -1, -1, 4, -1, -1, 2], [0, 1, 3, -1, -1, -1, -1, 4, -1, 2, -1], [0, 1, 3, -1, -1, 2, -1, -1, -1, -1, 4], [0, 1, 3, -1, 1, -1, 2, -1, -1, -1, 4], [0, 1, 3, -1, 1, -1, 2, -1, 4, -1, -1], [0, 1, 3, -1, 1, 4, -1, 2, -1, -1, -1], [0, 1, 3, -1, 0, -1, 4, -1, -1, -1, 2], [0, 1, 3, 2, -1, -1, -1, -1, 2, -1, 1], [0, 1, 2, -1, -1, 4, 4, -1, 2, 2, -1], [0, 1, 2, -1, 1, -1, -1, -1, 2, -1, 1], [0, 1, 2, -1, 1, -1, -1, 2, 4, -1, -1], [0, 1, 2, -1, 1, 2, 2, -1, 4, -1, -1], [0, 1, 2, -1, 0, -1, -1, 2, -1, 1, 1], [0, 1, 2, 1, -1, -1, -1, -1, -1, 2, 1], [0, 1, 2, 1, -1, -1, 2, -1, 2, -1, 1], [0, 1, 2, 1, -1, -1, 2, 2, -1, -1, 4], [0, 1, 2, 1, -1, 2, -1, -1, 2, -1, 1], [0, 1, 2, 1, 1, -1, -1, -1, 4, 2, -1], [0, 1, 2, 1, 0, -1, 4, -1, 2, -1, -1], [0, 1, 2, 1, 0, 3, 4, -1, -1, -1, -1], [0, 1, 1, -1, -1, -1, -1, -1, -1, 4, 2], [0, 1, 1, -1, -1, -1, -1, 4, -1, -1, 1], [0, 1, 1, -1, -1, -1, -1, 4, 1, -1, -1], [0, 1, 1, -1, 1, -1, -1, -1, -1, -1, 4], [0, 1, 1, -1, 1, -1, -1, -1, 4, -1, -1], [0, 1, 1, -1, 1, -1, -1, 4, -1, -1, -1], [0, 1, 1, -1, 0, -1, 4, 2, -1, 2, -1], [0, 1, 1, 1, -1, -1, -1, 0, -1, -1, 0], [0, 1, 1, 1, -1, -1, -1, 0, -1, 0, -1], [0, 1, 1, 1, -1, -1, 0, -1, -1, -1, 0], [0, 1, 1, 1, -1, -1, 0, -1, -1, 0, -1], [0, 1, 1, 1, -1, 4, -1, -1, -1, -1, 4], [0, 1, 1, 1, 0, -1, -1, -1, -1, -1, 1], [0, 1, 1, 1, 0, 3, -1, -1, -1, -1, -1]]
0.1 667 
 [[-1, -1, -1, -1, -1, -1, -1, -1, 1, 4, 4], [-1, -1, -1, -1, -1, -1, -1, 4, -1, 1, 4], [-1, -1, -1, -1, -1, -1, -1, 4, 4, 5, -1], [-1, -1, -1, -1, -1, -1, -1, 4, 1, -1, 4], [-1, -1, -1, -1, -1, -1, 4, -1, 4, 5, -1], [-1, -1, -1, -1, -1, -1, 1, -1, -1, 4, 4], [-1, -1, -1, -1, -1, -1, 1, 4, -1, -1, 4], [-1, -1, -1, -1, -1, 6, -1, -1, -1, -1, 4], [-1, -1, -1, -1, -1, 4, -1, -1, -1, 2, 1], [-1, -1, -1, -1, -1, 3, -1, 1, 0, -1, 1], [-1, -1, -1, -1, -1, 3, 5, -1, -1, -1, 4], [-1, -1, -1, -1, -1, 3, 5, -1, -1, 4, -1], [-1, -1, -1, -1, -1, 3, 5, -1, 4, -1, -1], [-1, -1, -1, -1, -1, 3, 4, -1, 2, -1, 0], [-1, -1, -1, -1, -1, 3, 1, -1, 0, -1, 1], [-1, -1, -1, -1, -1, 2, -1, -1, 4, -1, 1], [-1, -1, -1, -1, -1, 1, -1, 4, -1, -1, 4], [-1, -1, -1, -1, -1, 1, -1, 4, -1, 4, -1], [-1, -1, -1, -1, -1, 1, -1, 4, -1, 2, 1], [-1, -1, -1, -1, -1, 1, -1, 4, 2, -1, 1], [-1, -1, -1, -1, -1, 1, 4, 4, 4, -1, -1], [-1, -1, -1, -1, 1, -1, -1, -1, 5, -1, -1], [-1, -1, -1, -1, 1, -1, 2, 4, -1, 4, 4], [-1, -1, -1, -1, 1, -1, 2, 4, 4, -1, 4], [-1, -1, -1, -1, 1, 2, -1, 4, -1, 4, 4], [-1, -1, -1, -1, 1, 2, -1, 4, 4, -1, 4], [-1, -1, -1, -1, 0, -1, -1, -1, 4, 5, -1], [-1, -1, -1, -1, 0, -1, -1, 5, -1, -1, 4], [-1, -1, -1, -1, 0, -1, -1, 5, 4, 4, -1], [-1, -1, -1, -1, 0, -1, 5, -1, -1, -1, 4], [-1, -1, -1, -1, 0, -1, 4, -1, 2, -1, 0], [-1, -1, -1, -1, 0, -1, 0, -1, -1, 4, -1], [-1, -1, -1, -1, 0, 6, -1, -1, -1, -1, -1], [-1, -1, -1, -1, 0, 4, -1, -1, 2, 4, 2], [-1, -1, -1, -1, 0, 4, 4, -1, 2, 4, -1], [-1, -1, -1, -1, 0, 4, 4, 2, -1, 4, -1], [-1, -1, -1, -1, 0, 3, -1, -1, -1, 2, 0], [-1, -1, -1, -1, 0, 3, -1, -1, 2, -1, 0], [-1, -1, -1, -1, 0, 3, -1, 4, -1, -1, 0], [-1, -1, -1, -1, 0, 3, -1, 4, -1, 1, -1], [-1, -1, -1, -1, 0, 3, 5, -1, -1, -1, -1], [-1, -1, -1, -1, 0, 2, -1, 2, 4, 4, 2], [-1, -1, -1, -1, 0, 1, -1, -1, -1, 4, 4], [-1, -1, -1, -1, 0, 1, -1, -1, 4, -1, 4], [-1, -1, -1, 3, -1, -1, -1, -1, 4, -1, -1], [-1, -1, -1, 2, -1, -1, -1, -1, 1, 4, -1], [-1, -1, -1, 2, -1, -1, 5, -1, 4, -1, -1], [-1, -1, -1, 2, -1, -1, 4, -1, 2, -1, 0], [-1, -1, -1, 2, -1, -1, 1, 4, 4, -1, -1], [-1, -1, -1, 2, -1, -1, 1, 2, -1, 2, 1], [-1, -1, -1, 2, -1, 6, -1, -1, -1, -1, -1], [-1, -1, -1, 2, -1, 3, -1, 4, -1, 4, 2], [-1, -1, -1, 2, -1, 3, 5, -1, -1, -1, -1], [-1, -1, -1, 2, -1, 3, 4, -1, -1, 1, -1], [-1, -1, -1, 2, -1, 2, -1, 2, 4, 4, 2], [-1, -1, -1, 2, -1, 1, -1, -1, -1, 4, 4], [-1, -1, -1, 2, -1, 1, -1, -1, 4, 4, -1], [-1, -1, -1, 2, -1, 1, -1, 4, 4, -1, -1], [-1, -1, -1, 2, -1, 1, 4, -1, 2, 2, -1], [-1, -1, -1, 2, -1, 1, 4, 1, -1, 2, -1], [-1, -1, -1, 2, 1, -1, -1, -1, -1, 4, 2], [-1, -1, -1, 2, 1, 4, 2, -1, -1, -1, 2], [-1, -1, -1, 2, 1, 4, 2, -1, -1, 2, -1], [-1, -1, -1, 2, 1, 4, 2, -1, 2, -1, -1], [-1, -1, -1, 2, 0, -1, -1, 2, 4, 4, 2], [-1, -1, -1, 2, 0, 4, 2, -1, 2, 4, -1], [-1, -1, -1, 2, 0, 1, 4, -1, -1, 2, -1], [-1, -1, -1, 2, 0, 1, 4, -1, 4, -1, -1], [-1, -1, -1, 1, -1, -1, -1, -1, 5, 4, 4], [-1, -1, -1, 1, -1, -1, -1, -1, 4, 5, -1], [-1, -1, -1, 1, -1, -1, -1, 5, -1, -1, 2], [-1, -1, -1, 1, -1, -1, -1, 5, -1, 2, -1], [-1, -1, -1, 1, -1, -1, 4, -1, 2, 4, 2], [-1, -1, -1, 1, -1, -1, 2, 4, 4, -1, 4], [-1, -1, -1, 1, -1, 3, -1, -1, 2, 4, 2], [-1, -1, -1, 1, -1, 3, -1, 2, -1, 4, 2], [-1, -1, -1, 1, -1, 2, -1, 4, 4, -1, 4], [-1, -1, -1, 1, 0, -1, -1, 5, -1, -1, -1], [-1, -1, -1, 1, 0, -1, 4, -1, 2, 4, -1], [-1, -1, -1, 1, 0, -1, 4, 2, -1, 4, -1], [-1, -1, 6, -1, -1, -1, -1, -1, -1, 2, -1], [-1, -1, 6, -1, -1, -1, -1, -1, 2, -1, -1], [-1, -1, 6, -1, 1, -1, -1, -1, -1, -1, -1], [-1, -1, 3, -1, -1, -1, 5, -1, -1, -1, 2], [-1, -1, 3, -1, -1, -1, 5, -1, -1, 2, -1], [-1, -1, 3, -1, -1, -1, 5, 4, -1, -1, -1], [-1, -1, 3, -1, -1, -1, 1, 4, -1, -1, 1], [-1, -1, 3, -1, -1, 1, -1, 4, -1, -1, 1], [-1, -1, 3, -1, 1, -1, -1, 4, -1, -1, 1], [-1, -1, 3, -1, 1, 3, -1, -1, -1, 1, 1], [-1, -1, 3, -1, 1, 3, -1, 1, -1, -1, -1], [-1, -1, 3, -1, 1, 3, 1, -1, -1, -1, 1], [-1, -1, 3, -1, 0, -1, 5, -1, -1, -1, -1], [-1, -1, 3, -1, 0, -1, 4, 4, 4, 2, 2], [-1, -1, 3, -1, 0, -1, 2, 2, -1, 2, 4], [-1, -1, 3, -1, 0, -1, 1, 4, -1, -1, -1], [-1, -1, 3, -1, 0, 2, -1, -1, -1, 2, 4], [-1, -1, 3, 2, -1, -1, -1, 4, 4, -1, 2], [-1, -1, 3, 2, -1, -1, 4, -1, 4, -1, 2], [-1, -1, 3, 2, -1, -1, 2, 2, -1, -1, 0], [-1, -1, 3, 2, -1, 4, 4, 4, -1, 4, -1], [-1, -1, 3, 2, -1, 3, -1, 1, -1, -1, -1], [-1, -1, 3, 2, -1, 2, -1, 2, -1, -1, 0], [-1, -1, 3, 2, 1, -1, -1, -1, 4, 2, -1], [-1, -1, 3, 2, 0, -1, -1, 2, -1, -1, 0], [-1, -1, 3, 2, 0, 2, -1, -1, -1, 4, -1], [-1, -1, 3, 1, -1, -1, -1, -1, 5, -1, -1], [-1, -1, 3, 1, 0, -1, -1, 2, -1, -1, 4], [-1, -1, 2, -1, -1, -1, -1, 5, -1, -1, 2], [-1, -1, 2, -1, -1, -1, -1, 5, -1, 4, 4], [-1, -1, 2, -1, -1, -1, -1, 5, 4, -1, 4], [-1, -1, 2, -1, -1, -1, -1, 5, 4, 4, -1], [-1, -1, 2, -1, -1, -1, -1, 4, -1, -1, 5], [-1, -1, 2, -1, -1, -1, -1, 2, 4, 4, 2], [-1, -1, 2, -1, -1, -1, 6, 5, -1, 4, -1], [-1, -1, 2, -1, -1, -1, 5, -1, 4, -1, 4], [-1, -1, 2, -1, -1, -1, 4, -1, 2, -1, 0], [-1, -1, 2, -1, -1, -1, 2, 4, -1, 4, 4], [-1, -1, 2, -1, -1, 2, -1, 4, -1, 4, 4], [-1, -1, 2, -1, 1, 3, -1, 4, -1, 4, 4], [-1, -1, 2, -1, 0, -1, -1, 5, -1, -1, -1], [-1, -1, 2, -1, 0, -1, 6, -1, 4, -1, -1], [-1, -1, 2, -1, 0, -1, 5, -1, 4, -1, -1], [-1, -1, 2, -1, 0, -1, 4, -1, 2, 4, 2], [-1, -1, 2, -1, 0, 3, 0, -1, -1, 0, 0], [-1, -1, 2, -1, 0, 3, 0, -1, 0, -1, 0], [-1, -1, 2, 2, -1, -1, -1, 5, -1, 4, -1], [-1, -1, 2, 2, -1, -1, 5, -1, -1, -1, 4], [-1, -1, 2, 2, -1, 4, -1, 4, -1, 2, -1], [-1, -1, 2, 2, -1, 4, -1, 4, 2, -1, -1], [-1, -1, 2, 2, -1, 1, 1, 1, 1, -1, 0], [-1, -1, 2, 2, 0, -1, 5, -1, -1, -1, -1], [-1, -1, 2, 2, 0, 4, 4, -1, 2, -1, 2], [-1, -1, 2, 2, 0, 4, 4, 2, -1, -1, 2], [-1, -1, 2, 2, 0, 1, -1, -1, -1, -1, 4], [-1, -1, 2, 2, 0, 1, 1, -1, 1, -1, 0], [-1, -1, 2, 1, -1, -1, -1, 5, -1, -1, -1], [-1, -1, 2, 1, -1, -1, 2, 4, -1, 4, -1], [-1, -1, 2, 1, -1, 2, -1, 4, -1, 4, -1], [-1, -1, 2, 1, -1, 1, -1, 4, -1, 1, -1], [-1, -1, 2, 1, 1, 3, 4, 4, -1, 2, 2], [-1, -1, 2, 1, 0, -1, -1, 4, -1, 1, -1], [-1, -1, 2, 1, 0, -1, 2, 4, -1, -1, 4], [-1, -1, 2, 1, 0, -1, 2, 4, 4, -1, -1], [-1, -1, 2, 1, 0, 3, -1, -1, -1, 4, 2], [-1, -1, 2, 1, 0, 3, -1, -1, -1, 0, 0], [-1, -1, 2, 1, 0, 3, -1, 0, 0, -1, 0], [-1, -1, 2, 1, 0, 3, 4, -1, 4, -1, 2], [-1, -1, 2, 1, 0, 3, 0, -1, -1, 0, -1], [-1, -1, 2, 1, 0, 2, -1, 4, -1, -1, 4], [-1, -1, 2, 1, 0, 2, -1, 4, 4, -1, -1], [-1, -1, 1, -1, -1, -1, 1, 4, 4, -1, -1], [-1, -1, 1, -1, -1, 3, -1, -1, -1, 4, 2], [-1, -1, 1, -1, -1, 3, 0, -1, 2, -1, -1], [-1, -1, 1, -1, -1, 2, -1, 4, 4, -1, 4], [-1, -1, 1, -1, 0, 4, 4, 2, -1, -1, 2], [-1, -1, 1, -1, 0, 3, -1, 4, 4, -1, 2], [-1, -1, 1, -1, 0, 3, 0, 1, -1, 2, -1], [-1, -1, 1, -1, 0, 1, -1, 2, -1, 2, 1], [-1, -1, 1, 2, -1, 3, 4, 4, 4, -1, 2], [-1, -1, 1, 2, -1, 3, 4, 4, 2, -1, -1], [-1, -1, 1, 2, 1, 4, -1, -1, -1, -1, -1], [-1, -1, 1, 2, 0, 3, -1, -1, 4, -1, 2], [-1, -1, 1, 2, 0, 3, -1, -1, 2, -1, 4], [-1, -1, 1, 2, 0, 3, 4, 4, -1, -1, 2], [-1, -1, 1, 1, -1, -1, 2, -1, -1, 4, 4], [-1, -1, 1, 1, -1, -1, 2, -1, 4, 4, -1], [-1, -1, 1, 1, -1, 3, 4, -1, -1, 4, -1], [-1, -1, 1, 1, -1, 2, -1, -1, -1, 4, 4], [-1, -1, 1, 1, -1, 2, -1, -1, 4, 4, -1], [-1, -1, 1, 1, -1, 0, -1, 0, -1, 1, -1], [-1, -1, 1, 1, 0, -1, 2, -1, 4, -1, -1], [-1, -1, 1, 1, 0, 2, -1, -1, -1, 4, -1], [-1, -1, 1, 1, 0, 2, -1, -1, 4, -1, -1], [-1, 2, -1, -1, -1, -1, -1, 4, 2, 1, -1], [-1, 2, -1, -1, -1, -1, 5, 4, 4, -1, 2], [-1, 2, -1, -1, -1, -1, 1, -1, 4, 4, -1], [-1, 2, -1, -1, -1, -1, 1, 4, 4, -1, -1], [-1, 2, -1, -1, -1, 4, -1, -1, 2, 4, 2], [-1, 2, -1, -1, -1, 4, 5, -1, 4, -1, -1], [-1, 2, -1, -1, -1, 3, 4, 1, -1, -1, -1], [-1, 2, -1, -1, -1, 1, 4, -1, 2, 2, -1], [-1, 2, -1, -1, 1, 3, -1, -1, -1, 4, 4], [-1, 2, -1, -1, 1, 3, 4, -1, -1, 4, -1], [-1, 2, -1, -1, 1, 1, 1, -1, 4, -1, -1], [-1, 2, -1, -1, 0, -1, -1, 4, 4, -1, 1], [-1, 2, -1, -1, 0, 4, -1, -1, 2, 4, -1], [-1, 2, -1, -1, 0, 2, -1, -1, 4, 4, 2], [-1, 2, -1, -1, 0, 1, 4, -1, 2, -1, -1], [-1, 2, -1, 2, -1, 2, -1, -1, 4, 4, 2], [-1, 2, -1, 2, -1, 1, 4, -1, -1, 2, -1], [-1, 2, -1, 2, 0, -1, 1, -1, -1, -1, 4], [-1, 2, -1, 2, 0, 3, -1, 4, 4, -1, 2], [-1, 2, -1, 2, 0, 3, 4, -1, 4, 2, 2], [-1, 2, -1, 1, -1, -1, 4, -1, 2, 4, -1], [-1, 2, -1, 1, -1, -1, 4, 2, -1, 4, -1], [-1, 2, -1, 1, -1, -1, 2, 4, -1, 4, -1], [-1, 2, -1, 1, -1, -1, 2, 4, 4, -1, -1], [-1, 2, -1, 1, -1, 3, -1, -1, 4, 4, 4], [-1, 2, -1, 1, -1, 3, 4, 4, -1, 4, 4], [-1, 2, -1, 1, -1, 2, -1, 4, -1, 4, -1], [-1, 2, -1, 1, -1, 2, -1, 4, 4, -1, -1], [-1, 2, -1, 1, 1, -1, 4, 1, -1, -1, -1], [-1, 2, -1, 1, 1, 3, -1, 4, -1, 2, 2], [-1, 2, -1, 1, 0, 3, 4, -1, 4, -1, 4], [-1, 2, -1, 1, 0, 3, 4, -1, 4, 4, -1], [-1, 2, -1, 1, 0, 3, 4, 4, -1, 4, -1], [-1, 2, 3, -1, -1, -1, -1, 1, -1, 2, 1], [-1, 2, 3, -1, -1, -1, 4, 1, -1, -1, -1], [-1, 2, 3, -1, -1, -1, 1, -1, -1, 2, 1], [-1, 2, 3, -1, -1, 3, 4, -1, -1, -1, 4], [-1, 2, 3, -1, 1, 3, -1, -1, -1, -1, 1], [-1, 2, 3, -1, 0, 4, 2, -1, 2, -1, -1], [-1, 2, 3, 2, -1, 4, 2, -1, -1, -1, -1], [-1, 2, 3, 1, -1, 3, 4, -1, -1, 4, -1], [-1, 2, 3, 1, 0, -1, 4, 2, -1, -1, -1], [-1, 2, 2, -1, -1, 1, 1, 1, 1, -1, 0], [-1, 2, 2, -1, 0, -1, -1, -1, -1, -1, 5], [-1, 2, 2, -1, 0, -1, -1, 4, -1, 1, 1], [-1, 2, 2, -1, 0, -1, 1, 1, -1, 0, 0], [-1, 2, 2, -1, 0, -1, 1, 1, 1, -1, 0], [-1, 2, 2, -1, 0, 3, -1, -1, -1, 0, 0], [-1, 2, 2, -1, 0, 3, -1, -1, 0, -1, 0], [-1, 2, 2, -1, 0, 3, -1, -1, 0, 0, -1], [-1, 2, 2, -1, 0, 1, -1, -1, 1, -1, 0], [-1, 2, 2, -1, 0, 1, -1, 1, -1, -1, 0], [-1, 2, 2, 2, -1, -1, 5, 4, -1, -1, -1], [-1, 2, 2, 2, -1, -1, 1, -1, 1, -1, 0], [-1, 2, 2, 2, -1, 4, -1, -1, 4, 2, -1], [-1, 2, 2, 2, 0, 1, 4, -1, -1, -1, -1], [-1, 2, 2, 1, -1, -1, -1, 4, 1, 1, -1], [-1, 2, 2, 1, -1, -1, 4, -1, 1, 1, -1], [-1, 2, 2, 1, -1, -1, 2, 4, -1, -1, 4], [-1, 2, 2, 1, -1, 3, 4, -1, 4, -1, 2], [-1, 2, 2, 1, -1, 2, -1, 4, -1, -1, 4], [-1, 2, 2, 1, 0, -1, 2, 4, -1, -1, -1], [-1, 2, 2, 1, 0, 3, -1, -1, -1, -1, 0], [-1, 2, 2, 1, 0, 3, -1, -1, -1, 0, -1], [-1, 2, 2, 1, 0, 3, -1, -1, 0, -1, -1], [-1, 2, 2, 1, 0, 3, -1, 0, -1, -1, -1], [-1, 2, 1, -1, -1, -1, 2, 4, 4, -1, -1], [-1, 2, 1, -1, -1, -1, 1, -1, -1, -1, 4], [-1, 2, 1, -1, -1, 3, -1, -1, 4, -1, 2], [-1, 2, 1, -1, -1, 3, 4, 4, -1, -1, 2], [-1, 2, 1, -1, -1, 2, -1, 4, -1, -1, 4], [-1, 2, 1, -1, -1, 2, -1, 4, 4, -1, -1], [-1, 2, 1, -1, 1, -1, -1, 4, -1, -1, 2], [-1, 2, 1, -1, 0, 2, -1, -1, 4, 4, -1], [-1, 2, 1, 2, -1, -1, 4, -1, 4, 2, 2], [-1, 2, 1, 2, -1, 3, -1, 4, -1, -1, 2], [-1, 2, 1, 2, 0, -1, 4, -1, 4, 2, -1], [-1, 2, 1, 2, 0, 3, 4, 4, -1, 2, -1], [-1, 2, 1, 1, 0, -1, -1, -1, -1, 4, 4], [-1, 2, 1, 1, 0, 4, -1, -1, -1, 2, -1], [-1, 2, 1, 1, 0, 4, -1, -1, 2, -1, -1], [-1, 2, 1, 1, 0, 4, -1, 2, -1, -1, -1], [-1, 1, -1, -1, -1, -1, -1, -1, 4, 5, -1], [-1, 1, -1, -1, -1, -1, -1, 5, -1, -1, 4], [-1, 1, -1, -1, -1, -1, -1, 5, 4, 4, -1], [-1, 1, -1, -1, -1, -1, 5, -1, -1, -1, 4], [-1, 1, -1, -1, -1, -1, 0, -1, 2, -1, -1], [-1, 1, -1, -1, -1, 6, -1, -1, -1, -1, -1], [-1, 1, -1, -1, -1, 4, 4, 2, -1, 2, 2], [-1, 1, -1, -1, -1, 3, 5, -1, -1, -1, -1], [-1, 1, -1, -1, -1, 1, 1, 4, -1, 2, -1], [-1, 1, -1, -1, 0, -1, -1, -1, -1, 5, 4], [-1, 1, -1, -1, 0, -1, -1, 5, -1, -1, -1], [-1, 1, -1, -1, 0, -1, 6, -1, -1, -1, -1], [-1, 1, -1, -1, 0, -1, 5, -1, -1, -1, -1], [-1, 1, -1, -1, 0, 4, 4, -1, 2, -1, 2], [-1, 1, -1, -1, 0, 4, 4, 2, -1, -1, 2], [-1, 1, -1, -1, 0, 4, 4, 2, -1, 2, -1], [-1, 1, -1, -1, 0, 3, 0, -1, -1, 2, -1], [-1, 1, -1, 2, -1, -1, -1, -1, -1, 5, 4], [-1, 1, -1, 2, -1, -1, 5, -1, -1, 4, -1], [-1, 1, -1, 2, -1, -1, 2, 4, 4, 4, 4], [-1, 1, -1, 2, -1, -1, 1, 2, -1, -1, 1], [-1, 1, -1, 2, -1, 4, 4, -1, 2, -1, 2], [-1, 1, -1, 2, -1, 4, 4, 2, -1, -1, -1], [-1, 1, -1, 2, -1, 2, -1, 4, 4, 4, 4], [-1, 1, -1, 2, -1, 1, -1, -1, -1, 4, -1], [-1, 1, -1, 2, 1, -1, -1, 4, -1, 4, -1], [-1, 1, -1, 2, 1, 4, -1, -1, 2, -1, 2], [-1, 1, -1, 2, 1, 4, -1, -1, 2, 2, -1], [-1, 1, -1, 2, 1, 4, -1, 2, -1, -1, -1], [-1, 1, -1, 2, 1, 4, 2, -1, -1, -1, -1], [-1, 1, -1, 2, 0, -1, -1, -1, -1, 5, -1], [-1, 1, -1, 2, 0, -1, 2, 4, -1, 4, 4], [-1, 1, -1, 2, 0, 2, -1, 4, -1, 4, 4], [-1, 1, -1, 1, -1, -1, -1, -1, 5, 4, -1], [-1, 1, -1, 1, -1, -1, 0, -1, -1, 1, 1], [-1, 1, -1, 1, -1, -1, 0, -1, 1, 1, -1], [-1, 1, -1, 1, -1, 3, 0, -1, -1, 0, 0], [-1, 1, -1, 1, -1, 0, 0, -1, -1, 1, -1], [-1, 1, -1, 1, 1, -1, 2, -1, 4, 4, -1], [-1, 1, -1, 1, 1, -1, 2, 4, -1, -1, 4], [-1, 1, -1, 1, 1, 3, -1, -1, -1, 0, 0], [-1, 1, -1, 1, 1, 3, -1, -1, 0, -1, 0], [-1, 1, -1, 1, 1, 3, -1, 0, -1, -1, 0], [-1, 1, -1, 1, 1, 3, 0, -1, -1, -1, 0], [-1, 1, -1, 1, 1, 3, 0, -1, -1, 0, -1], [-1, 1, -1, 1, 1, 2, -1, -1, 4, 4, -1], [-1, 1, -1, 1, 1, 2, -1, 4, -1, -1, 4], [-1, 1, -1, 1, 0, -1, 0, -1, -1, 1, -1], [-1, 1, 3, -1, -1, -1, -1, 4, 4, -1, 2], [-1, 1, 3, -1, -1, -1, -1, 4, 4, 2, -1], [-1, 1, 3, -1, -1, -1, -1, 2, -1, 0, 0], [-1, 1, 3, -1, -1, -1, 4, -1, 4, -1, 2], [-1, 1, 3, -1, -1, -1, 4, -1, 4, 2, -1], [-1, 1, 3, -1, -1, 4, -1, 4, -1, -1, 2], [-1, 1, 3, -1, -1, 4, -1, 4, -1, 2, -1], [-1, 1, 3, -1, -1, 4, -1, 4, 2, -1, -1], [-1, 1, 3, -1, -1, 4, 4, -1, -1, -1, 4], [-1, 1, 3, -1, -1, 2, -1, 2, -1, 0, -1], [-1, 1, 3, -1, 0, -1, -1, -1, 4, -1, 4], [-1, 1, 3, -1, 0, -1, -1, 4, 4, -1, -1], [-1, 1, 3, -1, 0, -1, 4, -1, 4, -1, -1], [-1, 1, 3, -1, 0, -1, 4, 4, -1, -1, 2], [-1, 1, 3, -1, 0, 4, -1, 4, -1, -1, -1], [-1, 1, 3, 2, -1, -1, -1, -1, -1, 4, -1], [-1, 1, 3, 2, -1, -1, -1, -1, 4, -1, -1], [-1, 1, 3, 2, -1, -1, 4, 4, -1, -1, 2], [-1, 1, 3, 2, -1, 4, -1, 4, -1, -1, -1], [-1, 1, 3, 2, 0, -1, -1, 4, -1, -1, 4], [-1, 1, 3, 2, 0, -1, -1, 4, -1, -1, 2], [-1, 1, 3, 2, 0, 4, 4, -1, -1, -1, -1], [-1, 1, 2, -1, -1, -1, -1, 5, -1, 4, -1], [-1, 1, 2, -1, -1, -1, 5, 4, 4, -1, -1], [-1, 1, 2, -1, -1, -1, 2, 4, 4, 4, -1], [-1, 1, 2, -1, -1, 4, 4, 2, -1, -1, 2], [-1, 1, 2, -1, -1, 3, -1, -1, 0, -1, 0], [-1, 1, 2, -1, -1, 3, -1, 0, -1, -1, 0], [-1, 1, 2, -1, -1, 3, 0, -1, -1, -1, 0], [-1, 1, 2, -1, -1, 3, 0, -1, -1, 0, -1], [-1, 1, 2, -1, -1, 2, -1, 4, 4, 4, -1], [-1, 1, 2, -1, 0, -1, -1, 4, -1, 2, 4], [-1, 1, 2, -1, 0, -1, -1, 4, 2, -1, 4], [-1, 1, 2, 2, -1, 3, -1, -1, -1, -1, 0], [-1, 1, 2, 2, -1, 3, -1, -1, -1, 0, -1], [-1, 1, 2, 2, -1, 3, -1, -1, 0, -1, -1], [-1, 1, 2, 2, -1, 3, -1, 0, -1, -1, -1], [-1, 1, 2, 2, -1, 3, 0, -1, -1, -1, -1], [-1, 1, 2, 2, -1, 2, -1, -1, 4, 4, 4], [-1, 1, 2, 2, 0, 4, 4, -1, -1, 2, 2], [-1, 1, 2, 2, 0, 2, -1, -1, 4, 4, -1], [-1, 1, 2, 1, -1, 1, -1, 1, 1, -1, 2], [-1, 1, 2, 1, 1, 4, -1, 2, -1, 2, -1], [-1, 1, 2, 1, 1, 4, 2, -1, -1, -1, -1], [-1, 1, 1, -1, 1, 3, -1, -1, -1, -1, 0], [-1, 1, 1, -1, 1, 3, -1, -1, -1, 0, -1], [-1, 1, 1, -1, 0, -1, 0, -1, -1, 2, -1], [-1, 1, 1, 2, -1, 4, -1, 2, -1, 2, 2], [-1, 1, 1, 2, -1, 4, -1, 2, 2, -1, 2], [-1, 1, 1, 2, -1, 4, -1, 2, 2, 2, -1], [-1, 1, 1, 1, -1, -1, -1, 0, 0, -1, 1], [-1, 1, 1, 1, -1, 3, -1, -1, -1, -1, 0], [-1, 1, 1, 1, -1, 3, -1, -1, -1, 0, -1], [-1, 1, 1, 1, 1, 3, -1, -1, 0, -1, -1], [-1, 1, 1, 1, 1, 3, 0, -1, -1, -1, -1], [-1, 1, 1, 1, 0, 3, -1, 0, 0, -1, -1], [-1, 1, 1, 1, 0, 3, 0, -1, 0, -1, -1], [2, -1, -1, -1, -1, 4, -1, -1, 2, -1, 2], [2, -1, -1, -1, -1, 4, -1, 2, -1, -1, -1], [1, -1, -1, -1, 0, 3, -1, -1, 4, 4, -1], [1, -1, -1, 1, -1, 0, -1, 0, -1, 1, -1], [1, -1, -1, 1, -1, 0, 0, -1, -1, 1, -1], [1, -1, -1, 1, 0, 0, -1, -1, -1, 1, -1], [1, -1, 2, -1, -1, 3, -1, 4, 4, -1, -1], [1, -1, 2, -1, 1, 4, 4, -1, -1, -1, -1], [1, -1, 2, -1, 1, 3, -1, 0, -1, -1, 0], [1, -1, 2, -1, 1, 3, -1, 0, -1, 0, -1], [1, -1, 2, -1, 1, 3, 0, -1, 0, -1, 0], [1, -1, 2, -1, 1, 3, 0, -1, 0, 0, -1], [1, -1, 2, 2, -1, -1, -1, 4, -1, 4, -1], [1, -1, 2, 2, -1, 3, 4, -1, -1, -1, -1], [1, -1, 2, 2, 0, -1, -1, -1, -1, 4, 4], [1, -1, 2, 1, 1, 4, -1, -1, -1, -1, -1], [1, -1, 2, 1, 0, -1, 0, -1, 1, -1, -1], [1, -1, 1, 2, 0, -1, 4, -1, -1, -1, 2], [1, -1, 1, 1, -1, -1, -1, 0, 0, 1, -1], [1, -1, 1, 1, -1, 0, -1, -1, -1, 1, -1], [1, -1, 1, 1, 0, -1, -1, -1, 0, -1, 1], [1, 2, -1, -1, -1, 3, -1, -1, 4, -1, -1], [1, 2, -1, -1, 1, -1, 4, -1, -1, -1, 2], [1, 2, -1, -1, 0, 4, -1, -1, -1, 4, -1], [1, 2, -1, 2, -1, 3, -1, 4, -1, -1, -1], [1, 2, -1, 1, 1, -1, 4, -1, -1, 2, -1], [1, 2, 3, 2, -1, -1, -1, 0, -1, -1, 0], [1, 2, 3, 2, -1, -1, 0, -1, -1, -1, 0], [1, 2, 3, 2, -1, -1, 0, -1, -1, 0, -1], [1, 2, 3, 2, -1, -1, 0, -1, 0, -1, -1], [1, 2, 2, -1, -1, 1, -1, 1, -1, -1, 0], [1, 2, 2, -1, 0, 1, -1, -1, -1, -1, 0], [1, 1, -1, -1, -1, -1, -1, -1, 2, 4, -1], [1, 1, -1, -1, -1, -1, 0, 0, 1, -1, -1], [1, 1, -1, -1, -1, 3, 0, 1, -1, -1, -1], [1, 1, -1, -1, -1, 0, -1, 0, -1, 1, -1], [1, 1, -1, -1, 1, 4, -1, -1, -1, 2, -1], [1, 1, -1, -1, 1, 3, -1, -1, -1, 0, -1], [1, 1, -1, -1, 1, 3, -1, -1, 0, -1, 0], [1, 1, -1, -1, 1, 3, -1, 1, -1, -1, -1], [1, 1, -1, -1, 1, 3, -1, 0, -1, -1, 0], [1, 1, -1, -1, 1, 3, 1, -1, -1, -1, -1], [1, 1, -1, 2, -1, 3, -1, -1, 2, -1, -1], [1, 1, -1, 1, -1, -1, -1, -1, 0, -1, 1], [1, 1, -1, 1, -1, -1, -1, 0, -1, -1, 1], [1, 1, -1, 1, -1, -1, -1, 0, -1, 1, -1], [1, 1, -1, 1, -1, -1, 0, -1, -1, -1, 1], [1, 1, -1, 1, -1, -1, 0, -1, -1, 1, -1], [1, 1, -1, 1, -1, -1, 0, -1, 1, -1, -1], [1, 1, -1, 1, -1, 3, -1, -1, -1, 1, 1], [1, 1, -1, 1, -1, 3, -1, -1, -1, 0, -1], [1, 1, -1, 1, -1, 3, -1, -1, 1, -1, 1], [1, 1, -1, 1, -1, 3, -1, -1, 1, 1, -1], [1, 1, -1, 1, -1, 3, -1, -1, 0, -1, -1], [1, 1, -1, 1, -1, 3, -1, 0, -1, -1, -1], [1, 1, -1, 1, -1, 3, 0, -1, -1, -1, -1], [1, 1, -1, 1, -1, 1, 1, 1, 1, 2, -1], [1, 1, -1, 1, 1, 3, -1, -1, -1, -1, 0], [1, 1, 2, -1, -1, 3, -1, 0, -1, -1, -1], [1, 1, 2, -1, -1, 3, 0, -1, -1, -1, -1], [1, 1, 1, -1, -1, 3, -1, -1, -1, -1, 0], [1, 1, 1, -1, -1, 3, -1, -1, 0, 0, -1], [0, -1, -1, -1, -1, -1, -1, 1, 1, 4, -1], [0, -1, -1, -1, -1, -1, 5, -1, 4, -1, 4], [0, -1, -1, -1, -1, -1, 2, 4, -1, -1, 1], [0, -1, -1, -1, -1, -1, 1, -1, 4, 4, -1], [0, -1, -1, -1, -1, -1, 1, 4, 4, -1, -1], [0, -1, -1, -1, -1, 4, -1, 1, 1, -1, 1], [0, -1, -1, -1, -1, 3, -1, -1, 2, -1, 0], [0, -1, -1, -1, -1, 3, -1, 5, -1, 4, -1], [0, -1, -1, -1, -1, 3, -1, 4, -1, 1, -1], [0, -1, -1, -1, -1, 2, -1, 4, -1, -1, 1], [0, -1, -1, -1, -1, 1, -1, -1, 4, -1, 4], [0, -1, -1, -1, 1, -1, 4, -1, 1, 1, -1], [0, -1, -1, -1, 1, -1, 4, 1, -1, -1, -1], [0, -1, -1, -1, 1, -1, 2, 4, 4, 4, -1], [0, -1, -1, -1, 1, 2, -1, 4, 4, 4, -1], [0, -1, -1, -1, 1, 1, -1, 1, 1, -1, 0], [0, -1, -1, -1, 0, -1, -1, -1, 1, 4, -1], [0, -1, -1, -1, 0, -1, -1, 4, 4, -1, 1], [0, -1, -1, -1, 0, -1, 5, -1, 4, -1, -1], [0, -1, -1, -1, 0, 3, 4, -1, -1, -1, 0], [0, -1, -1, -1, 0, 3, 4, 4, 4, 4, 2], [0, -1, -1, -1, 0, 2, -1, -1, 4, 4, 2], [0, -1, -1, -1, 0, 1, -1, -1, 4, 4, -1], [0, -1, -1, 2, -1, -1, 5, 4, -1, 2, -1], [0, -1, -1, 2, -1, -1, 1, -1, -1, 4, -1], [0, -1, -1, 2, -1, -1, 1, 2, -1, -1, 1], [0, -1, -1, 2, -1, 1, -1, -1, 2, 2, 1], [0, -1, -1, 2, -1, 1, -1, 2, 1, -1, -1], [0, -1, -1, 2, -1, 1, 4, -1, 4, -1, -1], [0, -1, -1, 2, 0, -1, 5, -1, -1, 2, -1], [0, -1, -1, 2, 0, 1, -1, 2, -1, -1, 1], [0, -1, -1, 2, 0, 1, 4, 4, -1, -1, -1], [0, -1, -1, 1, -1, -1, -1, 4, 1, 1, 1], [0, -1, -1, 1, -1, -1, 4, -1, 1, 1, -1], [0, -1, -1, 1, -1, -1, 4, 1, -1, 1, -1], [0, -1, -1, 1, -1, -1, 4, 1, 1, -1, 1], [0, -1, -1, 1, -1, -1, 2, 4, -1, 4, 4], [0, -1, -1, 1, -1, -1, 2, 4, 4, 4, -1], [0, -1, -1, 1, -1, 4, -1, 1, -1, -1, -1], [0, -1, -1, 1, -1, 3, -1, 0, -1, 0, 0], [0, -1, -1, 1, -1, 3, -1, 0, 0, -1, 0], [0, -1, -1, 1, -1, 3, 0, -1, -1, 0, 0], [0, -1, -1, 1, -1, 3, 0, -1, 0, -1, 0], [0, -1, -1, 1, -1, 2, -1, 4, -1, 4, 4], [0, -1, -1, 1, -1, 2, -1, 4, 4, 4, -1], [0, -1, -1, 1, -1, 1, 4, -1, -1, 1, -1], [0, -1, -1, 1, 1, -1, 2, 4, -1, -1, 4], [0, -1, -1, 1, 1, -1, 2, 4, -1, 4, -1], [0, -1, -1, 1, 1, 3, 4, 4, -1, 4, 4], [0, -1, -1, 1, 1, 2, -1, -1, 4, -1, 4], [0, -1, -1, 1, 1, 2, -1, 4, -1, -1, 4], [0, -1, -1, 1, 1, 2, -1, 4, -1, 4, -1], [0, -1, -1, 1, 0, -1, -1, -1, 4, -1, 1], [0, -1, -1, 1, 0, -1, -1, 4, -1, 1, -1], [0, -1, -1, 1, 0, -1, 4, -1, -1, 1, -1], [0, -1, -1, 1, 0, -1, 2, 4, 4, -1, -1], [0, -1, -1, 1, 0, 3, -1, -1, -1, -1, 0], [0, -1, -1, 1, 0, 3, -1, -1, -1, 0, -1], [0, -1, -1, 1, 0, 3, 4, -1, -1, 4, 2], [0, -1, -1, 1, 0, 3, 0, -1, 0, -1, -1], [0, -1, -1, 1, 0, 2, -1, 4, 4, -1, -1], [0, -1, 3, -1, -1, -1, -1, 4, -1, -1, 1], [0, -1, 3, -1, -1, -1, -1, 4, -1, 1, -1], [0, -1, 3, -1, -1, -1, 5, -1, -1, -1, -1], [0, -1, 3, -1, -1, -1, 1, -1, 2, -1, 1], [0, -1, 3, -1, -1, 3, -1, 1, -1, -1, -1], [0, -1, 3, -1, -1, 1, -1, -1, 2, -1, 1], [0, -1, 3, -1, 1, 3, -1, -1, -1, -1, 1], [0, -1, 3, -1, 0, -1, -1, -1, 2, 1, 1], [0, -1, 3, -1, 0, -1, -1, 4, 4, 2, 2], [0, -1, 3, -1, 0, -1, 4, -1, 4, 2, -1], [0, -1, 3, -1, 0, -1, 2, -1, -1, 2, 4], [0, -1, 3, -1, 0, 2, -1, 2, 2, -1, 4], [0, -1, 3, 2, -1, -1, -1, 2, -1, -1, 0], [0, -1, 3, 1, 0, 4, -1, -1, 4, -1, 4], [0, -1, 2, -1, -1, -1, 6, -1, -1, -1, 4], [0, -1, 2, -1, -1, -1, 5, -1, -1, -1, 4], [0, -1, 2, -1, -1, 6, -1, -1, -1, -1, -1], [0, -1, 2, -1, -1, 3, -1, -1, 0, -1, 0], [0, -1, 2, -1, -1, 3, -1, 0, -1, 0, -1], [0, -1, 2, -1, -1, 3, 0, -1, -1, 0, -1], [0, -1, 2, -1, -1, 3, 0, 0, -1, -1, 0], [0, -1, 2, -1, 1, 3, -1, 4, -1, -1, 4], [0, -1, 2, -1, 0, 3, -1, -1, -1, -1, 0], [0, -1, 2, -1, 0, 3, -1, -1, -1, 0, -1], [0, -1, 2, -1, 0, 3, -1, -1, 0, -1, -1], [0, -1, 2, 2, 0, -1, -1, -1, 4, -1, 1], [0, -1, 2, 2, 0, 4, 4, -1, -1, 2, 2], [0, -1, 2, 2, 0, 4, 4, -1, 2, 2, -1], [0, -1, 2, 2, 0, 2, -1, 2, 4, 4, -1], [0, -1, 2, 1, -1, -1, 4, -1, -1, 1, 1], [0, -1, 2, 1, -1, -1, 4, -1, 1, -1, -1], [0, -1, 2, 1, -1, -1, 2, 4, 4, -1, -1], [0, -1, 2, 1, -1, 3, -1, 0, -1, -1, 0], [0, -1, 2, 1, -1, 3, 0, -1, -1, -1, 0], [0, -1, 2, 1, -1, 3, 0, -1, 0, -1, -1], [0, -1, 2, 1, -1, 2, -1, 4, 4, -1, -1], [0, -1, 2, 1, 0, -1, 4, -1, -1, -1, 1], [0, -1, 2, 1, 0, 3, -1, 0, -1, -1, -1], [0, -1, 1, -1, -1, -1, -1, 5, -1, -1, -1], [0, -1, 1, -1, -1, -1, 4, -1, 1, 1, 1], [0, -1, 1, -1, -1, -1, 2, 4, 4, -1, -1], [0, -1, 1, -1, -1, -1, 1, 4, 1, 1, -1], [0, -1, 1, -1, -1, 2, -1, 4, 4, -1, -1], [0, -1, 1, -1, -1, 1, -1, -1, 2, 2, 1], [0, -1, 1, -1, 1, -1, -1, 4, 4, 4, -1], [0, -1, 1, -1, 0, 3, -1, -1, 2, -1, 4], [0, -1, 1, -1, 0, 3, -1, 4, 2, -1, -1], [0, -1, 1, -1, 0, 3, 4, 4, -1, -1, 2], [0, -1, 1, 2, -1, -1, 2, -1, 2, 4, 2], [0, -1, 1, 2, -1, 3, -1, -1, -1, -1, 4], [0, -1, 1, 2, -1, 3, -1, 4, 2, -1, -1], [0, -1, 1, 2, -1, 1, -1, 4, -1, 2, -1], [0, -1, 1, 2, 0, -1, 1, -1, -1, -1, 4], [0, -1, 1, 2, 0, 3, -1, 4, -1, -1, 2], [0, -1, 1, 1, -1, -1, 2, -1, 4, -1, -1], [0, -1, 1, 1, -1, -1, 2, 4, -1, -1, -1], [0, -1, 1, 1, -1, 3, -1, -1, -1, 4, -1], [0, -1, 1, 1, -1, 3, -1, -1, -1, 0, -1], [0, -1, 1, 1, -1, 3, -1, -1, 4, -1, -1], [0, -1, 1, 1, -1, 3, -1, -1, 0, -1, 0], [0, -1, 1, 1, -1, 3, 0, 0, -1, -1, 0], [0, -1, 1, 1, -1, 2, -1, -1, 4, -1, -1], [0, -1, 1, 1, -1, 2, -1, 4, -1, -1, -1], [0, -1, 1, 1, 1, -1, -1, 4, -1, 4, -1], [0, -1, 1, 1, 0, 3, -1, -1, 0, -1, -1], [0, -1, 1, 1, 0, 3, -1, 0, -1, -1, -1], [0, 2, -1, -1, -1, -1, -1, 4, 4, -1, 1], [0, 2, -1, -1, -1, -1, 1, -1, -1, -1, 4], [0, 2, -1, -1, -1, -1, 1, -1, -1, 4, -1], [0, 2, -1, -1, -1, -1, 1, -1, 4, -1, 1], [0, 2, -1, -1, -1, 3, -1, 1, 0, -1, -1], [0, 2, -1, -1, -1, 3, 4, -1, -1, -1, 0], [0, 2, -1, -1, -1, 3, 4, -1, -1, 1, -1], [0, 2, -1, -1, -1, 3, 1, -1, 0, -1, -1], [0, 2, -1, -1, -1, 2, -1, 4, -1, 4, 4], [0, 2, -1, -1, -1, 1, -1, 4, 4, -1, -1], [0, 2, -1, -1, 1, -1, 4, -1, -1, 1, -1], [0, 2, -1, -1, 0, -1, -1, 4, -1, -1, 0], [0, 2, -1, -1, 0, -1, -1, 4, -1, 1, -1], [0, 2, -1, -1, 0, 1, 4, 4, -1, -1, -1], [0, 2, -1, 2, -1, -1, 2, -1, 4, 4, 2], [0, 2, -1, 2, -1, 3, -1, 2, -1, -1, 4], [0, 2, -1, 2, 0, -1, -1, -1, 1, -1, 4], [0, 2, -1, 2, 0, 3, -1, -1, 2, -1, 4], [0, 2, -1, 1, -1, -1, 4, -1, -1, 1, -1], [0, 2, -1, 1, -1, -1, 4, 1, -1, -1, -1], [0, 2, -1, 1, -1, 3, -1, -1, -1, 0, -1], [0, 2, -1, 1, -1, 3, -1, -1, 0, -1, 0], [0, 2, -1, 1, -1, 3, -1, 4, -1, 4, 4], [0, 2, -1, 1, -1, 3, -1, 0, -1, -1, 0], [0, 2, -1, 1, -1, 3, 0, -1, -1, -1, 0], [0, 2, -1, 1, -1, 1, -1, 4, -1, 1, -1], [0, 2, -1, 1, 1, 3, -1, -1, -1, -1, 1], [0, 2, -1, 1, 1, 3, -1, 4, -1, -1, 4], [0, 2, -1, 1, 0, -1, 2, 4, -1, -1, 4], [0, 2, -1, 1, 0, 3, -1, -1, 0, -1, -1], [0, 2, -1, 1, 0, 3, -1, 0, -1, -1, -1], [0, 2, -1, 1, 0, 2, -1, 4, -1, -1, 4], [0, 2, 3, -1, -1, 3, -1, -1, -1, 4, 4], [0, 2, 3, -1, -1, 3, -1, -1, 0, -1, 0], [0, 2, 3, -1, -1, 3, -1, -1, 0, 0, -1], [0, 2, 3, -1, -1, 3, -1, 0, -1, -1, 0], [0, 2, 3, -1, 0, -1, -1, -1, -1, 2, 4], [0, 2, 3, -1, 0, -1, 4, 2, -1, -1, 2], [0, 2, 3, 1, 0, -1, -1, -1, -1, -1, 4], [0, 2, 2, -1, -1, -1, 4, -1, -1, -1, 0], [0, 2, 2, -1, 1, 3, -1, -1, 4, 4, -1], [0, 2, 2, -1, 0, 4, -1, 4, 2, -1, 2], [0, 2, 2, -1, 0, 4, 4, 4, 2, -1, -1], [0, 2, 2, 2, 0, -1, 4, 4, 2, -1, 2], [0, 2, 2, 2, 0, -1, 4, 2, -1, -1, 4], [0, 2, 2, 1, -1, 3, -1, -1, -1, -1, 0], [0, 2, 2, 1, -1, 3, -1, -1, 0, -1, -1], [0, 2, 2, 1, -1, 3, -1, 0, -1, -1, -1], [0, 2, 2, 1, -1, 3, 4, 4, -1, 2, 2], [0, 2, 2, 1, 0, -1, -1, 4, 4, 2, -1], [0, 2, 2, 1, 0, 3, -1, -1, 4, -1, 2], [0, 2, 2, 1, 0, 3, 0, -1, -1, -1, -1], [0, 2, 2, 1, 0, 2, -1, 4, -1, -1, -1], [0, 2, 1, -1, -1, -1, 4, -1, 4, 2, -1], [0, 2, 1, -1, -1, -1, 2, 4, -1, -1, -1], [0, 2, 1, -1, -1, 3, -1, -1, -1, 4, -1], [0, 2, 1, -1, -1, 2, -1, -1, 4, 4, -1], [0, 2, 1, -1, -1, 2, -1, 4, -1, -1, -1], [0, 2, 1, -1, 0, 3, -1, -1, -1, -1, 4], [0, 2, 1, -1, 0, 3, -1, 4, -1, -1, 2], [0, 2, 1, -1, 0, 3, 4, 4, -1, 2, -1], [0, 2, 1, -1, 0, 2, -1, -1, 4, -1, 4], [0, 2, 1, 2, -1, -1, -1, 2, 2, 2, 1], [0, 2, 1, 2, -1, 3, 4, 4, -1, 2, -1], [0, 2, 1, 2, 0, -1, -1, 2, -1, 2, 1], [0, 2, 1, 2, 0, 3, -1, 4, -1, 2, -1], [0, 1, -1, -1, -1, -1, -1, 5, -1, 4, -1], [0, 1, -1, -1, -1, -1, 5, -1, 2, 2, -1], [0, 1, -1, -1, -1, -1, 5, 4, -1, 2, -1], [0, 1, -1, -1, -1, 4, -1, -1, -1, -1, 1], [0, 1, -1, -1, -1, 1, -1, 4, -1, 2, -1], [0, 1, -1, -1, 1, -1, -1, -1, 2, 2, 1], [0, 1, -1, -1, 1, -1, -1, 2, -1, 2, 1], [0, 1, -1, -1, 1, -1, 2, 4, -1, -1, 4], [0, 1, -1, -1, 1, 3, 4, -1, 4, -1, 4], [0, 1, -1, -1, 1, 2, -1, 4, -1, -1, 4], [0, 1, -1, 2, -1, -1, 4, -1, 4, 4, 2], [0, 1, -1, 2, -1, -1, 4, 4, -1, 4, 2], [0, 1, -1, 1, -1, -1, -1, 2, 4, 4, -1], [0, 1, -1, 1, -1, -1, 2, -1, 4, -1, 4], [0, 1, -1, 1, -1, -1, 2, -1, 4, 4, -1], [0, 1, -1, 1, 1, 2, -1, 2, 4, -1, -1], [0, 1, -1, 1, 1, 2, 2, -1, 4, -1, -1], [0, 1, -1, 1, 0, 2, -1, -1, -1, -1, 1], [0, 1, 3, -1, -1, -1, -1, 2, -1, 0, -1], [0, 1, 3, -1, 1, 4, -1, -1, 2, 2, -1], [0, 1, 3, -1, 0, -1, -1, -1, 4, 4, -1], [0, 1, 3, -1, 0, -1, -1, 4, -1, 4, -1], [0, 1, 3, -1, 0, -1, 4, 4, -1, 2, -1], [0, 1, 3, 2, -1, -1, 4, 4, -1, 2, -1], [0, 1, 3, 2, -1, 3, -1, 4, -1, -1, -1], [0, 1, 3, 2, 1, -1, 4, -1, -1, -1, -1], [0, 1, 3, 2, 0, -1, 4, 4, -1, -1, -1], [0, 1, 3, 1, 1, -1, -1, 4, 2, -1, -1], [0, 1, 2, -1, -1, -1, 5, -1, 4, -1, -1], [0, 1, 2, -1, -1, 3, -1, -1, -1, 0, 0], [0, 1, 2, -1, 1, -1, -1, -1, -1, 2, 1], [0, 1, 2, -1, 1, -1, 2, -1, 4, -1, 2], [0, 1, 2, -1, 1, 2, -1, -1, 4, -1, 2], [0, 1, 2, 2, -1, -1, -1, 5, 4, -1, -1], [0, 1, 2, 2, -1, 4, 4, -1, -1, 2, 2], [0, 1, 2, 1, -1, -1, -1, 2, 4, -1, -1], [0, 1, 2, 1, -1, -1, 2, -1, 4, -1, 2], [0, 1, 1, -1, -1, -1, -1, -1, 4, 4, 2], [0, 1, 1, -1, -1, -1, -1, 4, -1, -1, 1], [0, 1, 1, -1, -1, 3, -1, -1, -1, -1, 4], [0, 1, 1, -1, -1, 2, -1, -1, -1, 4, 2], [0, 1, 1, -1, -1, 1, -1, 4, -1, -1, -1], [0, 1, 1, -1, 1, -1, -1, -1, 4, -1, 4], [0, 1, 1, -1, 1, -1, -1, -1, 4, 4, -1], [0, 1, 1, -1, 1, -1, -1, 4, -1, -1, 4], [0, 1, 1, -1, 1, -1, -1, 4, -1, 4, -1], [0, 1, 1, -1, 1, -1, -1, 4, 4, -1, -1], [0, 1, 1, -1, 1, -1, 4, -1, -1, 4, -1], [0, 1, 1, -1, 1, -1, 4, -1, 4, -1, -1], [0, 1, 1, 2, -1, -1, -1, -1, -1, 4, 2], [0, 1, 1, 1, -1, 3, 0, -1, -1, -1, -1]]
0.15 173 
 [[-1, -1, -1, -1, -1, -1, -1, 4, -1, 1, 4], [-1, -1, -1, -1, -1, -1, -1, 4, 1, -1, 4], [-1, -1, -1, -1, -1, -1, 1, -1, -1, 4, 4], [-1, -1, -1, -1, -1, -1, 1, 4, -1, -1, 4], [-1, -1, -1, -1, -1, 6, -1, -1, -1, -1, 4], [-1, -1, -1, -1, -1, 4, -1, -1, -1, 2, 1], [-1, -1, -1, -1, -1, 3, -1, 1, 0, -1, 1], [-1, -1, -1, -1, -1, 3, 5, -1, -1, -1, 4], [-1, -1, -1, -1, -1, 3, 1, -1, 0, -1, 1], [-1, -1, -1, -1, -1, 2, -1, -1, 4, -1, 1], [-1, -1, -1, -1, -1, 1, -1, 4, 4, 4, -1], [-1, -1, -1, -1, 1, -1, -1, -1, 5, 4, -1], [-1, -1, -1, -1, 0, -1, -1, -1, 1, 4, 4], [-1, -1, -1, -1, 0, 4, -1, -1, 2, 4, 2], [-1, -1, -1, -1, 0, 3, 5, -1, -1, 4, -1], [-1, -1, -1, -1, 0, 3, 5, -1, 4, -1, -1], [-1, -1, -1, 2, -1, 3, 5, -1, -1, -1, -1], [-1, -1, -1, 2, -1, 1, -1, 4, -1, -1, 4], [-1, -1, -1, 2, -1, 1, -1, 4, -1, 4, -1], [-1, -1, -1, 2, 1, 4, 2, -1, 2, -1, 2], [-1, -1, -1, 2, 1, 4, 2, 2, -1, -1, 2], [-1, -1, -1, 2, 0, -1, 5, -1, 4, -1, 4], [-1, -1, -1, 2, 0, 1, -1, -1, -1, 4, 4], [-1, -1, -1, 2, 0, 1, 4, -1, 2, 2, -1], [-1, -1, -1, 1, 0, -1, -1, 5, -1, -1, -1], [-1, -1, 3, -1, -1, -1, 5, -1, -1, -1, 2], [-1, -1, 3, -1, -1, -1, 5, -1, -1, 2, -1], [-1, -1, 3, -1, -1, -1, 1, 4, -1, -1, 1], [-1, -1, 3, -1, 0, -1, 5, -1, -1, -1, -1], [-1, -1, 2, -1, -1, 3, 5, 4, 4, -1, -1], [-1, -1, 2, -1, 0, -1, -1, 5, -1, -1, 4], [-1, -1, 2, 2, -1, -1, 5, -1, 4, -1, 4], [-1, -1, 2, 2, -1, -1, 5, 4, 4, -1, -1], [-1, -1, 2, 2, 0, -1, 5, -1, -1, -1, 4], [-1, -1, 2, 2, 0, -1, 5, -1, 4, -1, -1], [-1, -1, 2, 1, 0, -1, 2, 4, 4, -1, -1], [-1, -1, 2, 1, 0, 2, -1, 4, 4, -1, -1], [-1, -1, 1, -1, -1, 3, 0, -1, 2, -1, -1], [-1, 2, -1, -1, -1, 1, -1, 4, -1, -1, 4], [-1, 2, -1, 2, 0, 1, 4, -1, -1, 2, -1], [-1, 2, -1, 1, 1, 3, -1, 4, -1, 4, 4], [-1, 2, -1, 1, 0, -1, 2, 4, 4, -1, -1], [-1, 2, -1, 1, 0, 2, -1, 4, 4, -1, -1], [-1, 2, 2, -1, 0, 1, 1, -1, 1, -1, 0], [-1, 2, 2, 2, 0, 4, 4, 4, 2, -1, 2], [-1, 2, 2, 1, -1, -1, 2, 4, 4, -1, -1], [-1, 2, 2, 1, -1, 2, -1, 4, 4, -1, -1], [-1, 2, 2, 1, 0, 3, -1, -1, -1, 0, -1], [-1, 2, 2, 1, 0, 3, -1, -1, 0, -1, 0], [-1, 2, 2, 1, 0, 3, -1, 0, -1, -1, 0], [-1, 2, 2, 1, 0, 3, 0, -1, -1, -1, 0], [-1, 2, 1, 2, -1, 3, 4, 4, -1, -1, 2], [-1, 2, 1, 2, 0, 3, -1, 4, -1, -1, 2], [-1, 1, -1, -1, -1, -1, 0, -1, 2, -1, -1], [-1, 1, -1, -1, 1, -1, -1, -1, 5, -1, -1], [-1, 1, -1, -1, 0, -1, -1, 5, 4, 4, -1], [-1, 1, -1, -1, 0, -1, 5, -1, -1, -1, 4], [-1, 1, -1, -1, 0, -1, 5, -1, 4, 4, -1], [-1, 1, -1, -1, 0, 4, 4, 2, -1, -1, 2], [-1, 1, -1, -1, 0, 3, 5, -1, -1, -1, -1], [-1, 1, -1, 2, -1, -1, 1, 2, -1, -1, 1], [-1, 1, -1, 2, -1, 4, 4, 2, -1, -1, 2], [-1, 1, -1, 2, 0, -1, -1, -1, -1, 5, 4], [-1, 1, 3, -1, -1, -1, 4, -1, 4, -1, 2], [-1, 1, 3, -1, -1, -1, 4, -1, 4, 2, -1], [-1, 1, 3, -1, 0, 4, -1, 4, 4, -1, -1], [-1, 1, 3, -1, 0, 4, 4, -1, 4, -1, -1], [-1, 1, 3, -1, 0, 4, 4, 4, -1, -1, -1], [-1, 1, 3, 2, -1, -1, -1, -1, 4, -1, 4], [-1, 1, 3, 2, -1, -1, -1, -1, 4, 4, -1], [-1, 1, 3, 2, -1, -1, -1, 4, 4, -1, -1], [-1, 1, 3, 2, -1, -1, 4, -1, 4, -1, -1], [-1, 1, 3, 2, -1, -1, 4, 4, -1, -1, 2], [-1, 1, 3, 2, 0, 4, -1, 4, -1, -1, -1], [-1, 1, 2, -1, -1, -1, 5, -1, -1, -1, 4], [-1, 1, 2, -1, 0, -1, -1, 5, 4, -1, -1], [-1, 1, 2, -1, 0, -1, 5, -1, 4, -1, -1], [-1, 1, 2, 2, -1, 3, -1, -1, 0, -1, 0], [-1, 1, 2, 2, -1, 3, -1, 0, -1, -1, 0], [-1, 1, 2, 2, -1, 3, -1, 0, -1, 0, -1], [-1, 1, 2, 2, -1, 3, 0, -1, -1, -1, 0], [-1, 1, 2, 2, -1, 3, 0, -1, -1, 0, -1], [-1, 1, 2, 2, 0, 3, -1, -1, -1, 0, 0], [-1, 1, 2, 2, 0, 3, -1, -1, 0, 0, -1], [-1, 1, 1, 1, -1, 3, 0, -1, -1, 0, 0], [-1, 1, 1, 1, 1, 3, -1, -1, -1, 0, -1], [-1, 1, 1, 1, 1, 3, -1, -1, 0, -1, 0], [-1, 1, 1, 1, 1, 3, -1, 0, -1, -1, 0], [-1, 1, 1, 1, 1, 3, 0, -1, -1, -1, 0], [1, -1, -1, 1, -1, 0, -1, 0, -1, 1, -1], [1, 2, 2, -1, 0, 1, -1, -1, -1, -1, 0], [1, 1, -1, -1, -1, 3, 0, 1, -1, -1, -1], [1, 1, -1, 1, -1, -1, -1, 0, -1, 1, -1], [1, 1, -1, 1, -1, -1, 0, -1, -1, 1, -1], [1, 1, -1, 1, 1, 3, -1, -1, 0, -1, 0], [1, 1, -1, 1, 1, 3, -1, -1, 0, 0, -1], [1, 1, -1, 1, 1, 3, -1, 0, -1, -1, 0], [1, 1, -1, 1, 1, 3, 0, -1, -1, 0, 0], [1, 1, 2, 1, -1, 3, -1, 0, -1, -1, -1], [1, 1, 2, 1, -1, 3, 0, -1, -1, -1, -1], [0, -1, -1, -1, -1, 1, -1, 4, -1, 4, -1], [0, -1, -1, -1, 1, -1, 4, 1, -1, 1, -1], [0, -1, -1, -1, 0, -1, 5, -1, 4, -1, 4], [0, -1, -1, -1, 0, -1, 1, 4, 4, -1, -1], [0, -1, -1, -1, 0, 6, -1, -1, -1, -1, -1], [0, -1, -1, -1, 0, 3, -1, -1, 2, -1, 0], [0, -1, -1, -1, 0, 3, -1, 4, -1, -1, 0], [0, -1, -1, 2, -1, -1, 1, 2, -1, -1, 1], [0, -1, -1, 2, 0, -1, -1, -1, 1, 4, -1], [0, -1, -1, 2, 0, 1, 4, -1, 4, -1, -1], [0, -1, -1, 1, -1, -1, 4, 1, 1, 1, -1], [0, -1, -1, 1, 1, -1, 4, 1, -1, -1, -1], [0, -1, -1, 1, 0, 3, -1, -1, -1, -1, 0], [0, -1, -1, 1, 0, 3, -1, -1, -1, 0, -1], [0, -1, 3, -1, -1, -1, -1, 4, -1, 1, 1], [0, -1, 3, -1, 1, 3, -1, 1, -1, -1, -1], [0, -1, 3, -1, 0, 2, -1, -1, -1, 2, 4], [0, -1, 2, -1, 0, 3, -1, -1, 0, -1, 0], [0, -1, 2, -1, 0, 3, -1, 0, -1, 0, 0], [0, -1, 2, -1, 0, 3, 0, -1, -1, 0, 0], [0, -1, 2, 1, -1, 3, 0, -1, -1, 0, -1], [0, -1, 1, -1, 0, 1, -1, -1, 2, 2, 1], [0, -1, 1, 1, -1, -1, 2, -1, 4, 4, -1], [0, -1, 1, 1, -1, -1, 2, 4, -1, -1, -1], [0, -1, 1, 1, -1, 3, -1, -1, -1, 4, -1], [0, -1, 1, 1, -1, 3, -1, -1, 4, -1, -1], [0, -1, 1, 1, -1, 2, -1, 4, -1, -1, -1], [0, -1, 1, 1, 0, -1, 2, -1, 4, -1, -1], [0, 2, -1, -1, 0, -1, 1, -1, -1, -1, 4], [0, 2, -1, -1, 0, -1, 1, 4, -1, 1, -1], [0, 2, -1, 2, -1, -1, 1, -1, -1, -1, 4], [0, 2, -1, 1, -1, -1, 4, -1, 1, 1, -1], [0, 2, -1, 1, -1, -1, 4, 1, -1, 1, -1], [0, 2, 3, -1, -1, -1, -1, 4, -1, 1, -1], [0, 2, 2, -1, 0, -1, 4, -1, -1, -1, 0], [0, 2, 2, 2, -1, 4, -1, 4, 2, -1, 2], [0, 2, 2, 1, -1, 3, -1, -1, 0, -1, 0], [0, 2, 2, 1, -1, 3, -1, -1, 0, 0, -1], [0, 2, 2, 1, -1, 3, -1, 0, -1, -1, 0], [0, 2, 2, 1, -1, 3, -1, 0, -1, 0, -1], [0, 2, 2, 1, -1, 3, -1, 0, 0, -1, -1], [0, 2, 2, 1, -1, 3, 0, -1, -1, -1, 0], [0, 2, 2, 1, -1, 3, 0, -1, 0, -1, -1], [0, 2, 2, 1, 0, 3, -1, -1, 0, -1, -1], [0, 2, 2, 1, 0, 3, -1, 0, -1, -1, -1], [0, 2, 1, -1, -1, -1, 2, 4, 4, -1, -1], [0, 2, 1, -1, -1, 2, -1, 4, -1, -1, 4], [0, 2, 1, -1, -1, 2, -1, 4, 4, -1, -1], [0, 1, -1, -1, -1, -1, -1, 5, -1, -1, 4], [0, 1, -1, 2, -1, -1, 5, -1, -1, -1, 4], [0, 1, 3, -1, -1, -1, -1, 4, 4, 2, -1], [0, 1, 3, -1, 0, -1, -1, 4, 4, -1, -1], [0, 1, 3, -1, 0, -1, 4, 4, -1, -1, 2], [0, 1, 3, -1, 0, 4, -1, 4, -1, -1, -1], [0, 1, 3, 2, -1, -1, -1, -1, 4, -1, 2], [0, 1, 3, 2, -1, -1, -1, 4, -1, 4, -1], [0, 1, 2, -1, -1, 3, -1, 0, -1, 0, 0], [0, 1, 2, -1, -1, 3, -1, 0, 0, -1, 0], [0, 1, 2, -1, -1, 3, 0, -1, -1, 0, 0], [0, 1, 2, -1, -1, 3, 0, -1, 0, -1, 0], [0, 1, 2, -1, 1, -1, -1, -1, -1, 2, 1], [0, 1, 2, -1, 0, 3, -1, -1, -1, 0, 0], [0, 1, 2, -1, 0, 3, -1, 0, -1, -1, 0], [0, 1, 2, -1, 0, 3, 0, -1, -1, -1, 0], [0, 1, 2, -1, 0, 3, 0, -1, -1, 0, -1], [0, 1, 2, 2, -1, 3, -1, -1, -1, -1, 0], [0, 1, 2, 2, -1, 3, -1, -1, -1, 0, -1], [0, 1, 2, 2, -1, 3, -1, -1, 0, -1, -1], [0, 1, 2, 2, 0, 3, 0, 0, -1, -1, -1], [0, 1, 1, -1, -1, 2, -1, -1, -1, 4, 2], [0, 1, 1, -1, 1, -1, -1, -1, 4, 4, -1], [0, 1, 1, -1, 1, -1, -1, 4, -1, 4, -1], [0, 1, 1, 2, 0, 1, -1, 4, -1, -1, -1]]
0.2 50 
 [[-1, -1, -1, -1, -1, 3, 5, -1, -1, 4, 4], [-1, -1, -1, -1, -1, 1, -1, 4, 4, 4, -1], [-1, -1, -1, -1, 1, -1, -1, -1, 5, 4, -1], [-1, -1, -1, -1, 0, 3, 5, 4, 4, -1, -1], [-1, -1, -1, 2, -1, 3, 5, -1, 4, -1, -1], [-1, -1, -1, 2, -1, 1, -1, 4, -1, -1, 4], [-1, -1, -1, 2, -1, 1, -1, 4, -1, 4, -1], [-1, -1, 3, -1, -1, -1, 5, -1, -1, -1, 2], [-1, -1, 2, 2, 0, -1, 5, -1, 4, -1, 4], [-1, -1, 2, 1, 0, -1, -1, 5, 4, -1, -1], [-1, 1, -1, -1, -1, -1, 0, 1, 2, -1, -1], [-1, 1, -1, -1, 0, -1, 5, -1, -1, -1, 4], [-1, 1, -1, 2, 0, 4, 4, 2, -1, -1, 2], [-1, 1, 3, 2, -1, -1, -1, 4, 4, -1, -1], [-1, 1, 2, 2, -1, 3, -1, 0, -1, 0, 0], [-1, 1, 2, 2, -1, 3, -1, 0, 0, -1, 0], [-1, 1, 2, 2, -1, 3, 0, -1, -1, 0, 0], [-1, 1, 2, 2, -1, 3, 0, -1, 0, -1, 0], [-1, 1, 2, 2, 0, 3, -1, -1, 0, -1, 0], [-1, 1, 2, 2, 0, 3, -1, 0, -1, -1, 0], [-1, 1, 2, 2, 0, 3, 0, -1, 0, 0, -1], [-1, 1, 2, 2, 0, 3, 0, 0, -1, 0, -1], [1, 1, -1, 1, -1, -1, 0, -1, -1, 1, -1], [0, -1, 3, -1, 1, 3, -1, 1, -1, -1, -1], [0, -1, 2, 1, 0, 3, -1, -1, -1, 0, 0], [0, -1, 2, 1, 0, 3, -1, -1, 0, -1, 0], [0, -1, 2, 1, 0, 3, -1, 0, -1, -1, 0], [0, -1, 2, 1, 0, 3, -1, 0, -1, 0, -1], [0, -1, 2, 1, 0, 3, 0, -1, -1, -1, 0], [0, -1, 2, 1, 0, 3, 0, -1, -1, 0, -1], [0, -1, 1, 1, 0, 3, -1, -1, -1, 0, 0], [0, -1, 1, 1, 0, 3, -1, -1, 0, -1, 0], [0, -1, 1, 1, 0, 3, -1, 0, -1, -1, 0], [0, -1, 1, 1, 0, 3, -1, 0, -1, 0, -1], [0, -1, 1, 1, 0, 3, 0, -1, 0, 0, -1], [0, 2, -1, 1, 0, 3, -1, -1, -1, 0, -1], [0, 2, -1, 1, 0, 3, -1, -1, 0, -1, 0], [0, 2, -1, 1, 0, 3, -1, 0, -1, -1, 0], [0, 2, -1, 1, 0, 3, 0, -1, -1, -1, 0], [0, 2, 2, 1, -1, 3, -1, 0, -1, 0, -1], [0, 2, 2, 1, -1, 3, 0, -1, -1, 0, -1], [0, 2, 2, 1, 0, 3, -1, -1, -1, -1, 0], [0, 2, 2, 1, 0, 3, -1, -1, 0, -1, -1], [0, 2, 2, 1, 0, 3, -1, 0, -1, -1, -1], [0, 1, 2, -1, 0, 3, -1, 0, -1, 0, 0], [0, 1, 2, -1, 0, 3, -1, 0, 0, -1, 0], [0, 1, 2, -1, 0, 3, 0, -1, -1, 0, 0], [0, 1, 2, -1, 0, 3, 0, -1, 0, -1, 0], [0, 1, 2, 2, -1, 3, -1, -1, -1, 0, 0], [0, 1, 2, 2, -1, 3, -1, -1, 0, 0, -1]]
0.25 10 
 [[-1, -1, -1, 2, -1, 3, 5, 4, 4, -1, -1], [-1, -1, -1, 2, -1, 1, -1, 4, -1, 4, -1], [-1, -1, -1, 2, 0, 3, 5, -1, 4, -1, -1], [1, 1, -1, 1, -1, -1, 0, -1, -1, 1, -1], [0, -1, 2, 1, 0, 3, 0, -1, -1, 0, 0], [0, 2, -1, 1, 0, 3, -1, 0, -1, 0, 0], [0, 2, -1, 1, 0, 3, -1, 0, 0, -1, 0], [0, 2, -1, 1, 0, 3, 0, -1, 0, -1, 0], [0, 2, 2, 1, 0, 3, -1, -1, -1, -1, 0], [0, 2, 2, 1, 0, 3, -1, -1, -1, 0, -1]]
0.3 3 
 [[0, 2, 2, 1, 0, 3, -1, -1, -1, 0, 0], [0, 2, 2, 1, 0, 3, 0, -1, -1, -1, 0], [0, 2, 2, 1, 0, 3, 0, -1, -1, 0, -1]]
0.35 0 
 []
0.4 0 
 []
0.45 0 
 []
0.5 0 
 []
