execution time
1 49.915261030197144 1240.0325515270233
10 11.193225526809693 783.6106081962586
20 5.266048192977905 530.4709866523742
30 3.764245367050171 479.8217939376831
40 3.4227850914001463 497.8209569454193
50 3.046068239212036 497.65442991256714
60 2.749245357513428 497.52521495819093
70 2.443013381958008 497.2861721038818
80 2.2945663928985596 498.4402502536774
90 2.194546604156494 499.9609537124634
100 2.0632100105285645 498.4527239322662
200 1.35514554977417 497.83634386062624
500 0.6866475582122803 498.44829697608947
1000 0.47283263206481935 502.06281366348264


number of calculations
1 235835.0 4184873.0
10 134425.0 5008305.0
20 98565.0 4999701.0
30 81206.0 4995825.0
40 69777.0 4993213.0
50 61233.0 4991479.0
60 55442.0 4990106.0
70 49995.0 4989021.0
80 45581.0 4988156.0
90 42707.0 4987410.0
100 39672.0 4986740.0
200 23037.0 4983077.0
500 9152.0 4979805.0
1000 3585.0 4978234.0


number of patterns found
1 982 
 [[-1, -1, -1, -1, -1, -1, -1, 10], [-1, -1, -1, -1, -1, -1, 6, 7], [-1, -1, -1, -1, -1, -1, 5, 8], [-1, -1, -1, -1, -1, -1, 2, 5], [-1, -1, -1, -1, -1, 6, -1, 7], [-1, -1, -1, -1, -1, 6, 5, 6], [-1, -1, -1, -1, -1, 3, -1, 8], [-1, -1, -1, -1, -1, 3, 7, -1], [-1, -1, -1, -1, -1, 3, 6, 6], [-1, -1, -1, -1, -1, 2, -1, 5], [-1, -1, -1, -1, -1, 1, -1, 6], [-1, -1, -1, -1, -1, 1, 6, -1], [-1, -1, -1, -1, -1, 0, 4, -1], [-1, -1, -1, -1, 2, -1, -1, 8], [-1, -1, -1, -1, 2, -1, 9, -1], [-1, -1, -1, -1, 2, -1, 4, 1], [-1, -1, -1, -1, 2, -1, 1, 4], [-1, -1, -1, -1, 2, -1, 1, 0], [-1, -1, -1, -1, 2, 10, -1, -1], [-1, -1, -1, -1, 2, 4, -1, 1], [-1, -1, -1, -1, 2, 4, 1, -1], [-1, -1, -1, -1, 2, 3, -1, 0], [-1, -1, -1, -1, 2, 3, 0, -1], [-1, -1, -1, -1, 2, 2, 1, 2], [-1, -1, -1, -1, 2, 1, -1, 2], [-1, -1, -1, -1, 2, 1, -1, 0], [-1, -1, -1, -1, 2, 1, 2, -1], [-1, -1, -1, -1, 1, -1, -1, 6], [-1, -1, -1, -1, 1, -1, -1, 3], [-1, -1, -1, -1, 1, -1, 7, -1], [-1, -1, -1, -1, 1, -1, 4, 0], [-1, -1, -1, -1, 1, 8, -1, -1], [-1, -1, -1, -1, 1, 5, 5, 4], [-1, -1, -1, -1, 1, 4, -1, 0], [-1, -1, -1, -1, 1, 4, 2, 1], [-1, -1, -1, -1, 1, 1, 5, -1], [-1, -1, -1, -1, 0, -1, 5, 6], [-1, -1, -1, -1, 0, 6, -1, 6], [-1, -1, -1, -1, 0, 4, 6, 5], [-1, -1, -1, -1, 0, 4, 1, 4], [-1, -1, -1, 3, -1, -1, 6, -1], [-1, -1, -1, 3, -1, -1, 5, -1], [-1, -1, -1, 3, -1, -1, 4, 1], [-1, -1, -1, 3, -1, -1, 4, 0], [-1, -1, -1, 3, -1, 5, -1, 2], [-1, -1, -1, 3, -1, 4, -1, 0], [-1, -1, -1, 3, -1, 1, -1, 4], [-1, -1, -1, 3, -1, 1, 4, -1], [-1, -1, -1, 3, 2, 2, -1, 2], [-1, -1, -1, 3, 1, -1, 2, 4], [-1, -1, -1, 3, 1, 4, 2, -1], [-1, -1, -1, 3, 1, 2, -1, 4], [-1, -1, -1, 3, 1, 0, -1, -1], [-1, -1, -1, 3, 0, -1, 4, 4], [-1, -1, -1, 2, -1, -1, 5, 6], [-1, -1, -1, 2, -1, -1, 4, 7], [-1, -1, -1, 2, -1, 6, -1, 6], [-1, -1, -1, 2, -1, 6, 5, 5], [-1, -1, -1, 2, -1, 5, -1, 6], [-1, -1, -1, 2, -1, 4, -1, 7], [-1, -1, -1, 2, -1, 4, 6, 5], [-1, -1, -1, 2, -1, 4, 2, 1], [-1, -1, -1, 2, -1, 4, 1, 4], [-1, -1, -1, 2, -1, 2, 1, 4], [-1, -1, -1, 2, 2, 0, -1, -1], [-1, -1, -1, 2, 1, 6, -1, 5], [-1, -1, -1, 2, 1, 6, 6, -1], [-1, -1, -1, 2, 1, 4, 6, -1], [-1, -1, -1, 2, 1, 3, 4, 5], [-1, -1, -1, 2, 0, 4, 1, 2], [-1, -1, -1, 2, 0, 3, 6, 5], [-1, -1, -1, 1, -1, -1, 7, -1], [-1, -1, -1, 1, -1, 8, -1, -1], [-1, -1, -1, 1, -1, 7, -1, 5], [-1, -1, -1, 1, -1, 7, 6, -1], [-1, -1, -1, 1, -1, 5, -1, 1], [-1, -1, -1, 1, -1, 4, 4, 1], [-1, -1, -1, 1, -1, 3, -1, 6], [-1, -1, -1, 1, 2, 5, -1, 4], [-1, -1, -1, 1, 2, 5, 4, -1], [-1, -1, -1, 1, 2, 3, -1, 2], [-1, -1, -1, 1, 1, 7, -1, -1], [-1, -1, -1, 1, 0, 6, -1, 4], [-1, -1, -1, 1, 0, 4, 6, -1], [-1, -1, -1, 1, 0, 3, 4, 5], [-1, -1, -1, 1, 0, 1, -1, 5], [-1, -1, -1, 0, -1, -1, -1, 5], [-1, -1, -1, 0, -1, -1, -1, 4], [-1, -1, -1, 0, -1, -1, 6, -1], [-1, -1, -1, 0, -1, 7, -1, -1], [-1, -1, -1, 0, -1, 2, 1, -1], [-1, -1, 6, -1, -1, -1, -1, 4], [-1, -1, 6, -1, -1, -1, 4, -1], [-1, -1, 6, 1, -1, 4, -1, -1], [-1, -1, 5, -1, 0, -1, 4, 4], [-1, -1, 5, -1, 0, 4, -1, 4], [-1, -1, 5, -1, 0, 4, 4, -1], [-1, -1, 5, 1, -1, -1, -1, 4], [-1, -1, 5, 1, -1, -1, 4, -1], [-1, -1, 5, 1, -1, 3, -1, 2], [-1, -1, 4, -1, -1, -1, 2, 1], [-1, -1, 4, -1, -1, 4, -1, 2], [-1, -1, 4, -1, -1, 4, 2, -1], [-1, -1, 4, -1, 0, 4, -1, -1], [-1, -1, 4, -1, 0, 2, -1, 1], [-1, -1, 4, 2, -1, 2, -1, 1], [-1, -1, 4, 1, -1, 4, -1, -1], [-1, -1, 3, -1, -1, -1, 7, -1], [-1, -1, 3, -1, -1, 8, -1, -1], [-1, -1, 3, -1, -1, 7, -1, -1], [-1, -1, 3, -1, -1, 6, -1, 6], [-1, -1, 3, -1, -1, 5, 5, -1], [-1, -1, 3, -1, -1, 4, 5, 5], [-1, -1, 3, -1, -1, 4, 2, 1], [-1, -1, 3, -1, -1, 3, 4, 1], [-1, -1, 3, -1, -1, 1, 5, -1], [-1, -1, 3, -1, 2, -1, 1, 2], [-1, -1, 3, -1, 2, 2, 1, -1], [-1, -1, 3, -1, 0, 6, -1, -1], [-1, -1, 3, -1, 0, 3, 5, -1], [-1, -1, 3, -1, 0, 2, 1, 4], [-1, -1, 3, -1, 0, 1, 4, 2], [-1, -1, 3, -1, 0, 0, -1, 4], [-1, -1, 3, 3, -1, 4, 2, -1], [-1, -1, 3, 3, -1, 3, -1, 2], [-1, -1, 3, 3, -1, 3, -1, 1], [-1, -1, 3, 3, 1, 5, -1, -1], [-1, -1, 3, 3, 0, -1, 4, 2], [-1, -1, 3, 3, 0, 4, -1, -1], [-1, -1, 3, 3, 0, 3, -1, -1], [-1, -1, 3, 2, -1, -1, 4, 0], [-1, -1, 3, 2, -1, 6, -1, 4], [-1, -1, 3, 2, -1, 6, 5, -1], [-1, -1, 3, 2, -1, 4, -1, 0], [-1, -1, 3, 2, -1, 3, 5, -1], [-1, -1, 3, 2, -1, 1, 4, 2], [-1, -1, 3, 2, 2, 4, -1, 4], [-1, -1, 3, 2, 2, 4, 4, -1], [-1, -1, 3, 2, 1, -1, 6, -1], [-1, -1, 3, 2, 1, -1, 0, 1], [-1, -1, 3, 2, 1, 3, -1, 1], [-1, -1, 3, 2, 1, 3, 0, -1], [-1, -1, 3, 1, -1, -1, 5, 4], [-1, -1, 3, 1, -1, 5, -1, 2], [-1, -1, 3, 1, -1, 1, 2, 1], [-1, -1, 3, 1, 2, -1, 4, 2], [-1, -1, 3, 1, 2, 5, -1, -1], [-1, -1, 3, 1, 2, 4, -1, 2], [-1, -1, 3, 1, 2, 4, 2, -1], [-1, -1, 3, 1, 2, 3, -1, -1], [-1, -1, 3, 1, 1, 5, -1, 4], [-1, -1, 3, 1, 0, -1, 5, -1], [-1, -1, 3, 1, 0, 4, -1, 1], [-1, -1, 3, 0, 0, 3, 4, -1], [-1, -1, 2, -1, -1, 5, -1, 1], [-1, -1, 2, -1, -1, 4, -1, 7], [-1, -1, 2, -1, -1, 4, 6, -1], [-1, -1, 2, -1, -1, 4, 4, 1], [-1, -1, 2, -1, -1, 2, 1, 4], [-1, -1, 2, -1, 2, 3, 4, 4], [-1, -1, 2, -1, 1, 6, -1, 5], [-1, -1, 2, -1, 1, 6, 6, -1], [-1, -1, 2, -1, 1, 4, 1, 2], [-1, -1, 2, -1, 0, 3, 4, 5], [-1, -1, 2, 3, -1, -1, -1, 5], [-1, -1, 2, 3, -1, 3, -1, 4], [-1, -1, 2, 3, -1, 1, 2, -1], [-1, -1, 2, 3, 1, -1, -1, 1], [-1, -1, 2, 3, 1, -1, -1, 0], [-1, -1, 2, 3, 1, -1, 0, -1], [-1, -1, 2, 3, 1, 4, -1, -1], [-1, -1, 2, 3, 1, 1, -1, -1], [-1, -1, 2, 3, 0, 3, 0, 0], [-1, -1, 2, 3, 0, 1, -1, 2], [-1, -1, 2, 2, -1, 6, -1, 5], [-1, -1, 2, 2, -1, 6, 6, -1], [-1, -1, 2, 2, -1, 4, 1, 2], [-1, -1, 2, 2, -1, 3, 1, 5], [-1, -1, 2, 2, 2, -1, -1, 1], [-1, -1, 2, 2, 2, -1, 1, -1], [-1, -1, 2, 2, 1, 4, -1, 1], [-1, -1, 2, 2, 1, 4, 1, -1], [-1, -1, 2, 2, 0, 3, 6, -1], [-1, -1, 2, 1, -1, -1, 4, 0], [-1, -1, 2, 1, -1, 4, -1, 0], [-1, -1, 2, 1, -1, 1, -1, 5], [-1, -1, 2, 1, 2, -1, -1, 0], [-1, -1, 2, 1, 2, 3, 4, -1], [-1, -1, 2, 1, 1, 1, 4, 2], [-1, -1, 2, 1, 1, 0, -1, 4], [-1, -1, 2, 1, 0, -1, 6, 6], [-1, -1, 1, -1, -1, -1, -1, 6], [-1, -1, 1, -1, -1, -1, -1, 3], [-1, -1, 1, -1, -1, 4, 2, 1], [-1, -1, 1, -1, -1, 4, 1, 4], [-1, -1, 1, -1, -1, 4, 1, 2], [-1, -1, 1, -1, 2, -1, -1, 5], [-1, -1, 1, -1, 2, 1, -1, 4], [-1, -1, 1, -1, 1, -1, 1, 5], [-1, -1, 1, -1, 1, 6, -1, -1], [-1, -1, 1, -1, 1, 3, 5, -1], [-1, -1, 1, -1, 1, 3, 1, 2], [-1, -1, 1, -1, 1, 2, 1, 4], [-1, -1, 1, -1, 1, 1, -1, 5], [-1, -1, 1, -1, 0, -1, -1, 9], [-1, -1, 1, -1, 0, -1, 7, -1], [-1, -1, 1, -1, 0, 4, 4, 1], [-1, -1, 1, -1, 0, 3, 5, 4], [-1, -1, 1, 3, -1, -1, 2, 4], [-1, -1, 1, 3, -1, 2, -1, 4], [-1, -1, 1, 3, 2, -1, -1, -1], [-1, -1, 1, 3, 1, -1, -1, 4], [-1, -1, 1, 3, 0, 2, -1, 2], [-1, -1, 1, 2, -1, -1, -1, 9], [-1, -1, 1, 2, -1, -1, 7, -1], [-1, -1, 1, 2, -1, 3, 5, -1], [-1, -1, 1, 2, -1, 1, 4, 2], [-1, -1, 1, 2, 2, -1, -1, 0], [-1, -1, 1, 2, 2, -1, 0, -1], [-1, -1, 1, 2, 2, 3, -1, -1], [-1, -1, 1, 1, -1, 6, -1, -1], [-1, -1, 1, 1, -1, 3, 1, 4], [-1, -1, 1, 1, -1, 1, 5, -1], [-1, -1, 1, 1, 1, -1, -1, 8], [-1, -1, 1, 1, 1, -1, 9, -1], [-1, -1, 1, 1, 1, -1, 5, 4], [-1, -1, 1, 1, 1, 10, -1, -1], [-1, -1, 1, 1, 1, 3, 4, 1], [-1, -1, 1, 1, 0, 4, -1, 1], [-1, -1, 1, 1, 0, 4, 1, -1], [-1, -1, 1, 1, 0, 2, 1, 2], [-1, -1, 1, 1, 0, 1, 4, 4], [-1, 2, -1, -1, -1, -1, -1, 6], [-1, 2, -1, -1, -1, -1, 7, -1], [-1, 2, -1, -1, -1, 8, -1, -1], [-1, 2, -1, -1, -1, 4, 6, -1], [-1, 2, -1, -1, -1, 4, 4, 1], [-1, 2, -1, -1, -1, 2, 1, 4], [-1, 2, -1, -1, 2, 5, -1, 4], [-1, 2, -1, -1, 2, 4, 2, -1], [-1, 2, -1, -1, 2, 0, -1, 1], [-1, 2, -1, -1, 2, 0, 1, -1], [-1, 2, -1, -1, 1, -1, 6, -1], [-1, 2, -1, -1, 1, 6, -1, -1], [-1, 2, -1, -1, 0, -1, -1, 8], [-1, 2, -1, -1, 0, -1, 9, -1], [-1, 2, -1, -1, 0, -1, 4, 9], [-1, 2, -1, -1, 0, 10, -1, -1], [-1, 2, -1, -1, 0, 4, -1, 9], [-1, 2, -1, -1, 0, 4, -1, 7], [-1, 2, -1, 3, -1, -1, 2, 4], [-1, 2, -1, 3, -1, 3, -1, 5], [-1, 2, -1, 3, -1, 2, -1, 4], [-1, 2, -1, 3, -1, 1, 2, 2], [-1, 2, -1, 3, 1, -1, -1, 5], [-1, 2, -1, 3, 1, -1, -1, 4], [-1, 2, -1, 3, 1, 4, 4, -1], [-1, 2, -1, 3, 0, 4, 2, -1], [-1, 2, -1, 3, 0, 3, 4, -1], [-1, 2, -1, 3, 0, 1, 2, -1], [-1, 2, -1, 2, -1, -1, -1, 8], [-1, 2, -1, 2, -1, -1, 9, -1], [-1, 2, -1, 2, -1, 10, -1, -1], [-1, 2, -1, 2, -1, 6, 6, -1], [-1, 2, -1, 2, -1, 5, 5, -1], [-1, 2, -1, 2, -1, 4, 1, 2], [-1, 2, -1, 2, -1, 3, 4, 1], [-1, 2, -1, 2, 0, -1, -1, 9], [-1, 2, -1, 1, -1, 6, -1, -1], [-1, 2, -1, 1, 2, 5, -1, -1], [-1, 2, -1, 1, 2, 4, -1, 2], [-1, 2, -1, 1, 2, 3, 4, -1], [-1, 2, -1, 1, 1, 1, 4, 2], [-1, 2, -1, 1, 0, 5, -1, 2], [-1, 2, -1, 1, 0, 4, -1, 5], [-1, 2, 6, -1, 1, 4, -1, -1], [-1, 2, 6, 2, 0, 2, -1, -1], [-1, 2, 5, -1, -1, -1, 4, 4], [-1, 2, 5, -1, -1, 4, -1, 4], [-1, 2, 5, -1, -1, 3, -1, 2], [-1, 2, 4, -1, -1, 4, -1, -1], [-1, 2, 4, -1, -1, 2, -1, 1], [-1, 2, 3, -1, -1, -1, -1, 8], [-1, 2, 3, -1, -1, -1, 5, -1], [-1, 2, 3, -1, -1, 6, -1, -1], [-1, 2, 3, -1, -1, 5, -1, -1], [-1, 2, 3, -1, -1, 1, 4, 2], [-1, 2, 3, -1, 2, -1, 4, -1], [-1, 2, 3, -1, 2, 4, -1, -1], [-1, 2, 3, -1, 2, 3, -1, -1], [-1, 2, 3, -1, 0, 4, -1, 1], [-1, 2, 3, -1, 0, 4, 1, -1], [-1, 2, 3, 2, -1, 3, 0, 1], [-1, 2, 3, 2, 1, 4, 2, -1], [-1, 2, 3, 2, 1, 3, -1, 0], [-1, 2, 3, 2, 0, 3, 1, 4], [-1, 2, 3, 1, -1, 4, -1, 5], [-1, 2, 3, 1, -1, 4, -1, 1], [-1, 2, 3, 1, 1, 1, 1, 4], [-1, 2, 2, -1, -1, -1, -1, 8], [-1, 2, 2, -1, -1, -1, 9, -1], [-1, 2, 2, -1, -1, -1, 4, 7], [-1, 2, 2, -1, -1, 10, -1, -1], [-1, 2, 2, -1, -1, 6, -1, 5], [-1, 2, 2, -1, -1, 6, 6, -1], [-1, 2, 2, -1, -1, 4, 1, 2], [-1, 2, 2, -1, -1, 3, 1, 5], [-1, 2, 2, -1, 1, -1, -1, 7], [-1, 2, 2, -1, 1, 1, 4, 2], [-1, 2, 2, -1, 0, 5, -1, 2], [-1, 2, 2, -1, 0, 3, 4, 1], [-1, 2, 2, 3, -1, -1, -1, 4], [-1, 2, 2, 3, -1, 4, 2, -1], [-1, 2, 2, 3, -1, 1, -1, -1], [-1, 2, 2, 3, 1, -1, 1, -1], [-1, 2, 2, 2, -1, -1, 1, 5], [-1, 2, 2, 2, -1, 5, -1, 2], [-1, 2, 2, 2, -1, 3, 1, 4], [-1, 2, 2, 2, 1, 5, -1, -1], [-1, 2, 2, 2, 1, 4, 2, -1], [-1, 2, 2, 2, 1, 2, 2, 1], [-1, 2, 2, 2, 0, -1, 4, 1], [-1, 2, 2, 1, -1, -1, 6, -1], [-1, 2, 2, 1, -1, 1, 4, 2], [-1, 2, 2, 1, -1, 0, -1, 4], [-1, 2, 2, 1, 1, 4, 5, 4], [-1, 2, 2, 1, 1, 1, 2, 1], [-1, 2, 1, -1, -1, -1, -1, 9], [-1, 2, 1, -1, -1, 6, -1, -1], [-1, 2, 1, -1, -1, 5, 5, -1], [-1, 2, 1, -1, -1, 1, -1, 5], [-1, 2, 1, -1, 1, -1, -1, 5], [-1, 2, 1, -1, 1, -1, 5, -1], [-1, 2, 1, -1, 1, 2, -1, 4], [-1, 2, 1, 3, -1, -1, -1, 4], [-1, 2, 1, 3, -1, 2, -1, 2], [-1, 2, 1, 3, -1, 2, 2, -1], [-1, 2, 1, 3, 0, -1, -1, 2], [-1, 2, 1, 3, 0, -1, 2, -1], [-1, 2, 1, 3, 0, 2, -1, -1], [-1, 2, 1, 2, 1, 5, -1, -1], [-1, 2, 1, 2, 1, 4, -1, 4], [-1, 2, 1, 2, 1, 4, 4, -1], [-1, 2, 1, 1, -1, -1, 5, -1], [-1, 2, 1, 1, -1, -1, 4, 0], [-1, 2, 1, 1, -1, 4, -1, 0], [-1, 2, 1, 1, 1, 3, 4, 2], [-1, 2, 1, 1, 1, 1, 1, 4], [-1, 2, 1, 1, 0, 5, -1, 4], [-1, 2, 1, 1, 0, 5, 4, -1], [-1, 1, -1, -1, -1, -1, 5, 6], [-1, 1, -1, -1, 2, -1, -1, 0], [-1, 1, -1, -1, 2, -1, 0, -1], [-1, 1, -1, -1, 2, 3, -1, -1], [-1, 1, -1, -1, 2, 1, -1, 4], [-1, 1, -1, -1, 1, 10, -1, -1], [-1, 1, -1, -1, 0, 6, -1, 4], [-1, 1, -1, -1, 0, 6, 5, -1], [-1, 1, -1, 3, -1, -1, 0, -1], [-1, 1, -1, 3, -1, 4, 2, -1], [-1, 1, -1, 3, -1, 3, -1, 1], [-1, 1, -1, 3, -1, 3, -1, 0], [-1, 1, -1, 3, 2, -1, -1, -1], [-1, 1, -1, 3, 1, -1, -1, 0], [-1, 1, -1, 3, 1, -1, 4, 2], [-1, 1, -1, 3, 1, 5, -1, -1], [-1, 1, -1, 2, -1, -1, 5, 5], [-1, 1, -1, 2, -1, -1, 4, 0], [-1, 1, -1, 2, -1, 4, -1, 0], [-1, 1, -1, 2, -1, 3, 6, -1], [-1, 1, -1, 2, -1, 3, 5, -1], [-1, 1, -1, 2, -1, 1, 4, 2], [-1, 1, -1, 2, 2, 2, -1, 2], [-1, 1, -1, 2, 1, 7, -1, -1], [-1, 1, -1, 2, 1, 4, -1, 1], [-1, 1, -1, 2, 1, 4, 1, -1], [-1, 1, -1, 2, 1, 3, 1, 2], [-1, 1, -1, 2, 0, 6, -1, -1], [-1, 1, -1, 2, 0, 5, -1, 5], [-1, 1, -1, 1, -1, 7, -1, -1], [-1, 1, -1, 1, -1, 5, 5, 4], [-1, 1, -1, 1, -1, 3, 4, 5], [-1, 1, -1, 1, -1, 1, -1, 5], [-1, 1, -1, 1, 1, -1, -1, 8], [-1, 1, -1, 1, 1, -1, 9, -1], [-1, 1, -1, 1, 0, 2, 1, 2], [-1, 1, -1, 0, -1, -1, 4, -1], [-1, 1, -1, 0, -1, 3, -1, -1], [-1, 1, 5, 2, -1, 4, -1, 2], [-1, 1, 5, 2, -1, 4, 2, -1], [-1, 1, 3, -1, -1, 3, 5, -1], [-1, 1, 3, -1, -1, 2, 1, 2], [-1, 1, 3, -1, -1, 0, 0, 1], [-1, 1, 3, -1, 1, -1, 0, 1], [-1, 1, 3, -1, 1, 5, -1, 4], [-1, 1, 3, -1, 1, 4, 5, 4], [-1, 1, 3, -1, 1, 1, 2, 1], [-1, 1, 3, -1, 0, -1, 6, -1], [-1, 1, 3, -1, 0, 1, 4, 4], [-1, 1, 3, 3, -1, -1, -1, 0], [-1, 1, 3, 3, -1, 4, -1, -1], [-1, 1, 3, 3, -1, 0, -1, -1], [-1, 1, 3, 2, -1, -1, -1, 6], [-1, 1, 3, 2, -1, -1, 6, -1], [-1, 1, 3, 2, -1, -1, 5, -1], [-1, 1, 3, 2, -1, 6, -1, -1], [-1, 1, 3, 2, -1, 1, 4, 4], [-1, 1, 3, 2, 2, -1, 2, 2], [-1, 1, 3, 2, 2, 2, -1, -1], [-1, 1, 3, 2, 1, -1, -1, 5], [-1, 1, 3, 2, 1, 4, 4, 4], [-1, 1, 3, 2, 0, 0, -1, 1], [-1, 1, 3, 1, 1, 0, -1, 1], [-1, 1, 3, 1, 0, -1, -1, 5], [-1, 1, 3, 1, 0, -1, 1, 2], [-1, 1, 3, 1, 0, 2, 1, -1], [-1, 1, 3, 1, 0, 1, -1, 4], [-1, 1, 2, -1, -1, -1, 4, 0], [-1, 1, 2, -1, -1, 4, -1, 0], [-1, 1, 2, -1, -1, 3, 4, 5], [-1, 1, 2, -1, 2, 1, 4, -1], [-1, 1, 2, -1, 1, 4, -1, 1], [-1, 1, 2, -1, 1, 0, -1, 2], [-1, 1, 2, -1, 0, 3, -1, 5], [-1, 1, 2, -1, 0, 3, 6, -1], [-1, 1, 2, 3, -1, -1, 4, 2], [-1, 1, 2, 3, -1, 5, -1, -1], [-1, 1, 2, 3, -1, 3, -1, -1], [-1, 1, 2, 2, -1, 6, -1, -1], [-1, 1, 2, 2, -1, 3, -1, 5], [-1, 1, 2, 2, -1, 1, 4, 4], [-1, 1, 2, 2, 1, -1, 1, 4], [-1, 1, 2, 2, 1, 1, -1, 4], [-1, 1, 2, 2, 1, 1, 4, -1], [-1, 1, 2, 2, 0, -1, 6, -1], [-1, 1, 2, 1, 0, -1, 4, 5], [-1, 1, 1, -1, -1, -1, -1, 8], [-1, 1, 1, -1, -1, -1, 9, -1], [-1, 1, 1, -1, -1, 10, -1, -1], [-1, 1, 1, -1, -1, 5, -1, 2], [-1, 1, 1, -1, -1, 3, 5, -1], [-1, 1, 1, -1, -1, 3, 1, 2], [-1, 1, 1, -1, -1, 1, 4, 2], [-1, 1, 1, -1, 1, 1, 2, 2], [-1, 1, 1, 3, -1, -1, -1, 0], [-1, 1, 1, 3, -1, 0, -1, -1], [-1, 1, 1, 2, -1, 4, 4, 2], [-1, 1, 1, 2, 2, -1, -1, -1], [-1, 1, 1, 2, 1, 4, -1, 2], [-1, 1, 1, 2, 1, 4, 2, -1], [-1, 1, 1, 2, 1, 3, -1, 4], [-1, 1, 1, 2, 1, 1, 2, -1], [3, -1, -1, -1, -1, 3, -1, 2], [3, -1, -1, -1, -1, 3, -1, 0], [3, -1, -1, -1, -1, 3, 4, -1], [3, -1, -1, -1, -1, 3, 0, -1], [3, -1, -1, -1, 0, -1, 4, -1], [3, -1, -1, -1, 0, 3, -1, -1], [3, -1, 2, -1, -1, -1, 4, 2], [3, -1, 2, -1, -1, 3, -1, -1], [3, -1, 1, -1, -1, -1, 2, 1], [3, -1, 1, -1, -1, 2, -1, 1], [3, 2, -1, -1, -1, -1, 4, 2], [3, 2, -1, -1, -1, 3, -1, -1], [3, 2, -1, -1, -1, 2, -1, 1], [3, 2, -1, -1, 0, -1, 2, 1], [3, 2, 2, -1, -1, -1, -1, 0], [3, 2, 2, -1, -1, -1, 0, -1], [3, 2, 2, 1, -1, 0, -1, -1], [3, 2, 2, 1, 0, -1, -1, 2], [2, -1, -1, -1, -1, -1, 5, -1], [2, -1, -1, -1, -1, 6, -1, -1], [2, -1, -1, -1, -1, 4, 1, 2], [2, -1, -1, -1, -1, 2, 1, 4], [2, -1, -1, -1, 2, 3, -1, -1], [2, -1, -1, -1, 1, 4, 4, 2], [2, -1, -1, -1, 0, 4, 1, -1], [2, -1, -1, -1, 0, 3, 4, 2], [2, -1, -1, -1, 0, 2, 1, 2], [2, -1, -1, 3, -1, 0, -1, -1], [2, -1, -1, 2, -1, -1, 4, 0], [2, -1, -1, 2, -1, -1, 2, 0], [2, -1, -1, 2, -1, 4, -1, 0], [2, -1, -1, 2, -1, 4, 2, -1], [2, -1, -1, 2, -1, 4, 1, -1], [2, -1, -1, 2, -1, 2, -1, 0], [2, -1, -1, 2, -1, 2, 1, 2], [2, -1, -1, 2, 1, -1, 4, -1], [2, -1, -1, 2, 1, 4, -1, -1], [2, -1, -1, 2, 1, 2, -1, 4], [2, -1, -1, 2, 0, 1, -1, 4], [2, -1, -1, 1, 0, 3, -1, 2], [2, -1, 3, -1, -1, -1, 1, 4], [2, -1, 3, -1, -1, 1, -1, 4], [2, -1, 3, -1, 0, -1, 2, 4], [2, -1, 3, -1, 0, 2, -1, 4], [2, -1, 3, 1, -1, 3, -1, 1], [2, -1, 3, 1, 1, 3, -1, -1], [2, -1, 3, 1, 1, 2, -1, 1], [2, -1, 3, 1, 1, 2, 1, -1], [2, -1, 3, 1, 0, -1, -1, 4], [2, -1, 3, 1, 0, 1, -1, 1], [2, -1, 3, 1, 0, 1, 1, -1], [2, -1, 2, -1, -1, 3, 4, 4], [2, -1, 2, -1, 2, -1, -1, 2], [2, -1, 2, -1, 2, -1, 2, -1], [2, -1, 2, -1, 2, 2, -1, -1], [2, -1, 2, -1, 1, 3, -1, 1], [2, -1, 2, -1, 1, 3, 1, -1], [2, -1, 2, -1, 0, -1, 2, 0], [2, -1, 2, -1, 0, 3, -1, 4], [2, -1, 2, -1, 0, 3, -1, 0], [2, -1, 2, -1, 0, 2, -1, 0], [2, -1, 2, 2, -1, -1, 4, 1], [2, -1, 2, 2, -1, 3, -1, 4], [2, -1, 2, 2, -1, 3, 4, -1], [2, -1, 2, 2, -1, 1, 4, -1], [2, -1, 2, 2, -1, 1, 1, 2], [2, -1, 2, 1, -1, 3, 1, 1], [2, -1, 2, 1, 2, -1, -1, -1], [2, -1, 2, 1, 0, 3, 0, -1], [2, -1, 1, -1, -1, 4, -1, 2], [2, -1, 1, -1, -1, 4, 1, -1], [2, -1, 1, -1, 2, -1, -1, 0], [2, -1, 1, -1, 2, -1, 0, -1], [2, -1, 1, -1, 2, 0, -1, -1], [2, -1, 1, -1, 1, 2, -1, 4], [2, -1, 1, -1, 0, -1, 4, 2], [2, -1, 1, -1, 0, 3, -1, 2], [2, -1, 1, 2, -1, -1, 4, 2], [2, -1, 1, 2, -1, 4, -1, -1], [2, -1, 1, 2, -1, 3, -1, 2], [2, -1, 1, 2, -1, 3, 4, -1], [2, -1, 1, 2, -1, 2, -1, 4], [2, -1, 1, 2, 1, -1, 1, 4], [2, -1, 1, 2, 0, -1, 1, 0], [2, -1, 1, 2, 0, 1, -1, 0], [2, -1, 1, 1, 0, -1, 0, 1], [2, 2, -1, -1, -1, -1, 4, 0], [2, 2, -1, -1, -1, 4, -1, 0], [2, 2, -1, -1, -1, 4, 1, -1], [2, 2, -1, -1, -1, 3, 4, 2], [2, 2, -1, -1, 2, -1, -1, 1], [2, 2, -1, -1, 2, -1, 1, -1], [2, 2, -1, -1, 0, -1, 4, 2], [2, 2, -1, -1, 0, -1, 2, 4], [2, 2, -1, -1, 0, 3, 4, -1], [2, 2, -1, 2, -1, -1, 4, 1], [2, 2, -1, 2, -1, -1, 2, 4], [2, 2, -1, 2, -1, 3, 4, -1], [2, 2, -1, 2, -1, 2, -1, 4], [2, 2, -1, 1, 0, 4, -1, 2], [2, 2, -1, 1, 0, 3, -1, 0], [2, 2, -1, 1, 0, 3, 0, -1], [2, 2, 3, -1, 1, -1, -1, 4], [2, 2, 3, -1, 1, 3, -1, 1], [2, 2, 3, 1, -1, -1, -1, 4], [2, 2, 2, -1, -1, 3, -1, 1], [2, 2, 2, -1, -1, 3, 4, -1], [2, 2, 2, -1, -1, 3, 1, -1], [2, 2, 2, -1, 0, 3, -1, 2], [2, 2, 2, -1, 0, 3, 0, -1], [2, 2, 2, 2, -1, -1, 4, -1], [2, 2, 2, 1, -1, 3, -1, -1], [2, 2, 1, -1, -1, -1, 4, 2], [2, 2, 1, -1, -1, -1, 2, 4], [2, 2, 1, -1, -1, 3, -1, 2], [2, 2, 1, -1, -1, 3, 4, -1], [2, 2, 1, -1, -1, 2, -1, 4], [2, 2, 1, -1, 2, 1, -1, -1], [2, 2, 1, -1, 1, -1, 1, 4], [2, 2, 1, -1, 1, 4, 4, -1], [2, 2, 1, -1, 0, -1, 4, -1], [2, 2, 1, 2, -1, -1, -1, 4], [2, 2, 1, 2, -1, -1, 4, -1], [2, 2, 1, 1, 0, 0, -1, 1], [2, 1, -1, -1, -1, -1, 2, 0], [2, 1, -1, -1, -1, 4, 2, -1], [2, 1, -1, -1, -1, 2, -1, 0], [2, 1, -1, -1, -1, 2, 1, 2], [2, 1, -1, -1, 2, 0, -1, -1], [2, 1, -1, -1, 1, 4, -1, 2], [2, 1, -1, -1, 0, 1, -1, 4], [2, 1, -1, 3, -1, -1, -1, 0], [2, 1, -1, 2, -1, -1, 1, 0], [2, 1, -1, 2, -1, 4, -1, 2], [2, 1, -1, 2, -1, 1, -1, 4], [2, 1, -1, 2, -1, 1, -1, 0], [2, 1, 5, -1, 0, -1, -1, 2], [2, 1, 5, -1, 0, -1, 2, -1], [2, 1, 3, -1, 1, 2, -1, 1], [2, 1, 3, -1, 1, 2, 1, -1], [2, 1, 3, -1, 0, -1, -1, 4], [2, 1, 3, 2, -1, -1, -1, 4], [2, 1, 3, 1, -1, -1, 2, 4], [2, 1, 3, 1, -1, 2, -1, 4], [2, 1, 3, 1, 0, -1, -1, 1], [2, 1, 3, 1, 0, 1, -1, -1], [2, 1, 2, -1, -1, 3, -1, 4], [2, 1, 2, -1, -1, 3, -1, 0], [2, 1, 2, -1, 2, -1, -1, -1], [2, 1, 2, 2, -1, 1, -1, 2], [2, 1, 1, -1, 0, -1, 1, 0], [2, 1, 1, -1, 0, 1, -1, 0], [2, 1, 1, 2, 1, 0, -1, 0], [2, 1, 1, 2, 0, -1, 1, 2], [1, -1, -1, -1, -1, -1, -1, 3], [1, -1, -1, -1, -1, -1, 7, -1], [1, -1, -1, -1, -1, 8, -1, -1], [1, -1, -1, -1, -1, 7, -1, 5], [1, -1, -1, -1, -1, 7, 6, -1], [1, -1, -1, -1, -1, 4, 5, 4], [1, -1, -1, -1, -1, 4, 4, 5], [1, -1, -1, -1, -1, 4, 1, 4], [1, -1, -1, -1, -1, 3, -1, 6], [1, -1, -1, -1, -1, 1, 4, 2], [1, -1, -1, -1, 2, -1, -1, 0], [1, -1, -1, -1, 2, 4, -1, 2], [1, -1, -1, -1, 2, 4, 2, -1], [1, -1, -1, -1, 2, 1, 4, -1], [1, -1, -1, -1, 1, -1, 4, 5], [1, -1, -1, -1, 1, -1, 3, -1], [1, -1, -1, -1, 1, 6, -1, -1], [1, -1, -1, -1, 1, 4, 1, 2], [1, -1, -1, -1, 1, 3, 5, -1], [1, -1, -1, -1, 1, 3, 1, 2], [1, -1, -1, -1, 0, -1, 6, 5], [1, -1, -1, -1, 0, 4, 5, -1], [1, -1, -1, -1, 0, 4, 4, 1], [1, -1, -1, 3, -1, -1, 2, 4], [1, -1, -1, 3, -1, 4, -1, -1], [1, -1, -1, 3, -1, 2, -1, 4], [1, -1, -1, 3, 2, -1, -1, -1], [1, -1, -1, 3, 1, -1, -1, 0], [1, -1, -1, 2, -1, 5, -1, 2], [1, -1, -1, 2, -1, 4, 4, 1], [1, -1, -1, 2, -1, 3, 5, -1], [1, -1, -1, 2, 2, -1, -1, -1], [1, -1, -1, 2, 1, 4, 1, -1], [1, -1, -1, 1, -1, -1, -1, 5], [1, -1, -1, 1, -1, 7, -1, -1], [1, -1, -1, 1, -1, 4, 1, 2], [1, -1, -1, 1, 0, -1, 6, -1], [1, -1, 5, -1, 0, -1, -1, 4], [1, -1, 5, -1, 0, -1, 4, -1], [1, -1, 5, 1, 0, 4, -1, -1], [1, -1, 3, -1, -1, -1, -1, 6], [1, -1, 3, -1, -1, -1, -1, 5], [1, -1, 3, -1, 2, 3, -1, -1], [1, -1, 3, -1, 1, 0, 0, 1], [1, -1, 3, -1, 0, -1, 5, -1], [1, -1, 3, -1, 0, 4, 4, 2], [1, -1, 3, 2, -1, -1, 0, 1], [1, -1, 3, 2, -1, 3, -1, 1], [1, -1, 3, 2, -1, 1, 4, 1], [1, -1, 3, 2, -1, 1, 1, 4], [1, -1, 3, 2, 1, -1, -1, 0], [1, -1, 3, 2, 1, -1, 4, 2], [1, -1, 3, 2, 1, -1, 0, -1], [1, -1, 3, 2, 1, 3, -1, -1], [1, -1, 3, 2, 1, 0, -1, -1], [1, -1, 3, 2, 0, -1, 4, 1], [1, -1, 3, 2, 0, 4, 2, -1], [1, -1, 3, 1, -1, 4, 4, 2], [1, -1, 3, 1, 1, 4, 4, -1], [1, -1, 3, 1, 1, 0, -1, 1], [1, -1, 2, -1, -1, -1, -1, 5], [1, -1, 2, -1, -1, -1, 4, 0], [1, -1, 2, -1, -1, 4, -1, 0], [1, -1, 2, -1, -1, 4, 1, 2], [1, -1, 2, -1, -1, 3, 4, 1], [1, -1, 2, -1, 2, -1, 4, -1], [1, -1, 2, -1, 2, -1, 0, -1], [1, -1, 2, -1, 2, 4, -1, -1], [1, -1, 2, -1, 2, 1, -1, 4], [1, -1, 2, -1, 2, 0, -1, -1], [1, -1, 2, -1, 1, 4, 1, -1], [1, -1, 2, -1, 1, 1, 4, 4], [1, -1, 2, -1, 1, 0, -1, 4], [1, -1, 2, -1, 0, -1, 6, -1], [1, -1, 2, 3, -1, -1, 4, -1], [1, -1, 2, 2, -1, -1, 4, 1], [1, -1, 2, 2, 1, -1, 1, 4], [1, -1, 2, 2, 1, 3, -1, 2], [1, -1, 2, 2, 1, 3, 0, 0], [1, -1, 2, 2, 0, 2, 1, 1], [1, -1, 2, 2, 0, 1, 4, -1], [1, -1, 2, 1, -1, -1, 6, -1], [1, -1, 2, 1, 1, 4, -1, 2], [1, -1, 2, 1, 1, 4, 2, -1], [1, -1, 2, 1, 1, 1, 2, 1], [1, -1, 1, -1, -1, -1, 3, -1], [1, -1, 1, -1, -1, 6, -1, -1], [1, -1, 1, -1, -1, 5, -1, 2], [1, -1, 1, -1, -1, 4, 5, -1], [1, -1, 1, -1, -1, 4, 4, 1], [1, -1, 1, -1, -1, 3, 5, -1], [1, -1, 1, -1, 1, -1, 5, -1], [1, -1, 1, 3, -1, -1, -1, 4], [1, -1, 1, 3, -1, -1, -1, 2], [1, -1, 1, 3, -1, -1, 2, -1], [1, -1, 1, 3, -1, 2, -1, -1], [1, -1, 1, 2, 1, 1, 2, 2], [1, -1, 1, 1, -1, -1, 5, -1], [1, -1, 1, 1, -1, 4, 4, 2], [1, -1, 1, 1, 1, 1, 1, 4], [1, -1, 1, 1, 0, 4, -1, 4], [1, 2, -1, -1, -1, 4, -1, 5], [1, 2, -1, -1, -1, 4, 5, -1], [1, 2, -1, -1, -1, 4, 1, 2], [1, 2, -1, -1, 1, -1, -1, 5], [1, 2, -1, 3, -1, -1, 4, -1], [1, 2, -1, 2, 1, 3, -1, 4], [1, 2, -1, 2, 1, 3, -1, 0], [1, 2, -1, 2, 1, 3, 0, -1], [1, 2, -1, 1, 1, 1, 2, 1], [1, 2, 5, -1, -1, 4, -1, -1], [1, 2, 3, -1, -1, 4, 4, 2], [1, 2, 3, -1, 0, -1, 4, 1], [1, 2, 3, -1, 0, 4, -1, 2], [1, 2, 3, 2, -1, -1, 4, 1], [1, 2, 3, 2, -1, 4, -1, 2], [1, 2, 3, 2, -1, 4, 2, -1], [1, 2, 3, 2, -1, 3, -1, 4], [1, 2, 3, 2, -1, 3, 0, -1], [1, 2, 3, 2, 1, -1, 4, 4], [1, 2, 3, 1, -1, 2, 1, 1], [1, 2, 3, 1, 2, 1, -1, -1], [1, 2, 3, 1, 1, 2, 1, -1], [1, 2, 2, -1, -1, 1, 2, 1], [1, 2, 2, 3, -1, -1, -1, 0], [1, 2, 2, 2, -1, 2, 1, 1], [1, 2, 2, 1, 0, 3, 4, 4], [1, 2, 1, -1, 1, 1, 1, 4], [1, 2, 1, 2, -1, 3, 1, 4], [1, 2, 1, 2, 1, -1, 2, 4], [1, 2, 1, 1, 1, -1, 1, 4], [1, 2, 1, 1, 1, 0, 1, 1], [1, 2, 1, 1, 0, -1, 4, 2], [1, 2, 1, 1, 0, 4, -1, -1], [1, 1, -1, -1, -1, -1, 4, 0], [1, 1, -1, -1, -1, -1, 3, -1], [1, 1, -1, -1, -1, 7, -1, -1], [1, 1, -1, -1, -1, 4, -1, 0], [1, 1, -1, -1, -1, 3, 5, -1], [1, 1, -1, -1, -1, 3, 1, 2], [1, 1, -1, -1, 1, 4, 4, 2], [1, 1, -1, -1, 1, 1, 4, 4], [1, 1, -1, 3, -1, -1, -1, 4], [1, 1, -1, 2, -1, 3, -1, 2], [1, 1, -1, 2, 1, -1, 4, 2], [1, 1, -1, 2, 1, -1, 1, 2], [1, 1, -1, 1, -1, 4, 4, 2], [1, 1, -1, 1, -1, 1, 4, 4], [1, 1, 3, -1, -1, -1, 1, 4], [1, 1, 3, -1, -1, 4, -1, 4], [1, 1, 3, -1, -1, 3, -1, 2], [1, 1, 3, -1, -1, 1, -1, 4], [1, 1, 3, -1, 1, -1, 4, -1], [1, 1, 3, -1, 0, 3, -1, 1], [1, 1, 3, -1, 0, 3, 1, -1], [1, 1, 3, 2, -1, -1, 4, 2], [1, 1, 3, 2, -1, 4, 4, -1], [1, 1, 3, 2, -1, 3, 1, -1], [1, 1, 2, -1, -1, -1, 6, -1], [1, 1, 2, -1, -1, 4, 1, 1], [1, 1, 2, -1, -1, 1, 4, 4], [1, 1, 2, -1, 2, -1, -1, 4], [1, 1, 2, -1, 2, -1, -1, 2], [1, 1, 2, -1, 2, -1, 2, -1], [1, 1, 2, -1, 2, 2, -1, -1], [1, 1, 2, -1, 1, -1, 1, 2], [1, 1, 2, -1, 1, 4, -1, 2], [1, 1, 2, -1, 1, 4, 2, -1], [1, 1, 2, -1, 1, 1, 4, -1], [1, 1, 2, 2, -1, 1, -1, 4], [1, 1, 2, 2, 1, -1, 4, -1], [1, 1, 2, 1, -1, 3, 1, 1], [1, 1, 2, 1, -1, 3, 0, 1], [1, 1, 2, 1, -1, 1, 2, 2], [1, 1, 2, 1, 1, 3, -1, 0], [1, 1, 2, 1, 1, 3, 1, -1], [1, 1, 2, 1, 0, -1, 0, 1], [1, 1, 2, 1, 0, 3, -1, 1], [1, 1, 2, 1, 0, 1, -1, 2], [1, 1, 2, 1, 0, 1, 2, -1], [1, 1, 1, -1, -1, 4, 4, 2], [1, 1, 1, -1, 1, -1, 4, 2], [1, 1, 1, -1, 1, 3, -1, 2], [1, 1, 1, -1, 1, 1, -1, 2], [1, 1, 1, -1, 1, 1, 2, -1], [1, 1, 1, 2, -1, -1, 4, 2], [1, 1, 1, 2, 1, 4, -1, -1], [1, 1, 1, 1, 0, 3, -1, 0], [1, 1, 1, 1, 0, 0, 0, 1], [0, -1, -1, -1, -1, 4, -1, 7], [0, -1, -1, -1, -1, 4, 6, -1], [0, -1, -1, -1, -1, 2, 1, 4], [0, -1, -1, -1, 2, -1, 1, 2], [0, -1, -1, -1, 2, 2, 1, -1], [0, -1, -1, -1, 2, 0, -1, 1], [0, -1, -1, -1, 2, 0, 1, -1], [0, -1, -1, -1, 1, 4, 4, 1], [0, -1, -1, -1, 1, 3, 4, 1], [0, -1, -1, -1, 0, 6, 5, -1], [0, -1, -1, 3, -1, 1, 2, 2], [0, -1, -1, 3, 1, -1, 0, 1], [0, -1, -1, 3, 1, 5, -1, -1], [0, -1, -1, 3, 1, 3, -1, 1], [0, -1, -1, 3, 0, 3, 0, 0], [0, -1, -1, 3, 0, 1, 2, -1], [0, -1, -1, 2, -1, 3, 1, 5], [0, -1, -1, 2, 2, -1, -1, 1], [0, -1, -1, 2, 2, -1, 1, -1], [0, -1, -1, 2, 2, 4, -1, 4], [0, -1, -1, 2, 0, 3, 5, 4], [0, -1, -1, 1, 1, 10, -1, -1], [0, -1, -1, 1, 0, -1, 4, 0], [0, -1, -1, 1, 0, 4, -1, 0], [0, -1, -1, 1, 0, 0, -1, 4], [0, -1, -1, 0, 0, -1, 1, -1], [0, -1, 5, 2, -1, 4, -1, -1], [0, -1, 5, 1, -1, 3, -1, -1], [0, -1, 4, -1, -1, 2, -1, 1], [0, -1, 4, 2, -1, -1, 0, -1], [0, -1, 4, 2, -1, 0, -1, 0], [0, -1, 3, -1, 1, -1, 5, -1], [0, -1, 3, -1, 1, 5, -1, 4], [0, -1, 3, -1, 0, 5, -1, 2], [0, -1, 3, -1, 0, 4, 1, 1], [0, -1, 3, 3, -1, -1, 0, 1], [0, -1, 3, 3, 1, -1, 0, -1], [0, -1, 3, 2, -1, 0, 0, 1], [0, -1, 3, 1, -1, -1, 5, 5], [0, -1, 3, 1, -1, 2, 1, 2], [0, -1, 3, 1, 1, 5, -1, -1], [0, -1, 3, 1, 0, 4, 1, -1], [0, -1, 3, 0, -1, -1, 1, -1], [0, -1, 3, 0, 0, 3, -1, -1], [0, -1, 3, 0, 0, 1, -1, -1], [0, -1, 2, -1, -1, 3, 1, 5], [0, -1, 2, -1, 2, -1, 1, 1], [0, -1, 2, -1, 2, 3, -1, 4], [0, -1, 2, -1, 1, 0, -1, 2], [0, -1, 2, -1, 0, 1, -1, 5], [0, -1, 2, 3, -1, 1, -1, -1], [0, -1, 2, 2, -1, 3, 1, 4], [0, -1, 2, 2, 1, 2, 2, 1], [0, -1, 2, 2, 1, 1, -1, 4], [0, -1, 2, 1, 1, -1, -1, 7], [0, -1, 2, 1, 1, -1, 2, 0], [0, -1, 2, 1, 1, 4, 5, 4], [0, -1, 2, 1, 1, 2, -1, 0], [0, -1, 1, -1, -1, -1, -1, 9], [0, -1, 1, -1, -1, -1, 9, -1], [0, -1, 1, -1, -1, 10, -1, -1], [0, -1, 1, -1, -1, 1, 4, 2], [0, -1, 1, -1, 2, -1, -1, 4], [0, -1, 1, -1, 2, -1, -1, 0], [0, -1, 1, -1, 2, -1, 0, -1], [0, -1, 1, -1, 2, 1, -1, -1], [0, -1, 1, -1, 1, -1, -1, 8], [0, -1, 1, -1, 1, 4, -1, 1], [0, -1, 1, -1, 1, 4, 1, -1], [0, -1, 1, -1, 0, 5, 5, -1], [0, -1, 1, 2, -1, 5, 5, -1], [0, -1, 1, 2, 1, -1, 4, 4], [0, -1, 1, 2, 1, 5, -1, -1], [0, -1, 1, 2, 1, 4, -1, 4], [0, -1, 1, 2, 1, 4, 4, -1], [0, -1, 1, 2, 1, 1, 4, 1], [0, -1, 1, 1, -1, -1, -1, 8], [0, -1, 1, 1, -1, -1, 4, 0], [0, -1, 1, 1, -1, 4, -1, 1], [0, -1, 1, 1, -1, 4, -1, 0], [0, -1, 1, 1, -1, 4, 1, -1], [0, -1, 1, 1, -1, 3, 1, 2], [0, -1, 1, 1, -1, 1, -1, 5], [0, -1, 1, 1, -1, 1, 4, 4], [0, -1, 1, 1, -1, 1, 2, 2], [0, -1, 1, 1, -1, 0, 1, 1], [0, -1, 1, 1, 2, 3, -1, -1], [0, -1, 1, 1, 1, 1, -1, 2], [0, -1, 1, 1, 1, 1, 2, -1], [0, -1, 1, 1, 0, 5, -1, 4], [0, -1, 1, 1, 0, 5, 4, -1], [0, 2, -1, -1, -1, -1, -1, 8], [0, 2, -1, -1, -1, -1, 9, -1], [0, 2, -1, -1, -1, 10, -1, -1], [0, 2, -1, -1, -1, 4, 2, 1], [0, 2, -1, -1, 1, -1, -1, 7], [0, 2, -1, -1, 1, 5, 5, -1], [0, 2, -1, 3, -1, 3, 4, 4], [0, 2, -1, 3, 1, 1, 1, 1], [0, 2, -1, 2, -1, -1, -1, 7], [0, 2, -1, 2, 2, -1, 4, 4], [0, 2, -1, 2, 1, 5, -1, -1], [0, 2, -1, 2, 1, 4, 2, -1], [0, 2, -1, 1, -1, 7, -1, -1], [0, 2, -1, 1, -1, 4, -1, 1], [0, 2, -1, 1, -1, 3, 1, 4], [0, 2, -1, 1, -1, 1, 5, -1], [0, 2, -1, 1, 2, 3, -1, -1], [0, 2, -1, 1, 0, 1, 4, 2], [0, 2, 6, -1, -1, 4, -1, -1], [0, 2, 5, 2, 1, -1, -1, -1], [0, 2, 4, 2, -1, -1, -1, 1], [0, 2, 4, 2, -1, 1, -1, -1], [0, 2, 4, 2, -1, 0, -1, -1], [0, 2, 4, 2, 0, -1, 1, -1], [0, 2, 3, -1, -1, 4, -1, 1], [0, 2, 3, 1, 2, -1, -1, 4], [0, 2, 2, -1, -1, 3, 1, 4], [0, 2, 2, 3, -1, -1, 1, 1], [0, 2, 2, 3, -1, 0, -1, -1], [0, 2, 2, 2, -1, 4, 1, 1], [0, 2, 2, 2, 1, -1, 2, 1], [0, 2, 2, 2, 0, 4, -1, 1], [0, 2, 2, 2, 0, 1, 4, 4], [0, 2, 2, 1, 1, -1, 4, 1], [0, 2, 2, 1, 0, 5, 4, 4], [0, 2, 1, -1, 1, -1, 2, 4], [0, 2, 1, -1, 1, 3, -1, 2], [0, 2, 1, 2, 1, 4, -1, -1], [0, 2, 1, 1, -1, -1, 2, 4], [0, 2, 1, 1, -1, 2, -1, 4], [0, 2, 1, 1, 1, -1, 4, 2], [0, 2, 1, 1, 1, 3, 4, -1], [0, 2, 1, 1, 0, -1, 1, 4], [0, 2, 1, 1, 0, 1, -1, 4], [0, 2, 1, 1, 0, 1, 4, -1], [0, 1, -1, -1, -1, 5, -1, 1], [0, 1, -1, -1, 2, -1, -1, 5], [0, 1, -1, -1, 1, 0, -1, 2], [0, 1, -1, -1, 1, 0, 1, -1], [0, 1, -1, -1, 0, 0, -1, 4], [0, 1, -1, -1, 0, 0, 0, 1], [0, 1, -1, 3, -1, -1, -1, 0], [0, 1, -1, 3, -1, 5, -1, -1], [0, 1, -1, 2, -1, 6, -1, 5], [0, 1, -1, 2, -1, 0, -1, 4], [0, 1, -1, 2, -1, 0, 0, 1], [0, 1, -1, 2, 0, 0, -1, 1], [0, 1, -1, 1, -1, 5, 5, -1], [0, 1, -1, 1, -1, 1, 2, 1], [0, 1, -1, 1, -1, 0, -1, 2], [0, 1, -1, 1, 1, 4, 5, 4], [0, 1, -1, 1, 0, 3, 1, 4], [0, 1, -1, 1, 0, 1, 4, 1], [0, 1, 6, 1, -1, -1, -1, 2], [0, 1, 6, 1, -1, -1, 2, -1], [0, 1, 6, 1, -1, 2, -1, -1], [0, 1, 5, -1, -1, 4, 2, -1], [0, 1, 5, -1, 0, 4, -1, -1], [0, 1, 3, -1, -1, -1, 4, 0], [0, 1, 3, -1, -1, -1, 0, 1], [0, 1, 3, -1, -1, 4, -1, 0], [0, 1, 3, -1, -1, 0, -1, 1], [0, 1, 3, -1, 1, 3, -1, 1], [0, 1, 3, 1, 1, 1, 2, -1], [0, 1, 3, 1, 0, -1, 2, 1], [0, 1, 3, 1, 0, 3, 4, 4], [0, 1, 3, 1, 0, 1, 4, -1], [0, 1, 2, -1, -1, 1, -1, 5], [0, 1, 2, -1, -1, 0, -1, 2], [0, 1, 2, -1, 2, -1, -1, 1], [0, 1, 2, -1, 2, -1, 1, -1], [0, 1, 2, -1, 1, 3, 0, 1], [0, 1, 2, -1, 0, 1, 2, 1], [0, 1, 2, 1, -1, 1, 4, 1], [0, 1, 2, 1, 0, -1, 4, 1], [0, 1, 1, -1, -1, 4, -1, 1], [0, 1, 1, -1, -1, 4, 1, -1], [0, 1, 1, -1, -1, 0, -1, 4], [0, 1, 1, -1, -1, 0, -1, 1], [0, 1, 1, -1, 1, 1, 4, 1], [0, 1, 1, -1, 1, 1, 2, -1], [0, 1, 1, -1, 0, 4, 4, 2], [0, 1, 1, 2, 1, 3, 4, -1], [0, 1, 1, 1, -1, 0, 1, -1], [0, 1, 1, 1, 1, -1, 2, 0], [0, 1, 1, 1, 1, 2, -1, 0]]
10 160 
 [[-1, -1, -1, -1, -1, -1, 2, 5], [-1, -1, -1, -1, -1, 2, -1, 5], [-1, -1, -1, -1, 2, 3, -1, 0], [-1, -1, -1, -1, 2, 3, 0, -1], [-1, -1, -1, -1, 1, -1, -1, 6], [-1, -1, -1, -1, 1, -1, 4, 0], [-1, -1, -1, -1, 1, 5, 5, 4], [-1, -1, -1, -1, 1, 4, -1, 0], [-1, -1, -1, -1, 1, 1, 5, -1], [-1, -1, -1, 3, 1, -1, 2, 4], [-1, -1, -1, 3, 1, 4, 2, -1], [-1, -1, -1, 3, 1, 2, -1, 4], [-1, -1, -1, 2, -1, 2, 1, 4], [-1, -1, -1, 2, 0, 3, 6, 5], [-1, -1, -1, 1, -1, -1, 7, -1], [-1, -1, -1, 1, 0, 6, -1, 4], [-1, -1, 3, -1, -1, 3, 4, 1], [-1, -1, 3, -1, -1, 1, 5, -1], [-1, -1, 3, -1, 0, 3, 5, -1], [-1, -1, 3, 2, -1, 3, 5, -1], [-1, -1, 3, 2, 1, 3, -1, 1], [-1, -1, 3, 2, 1, 3, 0, -1], [-1, -1, 3, 1, -1, -1, 5, 4], [-1, -1, 3, 1, 2, 3, -1, -1], [-1, -1, 3, 1, 1, 5, -1, 4], [-1, -1, 3, 1, 0, -1, 5, -1], [-1, -1, 2, -1, -1, 4, 6, -1], [-1, -1, 2, -1, -1, 4, 4, 1], [-1, -1, 2, -1, 0, 3, 4, 5], [-1, -1, 2, 3, 1, 4, -1, -1], [-1, -1, 2, 1, -1, -1, 4, 0], [-1, -1, 2, 1, -1, 4, -1, 0], [-1, -1, 2, 1, 2, -1, -1, 0], [-1, -1, 1, -1, -1, -1, -1, 6], [-1, -1, 1, -1, 0, 3, 5, 4], [-1, -1, 1, 2, -1, 3, 5, -1], [-1, -1, 1, 2, -1, 1, 4, 2], [-1, -1, 1, 1, 1, -1, 5, 4], [-1, -1, 1, 1, 0, 4, 1, -1], [-1, 2, -1, -1, -1, -1, -1, 6], [-1, 2, -1, -1, -1, -1, 7, -1], [-1, 2, -1, -1, -1, 4, 4, 1], [-1, 2, -1, -1, -1, 2, 1, 4], [-1, 2, -1, -1, 1, -1, 6, -1], [-1, 2, -1, -1, 1, 6, -1, -1], [-1, 2, -1, 3, 1, -1, -1, 4], [-1, 2, -1, 2, -1, 5, 5, -1], [-1, 2, -1, 2, -1, 3, 4, 1], [-1, 2, -1, 1, -1, 6, -1, -1], [-1, 2, -1, 1, 0, 5, -1, 2], [-1, 2, 3, -1, -1, -1, 5, -1], [-1, 2, 3, -1, -1, 5, -1, -1], [-1, 2, 3, -1, 2, -1, 4, -1], [-1, 2, 3, -1, 2, 4, -1, -1], [-1, 2, 3, 2, 1, 4, 2, -1], [-1, 2, 3, 1, 1, 1, 1, 4], [-1, 2, 2, -1, 0, 5, -1, 2], [-1, 2, 2, -1, 0, 3, 4, 1], [-1, 2, 2, 3, -1, -1, -1, 4], [-1, 2, 2, 3, -1, 1, -1, -1], [-1, 2, 2, 2, 1, 4, 2, -1], [-1, 2, 2, 2, 0, -1, 4, 1], [-1, 2, 2, 1, -1, -1, 6, -1], [-1, 2, 1, -1, 1, -1, 5, -1], [-1, 2, 1, -1, 1, 2, -1, 4], [-1, 2, 1, 2, 1, 4, 4, -1], [-1, 2, 1, 1, -1, -1, 5, -1], [-1, 2, 1, 1, 1, 3, 4, 2], [-1, 2, 1, 1, 1, 1, 1, 4], [-1, 1, -1, -1, 2, -1, -1, 0], [-1, 1, -1, -1, 2, -1, 0, -1], [-1, 1, -1, -1, 2, 3, -1, -1], [-1, 1, -1, -1, 0, 6, -1, 4], [-1, 1, -1, -1, 0, 6, 5, -1], [-1, 1, -1, 3, -1, -1, 0, -1], [-1, 1, -1, 2, -1, -1, 4, 0], [-1, 1, -1, 2, -1, 4, -1, 0], [-1, 1, -1, 2, -1, 3, 6, -1], [-1, 1, -1, 2, -1, 3, 5, -1], [-1, 1, -1, 2, 2, 2, -1, 2], [-1, 1, -1, 2, 0, 6, -1, -1], [-1, 1, 3, -1, -1, 3, 5, -1], [-1, 1, 3, -1, 1, 5, -1, 4], [-1, 1, 3, 2, -1, -1, 5, -1], [-1, 1, 2, -1, 0, 3, -1, 5], [-1, 1, 2, -1, 0, 3, 6, -1], [-1, 1, 2, 2, -1, 6, -1, -1], [-1, 1, 2, 2, -1, 3, -1, 5], [-1, 1, 2, 2, -1, 1, 4, 4], [-1, 1, 2, 2, 0, -1, 6, -1], [-1, 1, 1, -1, 1, 1, 2, 2], [-1, 1, 1, 2, -1, 4, 4, 2], [-1, 1, 1, 2, 1, 4, -1, 2], [2, -1, -1, -1, 0, 3, 4, 2], [2, -1, 1, -1, -1, 4, -1, 2], [2, -1, 1, 2, -1, 4, -1, -1], [2, 2, -1, -1, -1, 3, 4, 2], [2, 2, -1, -1, 0, -1, 4, 2], [2, 2, -1, -1, 0, 3, 4, -1], [2, 2, 2, 1, -1, 3, -1, -1], [2, 2, 1, -1, 0, -1, 4, -1], [2, 1, -1, -1, -1, 4, 2, -1], [1, -1, -1, -1, 2, -1, -1, 0], [1, -1, -1, 2, 2, -1, -1, -1], [1, -1, -1, 1, -1, -1, -1, 5], [1, -1, 3, 2, -1, 3, -1, 1], [1, -1, 3, 2, 1, -1, -1, 0], [1, -1, 3, 2, 1, -1, 0, -1], [1, -1, 3, 2, 1, 3, -1, -1], [1, -1, 3, 2, 1, 0, -1, -1], [1, -1, 2, 2, 0, 2, 1, 1], [1, -1, 2, 2, 0, 1, 4, -1], [1, -1, 2, 1, 1, 4, -1, 2], [1, -1, 2, 1, 1, 4, 2, -1], [1, -1, 1, -1, 1, -1, 5, -1], [1, -1, 1, 1, 1, 1, 1, 4], [1, -1, 1, 1, 0, 4, -1, 4], [1, 2, -1, 2, 1, 3, -1, 0], [1, 2, -1, 2, 1, 3, 0, -1], [1, 2, 3, 2, -1, 3, 0, -1], [1, 2, 2, 2, -1, 2, 1, 1], [1, 2, 1, 1, 1, -1, 1, 4], [1, 2, 1, 1, 0, 4, -1, -1], [1, 1, -1, 2, -1, 3, -1, 2], [1, 1, 2, -1, 1, 4, -1, 2], [1, 1, 2, 1, -1, 3, 1, 1], [1, 1, 2, 1, 1, 3, -1, 0], [1, 1, 1, 2, -1, -1, 4, 2], [1, 1, 1, 1, 0, 3, -1, 0], [0, -1, -1, -1, -1, 4, 6, -1], [0, -1, -1, -1, -1, 2, 1, 4], [0, -1, -1, -1, 1, 3, 4, 1], [0, -1, -1, -1, 0, 6, 5, -1], [0, -1, -1, 2, 0, 3, 5, 4], [0, -1, 3, -1, 1, -1, 5, -1], [0, -1, 3, -1, 1, 5, -1, 4], [0, -1, 3, 1, 1, 5, -1, -1], [0, -1, 2, 3, -1, 1, -1, -1], [0, -1, 1, 2, 1, -1, 4, 4], [0, -1, 1, 2, 1, 4, 4, -1], [0, -1, 1, 1, -1, 1, 2, 2], [0, 2, -1, 3, 1, 1, 1, 1], [0, 2, -1, 2, 1, 4, 2, -1], [0, 2, -1, 1, -1, 4, -1, 1], [0, 2, -1, 1, -1, 3, 1, 4], [0, 2, -1, 1, -1, 1, 5, -1], [0, 2, -1, 1, 2, 3, -1, -1], [0, 2, 3, -1, -1, 4, -1, 1], [0, 2, 2, 2, 0, 4, -1, 1], [0, 2, 2, 2, 0, 1, 4, 4], [0, 2, 2, 1, 0, 5, 4, 4], [0, 2, 1, -1, 1, 3, -1, 2], [0, 2, 1, 1, -1, -1, 2, 4], [0, 2, 1, 1, -1, 2, -1, 4], [0, 2, 1, 1, 1, -1, 4, 2], [0, 2, 1, 1, 1, 3, 4, -1], [0, 1, -1, 2, 0, 0, -1, 1], [0, 1, 3, 1, 1, 1, 2, -1], [0, 1, 3, 1, 0, 3, 4, 4], [0, 1, 1, -1, 0, 4, 4, 2]]
20 33 
 [[-1, -1, -1, -1, -1, -1, 2, 5], [-1, -1, -1, -1, -1, 2, -1, 5], [-1, -1, -1, -1, 2, 3, -1, 0], [-1, -1, -1, -1, 2, 3, 0, -1], [-1, -1, -1, -1, 1, -1, 4, 0], [-1, -1, -1, -1, 1, 4, -1, 0], [-1, -1, 3, 1, -1, -1, 5, 4], [-1, 2, -1, -1, -1, -1, -1, 6], [-1, 2, 3, -1, -1, -1, 5, -1], [-1, 2, 3, -1, -1, 5, -1, -1], [-1, 2, 2, 2, 0, -1, 4, 1], [-1, 1, -1, -1, 2, -1, -1, 0], [-1, 1, -1, -1, 2, -1, 0, -1], [-1, 1, -1, -1, 2, 3, -1, -1], [-1, 1, -1, -1, 0, 6, 5, -1], [-1, 1, -1, 2, -1, 3, 5, -1], [-1, 1, -1, 2, 0, 6, -1, -1], [-1, 1, 2, -1, 0, 3, -1, 5], [1, -1, -1, -1, 2, -1, -1, 0], [1, -1, 3, 2, 1, -1, -1, 0], [1, -1, 3, 2, 1, -1, 0, -1], [1, -1, 3, 2, 1, 0, -1, -1], [1, 2, -1, 2, 1, 3, -1, 0], [1, 2, -1, 2, 1, 3, 0, -1], [1, 2, 1, 1, 0, 4, -1, -1], [1, 1, -1, 2, -1, 3, -1, 2], [1, 1, 1, 1, 0, 3, -1, 0], [0, -1, -1, -1, 0, 6, 5, -1], [0, -1, -1, 2, 0, 3, 5, 4], [0, -1, 3, -1, 1, -1, 5, -1], [0, -1, 3, -1, 1, 5, -1, 4], [0, 2, -1, 2, 1, 4, 2, -1], [0, 2, -1, 1, -1, 4, -1, 1]]
30 7 
 [[-1, -1, 3, 1, -1, -1, 5, 4], [-1, 2, -1, -1, -1, -1, -1, 6], [-1, 2, 3, -1, -1, -1, 5, -1], [-1, 1, -1, 2, -1, 3, 5, -1], [0, -1, -1, -1, 0, 6, 5, -1], [0, -1, -1, 2, 0, 3, 5, 4], [0, -1, 3, -1, 1, -1, 5, -1]]
40 2 
 [[-1, -1, 3, 1, -1, -1, 5, 4], [0, -1, -1, 2, 0, 3, 5, 4]]
50 0 
 []
60 0 
 []
70 0 
 []
80 0 
 []
90 0 
 []
100 0 
 []
200 0 
 []
500 0 
 []
1000 0 
 []
