execution time
6000 0.07575607299804688 0.3368492126464844
8000 0.11234164237976074 0.5388867855072021
10000 0.1998920440673828 0.8296430110931396
12000 0.28858304023742676 0.9796669483184814
14000 0.383746862411499 1.1422536373138428
16000 0.4667093753814697 1.239995002746582
18000 0.5630111694335938 1.3233659267425537
20000 0.6425490379333496 1.4926459789276123


number of calculations
6000 1079.0 10799.0
8000 1414.0 10799.0
10000 1960.0 10799.0
12000 2492.0 10799.0
14000 2902.0 10799.0
16000 3258.0 10799.0
18000 3458.0 10799.0
20000 3677.0 10799.0


number of patterns found
6000 0 
 []
8000 0 
 []
10000 4 
 [[-1, -1, 3, 5, -1, -1], [-1, 0, -1, -1, 3, -1], [-1, 0, -1, 5, -1, -1], [0, -1, 2, -1, 1, -1]]
12000 8 
 [[-1, -1, -1, 5, 1, -1], [-1, -1, -1, 1, 3, -1], [-1, -1, 1, -1, 3, 1], [-1, -1, 1, 4, -1, 1], [-1, 0, -1, 1, -1, -1], [0, -1, 1, -1, 3, -1], [0, -1, 1, 4, -1, -1], [0, 3, -1, -1, 3, -1]]
14000 3 
 [[-1, -1, -1, 3, 2, 1], [-1, 0, -1, 5, -1, 1], [1, 0, -1, 5, -1, -1]]
16000 5 
 [[-1, 3, 2, 0, -1, -1], [1, -1, -1, 1, 2, -1], [1, 3, -1, 4, -1, 1], [0, -1, 2, -1, 3, 0], [0, 1, -1, 5, -1, 1]]
18000 4 
 [[-1, 1, -1, 1, 1, -1], [1, 3, -1, 4, -1, 1], [1, 0, -1, -1, 1, 1], [0, 2, -1, 6, -1, 1]]
20000 4 
 [[1, 2, -1, 4, -1, 1], [0, 2, 3, -1, 1, -1], [0, 1, 1, 4, -1, -1], [0, 0, -1, -1, 4, 0]]
