execution time
3 0.05530500411987305 0.04857802391052246
4 0.057393789291381836 0.06173372268676758
5 0.07198786735534668 0.10420489311218262
6 0.08491683006286621 0.1972498893737793
7 0.13323712348937988 0.6045510768890381
8 0.2001039981842041 1.8712959289550781
9 0.05530500411987305
10 0.057393789291381836
11 0.07198786735534668
12 0.08491683006286621
13 0.13323712348937988
14 0.2001039981842041
15 0.47880125045776367
16 0.6638178825378418


number of patterns checked
3 36.0 35.0
4 253.0 287.0
5 517.0 1439.0
6 799.0 4319.0
7 1433.0 12959.0
8 3584.0 51839.0
9 36.0
10 253.0
11 517.0
12 799.0
13 1433.0
14 3584.0
15 9304.0
16 17884.0


number of patterns found
0 0 
 []
1 0 
 []
2 0 
 []
3 0 
 []
4 0 
 []
5 0 
 []
6 0 
 []
7 0 
 []
8 0 
 []
9 0 
 []
10 0 
 []
11 0 
 []
12 0 
 []
13 45 
 [[-1, -1, -1, -1, -1, -1, -1, 0, -1, -1, -1, 1, 0, -1, 0, 0], [-1, -1, -1, -1, -1, -1, 0, -1, -1, -1, -1, -1, -1, -1, 0, 0], [-1, -1, -1, -1, -1, 1, -1, -1, -1, -1, -1, -1, -1, -1, 0, 0], [-1, -1, -1, -1, -1, 0, -1, -1, -1, -1, -1, 1, 0, -1, 0, 0], [-1, -1, -1, -1, 0, -1, -1, -1, -1, -1, -1, 1, -1, -1, 0, 0], [-1, -1, -1, -1, 0, -1, 1, -1, -1, -1, -1, 0, 0, 0, 1, 0], [-1, -1, -1, -1, 0, 0, -1, -1, -1, -1, -1, 1, -1, -1, 1, 0], [-1, -1, -1, 0, -1, -1, -1, -1, -1, -1, -1, 1, -1, -1, 0, 0], [-1, -1, -1, 0, -1, 0, -1, -1, -1, -1, -1, 1, -1, 0, 1, 0], [-1, -1, -1, 0, 0, -1, -1, -1, -1, -1, -1, -1, 0, -1, 0, 0], [-1, -1, 2, -1, -1, -1, -1, -1, -1, -1, -1, -1, -1, -1, 0, 0], [-1, -1, 1, -1, -1, -1, -1, -1, -1, -1, -1, -1, 1, -1, 0, 0], [-1, -1, 1, -1, -1, -1, -1, -1, -1, -1, -1, 1, -1, -1, 0, 0], [-1, -1, 1, -1, -1, -1, 1, -1, -1, -1, -1, -1, -1, 0, 0, 0], [-1, -1, 1, -1, -1, -1, 1, -1, 0, -1, -1, -1, -1, -1, 0, 0], [-1, -1, 1, 0, -1, -1, 1, -1, -1, -1, -1, -1, -1, -1, 0, 0], [-1, -1, 1, 0, 0, -1, -1, -1, -1, -1, -1, -1, -1, -1, 0, 0], [-1, -1, 0, -1, -1, -1, 1, -1, -1, -1, -1, -1, 0, -1, 1, 0], [-1, -1, 0, -1, -1, 0, -1, -1, -1, -1, -1, 1, -1, -1, 1, 0], [-1, -1, 0, -1, 0, -1, -1, -1, -1, -1, -1, 1, -1, -1, 1, 0], [-1, -1, 0, -1, 0, -1, 1, -1, -1, -1, -1, -1, 0, -1, 0, 0], [-1, -1, 0, 0, -1, -1, -1, -1, -1, -1, -1, 1, -1, -1, 1, 0], [-1, 0, -1, -1, -1, -1, -1, -1, -1, -1, -1, -1, 0, -1, 0, 0], [-1, 0, -1, -1, -1, -1, -1, -1, -1, -1, -1, 1, -1, -1, 0, 0], [-1, 0, -1, -1, -1, 0, -1, -1, -1, -1, -1, 1, -1, -1, 1, 0], [-1, 0, -1, 0, 0, -1, -1, -1, -1, -1, -1, -1, -1, 0, 0, 0], [-1, 0, -1, 0, 0, -1, -1, -1, -1, -1, -1, 1, -1, -1, 1, 0], [-1, 0, -1, 0, 0, -1, -1, -1, -1, 0, -1, -1, -1, -1, 0, 0], [-1, 0, 1, -1, -1, -1, -1, -1, -1, -1, -1, -1, -1, -1, 0, 0], [1, -1, -1, -1, -1, -1, 1, -1, -1, -1, -1, -1, -1, -1, 0, 0], [1, -1, -1, 0, 0, 0, -1, -1, -1, -1, -1, -1, -1, -1, 0, 0], [1, -1, 1, -1, -1, 0, -1, -1, -1, -1, -1, -1, -1, -1, 0, 0], [1, -1, 1, 0, -1, -1, -1, -1, -1, -1, -1, -1, -1, -1, 0, 0], [1, 0, -1, -1, 0, 0, -1, -1, -1, -1, -1, -1, -1, -1, 0, 0], [1, 0, -1, 0, -1, 0, -1, -1, -1, -1, -1, -1, -1, -1, 0, 0], [0, -1, -1, -1, -1, 0, -1, -1, -1, -1, -1, 1, -1, -1, 1, 0], [0, -1, -1, 0, -1, -1, -1, -1, -1, -1, -1, -1, 0, -1, 0, 0], [0, -1, -1, 0, 0, -1, -1, -1, -1, -1, -1, 1, -1, -1, 1, 0], [0, -1, 1, -1, 0, -1, -1, -1, -1, -1, -1, 0, 0, -1, 0, 0], [0, -1, 0, -1, -1, -1, -1, -1, -1, -1, -1, 1, -1, -1, 1, 0], [0, -1, 0, -1, -1, 0, 1, -1, -1, 0, -1, -1, -1, 0, 1, 0], [0, -1, 0, -1, 0, 0, 1, -1, -1, -1, -1, -1, -1, -1, 1, 0], [0, 1, -1, -1, 1, -1, -1, -1, -1, -1, -1, -1, -1, -1, 0, 0], [0, 0, -1, 0, -1, -1, -1, -1, -1, -1, -1, 1, -1, -1, 1, 0], [0, 0, -1, 0, 0, -1, -1, -1, -1, -1, -1, -1, -1, -1, 0, 0]]
