execution time
3 0.044499874114990234 0.04110217094421387
4 0.06975483894348145 0.0676889419555664
5 0.09099507331848145 0.10521411895751953
6 0.14639902114868164 0.25060200691223145
7 0.18755698204040527 0.7603561878204346
8 0.22663378715515137 2.213740110397339
9 0.40847110748291016 9.832511901855469
10 0.6569452285766602 42.47653603553772
11 1.2013418674468994 172.3792450428009
12 0.044499874114990234
13 0.06975483894348145
14 0.09099507331848145
15 0.14639902114868164
16 0.18755698204040527


number of patterns checked
3 36.0 35.0
4 253.0 287.0
5 517.0 1439.0
6 799.0 4319.0
7 1433.0 12959.0
8 3584.0 51839.0
9 9304.0 259199.0
10 17884.0 1036799.0
11 35044.0 4147199.0
12 36.0
13 253.0
14 517.0
15 799.0
16 1433.0


number of patterns found
0 0 
 []
1 0 
 []
2 0 
 []
3 0 
 []
4 0 
 []
5 0 
 []
6 0 
 []
7 0 
 []
8 0 
 []
9 0 
 []
10 0 
 []
11 0 
 []
12 0 
 []
13 45 
 [[-1, -1, -1, -1, -1, -1, -1, 0, -1, -1, -1, 1, 0, -1, 0, 0], [-1, -1, -1, -1, -1, -1, 0, -1, -1, -1, -1, -1, -1, -1, 0, 0], [-1, -1, -1, -1, -1, 1, -1, -1, -1, -1, -1, -1, -1, -1, 0, 0], [-1, -1, -1, -1, -1, 0, -1, -1, -1, -1, -1, 1, 0, -1, 0, 0], [-1, -1, -1, -1, 0, -1, -1, -1, -1, -1, -1, 1, -1, -1, 0, 0], [-1, -1, -1, -1, 0, -1, 1, -1, -1, -1, -1, 0, 0, 0, 1, 0], [-1, -1, -1, -1, 0, 0, -1, -1, -1, -1, -1, 1, -1, -1, 1, 0], [-1, -1, -1, 0, -1, -1, -1, -1, -1, -1, -1, 1, -1, -1, 0, 0], [-1, -1, -1, 0, -1, 0, -1, -1, -1, -1, -1, 1, -1, 0, 1, 0], [-1, -1, -1, 0, 0, -1, -1, -1, -1, -1, -1, -1, 0, -1, 0, 0], [-1, -1, 2, -1, -1, -1, -1, -1, -1, -1, -1, -1, -1, -1, 0, 0], [-1, -1, 1, -1, -1, -1, -1, -1, -1, -1, -1, -1, 1, -1, 0, 0], [-1, -1, 1, -1, -1, -1, -1, -1, -1, -1, -1, 1, -1, -1, 0, 0], [-1, -1, 1, -1, -1, -1, 1, -1, -1, -1, -1, -1, -1, 0, 0, 0], [-1, -1, 1, -1, -1, -1, 1, -1, 0, -1, -1, -1, -1, -1, 0, 0], [-1, -1, 1, 0, -1, -1, 1, -1, -1, -1, -1, -1, -1, -1, 0, 0], [-1, -1, 1, 0, 0, -1, -1, -1, -1, -1, -1, -1, -1, -1, 0, 0], [-1, -1, 0, -1, -1, -1, 1, -1, -1, -1, -1, -1, 0, -1, 1, 0], [-1, -1, 0, -1, -1, 0, -1, -1, -1, -1, -1, 1, -1, -1, 1, 0], [-1, -1, 0, -1, 0, -1, -1, -1, -1, -1, -1, 1, -1, -1, 1, 0], [-1, -1, 0, -1, 0, -1, 1, -1, -1, -1, -1, -1, 0, -1, 0, 0], [-1, -1, 0, 0, -1, -1, -1, -1, -1, -1, -1, 1, -1, -1, 1, 0], [-1, 0, -1, -1, -1, -1, -1, -1, -1, -1, -1, -1, 0, -1, 0, 0], [-1, 0, -1, -1, -1, -1, -1, -1, -1, -1, -1, 1, -1, -1, 0, 0], [-1, 0, -1, -1, -1, 0, -1, -1, -1, -1, -1, 1, -1, -1, 1, 0], [-1, 0, -1, 0, 0, -1, -1, -1, -1, -1, -1, -1, -1, 0, 0, 0], [-1, 0, -1, 0, 0, -1, -1, -1, -1, -1, -1, 1, -1, -1, 1, 0], [-1, 0, -1, 0, 0, -1, -1, -1, -1, 0, -1, -1, -1, -1, 0, 0], [-1, 0, 1, -1, -1, -1, -1, -1, -1, -1, -1, -1, -1, -1, 0, 0], [1, -1, -1, -1, -1, -1, 1, -1, -1, -1, -1, -1, -1, -1, 0, 0], [1, -1, -1, 0, 0, 0, -1, -1, -1, -1, -1, -1, -1, -1, 0, 0], [1, -1, 1, -1, -1, 0, -1, -1, -1, -1, -1, -1, -1, -1, 0, 0], [1, -1, 1, 0, -1, -1, -1, -1, -1, -1, -1, -1, -1, -1, 0, 0], [1, 0, -1, -1, 0, 0, -1, -1, -1, -1, -1, -1, -1, -1, 0, 0], [1, 0, -1, 0, -1, 0, -1, -1, -1, -1, -1, -1, -1, -1, 0, 0], [0, -1, -1, -1, -1, 0, -1, -1, -1, -1, -1, 1, -1, -1, 1, 0], [0, -1, -1, 0, -1, -1, -1, -1, -1, -1, -1, -1, 0, -1, 0, 0], [0, -1, -1, 0, 0, -1, -1, -1, -1, -1, -1, 1, -1, -1, 1, 0], [0, -1, 1, -1, 0, -1, -1, -1, -1, -1, -1, 0, 0, -1, 0, 0], [0, -1, 0, -1, -1, -1, -1, -1, -1, -1, -1, 1, -1, -1, 1, 0], [0, -1, 0, -1, -1, 0, 1, -1, -1, 0, -1, -1, -1, 0, 1, 0], [0, -1, 0, -1, 0, 0, 1, -1, -1, -1, -1, -1, -1, -1, 1, 0], [0, 1, -1, -1, 1, -1, -1, -1, -1, -1, -1, -1, -1, -1, 0, 0], [0, 0, -1, 0, -1, -1, -1, -1, -1, -1, -1, 1, -1, -1, 1, 0], [0, 0, -1, 0, 0, -1, -1, -1, -1, -1, -1, -1, -1, -1, 0, 0]]
