overall accuracy: 0.6359941944847605
execution time
10 0.49457883834838867
20 0.36509108543395996
30 0.2928309440612793
40 0.2542099952697754
50 0.20986080169677734
60 0.1997969150543213
70 0.1828632354736328
80 0.17232298851013184
90 0.17212271690368652
100 0.15766000747680664


number of calculations
10 12883.0
20 9134.0
30 7410.0
40 6131.0
50 5431.0
60 4960.0
70 4513.0
80 4095.0
90 3743.0
100 3413.0


number of patterns found
10 80 
 [[-2, -2, -2, -2, -2, 1, 5], [-2, -2, -2, -2, 1, -2, 2], [-2, -2, -2, -2, 0, 1, 9], [-2, -2, -2, 6, -2, 0, -2], [-2, -2, -2, 5, -2, -2, 4], [-2, -2, -2, 1, -2, -2, 9], [-2, -2, -2, 1, -2, -2, 8], [-2, -2, -2, 1, -2, -2, 6], [-2, -2, -2, 1, -2, 0, 4], [-2, -2, -2, 1, 1, 0, -2], [-2, -2, -2, 1, 0, -2, 4], [-2, -2, -2, 0, 1, 0, 4], [-2, -2, 3, -2, -2, -2, 5], [-2, -2, 3, -2, -2, -2, 4], [-2, -2, 3, -2, -2, 0, 3], [-2, -2, 3, -2, 1, -2, -2], [-2, -2, 2, -2, -2, -2, 5], [-2, -2, 1, -2, -2, -2, 5], [-2, -2, 1, -2, -2, 1, 7], [-2, -2, 1, -2, 1, -2, 4], [-2, -2, 1, -2, 0, -2, 9], [-2, -2, 1, 4, -2, -2, -2], [-2, -2, 1, 0, 1, 0, 7], [-2, -2, 0, 2, -2, -2, 1], [-2, 2, -2, -2, -2, -2, 9], [-2, 2, -2, -2, 2, -2, 7], [-2, 2, -2, -2, 1, -2, 7], [-2, 2, -2, -2, 1, 0, 6], [-2, 2, -2, -2, 1, 0, 4], [-2, 2, -2, 4, -2, -2, -2], [-2, 2, 0, -2, 0, -2, 5], [-2, 2, 0, 2, -2, -2, -2], [-2, 2, 0, 0, -2, -2, 2], [-2, 2, 0, 0, 0, 0, 6], [-2, 1, -2, -2, 1, 0, 4], [-2, 1, -2, 5, 0, 0, -2], [-2, 1, -2, 1, -2, -2, 4], [-2, 1, -2, 1, 1, -2, -2], [-2, 1, -2, 0, 1, -2, 4], [-2, 1, 1, -2, -2, 1, 4], [-2, 1, 0, 0, 0, 1, 6], [1, -2, -2, -2, -2, -2, 9], [1, -2, -2, -2, 0, -2, 8], [1, -2, -2, 2, -2, 0, -2], [1, -2, -2, 0, -2, 1, 8], [1, -2, 1, -2, -2, -2, 7], [1, -2, 1, -2, -2, 0, 2], [1, -2, 1, 0, -2, -2, 8], [1, -2, 0, 0, -2, -2, 8], [1, -2, 0, 0, -2, 0, 5], [1, 2, -2, 2, 0, -2, -2], [1, 1, -2, -2, -2, -2, 8], [1, 1, -2, -2, -2, 0, 5], [1, 1, 1, 1, -2, -2, -2], [0, -2, -2, -2, 2, 0, 7], [0, -2, -2, -2, 1, 0, 4], [0, -2, -2, -2, 0, 1, 6], [0, -2, -2, 5, 1, -2, -2], [0, -2, -2, 1, -2, -2, 4], [0, -2, 2, -2, 1, 0, -2], [0, -2, 1, -2, -2, 1, 4], [0, -2, 1, -2, 1, 0, 7], [0, -2, 1, 5, -2, -2, 2], [0, -2, 1, 0, 1, -2, 7], [0, -2, 0, 0, -2, 1, 6], [0, -2, 0, 0, -2, 1, 3], [0, 2, -2, -2, -2, -2, 5], [0, 2, -2, -2, -2, 1, 3], [0, 2, -2, -2, 1, -2, 6], [0, 2, 1, -2, 1, 0, -2], [0, 2, 0, -2, -2, -2, 6], [0, 2, 0, -2, -2, -2, 2], [0, 2, 0, -2, 0, -2, 3], [0, 2, 0, 0, -2, -2, 3], [0, 1, -2, -2, -2, 1, 6], [0, 1, -2, -2, 1, -2, 4], [0, 1, 3, -2, -2, 0, 2], [0, 1, 3, 0, -2, -2, 2], [0, 1, 1, -2, 0, -2, 6], [0, 1, 1, 5, -2, -2, -2]]
20 31 
 [[-2, -2, -2, -2, -2, 1, 5], [-2, -2, -2, -2, 0, 1, 9], [-2, -2, -2, 1, -2, -2, 6], [-2, -2, -2, 1, 1, 0, -2], [-2, -2, -2, 1, 0, -2, 4], [-2, -2, 3, -2, -2, -2, 4], [-2, -2, 2, -2, -2, -2, 5], [-2, -2, 1, -2, -2, -2, 5], [-2, -2, 1, -2, 0, -2, 9], [-2, -2, 1, 4, -2, -2, -2], [-2, 2, -2, -2, -2, -2, 9], [-2, 2, 0, 0, -2, -2, 2], [-2, 1, -2, 1, 1, -2, -2], [-2, 1, 1, -2, -2, 1, 4], [-2, 1, 0, 0, 0, 1, 6], [1, -2, -2, -2, -2, -2, 9], [1, -2, -2, -2, 0, -2, 8], [1, -2, 0, 0, -2, 0, 5], [1, 1, -2, -2, -2, -2, 8], [1, 1, -2, -2, -2, 0, 5], [0, -2, -2, -2, 1, 0, 4], [0, -2, -2, -2, 0, 1, 6], [0, -2, -2, 1, -2, -2, 4], [0, -2, 1, -2, -2, 1, 4], [0, -2, 0, 0, -2, 1, 6], [0, -2, 0, 0, -2, 1, 3], [0, 2, -2, -2, -2, -2, 5], [0, 2, 0, -2, -2, -2, 6], [0, 2, 0, -2, -2, -2, 2], [0, 1, -2, -2, -2, 1, 6], [0, 1, 1, -2, 0, -2, 6]]
30 13 
 [[-2, -2, -2, -2, -2, 1, 5], [-2, -2, -2, -2, 0, 1, 9], [-2, -2, 1, -2, -2, -2, 5], [-2, -2, 1, 4, -2, -2, -2], [-2, 1, 1, -2, -2, 1, 4], [1, 1, -2, -2, -2, 0, 5], [0, -2, -2, -2, 0, 1, 6], [0, -2, 1, -2, -2, 1, 4], [0, -2, 0, 0, -2, 1, 6], [0, 2, -2, -2, -2, -2, 5], [0, 2, 0, -2, -2, -2, 6], [0, 1, -2, -2, -2, 1, 6], [0, 1, 1, -2, 0, -2, 6]]
40 6 
 [[-2, -2, -2, -2, -2, 1, 5], [-2, -2, 1, -2, -2, -2, 5], [0, -2, -2, -2, 0, 1, 6], [0, -2, 1, -2, -2, 1, 4], [0, 2, -2, -2, -2, -2, 5], [0, 1, -2, -2, -2, 1, 6]]
50 2 
 [[-2, -2, -2, -2, -2, 1, 5], [-2, -2, 1, -2, -2, -2, 5]]
60 2 
 [[-2, -2, -2, -2, -2, 1, 5], [-2, -2, 1, -2, -2, -2, 5]]
70 2 
 [[-2, -2, -2, -2, -2, 1, 5], [-2, -2, 1, -2, -2, -2, 5]]
80 2 
 [[-2, -2, -2, -2, -2, 1, 5], [-2, -2, 1, -2, -2, -2, 5]]
90 2 
 [[-2, -2, -2, -2, -2, 1, 5], [-2, -2, 1, -2, -2, -2, 5]]
100 2 
 [[-2, -2, -2, -2, -2, 1, 5], [-2, -2, 1, -2, -2, -2, 5]]
