execution time
6000 0.4315159320831299 6.712619066238403
8000 0.6078598499298096 11.748876094818115
10000 1.2991838455200195 20.45445704460144
12000 1.6958210468292236 23.523946046829224
14000 2.5234527587890625 28.76451015472412
16000 3.245950222015381 32.94558095932007
18000 4.1147682666778564 38.97626805305481
20000 5.254624843597412 42.94174408912659


number of calculations
6000 6465.0 118799.0
8000 8387.0 118799.0
10000 12057.0 118799.0
12000 16066.0 118799.0
14000 19221.0 118799.0
16000 22301.0 118799.0
18000 24967.0 118799.0
20000 27762.0 118799.0


number of patterns found
6000 1 
 [[-1, 2, -1, -1, -1, 0, 7]]
8000 0 
 []
10000 2 
 [[-1, -1, -1, 3, 1, 0, -1], [1, 2, -1, -1, -1, -1, 7]]
12000 2 
 [[-1, 1, 0, 0, -1, 1, 1], [0, 1, 1, 4, -1, -1, -1]]
14000 1 
 [[-1, -1, 3, 0, 4, -1, -1]]
16000 4 
 [[-1, 3, 2, -1, 2, 1, -1], [-1, 1, -1, -1, 3, -1, 6], [-1, 0, 2, -1, -1, -1, 8], [1, -1, -1, -1, 4, 0, 3]]
18000 2 
 [[-1, -1, 1, -1, 3, -1, 4], [0, 2, -1, 0, 0, -1, 5]]
20000 3 
 [[-1, 0, 3, -1, -1, -1, 7], [0, -1, 0, 6, 2, -1, -1], [0, 2, 3, -1, 1, -1, -1]]
