execution time
3 0.0326080322265625 0.029261112213134766
4 0.04386782646179199 0.040299177169799805
5 0.05026102066040039 0.06770491600036621
6 0.07225322723388672 0.13036704063415527
7 0.10625529289245605 0.373870849609375
8 0.1344890594482422 1.3075718879699707
9 0.23815011978149414 6.071713924407959
10 0.4280259609222412 27.889822244644165
11 0.9976561069488525 111.82753777503967
12 0.0326080322265625
13 0.04386782646179199
14 0.05026102066040039
15 0.07225322723388672
16 0.10625529289245605
17 0.1344890594482422


number of patterns checked
3 36.0 35.0
4 253.0 287.0
5 517.0 1439.0
6 799.0 4319.0
7 1433.0 12959.0
8 3584.0 51839.0
9 9304.0 259199.0
10 17884.0 1036799.0
11 35044.0 4147199.0
12 36.0
13 253.0
14 517.0
15 799.0
16 1433.0
17 3584.0


number of patterns found
0 0 
 []
1 0 
 []
2 0 
 []
3 0 
 []
4 0 
 []
5 0 
 []
6 0 
 []
7 0 
 []
8 0 
 []
9 0 
 []
10 0 
 []
11 0 
 []
12 0 
 []
13 45 
 [[-1, -1, -1, -1, -1, -1, -1, 0, -1, -1, -1, 1, 0, -1, 0, 0], [-1, -1, -1, -1, -1, -1, 0, -1, -1, -1, -1, -1, -1, -1, 0, 0], [-1, -1, -1, -1, -1, 1, -1, -1, -1, -1, -1, -1, -1, -1, 0, 0], [-1, -1, -1, -1, -1, 0, -1, -1, -1, -1, -1, 1, 0, -1, 0, 0], [-1, -1, -1, -1, 0, -1, -1, -1, -1, -1, -1, 1, -1, -1, 0, 0], [-1, -1, -1, -1, 0, -1, 1, -1, -1, -1, -1, 0, 0, 0, 1, 0], [-1, -1, -1, -1, 0, 0, -1, -1, -1, -1, -1, 1, -1, -1, 1, 0], [-1, -1, -1, 0, -1, -1, -1, -1, -1, -1, -1, 1, -1, -1, 0, 0], [-1, -1, -1, 0, -1, 0, -1, -1, -1, -1, -1, 1, -1, 0, 1, 0], [-1, -1, -1, 0, 0, -1, -1, -1, -1, -1, -1, -1, 0, -1, 0, 0], [-1, -1, 2, -1, -1, -1, -1, -1, -1, -1, -1, -1, -1, -1, 0, 0], [-1, -1, 1, -1, -1, -1, -1, -1, -1, -1, -1, -1, 1, -1, 0, 0], [-1, -1, 1, -1, -1, -1, -1, -1, -1, -1, -1, 1, -1, -1, 0, 0], [-1, -1, 1, -1, -1, -1, 1, -1, -1, -1, -1, -1, -1, 0, 0, 0], [-1, -1, 1, -1, -1, -1, 1, -1, 0, -1, -1, -1, -1, -1, 0, 0], [-1, -1, 1, 0, -1, -1, 1, -1, -1, -1, -1, -1, -1, -1, 0, 0], [-1, -1, 1, 0, 0, -1, -1, -1, -1, -1, -1, -1, -1, -1, 0, 0], [-1, -1, 0, -1, -1, -1, 1, -1, -1, -1, -1, -1, 0, -1, 1, 0], [-1, -1, 0, -1, -1, 0, -1, -1, -1, -1, -1, 1, -1, -1, 1, 0], [-1, -1, 0, -1, 0, -1, -1, -1, -1, -1, -1, 1, -1, -1, 1, 0], [-1, -1, 0, -1, 0, -1, 1, -1, -1, -1, -1, -1, 0, -1, 0, 0], [-1, -1, 0, 0, -1, -1, -1, -1, -1, -1, -1, 1, -1, -1, 1, 0], [-1, 0, -1, -1, -1, -1, -1, -1, -1, -1, -1, -1, 0, -1, 0, 0], [-1, 0, -1, -1, -1, -1, -1, -1, -1, -1, -1, 1, -1, -1, 0, 0], [-1, 0, -1, -1, -1, 0, -1, -1, -1, -1, -1, 1, -1, -1, 1, 0], [-1, 0, -1, 0, 0, -1, -1, -1, -1, -1, -1, -1, -1, 0, 0, 0], [-1, 0, -1, 0, 0, -1, -1, -1, -1, -1, -1, 1, -1, -1, 1, 0], [-1, 0, -1, 0, 0, -1, -1, -1, -1, 0, -1, -1, -1, -1, 0, 0], [-1, 0, 1, -1, -1, -1, -1, -1, -1, -1, -1, -1, -1, -1, 0, 0], [1, -1, -1, -1, -1, -1, 1, -1, -1, -1, -1, -1, -1, -1, 0, 0], [1, -1, -1, 0, 0, 0, -1, -1, -1, -1, -1, -1, -1, -1, 0, 0], [1, -1, 1, -1, -1, 0, -1, -1, -1, -1, -1, -1, -1, -1, 0, 0], [1, -1, 1, 0, -1, -1, -1, -1, -1, -1, -1, -1, -1, -1, 0, 0], [1, 0, -1, -1, 0, 0, -1, -1, -1, -1, -1, -1, -1, -1, 0, 0], [1, 0, -1, 0, -1, 0, -1, -1, -1, -1, -1, -1, -1, -1, 0, 0], [0, -1, -1, -1, -1, 0, -1, -1, -1, -1, -1, 1, -1, -1, 1, 0], [0, -1, -1, 0, -1, -1, -1, -1, -1, -1, -1, -1, 0, -1, 0, 0], [0, -1, -1, 0, 0, -1, -1, -1, -1, -1, -1, 1, -1, -1, 1, 0], [0, -1, 1, -1, 0, -1, -1, -1, -1, -1, -1, 0, 0, -1, 0, 0], [0, -1, 0, -1, -1, -1, -1, -1, -1, -1, -1, 1, -1, -1, 1, 0], [0, -1, 0, -1, -1, 0, 1, -1, -1, 0, -1, -1, -1, 0, 1, 0], [0, -1, 0, -1, 0, 0, 1, -1, -1, -1, -1, -1, -1, -1, 1, 0], [0, 1, -1, -1, 1, -1, -1, -1, -1, -1, -1, -1, -1, -1, 0, 0], [0, 0, -1, 0, -1, -1, -1, -1, -1, -1, -1, 1, -1, -1, 1, 0], [0, 0, -1, 0, 0, -1, -1, -1, -1, -1, -1, -1, -1, -1, 0, 0]]
14 0 
 []
