execution time
3 0.048853158950805664 0.05135917663574219
4 0.06886982917785645 0.08246231079101562
5 0.10035300254821777 0.3107781410217285
6 0.1986539363861084 0.8396599292755127
7 0.6673400402069092 15.483756065368652
8 1.4184119701385498 170.77964687347412
9 0.048853158950805664
10 0.06886982917785645
11 0.10035300254821777


number of patterns checked
3 55.0 74.0
4 293.0 599.0
5 733.0 3599.0
6 1121.0 10799.0
7 5431.0 118799.0
8 16591.0 1306799.0
9 55.0
10 293.0
11 733.0


number of patterns found
0 0 
 []
1 0 
 []
2 0 
 []
3 0 
 []
4 2 
 [[-1, -1, -1, -1, -1, 1, 5], [-1, -1, 1, -1, -1, -1, 5]]
5 3 
 [[-1, -1, -1, -1, -1, 1, 5, -1], [-1, -1, 1, -1, -1, -1, 5, -1], [0, 2, 0, -1, 0, 1, -1, 0]]
6 3 
 [[-1, -1, -1, -1, -1, 1, 5, -1, -1], [-1, -1, 1, -1, -1, -1, 5, -1, -1], [0, 2, 0, -1, 0, 1, -1, 0, -1]]
7 3 
 [[-1, -1, -1, -1, -1, 1, 5, -1, -1, -1], [-1, -1, 1, -1, -1, -1, 5, -1, -1, -1], [0, 2, 0, -1, 0, 1, -1, 0, -1, -1]]
8 3 
 [[-1, -1, -1, -1, -1, 1, 5, -1, -1, -1, -1], [-1, -1, 1, -1, -1, -1, 5, -1, -1, -1, -1], [0, 2, 0, -1, 0, 1, -1, 0, -1, -1, -1]]
