overall accuracy: 0.6359941944847605
execution time
0.05 0.21346569061279297
0.1 0.22072386741638184
0.15 0.23189997673034668
0.2 0.21474003791809082
0.25 0.20828795433044434
0.3 0.197462797164917


number of calculations
0.05 4878.0
0.1 5532.0
0.15 5693.0
0.2 5431.0
0.25 5242.0
0.3 4960.0


number of patterns found
0.05 42 
 [[-1, -1, -1, -1, -1, -1, 5], [-1, -1, -1, -1, -1, -1, 4], [-1, -1, -1, -1, -1, -1, 3], [-1, -1, -1, -1, -1, 1, 9], [-1, -1, -1, -1, -1, 1, 6], [-1, -1, -1, -1, 0, -1, 9], [-1, -1, -1, -1, 0, -1, 6], [-1, -1, -1, -1, 0, 1, 7], [-1, -1, -1, 4, -1, -1, -1], [-1, -1, -1, 0, -1, 1, 7], [-1, -1, 3, -1, -1, 0, -1], [-1, -1, 3, 0, -1, -1, -1], [-1, -1, 1, -1, -1, -1, 7], [-1, -1, 1, -1, -1, -1, 6], [-1, -1, 1, -1, -1, -1, 2], [-1, -1, 1, -1, 1, -1, -1], [-1, -1, 0, 0, 0, 1, -1], [-1, 2, -1, -1, -1, -1, 6], [-1, 2, -1, -1, -1, 0, 2], [-1, 2, -1, -1, 2, -1, -1], [-1, 2, -1, -1, 1, -1, -1], [-1, 2, 0, -1, -1, 1, -1], [-1, 2, 0, 0, -1, -1, -1], [-1, 1, -1, -1, -1, 1, 7], [-1, 1, -1, 0, 0, 1, -1], [-1, 1, 1, -1, -1, -1, -1], [-1, 1, 0, -1, 0, -1, 7], [-1, 1, 0, 1, -1, 0, -1], [1, -1, 1, -1, -1, 0, -1], [1, 1, -1, -1, 0, 0, -1], [0, -1, -1, -1, -1, -1, 6], [0, -1, -1, -1, -1, 1, 7], [0, -1, -1, 0, 0, 1, -1], [0, -1, 1, -1, -1, 1, -1], [0, -1, 0, -1, 0, -1, 7], [0, -1, 0, -1, 0, 1, -1], [0, -1, 0, 0, -1, 0, 2], [0, 2, -1, -1, -1, -1, 2], [0, 2, 0, -1, -1, -1, -1], [0, 1, -1, -1, -1, 1, -1], [0, 1, 3, -1, -1, -1, -1], [0, 1, 0, 1, -1, -1, -1]]
0.1 27 
 [[-1, -1, -1, -1, -1, -1, 5], [-1, -1, -1, -1, -1, 1, 9], [-1, -1, -1, -1, 0, 1, 7], [-1, -1, -1, 4, -1, -1, -1], [-1, -1, 1, -1, 0, 0, 6], [-1, -1, 0, 0, -1, -1, 3], [-1, 2, -1, -1, -1, -1, 6], [-1, 2, -1, -1, 1, -1, -1], [-1, 2, 0, -1, 0, 1, -1], [-1, 1, -1, -1, -1, -1, 4], [-1, 1, -1, -1, 0, 1, 6], [-1, 1, 3, 0, -1, 0, -1], [-1, 1, 1, -1, -1, -1, 6], [-1, 1, 1, -1, -1, 1, -1], [-1, 1, 0, -1, 0, -1, 3], [1, 1, 1, -1, -1, 0, -1], [1, 1, 1, -1, 0, -1, -1], [0, -1, -1, -1, -1, -1, 4], [0, -1, -1, -1, -1, 1, 6], [0, -1, -1, -1, -1, 1, 3], [0, -1, -1, -1, 0, -1, 6], [0, -1, 1, -1, 1, -1, -1], [0, -1, 0, -1, -1, -1, 3], [0, 2, 0, -1, -1, 1, -1], [0, 2, 0, 0, 0, -1, -1], [0, 1, 3, -1, -1, 0, -1], [0, 1, 3, 0, -1, -1, -1]]
0.15 11 
 [[-1, -1, -1, -1, -1, -1, 5], [-1, 2, -1, -1, -1, 0, 6], [1, 1, 1, -1, 0, 0, -1], [0, -1, -1, -1, -1, 1, 6], [0, -1, 0, 0, 0, -1, 3], [0, 2, 0, -1, 0, 1, -1], [0, 1, -1, -1, -1, 0, 4], [0, 1, -1, -1, 0, 1, 4], [0, 1, -1, 0, -1, 1, 4], [0, 1, 1, -1, -1, -1, 4], [0, 1, 0, -1, 0, 0, 3]]
0.2 2 
 [[-1, -1, -1, -1, -1, 1, 5], [-1, -1, 1, -1, -1, -1, 5]]
0.25 1 
 [[-1, -1, -1, -1, -1, 1, 5]]
0.3 1 
 [[0, -1, -1, -1, -1, 1, 5]]
