execution time
1 11.824526071548462 185.4431290626526
10 5.742701053619385 269.16277027130127
20 5.084633827209473 306.37680983543396
30 3.3248040676116943 321.5825991630554
40 2.8569753170013428 339.29622077941895
50 2.992065191268921 330.240690946579
60 2.275254964828491 278.5514578819275
70 2.1083858013153076 274.80149483680725
80 1.6372060775756836 261.85407519340515
90 1.4257378578186035 257.94122767448425
100 1.0888471603393555 223.9811019897461
200 0.5700342655181885 206.68392825126648
500 0.4560880661010742 211.0522587299347
1000 0.30452895164489746 203.98418736457825


number of calculations
1 172755.0 1362826.0
10 60773.0 1321921.0
20 37461.0 1316932.0
30 28824.0 1314753.0
40 22494.0 1313391.0
50 19086.0 1312521.0
60 16828.0 1311845.0
70 14520.0 1311273.0
80 12417.0 1310823.0
90 10919.0 1310488.0
100 9642.0 1310185.0
200 4474.0 1308596.0
500 1888.0 1307309.0
1000 624.0 1307015.0


number of patterns found
1 319 
 [[-1, -1, -1, -1, -1, -1, -1, 7], [-1, -1, -1, -1, -1, -1, 9, 5], [-1, -1, -1, -1, -1, 1, 5, 1], [-1, -1, -1, -1, 4, -1, 8, -1], [-1, -1, -1, -1, 3, 0, 7, -1], [-1, -1, -1, -1, 3, 0, 5, -1], [-1, -1, -1, -1, 2, -1, 1, -1], [-1, -1, -1, -1, 1, -1, 5, 1], [-1, -1, -1, -1, 1, 1, -1, 1], [-1, -1, -1, 6, -1, -1, -1, 1], [-1, -1, -1, 6, -1, -1, 8, -1], [-1, -1, -1, 6, -1, -1, 5, -1], [-1, -1, -1, 5, -1, -1, 9, 1], [-1, -1, -1, 5, -1, 1, 7, -1], [-1, -1, -1, 5, -1, 0, 6, -1], [-1, -1, -1, 5, 3, -1, 7, -1], [-1, -1, -1, 5, 3, -1, 5, -1], [-1, -1, -1, 5, 2, -1, 2, -1], [-1, -1, -1, 5, 1, -1, 6, -1], [-1, -1, -1, 5, 0, -1, 10, -1], [-1, -1, -1, 5, 0, -1, 9, -1], [-1, -1, -1, 4, -1, -1, 9, -1], [-1, -1, -1, 4, 1, -1, 8, -1], [-1, -1, -1, 2, -1, -1, 5, -1], [-1, -1, -1, 2, 1, 1, 6, -1], [-1, -1, -1, 2, 1, 0, 10, -1], [-1, -1, -1, 2, 0, 1, 8, -1], [-1, -1, -1, 2, 0, 0, 4, -1], [-1, -1, -1, 1, -1, -1, 5, 1], [-1, -1, -1, 1, -1, -1, 3, 9], [-1, -1, -1, 1, -1, -1, 2, 1], [-1, -1, -1, 1, 3, -1, 8, -1], [-1, -1, -1, 1, 2, -1, 9, -1], [-1, -1, -1, 1, 2, 0, 10, -1], [-1, -1, -1, 1, 1, -1, 5, -1], [-1, -1, -1, 1, 1, 1, 6, -1], [-1, -1, -1, 0, -1, 1, 1, 9], [-1, -1, -1, 0, -1, 0, -1, 5], [-1, -1, -1, 0, 1, 1, 2, -1], [-1, -1, 3, -1, -1, -1, 3, 9], [-1, -1, 3, -1, -1, 1, 10, -1], [-1, -1, 3, -1, 1, -1, 8, -1], [-1, -1, 3, -1, 1, -1, 4, -1], [-1, -1, 3, -1, 1, -1, 2, -1], [-1, -1, 3, -1, 0, -1, 10, -1], [-1, -1, 3, 5, -1, -1, 7, -1], [-1, -1, 3, 5, -1, -1, 3, -1], [-1, -1, 3, 4, -1, -1, 3, -1], [-1, -1, 3, 4, -1, 0, 1, -1], [-1, -1, 3, 2, 0, -1, 4, -1], [-1, -1, 3, 1, -1, -1, -1, 9], [-1, -1, 3, 1, -1, -1, 6, -1], [-1, -1, 3, 1, -1, 1, 5, -1], [-1, -1, 3, 1, -1, 1, 3, -1], [-1, -1, 3, 0, -1, 1, 5, -1], [-1, -1, 2, -1, -1, -1, 2, 9], [-1, -1, 2, -1, -1, 1, 10, 0], [-1, -1, 2, -1, -1, 1, 8, -1], [-1, -1, 2, -1, 2, -1, 9, -1], [-1, -1, 2, -1, 1, 0, 7, -1], [-1, -1, 2, 6, -1, 0, -1, -1], [-1, -1, 2, 4, -1, -1, 6, -1], [-1, -1, 2, 2, -1, -1, 8, -1], [-1, -1, 2, 2, -1, 1, 3, -1], [-1, -1, 2, 2, -1, 0, 1, 0], [-1, -1, 2, 1, -1, -1, 8, -1], [-1, -1, 2, 1, -1, 0, 9, -1], [-1, -1, 2, 1, -1, 0, 4, -1], [-1, -1, 2, 1, 1, -1, -1, -1], [-1, -1, 1, -1, -1, -1, -1, 9], [-1, -1, 1, -1, -1, -1, 4, 2], [-1, -1, 1, -1, -1, 1, -1, 2], [-1, -1, 1, -1, 2, -1, 5, -1], [-1, -1, 1, -1, 1, -1, -1, 2], [-1, -1, 1, 5, -1, 1, 5, -1], [-1, -1, 1, 5, 0, -1, 6, -1], [-1, -1, 1, 4, -1, 1, 7, -1], [-1, -1, 1, 4, 0, 1, 4, -1], [-1, -1, 1, 1, -1, 1, 7, -1], [-1, -1, 1, 1, -1, 1, 6, -1], [-1, -1, 1, 1, 2, -1, -1, -1], [-1, -1, 1, 1, 0, 0, 9, -1], [-1, -1, 0, -1, -1, -1, 5, 1], [-1, -1, 0, -1, 3, -1, 7, -1], [-1, -1, 0, -1, 3, -1, 5, -1], [-1, -1, 0, 6, -1, 0, 2, -1], [-1, -1, 0, 6, -1, 0, 1, -1], [-1, -1, 0, 5, -1, -1, 9, -1], [-1, -1, 0, 5, -1, -1, 7, -1], [-1, -1, 0, 5, 1, -1, 4, -1], [-1, -1, 0, 3, -1, 0, 1, -1], [-1, -1, 0, 2, -1, 1, 6, -1], [-1, -1, 0, 2, -1, 1, 1, -1], [-1, -1, 0, 1, -1, 1, 9, 0], [-1, -1, 0, 1, -1, 0, 8, -1], [-1, -1, 0, 1, 1, -1, 8, -1], [-1, 3, -1, -1, -1, -1, 9, -1], [-1, 3, -1, -1, -1, -1, 8, -1], [-1, 3, -1, -1, -1, 1, -1, 1], [-1, 3, -1, -1, -1, 1, 4, 0], [-1, 3, -1, -1, -1, 0, 7, -1], [-1, 3, -1, -1, 3, -1, -1, -1], [-1, 3, -1, -1, 0, -1, 7, -1], [-1, 3, -1, -1, 0, 1, 5, -1], [-1, 3, -1, -1, 0, 1, 4, -1], [-1, 3, -1, 5, -1, -1, 7, -1], [-1, 3, -1, 5, -1, 1, 2, -1], [-1, 3, -1, 0, -1, -1, 5, -1], [-1, 3, -1, 0, 2, -1, -1, -1], [-1, 3, -1, 0, 1, -1, 3, -1], [-1, 3, 1, -1, -1, -1, 7, -1], [-1, 3, 1, -1, -1, 1, 2, -1], [-1, 3, 1, -1, 1, -1, 4, -1], [-1, 3, 1, 5, -1, -1, 6, -1], [-1, 3, 0, -1, -1, -1, -1, 1], [-1, 3, 0, -1, 0, -1, 5, -1], [-1, 3, 0, 5, -1, 1, -1, -1], [-1, 3, 0, 5, 0, -1, 1, -1], [-1, 3, 0, 3, -1, -1, 1, -1], [-1, 3, 0, 0, -1, 0, 3, -1], [-1, 2, -1, -1, -1, -1, 5, 1], [-1, 2, -1, -1, -1, 0, -1, 5], [-1, 2, -1, -1, 1, -1, 10, -1], [-1, 2, -1, 6, -1, -1, 2, -1], [-1, 2, -1, 5, 3, 0, -1, -1], [-1, 2, -1, 5, 2, -1, -1, -1], [-1, 2, -1, 4, -1, -1, 7, -1], [-1, 2, -1, 4, -1, 0, 3, -1], [-1, 2, -1, 4, 2, -1, -1, -1], [-1, 2, -1, 2, -1, 1, 6, -1], [-1, 2, -1, 2, 1, -1, 6, -1], [-1, 2, -1, 2, 0, -1, 8, -1], [-1, 2, -1, 1, -1, -1, 9, -1], [-1, 2, 3, -1, -1, -1, -1, 9], [-1, 2, 3, -1, -1, -1, 6, -1], [-1, 2, 3, -1, 0, -1, 7, -1], [-1, 2, 3, 5, -1, 0, -1, -1], [-1, 2, 3, 4, -1, 0, -1, -1], [-1, 2, 3, 1, -1, -1, 3, -1], [-1, 2, 3, 0, -1, -1, 4, -1], [-1, 2, 3, 0, -1, 1, 1, -1], [-1, 2, 3, 0, 1, -1, -1, -1], [-1, 2, 2, -1, 1, -1, 5, -1], [-1, 2, 2, -1, 1, -1, 3, -1], [-1, 2, 2, -1, 0, -1, 8, -1], [-1, 2, 2, 5, -1, 0, 4, -1], [-1, 2, 2, 5, 0, -1, 4, -1], [-1, 2, 2, 4, -1, -1, 3, -1], [-1, 2, 2, 0, -1, 1, 6, -1], [-1, 2, 2, 0, -1, 1, 5, -1], [-1, 2, 2, 0, 0, -1, 6, -1], [-1, 2, 1, -1, 2, 0, 2, -1], [-1, 2, 0, -1, 2, 0, 9, -1], [-1, 2, 0, -1, 1, 1, 2, -1], [-1, 2, 0, -1, 0, 1, 9, 0], [-1, 2, 0, 5, -1, 1, 1, 0], [-1, 2, 0, 5, -1, 0, 5, -1], [-1, 2, 0, 5, 3, -1, -1, -1], [-1, 2, 0, 4, -1, 1, 5, -1], [-1, 2, 0, 4, 0, -1, 5, -1], [-1, 2, 0, 1, -1, 1, 5, -1], [-1, 1, -1, -1, -1, -1, 2, 9], [-1, 1, -1, -1, -1, -1, 1, 9], [-1, 1, -1, -1, -1, 1, 4, 2], [-1, 1, -1, -1, 1, -1, 4, 2], [-1, 1, -1, -1, 1, 1, 5, -1], [-1, 1, -1, -1, 1, 1, 2, -1], [-1, 1, -1, 6, -1, -1, 7, -1], [-1, 1, -1, 5, 1, -1, 2, -1], [-1, 1, -1, 5, 0, -1, 7, -1], [-1, 1, -1, 3, -1, -1, 7, -1], [-1, 1, -1, 3, -1, 0, -1, -1], [-1, 1, -1, 2, -1, 0, 4, -1], [-1, 1, -1, 1, -1, -1, 6, -1], [-1, 1, -1, 1, -1, 0, 8, -1], [-1, 1, -1, 1, 3, -1, -1, -1], [-1, 1, -1, 1, 1, 0, 9, -1], [-1, 1, -1, 0, 1, -1, 2, -1], [-1, 1, 3, -1, -1, 1, 9, -1], [-1, 1, 3, -1, 0, -1, 9, -1], [-1, 1, 3, 2, -1, -1, 4, -1], [-1, 1, 3, 1, -1, 0, 4, -1], [-1, 1, 3, 0, -1, 1, 4, 0], [-1, 1, 2, 2, -1, 0, 2, -1], [-1, 1, 2, 2, -1, 0, 1, -1], [-1, 1, 1, -1, 1, -1, 5, -1], [-1, 1, 1, -1, 1, -1, 2, -1], [-1, 1, 1, 6, -1, 0, -1, -1], [-1, 1, 1, 5, -1, -1, 5, -1], [-1, 1, 1, 4, -1, 1, 4, -1], [-1, 1, 1, 4, -1, 1, 3, -1], [-1, 1, 1, 4, -1, 0, 2, -1], [-1, 1, 1, 2, -1, -1, 1, -1], [-1, 1, 1, 1, -1, 0, 9, -1], [-1, 1, 0, -1, -1, 1, 2, 1], [-1, 1, 0, 5, -1, 0, 1, -1], [-1, 1, 0, 2, -1, 0, 10, -1], [-1, 0, -1, -1, -1, -1, -1, 9], [-1, 0, -1, 1, -1, -1, -1, -1], [-1, 0, 3, -1, -1, 1, 5, -1], [-1, 0, 1, -1, -1, -1, 2, -1], [-1, 0, 1, -1, -1, 1, 5, -1], [1, -1, -1, -1, -1, -1, 10, 9], [1, -1, -1, -1, -1, -1, 10, 1], [1, -1, -1, -1, -1, -1, 3, 9], [1, -1, -1, -1, 2, -1, 9, -1], [1, -1, -1, -1, 2, 0, 8, 0], [1, -1, -1, -1, 1, 1, 2, -1], [1, -1, -1, 4, 0, 1, 7, -1], [1, -1, -1, 1, -1, -1, -1, 9], [1, -1, -1, 1, -1, -1, 6, -1], [1, -1, -1, 1, -1, 0, 7, -1], [1, -1, -1, 1, 2, -1, -1, -1], [1, -1, -1, 1, 0, 0, 9, -1], [1, -1, -1, 0, 2, -1, 8, -1], [1, -1, 3, -1, -1, -1, -1, 9], [1, -1, 3, -1, -1, -1, 10, -1], [1, -1, 3, -1, -1, 1, 3, -1], [1, -1, 3, -1, -1, 0, 4, -1], [1, -1, 3, -1, 1, -1, -1, -1], [1, -1, 3, 1, -1, -1, 4, -1], [1, -1, 3, 1, -1, -1, 3, -1], [1, -1, 2, -1, -1, -1, 9, -1], [1, -1, 2, -1, 2, -1, -1, -1], [1, -1, 2, 2, -1, -1, -1, -1], [1, -1, 2, 1, -1, 0, 2, -1], [1, -1, 1, -1, 1, -1, 6, -1], [1, -1, 1, -1, 0, -1, 9, -1], [1, -1, 1, 4, -1, -1, 1, -1], [1, -1, 1, 2, -1, 0, 1, -1], [1, -1, 1, 2, 0, 0, -1, -1], [1, -1, 1, 1, -1, -1, 7, -1], [1, -1, 1, 1, -1, 0, 9, -1], [1, -1, 0, -1, 2, 0, 8, -1], [1, -1, 0, 6, -1, 1, -1, -1], [1, -1, 0, 4, -1, 1, 4, -1], [1, -1, 0, 3, -1, -1, 1, -1], [1, -1, 0, 1, -1, 1, 9, -1], [1, 3, -1, -1, 1, -1, 6, -1], [1, 3, -1, 5, -1, -1, 6, -1], [1, 3, -1, 5, 1, -1, -1, -1], [1, 3, 1, -1, -1, -1, 6, -1], [1, 3, 0, -1, -1, 1, -1, -1], [1, 3, 0, 3, -1, -1, -1, -1], [1, 2, -1, -1, 2, -1, 8, 0], [1, 2, -1, 4, -1, -1, 1, 0], [1, 2, -1, 2, -1, 0, 3, -1], [1, 2, -1, 0, 2, -1, 6, -1], [1, 2, 3, -1, -1, -1, 3, -1], [1, 2, 3, 4, -1, -1, -1, -1], [1, 2, 2, -1, -1, 0, 2, -1], [1, 2, 1, -1, -1, 0, 6, -1], [1, 2, 1, 4, -1, 0, -1, -1], [1, 2, 1, 2, -1, 0, -1, 0], [1, 2, 1, 0, -1, -1, 6, -1], [1, 2, 0, -1, -1, 1, 4, -1], [1, 2, 0, -1, 2, -1, 8, -1], [1, 2, 0, -1, 2, 1, -1, -1], [1, 2, 0, 0, -1, -1, 4, -1], [1, 1, -1, -1, 0, 1, 10, -1], [1, 1, -1, 2, -1, 1, 3, -1], [1, 1, -1, 1, -1, 0, 9, -1], [1, 1, 3, -1, -1, -1, 4, -1], [1, 1, 2, 1, -1, 0, -1, -1], [1, 1, 1, -1, -1, 0, 9, -1], [1, 1, 1, -1, -1, 0, 8, -1], [1, 1, 0, 0, 0, 1, 8, 0], [1, 0, -1, -1, -1, 0, 7, -1], [1, 0, 1, -1, -1, -1, 7, -1], [0, -1, -1, -1, -1, -1, 5, 1], [0, -1, -1, 5, 0, -1, 7, -1], [0, -1, -1, 2, -1, 1, 6, -1], [0, -1, -1, 1, 1, 0, 9, -1], [0, -1, -1, 0, -1, -1, 1, 9], [0, -1, 3, -1, -1, 1, 5, -1], [0, -1, 3, 4, -1, 0, 5, -1], [0, -1, 3, 0, -1, 1, 4, 0], [0, -1, 2, -1, 1, 1, 5, -1], [0, -1, 2, -1, 1, 0, 4, -1], [0, -1, 2, 4, -1, 1, 2, -1], [0, -1, 1, -1, -1, -1, -1, 2], [0, -1, 1, 5, -1, -1, 6, -1], [0, -1, 1, 4, -1, -1, 4, -1], [0, -1, 1, 1, -1, -1, 10, -1], [0, -1, 1, 1, 0, -1, 6, -1], [0, -1, 0, 5, -1, 1, 1, -1], [0, -1, 0, 1, -1, -1, 8, 0], [0, 3, -1, 3, 0, 0, 1, -1], [0, 3, 1, 3, 0, -1, 1, -1], [0, 3, 1, 3, 0, 0, -1, -1], [0, 3, 0, 5, -1, -1, 1, -1], [0, 3, 0, 5, 0, -1, -1, -1], [0, 3, 0, 1, -1, 0, 1, -1], [0, 2, -1, 5, 3, -1, -1, -1], [0, 2, -1, 5, 0, 1, 4, -1], [0, 2, -1, 2, -1, -1, 6, -1], [0, 2, 3, 0, 0, 0, 3, -1], [0, 2, 1, -1, 1, 0, 7, -1], [0, 2, 1, 0, 1, -1, 7, -1], [0, 2, 0, 5, -1, -1, 2, 0], [0, 2, 0, 5, 0, 1, -1, 0], [0, 2, 0, 2, 0, 1, -1, -1], [0, 2, 0, 0, 2, 0, 7, -1], [0, 2, 0, 0, 1, 1, 7, -1], [0, 2, 0, 0, 0, 1, 3, 0], [0, 1, -1, -1, 1, -1, 2, -1], [0, 1, -1, -1, 0, -1, 9, 2], [0, 1, -1, 4, 0, 0, 6, -1], [0, 1, 3, -1, -1, 1, 4, 0], [0, 1, 3, 0, -1, 1, 4, -1], [0, 1, 2, -1, 1, -1, 4, -1], [0, 1, 2, 5, -1, 0, 1, -1], [0, 1, 2, 1, -1, -1, 4, -1], [0, 1, 1, -1, 2, -1, 10, -1], [0, 1, 1, 5, -1, 1, 2, -1], [0, 1, 1, 4, -1, -1, 2, -1], [0, 1, 1, 1, -1, 1, 2, -1], [0, 1, 0, 1, -1, -1, 8, -1], [0, 0, -1, -1, -1, 1, 5, -1]]
10 5 
 [[-1, 1, -1, 1, -1, -1, 6, -1], [-1, 1, 1, -1, 1, -1, 5, -1], [1, -1, 1, -1, 0, -1, 9, -1], [1, 1, 1, -1, -1, 0, 9, -1], [0, -1, 0, 1, -1, -1, 8, 0]]
20 0 
 []
30 0 
 []
40 0 
 []
50 0 
 []
60 0 
 []
70 0 
 []
80 0 
 []
90 0 
 []
100 0 
 []
200 0 
 []
500 0 
 []
1000 0 
 []
