execution time
10 1.132836103439331
20 0.9852468967437744
30 0.9146671295166016
40 0.7253401279449463
50 0.6743888854980469
60 0.6450519561767578
70 0.6135640144348145
80 0.5474390983581543
90 0.5152590274810791
100 0.4812197685241699


number of calculations
10 16099.0
20 13692.0
30 11839.0
40 10583.0
50 9408.0
60 8628.0
70 8096.0
80 7621.0
90 7232.0
100 6821.0


number of patterns found
10 84 
 [[-1, -1, -1, -1, -1, -1, 9], [-1, -1, -1, -1, -1, -1, 8], [-1, -1, -1, -1, -1, 1, 10], [-1, -1, -1, -1, -1, 1, 5], [-1, -1, -1, -1, -1, 0, 6], [-1, -1, -1, -1, 2, -1, -1], [-1, -1, -1, -1, 1, -1, -1], [-1, -1, -1, 6, -1, 0, -1], [-1, -1, -1, 5, -1, -1, 7], [-1, -1, -1, 5, -1, -1, 5], [-1, -1, -1, 5, -1, -1, 4], [-1, -1, -1, 4, -1, -1, 5], [-1, -1, -1, 4, -1, -1, 4], [-1, -1, -1, 4, -1, -1, 3], [-1, -1, -1, 2, -1, -1, 6], [-1, -1, -1, 1, -1, -1, 6], [-1, -1, -1, 1, -1, 0, 4], [-1, -1, -1, 0, -1, -1, 5], [-1, -1, 3, -1, -1, -1, 10], [-1, -1, 3, -1, -1, -1, 5], [-1, -1, 3, -1, -1, -1, 4], [-1, -1, 3, -1, -1, 0, 7], [-1, -1, 3, -1, -1, 0, 3], [-1, -1, 3, 1, -1, -1, 2], [-1, -1, 2, -1, -1, -1, 6], [-1, -1, 2, -1, -1, -1, 5], [-1, -1, 2, 2, -1, 0, -1], [-1, -1, 2, 0, -1, -1, 10], [-1, -1, 1, -1, -1, -1, 7], [-1, -1, 1, -1, -1, -1, 5], [-1, -1, 1, 4, -1, -1, -1], [-1, -1, 1, 1, -1, -1, 4], [-1, -1, 0, -1, -1, 0, 10], [-1, -1, 0, 6, -1, -1, -1], [-1, -1, 0, 0, -1, 1, 7], [-1, -1, 0, 0, -1, 1, 3], [-1, 2, -1, -1, -1, -1, 10], [-1, 2, -1, -1, -1, -1, 7], [-1, 2, -1, -1, -1, -1, 6], [-1, 2, -1, -1, -1, 1, 3], [-1, 2, -1, 4, -1, -1, -1], [-1, 2, 2, -1, -1, -1, 3], [-1, 2, 0, 0, -1, -1, 3], [-1, 2, 0, 0, -1, 0, 2], [-1, 1, -1, -1, -1, -1, 5], [-1, 1, -1, 6, -1, -1, -1], [-1, 1, -1, 1, -1, -1, 4], [-1, 1, 2, -1, -1, -1, 10], [-1, 1, 1, -1, -1, 1, 4], [-1, 1, 1, 5, -1, 1, -1], [-1, 1, 1, 2, -1, -1, -1], [-1, 1, 0, 1, -1, 0, 2], [-1, 1, 0, 0, -1, 1, 6], [-1, 0, -1, -1, -1, -1, 5], [-1, 0, -1, -1, -1, 1, -1], [1, 2, -1, -1, -1, 0, 3], [1, 2, 2, -1, 0, 0, -1], [1, 1, 1, 1, -1, 0, -1], [0, -1, -1, -1, -1, -1, 10], [0, -1, -1, -1, -1, -1, 6], [0, -1, -1, -1, -1, -1, 5], [0, -1, -1, 6, -1, -1, -1], [0, -1, -1, 4, -1, 1, -1], [0, -1, -1, 1, 0, -1, 4], [0, -1, 2, 4, -1, -1, -1], [0, -1, 1, -1, -1, 1, 4], [0, -1, 1, 5, -1, -1, 2], [0, -1, 0, -1, -1, 1, 7], [0, -1, 0, -1, -1, 1, 3], [0, -1, 0, 5, -1, 0, -1], [0, -1, 0, 2, -1, 1, -1], [0, -1, 0, 0, -1, -1, 7], [0, 3, 0, 5, -1, -1, -1], [0, 2, -1, 0, -1, -1, 3], [0, 2, 0, -1, -1, -1, 3], [0, 2, 0, -1, -1, -1, 2], [0, 1, -1, 5, -1, -1, 1], [0, 1, -1, 5, -1, 0, -1], [0, 1, -1, 4, -1, -1, -1], [0, 1, 3, -1, -1, 0, 2], [0, 1, 1, 5, -1, -1, -1], [0, 1, 1, 1, -1, 1, -1], [0, 1, 0, 1, -1, -1, 2], [0, 0, 1, -1, -1, -1, -1]]
20 64 
 [[-1, -1, -1, -1, -1, -1, 9], [-1, -1, -1, -1, -1, -1, 8], [-1, -1, -1, -1, -1, 1, 10], [-1, -1, -1, -1, -1, 1, 5], [-1, -1, -1, -1, -1, 0, 6], [-1, -1, -1, -1, 2, -1, -1], [-1, -1, -1, -1, 1, -1, -1], [-1, -1, -1, 6, -1, 0, -1], [-1, -1, -1, 5, -1, -1, 4], [-1, -1, -1, 4, -1, -1, 5], [-1, -1, -1, 4, -1, -1, 4], [-1, -1, -1, 1, -1, -1, 6], [-1, -1, -1, 1, -1, 0, 4], [-1, -1, -1, 0, -1, -1, 5], [-1, -1, 3, -1, -1, -1, 5], [-1, -1, 3, -1, -1, -1, 4], [-1, -1, 3, -1, -1, 0, 3], [-1, -1, 3, 1, -1, -1, 2], [-1, -1, 2, -1, -1, -1, 6], [-1, -1, 2, -1, -1, -1, 5], [-1, -1, 2, 0, -1, -1, 10], [-1, -1, 1, -1, -1, -1, 7], [-1, -1, 1, -1, -1, -1, 5], [-1, -1, 1, 4, -1, -1, -1], [-1, -1, 0, -1, -1, 0, 10], [-1, -1, 0, 0, -1, 1, 7], [-1, -1, 0, 0, -1, 1, 3], [-1, 2, -1, -1, -1, -1, 10], [-1, 2, -1, -1, -1, -1, 7], [-1, 2, -1, -1, -1, -1, 6], [-1, 2, -1, -1, -1, 1, 3], [-1, 2, -1, 4, -1, -1, -1], [-1, 2, 0, 0, -1, -1, 3], [-1, 2, 0, 0, -1, 0, 2], [-1, 1, -1, -1, -1, -1, 5], [-1, 1, -1, 6, -1, -1, -1], [-1, 1, -1, 1, -1, -1, 4], [-1, 1, 1, -1, -1, 1, 4], [-1, 1, 1, 2, -1, -1, -1], [-1, 1, 0, 0, -1, 1, 6], [-1, 0, -1, -1, -1, -1, 5], [-1, 0, -1, -1, -1, 1, -1], [0, -1, -1, -1, -1, -1, 10], [0, -1, -1, -1, -1, -1, 6], [0, -1, -1, -1, -1, -1, 5], [0, -1, -1, 6, -1, -1, -1], [0, -1, -1, 4, -1, 1, -1], [0, -1, -1, 1, 0, -1, 4], [0, -1, 1, -1, -1, 1, 4], [0, -1, 1, 5, -1, -1, 2], [0, -1, 0, -1, -1, 1, 7], [0, -1, 0, -1, -1, 1, 3], [0, -1, 0, 5, -1, 0, -1], [0, -1, 0, 0, -1, -1, 7], [0, 2, -1, 0, -1, -1, 3], [0, 2, 0, -1, -1, -1, 3], [0, 2, 0, -1, -1, -1, 2], [0, 1, -1, 5, -1, 0, -1], [0, 1, -1, 4, -1, -1, -1], [0, 1, 3, -1, -1, 0, 2], [0, 1, 1, 5, -1, -1, -1], [0, 1, 1, 1, -1, 1, -1], [0, 1, 0, 1, -1, -1, 2], [0, 0, 1, -1, -1, -1, -1]]
30 47 
 [[-1, -1, -1, -1, -1, -1, 9], [-1, -1, -1, -1, -1, -1, 8], [-1, -1, -1, -1, -1, 1, 10], [-1, -1, -1, -1, -1, 1, 5], [-1, -1, -1, -1, -1, 0, 6], [-1, -1, -1, -1, 2, -1, -1], [-1, -1, -1, -1, 1, -1, -1], [-1, -1, -1, 1, -1, -1, 6], [-1, -1, -1, 1, -1, 0, 4], [-1, -1, -1, 0, -1, -1, 5], [-1, -1, 3, -1, -1, -1, 4], [-1, -1, 2, -1, -1, -1, 6], [-1, -1, 2, -1, -1, -1, 5], [-1, -1, 1, -1, -1, -1, 7], [-1, -1, 1, -1, -1, -1, 5], [-1, -1, 1, 4, -1, -1, -1], [-1, -1, 0, -1, -1, 0, 10], [-1, -1, 0, 0, -1, 1, 7], [-1, -1, 0, 0, -1, 1, 3], [-1, 2, -1, -1, -1, -1, 7], [-1, 2, -1, -1, -1, -1, 6], [-1, 2, -1, -1, -1, 1, 3], [-1, 2, -1, 4, -1, -1, -1], [-1, 2, 0, 0, -1, -1, 3], [-1, 2, 0, 0, -1, 0, 2], [-1, 1, -1, -1, -1, -1, 5], [-1, 1, -1, 1, -1, -1, 4], [-1, 1, 1, -1, -1, 1, 4], [-1, 1, 0, 0, -1, 1, 6], [-1, 0, -1, -1, -1, 1, -1], [0, -1, -1, -1, -1, -1, 10], [0, -1, -1, -1, -1, -1, 6], [0, -1, -1, -1, -1, -1, 5], [0, -1, -1, 4, -1, 1, -1], [0, -1, -1, 1, 0, -1, 4], [0, -1, 1, -1, -1, 1, 4], [0, -1, 0, -1, -1, 1, 7], [0, -1, 0, -1, -1, 1, 3], [0, -1, 0, 5, -1, 0, -1], [0, -1, 0, 0, -1, -1, 7], [0, 2, -1, 0, -1, -1, 3], [0, 2, 0, -1, -1, -1, 3], [0, 2, 0, -1, -1, -1, 2], [0, 1, -1, 5, -1, 0, -1], [0, 1, -1, 4, -1, -1, -1], [0, 1, 1, 5, -1, -1, -1], [0, 0, 1, -1, -1, -1, -1]]
40 35 
 [[-1, -1, -1, -1, -1, -1, 9], [-1, -1, -1, -1, -1, -1, 8], [-1, -1, -1, -1, -1, 1, 10], [-1, -1, -1, -1, -1, 1, 5], [-1, -1, -1, -1, -1, 0, 6], [-1, -1, -1, -1, 2, -1, -1], [-1, -1, -1, -1, 1, -1, -1], [-1, -1, -1, 0, -1, -1, 5], [-1, -1, 3, -1, -1, -1, 4], [-1, -1, 2, -1, -1, -1, 5], [-1, -1, 1, -1, -1, -1, 7], [-1, -1, 1, -1, -1, -1, 5], [-1, -1, 1, 4, -1, -1, -1], [-1, -1, 0, -1, -1, 0, 10], [-1, -1, 0, 0, -1, 1, 7], [-1, -1, 0, 0, -1, 1, 3], [-1, 2, -1, -1, -1, -1, 7], [-1, 2, -1, -1, -1, -1, 6], [-1, 2, -1, -1, -1, 1, 3], [-1, 1, -1, -1, -1, -1, 5], [-1, 1, 1, -1, -1, 1, 4], [-1, 1, 0, 0, -1, 1, 6], [-1, 0, -1, -1, -1, 1, -1], [0, -1, -1, -1, -1, -1, 10], [0, -1, -1, -1, -1, -1, 6], [0, -1, -1, -1, -1, -1, 5], [0, -1, -1, 4, -1, 1, -1], [0, -1, 1, -1, -1, 1, 4], [0, -1, 0, -1, -1, 1, 7], [0, -1, 0, -1, -1, 1, 3], [0, -1, 0, 0, -1, -1, 7], [0, 2, -1, 0, -1, -1, 3], [0, 2, 0, -1, -1, -1, 3], [0, 2, 0, -1, -1, -1, 2], [0, 1, -1, 4, -1, -1, -1]]
50 30 
 [[-1, -1, -1, -1, -1, -1, 9], [-1, -1, -1, -1, -1, -1, 8], [-1, -1, -1, -1, -1, 1, 10], [-1, -1, -1, -1, -1, 1, 5], [-1, -1, -1, -1, -1, 0, 6], [-1, -1, -1, -1, 2, -1, -1], [-1, -1, -1, -1, 1, -1, -1], [-1, -1, -1, 0, -1, -1, 5], [-1, -1, 2, -1, -1, -1, 5], [-1, -1, 1, -1, -1, -1, 7], [-1, -1, 1, -1, -1, -1, 5], [-1, -1, 1, 4, -1, -1, -1], [-1, -1, 0, -1, -1, 0, 10], [-1, -1, 0, 0, -1, 1, 7], [-1, -1, 0, 0, -1, 1, 3], [-1, 2, -1, -1, -1, -1, 7], [-1, 2, -1, -1, -1, -1, 6], [-1, 1, -1, -1, -1, -1, 5], [-1, 1, 1, -1, -1, 1, 4], [-1, 1, 0, 0, -1, 1, 6], [0, -1, -1, -1, -1, -1, 10], [0, -1, -1, -1, -1, -1, 6], [0, -1, -1, -1, -1, -1, 5], [0, -1, -1, 4, -1, 1, -1], [0, -1, 1, -1, -1, 1, 4], [0, -1, 0, -1, -1, 1, 7], [0, -1, 0, -1, -1, 1, 3], [0, -1, 0, 0, -1, -1, 7], [0, 2, -1, 0, -1, -1, 3], [0, 1, -1, 4, -1, -1, -1]]
60 29 
 [[-1, -1, -1, -1, -1, -1, 9], [-1, -1, -1, -1, -1, -1, 8], [-1, -1, -1, -1, -1, 1, 10], [-1, -1, -1, -1, -1, 1, 5], [-1, -1, -1, -1, -1, 0, 6], [-1, -1, -1, -1, 2, -1, -1], [-1, -1, -1, -1, 1, -1, -1], [-1, -1, -1, 0, -1, -1, 5], [-1, -1, 1, -1, -1, -1, 7], [-1, -1, 1, -1, -1, -1, 5], [-1, -1, 1, 4, -1, -1, -1], [-1, -1, 0, -1, -1, 0, 10], [-1, -1, 0, 0, -1, 1, 7], [-1, -1, 0, 0, -1, 1, 3], [-1, 2, -1, -1, -1, -1, 7], [-1, 2, -1, -1, -1, -1, 6], [-1, 1, -1, -1, -1, -1, 5], [-1, 1, 1, -1, -1, 1, 4], [-1, 1, 0, 0, -1, 1, 6], [0, -1, -1, -1, -1, -1, 10], [0, -1, -1, -1, -1, -1, 6], [0, -1, -1, -1, -1, -1, 5], [0, -1, -1, 4, -1, 1, -1], [0, -1, 1, -1, -1, 1, 4], [0, -1, 0, -1, -1, 1, 7], [0, -1, 0, -1, -1, 1, 3], [0, -1, 0, 0, -1, -1, 7], [0, 2, -1, 0, -1, -1, 3], [0, 1, -1, 4, -1, -1, -1]]
70 27 
 [[-1, -1, -1, -1, -1, -1, 9], [-1, -1, -1, -1, -1, -1, 8], [-1, -1, -1, -1, -1, 1, 10], [-1, -1, -1, -1, -1, 1, 5], [-1, -1, -1, -1, -1, 0, 6], [-1, -1, -1, -1, 2, -1, -1], [-1, -1, -1, -1, 1, -1, -1], [-1, -1, -1, 0, -1, -1, 5], [-1, -1, 1, -1, -1, -1, 7], [-1, -1, 1, -1, -1, -1, 5], [-1, -1, 1, 4, -1, -1, -1], [-1, -1, 0, -1, -1, 0, 10], [-1, -1, 0, 0, -1, 1, 7], [-1, -1, 0, 0, -1, 1, 3], [-1, 2, -1, -1, -1, -1, 7], [-1, 2, -1, -1, -1, -1, 6], [-1, 1, -1, -1, -1, -1, 5], [-1, 1, 1, -1, -1, 1, 4], [-1, 1, 0, 0, -1, 1, 6], [0, -1, -1, -1, -1, -1, 10], [0, -1, -1, -1, -1, -1, 6], [0, -1, -1, -1, -1, -1, 5], [0, -1, 1, -1, -1, 1, 4], [0, -1, 0, -1, -1, 1, 7], [0, -1, 0, -1, -1, 1, 3], [0, -1, 0, 0, -1, -1, 7], [0, 1, -1, 4, -1, -1, -1]]
80 22 
 [[-1, -1, -1, -1, -1, -1, 9], [-1, -1, -1, -1, -1, -1, 8], [-1, -1, -1, -1, -1, 1, 10], [-1, -1, -1, -1, -1, 1, 5], [-1, -1, -1, -1, -1, 0, 6], [-1, -1, -1, -1, 2, -1, -1], [-1, -1, -1, -1, 1, -1, -1], [-1, -1, -1, 0, -1, -1, 5], [-1, -1, 1, -1, -1, -1, 7], [-1, -1, 1, -1, -1, -1, 5], [-1, -1, 0, -1, -1, 0, 10], [-1, -1, 0, 0, -1, 1, 7], [-1, 2, -1, -1, -1, -1, 7], [-1, 2, -1, -1, -1, -1, 6], [-1, 1, -1, -1, -1, -1, 5], [0, -1, -1, -1, -1, -1, 10], [0, -1, -1, -1, -1, -1, 6], [0, -1, -1, -1, -1, -1, 5], [0, -1, 1, -1, -1, 1, 4], [0, -1, 0, -1, -1, 1, 7], [0, -1, 0, 0, -1, -1, 7], [0, 1, -1, 4, -1, -1, -1]]
90 17 
 [[-1, -1, -1, -1, -1, -1, 9], [-1, -1, -1, -1, -1, -1, 8], [-1, -1, -1, -1, -1, 1, 5], [-1, -1, -1, -1, -1, 0, 6], [-1, -1, -1, -1, 2, -1, -1], [-1, -1, -1, -1, 1, -1, -1], [-1, -1, -1, 0, -1, -1, 5], [-1, -1, 1, -1, -1, -1, 7], [-1, -1, 1, -1, -1, -1, 5], [-1, -1, 0, -1, -1, 0, 10], [-1, 2, -1, -1, -1, -1, 6], [-1, 1, -1, -1, -1, -1, 5], [0, -1, -1, -1, -1, -1, 10], [0, -1, -1, -1, -1, -1, 6], [0, -1, -1, -1, -1, -1, 5], [0, -1, 0, 0, -1, -1, 7], [0, 1, -1, 4, -1, -1, -1]]
100 17 
 [[-1, -1, -1, -1, -1, -1, 9], [-1, -1, -1, -1, -1, -1, 8], [-1, -1, -1, -1, -1, 1, 5], [-1, -1, -1, -1, -1, 0, 6], [-1, -1, -1, -1, 2, -1, -1], [-1, -1, -1, -1, 1, -1, -1], [-1, -1, -1, 0, -1, -1, 5], [-1, -1, 1, -1, -1, -1, 7], [-1, -1, 1, -1, -1, -1, 5], [-1, -1, 0, -1, -1, 0, 10], [-1, 2, -1, -1, -1, -1, 6], [-1, 1, -1, -1, -1, -1, 5], [0, -1, -1, -1, -1, -1, 10], [0, -1, -1, -1, -1, -1, 6], [0, -1, -1, -1, -1, -1, 5], [0, -1, 0, 0, -1, -1, 7], [0, 1, -1, 4, -1, -1, -1]]
