overall accuracy: 0.36815415821501013
execution time
3 0.03874993324279785 0.0
4 0.05363821983337402 0.0
5 0.08901000022888184 0.0
6 0.13807201385498047 0.0
7 0.629202127456665 0.0
8 1.816486120223999 0.0
9 3.0995419025421143 0.0
10 4.479907035827637 0.0
11 8.19969892501831 0.0
12 16.12193012237549 0.0
13 43.41328310966492 0.0
14 77.04210925102234 0.0
15 145.13963508605957 0.0
16 298.0466251373291 0.0


number of patterns checked
3 66.0 0.0
4 437.0 0.0
5 1232.0 0.0
6 1860.0 0.0
7 9430.0 0.0
8 30590.0 0.0
9 47190.0 0.0
10 72084.0 0.0
11 121872.0 0.0
12 221340.0 0.0
13 419940.0 0.0
14 644272.0 0.0
15 1098708.0 0.0
16 2015580.0 0.0


number of patterns found
0 0 
 []
1 2 
 [[-1, -1, 1, 4], [0, 1, -1, 4]]
2 4 
 [[-1, -1, -1, -1, 2], [-1, -1, -1, -1, 1], [-1, -1, 1, 4, -1], [0, 1, -1, 4, -1]]
3 5 
 [[-1, -1, -1, -1, 2, -1], [-1, -1, -1, -1, 1, -1], [-1, -1, 1, 4, -1, -1], [0, -1, -1, 4, -1, 1], [0, 1, -1, 4, -1, -1]]
4 28 
 [[-1, -1, -1, -1, -1, -1, 9], [-1, -1, -1, -1, -1, -1, 8], [-1, -1, -1, -1, -1, 1, 10], [-1, -1, -1, -1, -1, 1, 5], [-1, -1, -1, -1, -1, 0, 6], [-1, -1, -1, -1, 2, -1, -1], [-1, -1, -1, -1, 1, -1, -1], [-1, -1, -1, 0, -1, -1, 5], [-1, -1, 2, -1, -1, -1, 5], [-1, -1, 1, -1, -1, -1, 7], [-1, -1, 1, -1, -1, -1, 5], [-1, -1, 1, 4, -1, -1, -1], [-1, -1, 0, -1, -1, 0, 10], [-1, -1, 0, 0, -1, 1, 3], [-1, 2, -1, -1, -1, -1, 7], [-1, 2, -1, -1, -1, -1, 6], [-1, 1, -1, -1, -1, -1, 5], [-1, 1, 1, -1, -1, 1, 4], [-1, 1, 0, 0, -1, 1, 6], [0, -1, -1, -1, -1, -1, 10], [0, -1, -1, -1, -1, -1, 6], [0, -1, -1, -1, -1, -1, 5], [0, -1, -1, 4, -1, 1, -1], [0, -1, 1, -1, -1, 1, 4], [0, -1, 0, -1, -1, 1, 3], [0, -1, 0, 0, -1, 1, 7], [0, 2, -1, 0, -1, -1, 3], [0, 1, -1, 4, -1, -1, -1]]
5 34 
 [[-1, -1, -1, -1, -1, -1, 9, -1], [-1, -1, -1, -1, -1, -1, 8, -1], [-1, -1, -1, -1, -1, -1, 5, 0], [-1, -1, -1, -1, -1, 1, 10, -1], [-1, -1, -1, -1, -1, 1, 5, -1], [-1, -1, -1, -1, -1, 0, 6, -1], [-1, -1, -1, -1, 2, -1, -1, -1], [-1, -1, -1, -1, 1, -1, -1, -1], [-1, -1, -1, 0, -1, -1, 5, -1], [-1, -1, 2, -1, -1, -1, 5, -1], [-1, -1, 1, -1, -1, -1, 7, -1], [-1, -1, 1, -1, -1, -1, 5, -1], [-1, -1, 1, 4, -1, -1, -1, -1], [-1, -1, 0, -1, -1, 1, 7, 0], [-1, -1, 0, -1, -1, 0, 10, -1], [-1, -1, 0, 0, -1, -1, 6, 0], [-1, -1, 0, 0, -1, 1, 3, -1], [-1, 2, -1, -1, -1, -1, 7, -1], [-1, 2, -1, -1, -1, -1, 6, -1], [-1, 1, -1, -1, -1, -1, 5, -1], [-1, 1, 1, -1, -1, 1, 4, -1], [-1, 1, 0, 0, -1, 1, 6, -1], [0, -1, -1, -1, -1, -1, 10, -1], [0, -1, -1, -1, -1, -1, 6, -1], [0, -1, -1, -1, -1, -1, 5, -1], [0, -1, -1, 4, -1, 1, -1, -1], [0, -1, 1, -1, -1, 1, 4, -1], [0, -1, 0, -1, -1, -1, 7, 0], [0, -1, 0, -1, -1, 1, 3, -1], [0, -1, 0, 0, -1, 1, 7, -1], [0, 2, -1, 0, -1, -1, 3, -1], [0, 2, 0, 0, -1, 1, -1, 0], [0, 1, -1, 4, -1, -1, -1, -1], [0, 1, 0, -1, -1, 0, 4, 0]]
6 34 
 [[-1, -1, -1, -1, -1, -1, 9, -1, -1], [-1, -1, -1, -1, -1, -1, 8, -1, -1], [-1, -1, -1, -1, -1, -1, 5, 0, -1], [-1, -1, -1, -1, -1, 1, 10, -1, -1], [-1, -1, -1, -1, -1, 1, 5, -1, -1], [-1, -1, -1, -1, -1, 0, 6, -1, -1], [-1, -1, -1, -1, 2, -1, -1, -1, -1], [-1, -1, -1, -1, 1, -1, -1, -1, -1], [-1, -1, -1, 0, -1, -1, 5, -1, -1], [-1, -1, 2, -1, -1, -1, 5, -1, -1], [-1, -1, 1, -1, -1, -1, 7, -1, -1], [-1, -1, 1, -1, -1, -1, 5, -1, -1], [-1, -1, 1, 4, -1, -1, -1, -1, -1], [-1, -1, 0, -1, -1, 1, 7, 0, -1], [-1, -1, 0, -1, -1, 0, 10, -1, -1], [-1, -1, 0, 0, -1, -1, 6, 0, -1], [-1, -1, 0, 0, -1, 1, 3, -1, -1], [-1, 2, -1, -1, -1, -1, 7, -1, -1], [-1, 2, -1, -1, -1, -1, 6, -1, -1], [-1, 1, -1, -1, -1, -1, 5, -1, -1], [-1, 1, 1, -1, -1, 1, 4, -1, -1], [-1, 1, 0, 0, -1, 1, 6, -1, -1], [0, -1, -1, -1, -1, -1, 10, -1, -1], [0, -1, -1, -1, -1, -1, 6, -1, -1], [0, -1, -1, -1, -1, -1, 5, -1, -1], [0, -1, -1, 4, -1, 1, -1, -1, -1], [0, -1, 1, -1, -1, 1, 4, -1, -1], [0, -1, 0, -1, -1, -1, 7, 0, -1], [0, -1, 0, -1, -1, 1, 3, -1, -1], [0, -1, 0, 0, -1, 1, 7, -1, -1], [0, 2, -1, 0, -1, -1, 3, -1, -1], [0, 2, 0, 0, -1, 1, -1, 0, -1], [0, 1, -1, 4, -1, -1, -1, -1, -1], [0, 1, 0, -1, -1, 0, 4, 0, -1]]
7 34 
 [[-1, -1, -1, -1, -1, -1, 9, -1, -1, -1], [-1, -1, -1, -1, -1, -1, 8, -1, -1, -1], [-1, -1, -1, -1, -1, -1, 5, 0, -1, -1], [-1, -1, -1, -1, -1, 1, 10, -1, -1, -1], [-1, -1, -1, -1, -1, 1, 5, -1, -1, -1], [-1, -1, -1, -1, -1, 0, 6, -1, -1, -1], [-1, -1, -1, -1, 2, -1, -1, -1, -1, -1], [-1, -1, -1, -1, 1, -1, -1, -1, -1, -1], [-1, -1, -1, 0, -1, -1, 5, -1, -1, -1], [-1, -1, 2, -1, -1, -1, 5, -1, -1, -1], [-1, -1, 1, -1, -1, -1, 7, -1, -1, -1], [-1, -1, 1, -1, -1, -1, 5, -1, -1, -1], [-1, -1, 1, 4, -1, -1, -1, -1, -1, -1], [-1, -1, 0, -1, -1, 1, 7, 0, -1, -1], [-1, -1, 0, -1, -1, 0, 10, -1, -1, -1], [-1, -1, 0, 0, -1, -1, 6, 0, -1, -1], [-1, -1, 0, 0, -1, 1, 3, -1, -1, -1], [-1, 2, -1, -1, -1, -1, 7, -1, -1, -1], [-1, 2, -1, -1, -1, -1, 6, -1, -1, -1], [-1, 1, -1, -1, -1, -1, 5, -1, -1, -1], [-1, 1, 1, -1, -1, 1, 4, -1, -1, -1], [-1, 1, 0, 0, -1, 1, 6, -1, -1, -1], [0, -1, -1, -1, -1, -1, 10, -1, -1, -1], [0, -1, -1, -1, -1, -1, 6, -1, -1, -1], [0, -1, -1, -1, -1, -1, 5, -1, -1, -1], [0, -1, -1, 4, -1, 1, -1, -1, -1, -1], [0, -1, 1, -1, -1, 1, 4, -1, -1, -1], [0, -1, 0, -1, -1, -1, 7, 0, -1, -1], [0, -1, 0, -1, -1, 1, 3, -1, -1, -1], [0, -1, 0, 0, -1, 1, 7, -1, -1, -1], [0, 2, -1, 0, -1, -1, 3, -1, -1, -1], [0, 2, 0, 0, -1, 1, -1, 0, -1, -1], [0, 1, -1, 4, -1, -1, -1, -1, -1, -1], [0, 1, 0, -1, -1, 0, 4, 0, -1, -1]]
8 36 
 [[-1, -1, -1, -1, -1, -1, 9, -1, -1, -1, -1], [-1, -1, -1, -1, -1, -1, 8, -1, -1, -1, -1], [-1, -1, -1, -1, -1, -1, 5, 0, -1, -1, -1], [-1, -1, -1, -1, -1, 1, 10, -1, -1, -1, -1], [-1, -1, -1, -1, -1, 1, 7, 0, -1, -1, 0], [-1, -1, -1, -1, -1, 1, 5, -1, -1, -1, -1], [-1, -1, -1, -1, -1, 0, 6, -1, -1, -1, -1], [-1, -1, -1, -1, 2, -1, -1, -1, -1, -1, -1], [-1, -1, -1, -1, 1, -1, -1, -1, -1, -1, -1], [-1, -1, -1, 0, -1, -1, 5, -1, -1, -1, -1], [-1, -1, 2, -1, -1, -1, 5, -1, -1, -1, -1], [-1, -1, 1, -1, -1, -1, 7, -1, -1, -1, -1], [-1, -1, 1, -1, -1, -1, 5, -1, -1, -1, -1], [-1, -1, 1, 4, -1, -1, -1, -1, -1, -1, -1], [-1, -1, 0, -1, -1, 1, 7, 0, -1, -1, -1], [-1, -1, 0, -1, -1, 0, 10, -1, -1, -1, -1], [-1, -1, 0, 0, -1, -1, 6, 0, -1, -1, -1], [-1, -1, 0, 0, -1, 1, 3, -1, -1, -1, -1], [-1, 2, -1, -1, -1, -1, 7, -1, -1, -1, -1], [-1, 2, -1, -1, -1, -1, 6, -1, -1, -1, -1], [-1, 1, -1, -1, -1, -1, 5, -1, -1, -1, -1], [-1, 1, 1, -1, -1, 1, 4, -1, -1, -1, -1], [-1, 1, 0, 0, -1, 1, 6, -1, -1, -1, -1], [0, -1, -1, -1, -1, -1, 10, -1, -1, -1, -1], [0, -1, -1, -1, -1, -1, 7, 0, -1, -1, 0], [0, -1, -1, -1, -1, -1, 6, -1, -1, -1, -1], [0, -1, -1, -1, -1, -1, 5, -1, -1, -1, -1], [0, -1, -1, 4, -1, 1, -1, -1, -1, -1, -1], [0, -1, 1, -1, -1, 1, 4, -1, -1, -1, -1], [0, -1, 0, -1, -1, -1, 7, 0, -1, -1, -1], [0, -1, 0, -1, -1, 1, 3, -1, -1, -1, -1], [0, -1, 0, 0, -1, 1, 7, -1, -1, -1, -1], [0, 2, -1, 0, -1, -1, 3, -1, -1, -1, -1], [0, 2, 0, 0, -1, 1, -1, 0, -1, -1, -1], [0, 1, -1, 4, -1, -1, -1, -1, -1, -1, -1], [0, 1, 0, -1, -1, 0, 4, 0, -1, -1, -1]]
9 39 
 [[-1, -1, -1, -1, -1, -1, 9, -1, -1, -1, -1, -1], [-1, -1, -1, -1, -1, -1, 8, -1, -1, -1, -1, -1], [-1, -1, -1, -1, -1, -1, 5, 0, -1, -1, -1, -1], [-1, -1, -1, -1, -1, 1, 10, -1, -1, -1, -1, -1], [-1, -1, -1, -1, -1, 1, 7, 0, -1, -1, 0, -1], [-1, -1, -1, -1, -1, 1, 5, -1, -1, -1, -1, -1], [-1, -1, -1, -1, -1, 0, 6, -1, -1, -1, -1, -1], [-1, -1, -1, -1, 2, -1, -1, -1, -1, -1, -1, -1], [-1, -1, -1, -1, 1, -1, -1, -1, -1, -1, -1, -1], [-1, -1, -1, 0, -1, -1, 5, -1, -1, -1, -1, -1], [-1, -1, 2, -1, -1, -1, 5, -1, -1, -1, -1, -1], [-1, -1, 1, -1, -1, -1, 7, -1, -1, -1, -1, -1], [-1, -1, 1, -1, -1, -1, 5, -1, -1, -1, -1, -1], [-1, -1, 1, 4, -1, -1, -1, -1, -1, -1, -1, -1], [-1, -1, 0, -1, -1, -1, 6, 0, -1, -1, -1, 0], [-1, -1, 0, -1, -1, 1, 7, 0, -1, -1, -1, -1], [-1, -1, 0, -1, -1, 0, 10, -1, -1, -1, -1, -1], [-1, -1, 0, 0, -1, -1, 6, 0, -1, -1, -1, -1], [-1, -1, 0, 0, -1, 1, 3, -1, -1, -1, -1, -1], [-1, -1, 0, 0, 0, 1, 6, -1, -1, -1, -1, 0], [-1, 2, -1, -1, -1, -1, 7, -1, -1, -1, -1, -1], [-1, 2, -1, -1, -1, -1, 6, -1, -1, -1, -1, -1], [-1, 1, -1, -1, -1, -1, 5, -1, -1, -1, -1, -1], [-1, 1, 1, -1, -1, 1, 4, -1, -1, -1, -1, -1], [-1, 1, 0, 0, -1, -1, 6, -1, -1, -1, -1, 0], [-1, 1, 0, 0, -1, 1, 6, -1, -1, -1, -1, -1], [0, -1, -1, -1, -1, -1, 10, -1, -1, -1, -1, -1], [0, -1, -1, -1, -1, -1, 7, 0, -1, -1, 0, -1], [0, -1, -1, -1, -1, -1, 6, -1, -1, -1, -1, -1], [0, -1, -1, -1, -1, -1, 5, -1, -1, -1, -1, -1], [0, -1, -1, 4, -1, 1, -1, -1, -1, -1, -1, -1], [0, -1, 1, -1, -1, 1, 4, -1, -1, -1, -1, -1], [0, -1, 0, -1, -1, -1, 7, 0, -1, -1, -1, -1], [0, -1, 0, -1, -1, 1, 3, -1, -1, -1, -1, -1], [0, -1, 0, 0, -1, 1, 7, -1, -1, -1, -1, -1], [0, 2, -1, 0, -1, -1, 3, -1, -1, -1, -1, -1], [0, 2, 0, 0, -1, 1, -1, 0, -1, -1, -1, -1], [0, 1, -1, 4, -1, -1, -1, -1, -1, -1, -1, -1], [0, 1, 0, -1, -1, 0, 4, 0, -1, -1, -1, -1]]
10 47 
 [[-1, -1, -1, -1, -1, -1, -1, -1, -1, -1, -1, -1, 0], [-1, -1, -1, -1, -1, -1, 9, -1, -1, -1, -1, -1, -1], [-1, -1, -1, -1, -1, -1, 8, -1, -1, -1, -1, -1, -1], [-1, -1, -1, -1, -1, -1, 5, -1, -1, -1, -1, -1, 1], [-1, -1, -1, -1, -1, -1, 5, 0, -1, -1, -1, -1, -1], [-1, -1, -1, -1, -1, 1, 10, -1, -1, -1, -1, -1, -1], [-1, -1, -1, -1, -1, 1, 7, 0, -1, -1, 0, -1, -1], [-1, -1, -1, -1, -1, 1, 5, -1, -1, -1, -1, -1, -1], [-1, -1, -1, -1, -1, 0, 7, -1, -1, -1, -1, -1, 1], [-1, -1, -1, -1, -1, 0, 6, -1, -1, -1, -1, -1, -1], [-1, -1, -1, -1, 2, -1, -1, -1, -1, -1, -1, -1, -1], [-1, -1, -1, -1, 1, -1, -1, -1, -1, -1, -1, -1, -1], [-1, -1, -1, 0, -1, -1, 5, -1, -1, -1, -1, -1, -1], [-1, -1, 2, -1, -1, -1, 5, -1, -1, -1, -1, -1, -1], [-1, -1, 1, -1, -1, -1, 7, -1, -1, -1, -1, -1, -1], [-1, -1, 1, -1, -1, -1, 5, -1, -1, -1, -1, -1, -1], [-1, -1, 1, -1, -1, -1, 2, -1, -1, -1, -1, -1, 1], [-1, -1, 1, 4, -1, -1, -1, -1, -1, -1, -1, -1, -1], [-1, -1, 0, -1, -1, -1, 6, 0, -1, -1, -1, 0, -1], [-1, -1, 0, -1, -1, 1, 7, 0, -1, -1, -1, -1, -1], [-1, -1, 0, -1, -1, 0, 10, -1, -1, -1, -1, -1, -1], [-1, -1, 0, 0, -1, -1, 6, 0, -1, -1, -1, -1, -1], [-1, -1, 0, 0, -1, 1, 3, -1, -1, -1, -1, -1, -1], [-1, -1, 0, 0, 0, 1, 6, -1, -1, -1, -1, 0, -1], [-1, 2, -1, -1, -1, -1, 7, -1, -1, -1, -1, -1, -1], [-1, 2, -1, -1, -1, -1, 6, -1, -1, -1, -1, -1, -1], [-1, 1, -1, -1, -1, -1, 6, -1, -1, -1, -1, 0, 1], [-1, 1, -1, -1, -1, -1, 5, -1, -1, -1, -1, -1, -1], [-1, 1, -1, 0, -1, -1, 6, -1, -1, -1, -1, -1, 1], [-1, 1, 1, -1, -1, 1, 4, -1, -1, -1, -1, -1, -1], [-1, 1, 0, 0, -1, -1, 6, -1, -1, -1, -1, 0, -1], [-1, 1, 0, 0, -1, 1, 6, -1, -1, -1, -1, -1, -1], [0, -1, -1, -1, -1, -1, 10, -1, -1, -1, -1, -1, -1], [0, -1, -1, -1, -1, -1, 7, 0, -1, -1, 0, -1, -1], [0, -1, -1, -1, -1, -1, 6, -1, -1, -1, -1, -1, -1], [0, -1, -1, -1, -1, -1, 5, -1, -1, -1, -1, -1, -1], [0, -1, -1, 4, -1, 1, -1, -1, -1, -1, -1, -1, -1], [0, -1, 1, -1, -1, 1, 4, -1, -1, -1, -1, -1, -1], [0, -1, 0, -1, -1, -1, 7, -1, -1, -1, -1, -1, 1], [0, -1, 0, -1, -1, -1, 7, 0, -1, -1, -1, -1, -1], [0, -1, 0, -1, -1, 1, 3, -1, -1, -1, -1, -1, -1], [0, -1, 0, 0, -1, 1, -1, 0, -1, -1, -1, -1, 1], [0, -1, 0, 0, -1, 1, 7, -1, -1, -1, -1, -1, -1], [0, 2, -1, 0, -1, -1, 3, -1, -1, -1, -1, -1, -1], [0, 2, 0, 0, -1, 1, -1, 0, -1, -1, -1, -1, -1], [0, 1, -1, 4, -1, -1, -1, -1, -1, -1, -1, -1, -1], [0, 1, 0, -1, -1, 0, 4, 0, -1, -1, -1, -1, -1]]
11 68 
 [[-1, -1, -1, -1, -1, -1, -1, -1, -1, -1, -1, -1, 1, 1], [-1, -1, -1, -1, -1, -1, -1, -1, -1, -1, -1, -1, 0, -1], [-1, -1, -1, -1, -1, -1, 10, -1, -1, -1, -1, -1, -1, 1], [-1, -1, -1, -1, -1, -1, 9, -1, -1, -1, -1, -1, -1, -1], [-1, -1, -1, -1, -1, -1, 8, -1, -1, -1, -1, -1, -1, -1], [-1, -1, -1, -1, -1, -1, 7, 0, -1, -1, -1, -1, -1, 0], [-1, -1, -1, -1, -1, -1, 5, -1, -1, -1, -1, -1, -1, 1], [-1, -1, -1, -1, -1, -1, 5, -1, -1, -1, -1, -1, 1, -1], [-1, -1, -1, -1, -1, -1, 5, 0, -1, -1, -1, -1, -1, -1], [-1, -1, -1, -1, -1, 1, 10, -1, -1, -1, -1, -1, -1, -1], [-1, -1, -1, -1, -1, 1, 7, -1, -1, -1, -1, -1, -1, 0], [-1, -1, -1, -1, -1, 1, 7, 0, -1, -1, 0, -1, -1, -1], [-1, -1, -1, -1, -1, 1, 5, -1, -1, -1, -1, -1, -1, -1], [-1, -1, -1, -1, -1, 0, -1, 0, -1, -1, -1, -1, -1, 1], [-1, -1, -1, -1, -1, 0, 7, -1, -1, -1, -1, -1, 1, -1], [-1, -1, -1, -1, -1, 0, 6, -1, -1, -1, -1, -1, -1, -1], [-1, -1, -1, -1, 2, -1, -1, -1, -1, -1, -1, -1, -1, -1], [-1, -1, -1, -1, 1, -1, -1, -1, -1, -1, -1, -1, -1, -1], [-1, -1, -1, 1, -1, -1, -1, -1, -1, -1, -1, -1, -1, 1], [-1, -1, -1, 0, -1, -1, 7, -1, -1, -1, -1, -1, -1, 0], [-1, -1, -1, 0, -1, -1, 5, -1, -1, -1, -1, -1, -1, -1], [-1, -1, 3, -1, -1, -1, -1, -1, -1, -1, -1, -1, -1, 1], [-1, -1, 2, -1, -1, -1, -1, 0, -1, -1, -1, -1, -1, 1], [-1, -1, 2, -1, -1, -1, 5, -1, -1, -1, -1, -1, -1, -1], [-1, -1, 2, 0, -1, -1, -1, -1, -1, -1, -1, -1, -1, 1], [-1, -1, 1, -1, -1, -1, 7, -1, -1, -1, -1, -1, -1, -1], [-1, -1, 1, -1, -1, -1, 5, -1, -1, -1, -1, -1, -1, -1], [-1, -1, 1, -1, -1, -1, 2, -1, -1, -1, -1, -1, 1, -1], [-1, -1, 1, -1, -1, 1, -1, -1, -1, -1, 0, -1, -1, 1], [-1, -1, 1, 4, -1, -1, -1, -1, -1, -1, -1, -1, -1, -1], [-1, -1, 0, -1, -1, -1, 6, -1, -1, -1, -1, -1, -1, 0], [-1, -1, 0, -1, -1, -1, 6, 0, -1, -1, -1, 0, -1, -1], [-1, -1, 0, -1, -1, 1, 7, 0, -1, -1, -1, -1, -1, -1], [-1, -1, 0, -1, -1, 0, 10, -1, -1, -1, -1, -1, -1, -1], [-1, -1, 0, 0, -1, -1, 6, 0, -1, -1, -1, -1, -1, -1], [-1, -1, 0, 0, -1, 1, 3, -1, -1, -1, -1, -1, -1, -1], [-1, -1, 0, 0, 0, 1, 6, -1, -1, -1, -1, 0, -1, -1], [-1, 2, -1, -1, -1, -1, -1, -1, -1, -1, -1, -1, -1, 1], [-1, 2, -1, -1, -1, -1, 7, -1, -1, -1, -1, -1, -1, -1], [-1, 2, -1, -1, -1, -1, 6, -1, -1, -1, -1, -1, -1, -1], [-1, 1, -1, -1, -1, -1, -1, 0, -1, -1, -1, -1, -1, 1], [-1, 1, -1, -1, -1, -1, 6, -1, -1, -1, -1, 0, 1, -1], [-1, 1, -1, -1, -1, -1, 5, -1, -1, -1, -1, -1, -1, -1], [-1, 1, -1, -1, -1, 0, -1, -1, -1, -1, -1, -1, -1, 1], [-1, 1, -1, 0, -1, -1, 6, -1, -1, -1, -1, -1, 1, -1], [-1, 1, 1, -1, -1, -1, -1, -1, -1, -1, 0, -1, -1, 1], [-1, 1, 1, -1, -1, 1, 4, -1, -1, -1, -1, -1, -1, -1], [-1, 1, 0, 0, -1, -1, 6, -1, -1, -1, -1, 0, -1, -1], [-1, 1, 0, 0, -1, 1, 6, -1, -1, -1, -1, -1, -1, -1], [1, 1, -1, -1, -1, -1, 7, -1, -1, -1, -1, -1, -1, 0], [0, -1, -1, -1, -1, -1, -1, -1, -1, -1, -1, -1, -1, 1], [0, -1, -1, -1, -1, -1, 10, -1, -1, -1, -1, -1, -1, -1], [0, -1, -1, -1, -1, -1, 7, -1, -1, -1, -1, -1, -1, 0], [0, -1, -1, -1, -1, -1, 7, 0, -1, -1, 0, -1, -1, -1], [0, -1, -1, -1, -1, -1, 6, -1, -1, -1, -1, -1, -1, -1], [0, -1, -1, -1, -1, -1, 5, -1, -1, -1, -1, -1, -1, -1], [0, -1, -1, 4, -1, 1, -1, -1, -1, -1, -1, -1, -1, -1], [0, -1, 1, -1, -1, 1, 4, -1, -1, -1, -1, -1, -1, -1], [0, -1, 0, -1, -1, -1, 7, -1, -1, -1, -1, -1, 1, -1], [0, -1, 0, -1, -1, -1, 7, 0, -1, -1, -1, -1, -1, -1], [0, -1, 0, -1, -1, 1, 3, -1, -1, -1, -1, -1, -1, -1], [0, -1, 0, 0, -1, 1, -1, 0, -1, -1, -1, -1, 1, -1], [0, -1, 0, 0, -1, 1, 7, -1, -1, -1, -1, -1, -1, -1], [0, 2, -1, 0, -1, -1, 3, -1, -1, -1, -1, -1, -1, -1], [0, 2, 0, 0, -1, 1, -1, 0, -1, -1, -1, -1, -1, -1], [0, 1, -1, 4, -1, -1, -1, -1, -1, -1, -1, -1, -1, -1], [0, 1, 0, -1, -1, 0, 4, 0, -1, -1, -1, -1, -1, -1], [0, 1, 0, -1, 0, 0, 4, -1, -1, -1, -1, -1, -1, 0]]
12 93 
 [[-1, -1, -1, -1, -1, -1, -1, -1, -1, -1, -1, -1, 1, -1, 1], [-1, -1, -1, -1, -1, -1, -1, -1, -1, -1, -1, -1, 1, 1, -1], [-1, -1, -1, -1, -1, -1, -1, -1, -1, -1, -1, -1, 0, -1, -1], [-1, -1, -1, -1, -1, -1, -1, 0, -1, -1, -1, -1, -1, 0, 1], [-1, -1, -1, -1, -1, -1, 10, -1, -1, -1, -1, -1, -1, -1, 1], [-1, -1, -1, -1, -1, -1, 10, -1, -1, -1, -1, -1, -1, 1, -1], [-1, -1, -1, -1, -1, -1, 9, -1, -1, -1, -1, -1, -1, -1, -1], [-1, -1, -1, -1, -1, -1, 8, -1, -1, -1, -1, -1, -1, -1, -1], [-1, -1, -1, -1, -1, -1, 7, -1, -1, -1, -1, -1, -1, 0, 1], [-1, -1, -1, -1, -1, -1, 7, 0, -1, -1, -1, -1, -1, 0, -1], [-1, -1, -1, -1, -1, -1, 7, 0, -1, -1, 0, -1, -1, -1, 1], [-1, -1, -1, -1, -1, -1, 6, -1, -1, -1, -1, -1, -1, -1, 1], [-1, -1, -1, -1, -1, -1, 5, -1, -1, -1, -1, -1, -1, -1, 1], [-1, -1, -1, -1, -1, -1, 5, -1, -1, -1, -1, -1, -1, 1, -1], [-1, -1, -1, -1, -1, -1, 5, -1, -1, -1, -1, -1, 1, -1, -1], [-1, -1, -1, -1, -1, -1, 5, 0, -1, -1, -1, -1, -1, -1, -1], [-1, -1, -1, -1, -1, 1, -1, -1, -1, -1, -1, -1, -1, 0, 1], [-1, -1, -1, -1, -1, 1, -1, 0, -1, -1, 0, 0, -1, -1, 1], [-1, -1, -1, -1, -1, 1, 10, -1, -1, -1, -1, -1, -1, -1, -1], [-1, -1, -1, -1, -1, 1, 7, -1, -1, -1, -1, -1, -1, -1, 0], [-1, -1, -1, -1, -1, 1, 7, -1, -1, -1, -1, -1, -1, 0, -1], [-1, -1, -1, -1, -1, 1, 7, 0, -1, -1, 0, -1, -1, -1, -1], [-1, -1, -1, -1, -1, 1, 5, -1, -1, -1, -1, -1, -1, -1, -1], [-1, -1, -1, -1, -1, 0, -1, 0, -1, -1, -1, -1, -1, -1, 1], [-1, -1, -1, -1, -1, 0, -1, 0, -1, -1, -1, -1, -1, 1, -1], [-1, -1, -1, -1, -1, 0, 7, -1, -1, -1, -1, -1, -1, -1, 1], [-1, -1, -1, -1, -1, 0, 7, -1, -1, -1, -1, -1, 1, -1, -1], [-1, -1, -1, -1, -1, 0, 6, -1, -1, -1, -1, -1, -1, -1, -1], [-1, -1, -1, -1, 2, -1, -1, -1, -1, -1, -1, -1, -1, -1, -1], [-1, -1, -1, -1, 1, -1, -1, -1, -1, -1, -1, -1, -1, -1, -1], [-1, -1, -1, 1, -1, -1, -1, -1, -1, -1, -1, -1, -1, -1, 1], [-1, -1, -1, 1, -1, -1, -1, -1, -1, -1, -1, -1, -1, 1, -1], [-1, -1, -1, 0, -1, -1, 7, -1, -1, -1, -1, -1, -1, 0, -1], [-1, -1, -1, 0, -1, -1, 5, -1, -1, -1, -1, -1, -1, -1, -1], [-1, -1, 3, -1, -1, -1, -1, -1, -1, -1, -1, -1, -1, 1, -1], [-1, -1, 3, -1, -1, 0, -1, -1, -1, -1, -1, -1, -1, -1, 1], [-1, -1, 3, 0, -1, -1, -1, -1, -1, -1, -1, -1, -1, -1, 1], [-1, -1, 2, -1, -1, -1, -1, 0, -1, -1, -1, -1, -1, 1, -1], [-1, -1, 2, -1, -1, -1, 5, -1, -1, -1, -1, -1, -1, -1, -1], [-1, -1, 2, 0, -1, -1, -1, -1, -1, -1, -1, -1, -1, 1, -1], [-1, -1, 1, -1, -1, -1, 7, -1, -1, -1, -1, -1, -1, -1, -1], [-1, -1, 1, -1, -1, -1, 5, -1, -1, -1, -1, -1, -1, -1, -1], [-1, -1, 1, -1, -1, -1, 2, -1, -1, -1, -1, -1, 1, -1, -1], [-1, -1, 1, -1, -1, 1, -1, -1, -1, -1, -1, -1, -1, -1, 1], [-1, -1, 1, -1, -1, 1, -1, -1, -1, -1, 0, -1, -1, 1, -1], [-1, -1, 1, 4, -1, -1, -1, -1, -1, -1, -1, -1, -1, -1, -1], [-1, -1, 0, -1, -1, -1, -1, -1, -1, -1, -1, -1, -1, 0, 1], [-1, -1, 0, -1, -1, -1, -1, 0, -1, -1, -1, -1, -1, -1, 1], [-1, -1, 0, -1, -1, -1, 6, -1, -1, -1, -1, -1, -1, 0, -1], [-1, -1, 0, -1, -1, -1, 6, 0, -1, -1, -1, 0, -1, -1, -1], [-1, -1, 0, -1, -1, 1, 7, 0, -1, -1, -1, -1, -1, -1, -1], [-1, -1, 0, -1, -1, 0, -1, -1, -1, -1, -1, -1, -1, -1, 1], [-1, -1, 0, -1, -1, 0, 10, -1, -1, -1, -1, -1, -1, -1, -1], [-1, -1, 0, 0, -1, -1, 6, 0, -1, -1, -1, -1, -1, -1, -1], [-1, -1, 0, 0, -1, 1, 3, -1, -1, -1, -1, -1, -1, -1, -1], [-1, -1, 0, 0, 0, 1, 6, -1, -1, -1, -1, 0, -1, -1, -1], [-1, 2, -1, -1, -1, -1, -1, -1, -1, -1, -1, -1, -1, -1, 1], [-1, 2, -1, -1, -1, -1, -1, -1, -1, -1, -1, -1, -1, 1, -1], [-1, 2, -1, -1, -1, -1, 7, -1, -1, -1, -1, -1, -1, -1, -1], [-1, 2, -1, -1, -1, -1, 6, -1, -1, -1, -1, -1, -1, -1, -1], [-1, 1, -1, -1, -1, -1, -1, 0, -1, -1, -1, -1, -1, 1, -1], [-1, 1, -1, -1, -1, -1, 6, -1, -1, -1, -1, 0, 1, -1, -1], [-1, 1, -1, -1, -1, -1, 5, -1, -1, -1, -1, -1, -1, -1, -1], [-1, 1, -1, -1, -1, 0, -1, -1, -1, -1, -1, -1, -1, 1, -1], [-1, 1, -1, 0, -1, -1, 6, -1, -1, -1, -1, -1, 1, -1, -1], [-1, 1, 2, -1, -1, 0, -1, -1, -1, -1, -1, -1, -1, -1, 1], [-1, 1, 1, -1, -1, -1, -1, -1, -1, -1, 0, -1, -1, 1, -1], [-1, 1, 1, -1, -1, 1, 4, -1, -1, -1, -1, -1, -1, -1, -1], [-1, 1, 0, 0, -1, -1, 6, -1, -1, -1, -1, -1, -1, -1, 0], [-1, 1, 0, 0, -1, -1, 6, -1, -1, -1, -1, 0, -1, -1, -1], [-1, 1, 0, 0, -1, 1, 6, -1, -1, -1, -1, -1, -1, -1, -1], [1, -1, -1, 0, -1, 0, -1, -1, -1, -1, -1, -1, -1, 0, 1], [1, 1, -1, -1, -1, -1, 7, -1, -1, -1, -1, -1, -1, 0, -1], [0, -1, -1, -1, -1, -1, -1, -1, -1, -1, -1, -1, -1, -1, 1], [0, -1, -1, -1, -1, -1, -1, -1, -1, -1, -1, -1, -1, 1, -1], [0, -1, -1, -1, -1, -1, 10, -1, -1, -1, -1, -1, -1, -1, -1], [0, -1, -1, -1, -1, -1, 7, -1, -1, -1, -1, -1, -1, 0, -1], [0, -1, -1, -1, -1, -1, 7, 0, -1, -1, 0, -1, -1, -1, -1], [0, -1, -1, -1, -1, -1, 6, -1, -1, -1, -1, -1, -1, -1, -1], [0, -1, -1, -1, -1, -1, 5, -1, -1, -1, -1, -1, -1, -1, -1], [0, -1, -1, 4, -1, 1, -1, -1, -1, -1, -1, -1, -1, -1, -1], [0, -1, 1, -1, -1, 1, 4, -1, -1, -1, -1, -1, -1, -1, -1], [0, -1, 0, -1, -1, -1, 7, -1, -1, -1, -1, -1, 1, -1, -1], [0, -1, 0, -1, -1, -1, 7, 0, -1, -1, -1, -1, -1, -1, -1], [0, -1, 0, -1, -1, 1, 3, -1, -1, -1, -1, -1, -1, -1, -1], [0, -1, 0, 0, -1, 1, -1, 0, -1, -1, -1, -1, 1, -1, -1], [0, -1, 0, 0, -1, 1, 7, -1, -1, -1, -1, -1, -1, -1, -1], [0, 2, -1, 0, -1, -1, 3, -1, -1, -1, -1, -1, -1, -1, -1], [0, 2, 0, 0, -1, 1, -1, 0, -1, -1, -1, -1, -1, -1, -1], [0, 1, -1, 4, -1, -1, -1, -1, -1, -1, -1, -1, -1, -1, -1], [0, 1, 0, -1, -1, 0, 4, 0, -1, -1, -1, -1, -1, -1, -1], [0, 1, 0, -1, 0, 0, 4, -1, -1, -1, -1, -1, -1, -1, 0], [0, 1, 0, -1, 0, 0, 4, -1, -1, -1, -1, -1, -1, 0, -1]]
13 94 
 [[-1, -1, -1, -1, -1, -1, -1, -1, -1, -1, -1, -1, -1, -1, -1, 1], [-1, -1, -1, -1, -1, -1, -1, -1, -1, -1, -1, -1, 1, -1, 1, -1], [-1, -1, -1, -1, -1, -1, -1, -1, -1, -1, -1, -1, 1, 1, -1, -1], [-1, -1, -1, -1, -1, -1, -1, -1, -1, -1, -1, -1, 0, -1, -1, -1], [-1, -1, -1, -1, -1, -1, -1, 0, -1, -1, -1, -1, -1, 0, 1, -1], [-1, -1, -1, -1, -1, -1, 10, -1, -1, -1, -1, -1, -1, -1, 1, -1], [-1, -1, -1, -1, -1, -1, 10, -1, -1, -1, -1, -1, -1, 1, -1, -1], [-1, -1, -1, -1, -1, -1, 9, -1, -1, -1, -1, -1, -1, -1, -1, -1], [-1, -1, -1, -1, -1, -1, 8, -1, -1, -1, -1, -1, -1, -1, -1, -1], [-1, -1, -1, -1, -1, -1, 7, -1, -1, -1, -1, -1, -1, 0, 1, -1], [-1, -1, -1, -1, -1, -1, 7, 0, -1, -1, -1, -1, -1, 0, -1, -1], [-1, -1, -1, -1, -1, -1, 7, 0, -1, -1, 0, -1, -1, -1, 1, -1], [-1, -1, -1, -1, -1, -1, 6, -1, -1, -1, -1, -1, -1, -1, 1, -1], [-1, -1, -1, -1, -1, -1, 5, -1, -1, -1, -1, -1, -1, -1, 1, -1], [-1, -1, -1, -1, -1, -1, 5, -1, -1, -1, -1, -1, -1, 1, -1, -1], [-1, -1, -1, -1, -1, -1, 5, -1, -1, -1, -1, -1, 1, -1, -1, -1], [-1, -1, -1, -1, -1, -1, 5, 0, -1, -1, -1, -1, -1, -1, -1, -1], [-1, -1, -1, -1, -1, 1, -1, -1, -1, -1, -1, -1, -1, 0, 1, -1], [-1, -1, -1, -1, -1, 1, -1, 0, -1, -1, 0, 0, -1, -1, 1, -1], [-1, -1, -1, -1, -1, 1, 10, -1, -1, -1, -1, -1, -1, -1, -1, -1], [-1, -1, -1, -1, -1, 1, 7, -1, -1, -1, -1, -1, -1, -1, 0, -1], [-1, -1, -1, -1, -1, 1, 7, -1, -1, -1, -1, -1, -1, 0, -1, -1], [-1, -1, -1, -1, -1, 1, 7, 0, -1, -1, 0, -1, -1, -1, -1, -1], [-1, -1, -1, -1, -1, 1, 5, -1, -1, -1, -1, -1, -1, -1, -1, -1], [-1, -1, -1, -1, -1, 0, -1, 0, -1, -1, -1, -1, -1, -1, 1, -1], [-1, -1, -1, -1, -1, 0, -1, 0, -1, -1, -1, -1, -1, 1, -1, -1], [-1, -1, -1, -1, -1, 0, 7, -1, -1, -1, -1, -1, -1, -1, 1, -1], [-1, -1, -1, -1, -1, 0, 7, -1, -1, -1, -1, -1, 1, -1, -1, -1], [-1, -1, -1, -1, -1, 0, 6, -1, -1, -1, -1, -1, -1, -1, -1, -1], [-1, -1, -1, -1, 2, -1, -1, -1, -1, -1, -1, -1, -1, -1, -1, -1], [-1, -1, -1, -1, 1, -1, -1, -1, -1, -1, -1, -1, -1, -1, -1, -1], [-1, -1, -1, 1, -1, -1, -1, -1, -1, -1, -1, -1, -1, -1, 1, -1], [-1, -1, -1, 1, -1, -1, -1, -1, -1, -1, -1, -1, -1, 1, -1, -1], [-1, -1, -1, 0, -1, -1, 7, -1, -1, -1, -1, -1, -1, 0, -1, -1], [-1, -1, -1, 0, -1, -1, 5, -1, -1, -1, -1, -1, -1, -1, -1, -1], [-1, -1, 3, -1, -1, -1, -1, -1, -1, -1, -1, -1, -1, 1, -1, -1], [-1, -1, 3, -1, -1, 0, -1, -1, -1, -1, -1, -1, -1, -1, 1, -1], [-1, -1, 3, 0, -1, -1, -1, -1, -1, -1, -1, -1, -1, -1, 1, -1], [-1, -1, 2, -1, -1, -1, -1, 0, -1, -1, -1, -1, -1, 1, -1, -1], [-1, -1, 2, -1, -1, -1, 5, -1, -1, -1, -1, -1, -1, -1, -1, -1], [-1, -1, 2, 0, -1, -1, -1, -1, -1, -1, -1, -1, -1, 1, -1, -1], [-1, -1, 1, -1, -1, -1, 7, -1, -1, -1, -1, -1, -1, -1, -1, -1], [-1, -1, 1, -1, -1, -1, 5, -1, -1, -1, -1, -1, -1, -1, -1, -1], [-1, -1, 1, -1, -1, -1, 2, -1, -1, -1, -1, -1, 1, -1, -1, -1], [-1, -1, 1, -1, -1, 1, -1, -1, -1, -1, -1, -1, -1, -1, 1, -1], [-1, -1, 1, -1, -1, 1, -1, -1, -1, -1, 0, -1, -1, 1, -1, -1], [-1, -1, 1, 4, -1, -1, -1, -1, -1, -1, -1, -1, -1, -1, -1, -1], [-1, -1, 0, -1, -1, -1, -1, -1, -1, -1, -1, -1, -1, 0, 1, -1], [-1, -1, 0, -1, -1, -1, -1, 0, -1, -1, -1, -1, -1, -1, 1, -1], [-1, -1, 0, -1, -1, -1, 6, -1, -1, -1, -1, -1, -1, 0, -1, -1], [-1, -1, 0, -1, -1, -1, 6, 0, -1, -1, -1, 0, -1, -1, -1, -1], [-1, -1, 0, -1, -1, 1, 7, 0, -1, -1, -1, -1, -1, -1, -1, -1], [-1, -1, 0, -1, -1, 0, -1, -1, -1, -1, -1, -1, -1, -1, 1, -1], [-1, -1, 0, -1, -1, 0, 10, -1, -1, -1, -1, -1, -1, -1, -1, -1], [-1, -1, 0, 0, -1, -1, 6, 0, -1, -1, -1, -1, -1, -1, -1, -1], [-1, -1, 0, 0, -1, 1, 3, -1, -1, -1, -1, -1, -1, -1, -1, -1], [-1, -1, 0, 0, 0, 1, 6, -1, -1, -1, -1, 0, -1, -1, -1, -1], [-1, 2, -1, -1, -1, -1, -1, -1, -1, -1, -1, -1, -1, -1, 1, -1], [-1, 2, -1, -1, -1, -1, -1, -1, -1, -1, -1, -1, -1, 1, -1, -1], [-1, 2, -1, -1, -1, -1, 7, -1, -1, -1, -1, -1, -1, -1, -1, -1], [-1, 2, -1, -1, -1, -1, 6, -1, -1, -1, -1, -1, -1, -1, -1, -1], [-1, 1, -1, -1, -1, -1, -1, 0, -1, -1, -1, -1, -1, 1, -1, -1], [-1, 1, -1, -1, -1, -1, 6, -1, -1, -1, -1, 0, 1, -1, -1, -1], [-1, 1, -1, -1, -1, -1, 5, -1, -1, -1, -1, -1, -1, -1, -1, -1], [-1, 1, -1, -1, -1, 0, -1, -1, -1, -1, -1, -1, -1, 1, -1, -1], [-1, 1, -1, 0, -1, -1, 6, -1, -1, -1, -1, -1, 1, -1, -1, -1], [-1, 1, 2, -1, -1, 0, -1, -1, -1, -1, -1, -1, -1, -1, 1, -1], [-1, 1, 1, -1, -1, -1, -1, -1, -1, -1, 0, -1, -1, 1, -1, -1], [-1, 1, 1, -1, -1, 1, 4, -1, -1, -1, -1, -1, -1, -1, -1, -1], [-1, 1, 0, 0, -1, -1, 6, -1, -1, -1, -1, -1, -1, -1, 0, -1], [-1, 1, 0, 0, -1, -1, 6, -1, -1, -1, -1, 0, -1, -1, -1, -1], [-1, 1, 0, 0, -1, 1, 6, -1, -1, -1, -1, -1, -1, -1, -1, -1], [1, -1, -1, 0, -1, 0, -1, -1, -1, -1, -1, -1, -1, 0, 1, -1], [1, 1, -1, -1, -1, -1, 7, -1, -1, -1, -1, -1, -1, 0, -1, -1], [0, -1, -1, -1, -1, -1, -1, -1, -1, -1, -1, -1, -1, -1, 1, -1], [0, -1, -1, -1, -1, -1, -1, -1, -1, -1, -1, -1, -1, 1, -1, -1], [0, -1, -1, -1, -1, -1, 10, -1, -1, -1, -1, -1, -1, -1, -1, -1], [0, -1, -1, -1, -1, -1, 7, -1, -1, -1, -1, -1, -1, 0, -1, -1], [0, -1, -1, -1, -1, -1, 7, 0, -1, -1, 0, -1, -1, -1, -1, -1], [0, -1, -1, -1, -1, -1, 6, -1, -1, -1, -1, -1, -1, -1, -1, -1], [0, -1, -1, -1, -1, -1, 5, -1, -1, -1, -1, -1, -1, -1, -1, -1], [0, -1, -1, 4, -1, 1, -1, -1, -1, -1, -1, -1, -1, -1, -1, -1], [0, -1, 1, -1, -1, 1, 4, -1, -1, -1, -1, -1, -1, -1, -1, -1], [0, -1, 0, -1, -1, -1, 7, -1, -1, -1, -1, -1, 1, -1, -1, -1], [0, -1, 0, -1, -1, -1, 7, 0, -1, -1, -1, -1, -1, -1, -1, -1], [0, -1, 0, -1, -1, 1, 3, -1, -1, -1, -1, -1, -1, -1, -1, -1], [0, -1, 0, 0, -1, 1, -1, 0, -1, -1, -1, -1, 1, -1, -1, -1], [0, -1, 0, 0, -1, 1, 7, -1, -1, -1, -1, -1, -1, -1, -1, -1], [0, 2, -1, 0, -1, -1, 3, -1, -1, -1, -1, -1, -1, -1, -1, -1], [0, 2, 0, 0, -1, 1, -1, 0, -1, -1, -1, -1, -1, -1, -1, -1], [0, 1, -1, 4, -1, -1, -1, -1, -1, -1, -1, -1, -1, -1, -1, -1], [0, 1, 0, -1, -1, 0, 4, 0, -1, -1, -1, -1, -1, -1, -1, -1], [0, 1, 0, -1, 0, 0, 4, -1, -1, -1, -1, -1, -1, -1, 0, -1], [0, 1, 0, -1, 0, 0, 4, -1, -1, -1, -1, -1, -1, 0, -1, -1]]
