execution time
50 0.05558300018310547 0.1371750831604004
100 0.08640313148498535 0.29657888412475586
200 0.09987568855285645 0.5919101238250732
300 0.11313104629516602 0.9999821186065674
400 0.16622185707092285 1.6245880126953125
500 0.35971999168395996 2.297361135482788
600 0.20223689079284668 2.6412558555603027
700 0.4348900318145752 3.820449113845825
800 0.2818441390991211 4.08401083946228
900 0.3206021785736084 5.23931884765625
1000 0.42778491973876953 5.4964599609375
1200 0.41428303718566895 7.858950138092041
1300 0.49742817878723145 8.186636209487915
1400 0.4523952007293701 9.794119119644165
1500 0.5095767974853516 11.271497011184692
1600 0.5688633918762207 10.866135835647583
1700 0.5256431102752686 13.918138027191162
1800 0.527137041091919 14.193902015686035
1900 0.8829588890075684 15.745757818222046
2000 0.6149671077728271 14.779627084732056


number of patterns visited
50 1343 3119
100 2685 6935
200 5348 14697
300 7934 22597
400 10521 30497
500 13086 38397
600 15706 46297
700 18311 54197
800 20902 62097
900 23521 69997
1000 26028 77895
1200 31291 93679
1300 33909 101579
1400 36556 109479
1500 39145 117379
1600 41785 125279
1700 44409 133179
1800 47001 141079
1900 49595 148979
2000 52241 156879


number of patterns found, lowerbound
50 7 
 [[1, -1, -1, -1], [-1, 1, 0, -1], [-1, -1, 2, -1], [-1, -1, 0, 1], [0, 1, -1, -1], [0, -1, -1, 1], [-1, -1, 1, -1]]
100 7 
 [[1, -1, -1, -1], [-1, 1, 0, -1], [-1, -1, 2, -1], [-1, -1, 0, 1], [0, 1, -1, -1], [0, -1, -1, 1], [-1, -1, 1, -1]]
200 5 
 [[1, -1, -1, -1], [-1, -1, 2, -1], [-1, -1, 1, -1], [-1, 1, -1, -1], [-1, -1, -1, 1]]
300 5 
 [[1, -1, -1, -1], [-1, -1, 2, -1], [-1, -1, 1, -1], [-1, 1, -1, -1], [-1, -1, -1, 1]]
400 5 
 [[1, -1, -1, -1], [-1, -1, 2, -1], [-1, -1, 1, -1], [-1, 1, -1, -1], [-1, -1, -1, 1]]
500 5 
 [[1, -1, -1, -1], [-1, -1, 2, -1], [-1, -1, 1, -1], [-1, 1, -1, -1], [-1, -1, -1, 1]]
600 5 
 [[1, -1, -1, -1], [-1, -1, 2, -1], [-1, -1, 1, -1], [-1, 1, -1, -1], [-1, -1, -1, 1]]
700 5 
 [[1, -1, -1, -1], [-1, -1, 2, -1], [-1, -1, 1, -1], [-1, 1, -1, -1], [-1, -1, -1, 1]]
800 5 
 [[1, -1, -1, -1], [-1, -1, 2, -1], [-1, -1, 1, -1], [-1, 1, -1, -1], [-1, -1, -1, 1]]
900 5 
 [[1, -1, -1, -1], [-1, -1, 2, -1], [-1, -1, 1, -1], [-1, 1, -1, -1], [-1, -1, -1, 1]]
1000 5 
 [[1, -1, -1, -1], [-1, -1, 2, -1], [-1, -1, 1, -1], [-1, 1, -1, -1], [-1, -1, -1, 1]]
1200 5 
 [[1, -1, -1, -1], [-1, -1, 2, -1], [-1, -1, 1, -1], [-1, 1, -1, -1], [-1, -1, -1, 1]]
1300 5 
 [[1, -1, -1, -1], [-1, -1, 2, -1], [-1, -1, 1, -1], [-1, 1, -1, -1], [-1, -1, -1, 1]]
1400 5 
 [[1, -1, -1, -1], [-1, -1, 2, -1], [-1, -1, 1, -1], [-1, 1, -1, -1], [-1, -1, -1, 1]]
1500 5 
 [[1, -1, -1, -1], [-1, -1, 2, -1], [-1, -1, 1, -1], [-1, 1, -1, -1], [-1, -1, -1, 1]]
1600 5 
 [[1, -1, -1, -1], [-1, -1, 2, -1], [-1, -1, 1, -1], [-1, 1, -1, -1], [-1, -1, -1, 1]]
1700 5 
 [[1, -1, -1, -1], [-1, -1, 2, -1], [-1, -1, 1, -1], [-1, 1, -1, -1], [-1, -1, -1, 1]]
1800 5 
 [[1, -1, -1, -1], [-1, -1, 2, -1], [-1, -1, 1, -1], [-1, 1, -1, -1], [-1, -1, -1, 1]]
1900 5 
 [[1, -1, -1, -1], [-1, -1, 2, -1], [-1, -1, 1, -1], [-1, 1, -1, -1], [-1, -1, -1, 1]]
2000 5 
 [[1, -1, -1, -1], [-1, -1, 2, -1], [-1, -1, 1, -1], [-1, 1, -1, -1], [-1, -1, -1, 1]]


number of patterns found, upperbound
50 1 
 [[0, 0, 0, 0]]
100 2 
 [[0, 0, 0, 0], [-1, -1, 1, -1]]
200 2 
 [[0, 0, 0, 0], [-1, -1, 1, -1]]
300 2 
 [[0, 0, 0, 0], [-1, -1, 1, -1]]
400 2 
 [[0, 0, 0, 0], [-1, -1, 1, -1]]
500 2 
 [[0, 0, 0, 0], [-1, -1, 1, -1]]
600 2 
 [[0, 0, 0, 0], [-1, -1, 1, -1]]
700 2 
 [[0, 0, 0, 0], [-1, -1, 1, -1]]
800 2 
 [[0, 0, 0, 0], [-1, -1, 1, -1]]
900 2 
 [[0, 0, 0, 0], [-1, -1, 1, -1]]
1000 2 
 [[0, 0, 0, 0], [-1, -1, 1, -1]]
1200 2 
 [[0, 0, 0, 0], [-1, -1, 1, -1]]
1300 2 
 [[0, 0, 0, 0], [-1, -1, 1, -1]]
1400 2 
 [[0, 0, 0, 0], [-1, -1, 1, -1]]
1500 2 
 [[0, 0, 0, 0], [-1, -1, 1, -1]]
1600 2 
 [[0, 0, 0, 0], [-1, -1, 1, -1]]
1700 2 
 [[0, 0, 0, 0], [-1, -1, 1, -1]]
1800 2 
 [[0, 0, 0, 0], [-1, -1, 1, -1]]
1900 2 
 [[0, 0, 0, 0], [-1, -1, 1, -1]]
2000 2 
 [[0, 0, 0, 0], [-1, -1, 1, -1]]
