execution time
40 32.6930251121521 434.687246799469
90 141.74756813049316 600.0003108978271
190 476.5086750984192 600.0219721794128
290 603.417237997055 600.0070967674255
390 601.557687997818 600.0140419006348
490 601.699275970459 600.0045919418335
590 601.8894729614258 600.0057179927826
690 600.2500610351562 600.0038919448853
790 600.9860579967499 600.0006411075592
890 601.2531597614288 600.0003299713135
990 601.2275002002716 600.0067059993744


number of patterns visited
40 185343 1415305
90 503789 1177325
190 1214000 1638203
290 1461743 1323182
390 1577621 1658215
490 1961331 2063673
590 2287267 2329208
690 2486336 2961544
790 3401951 3673185
890 3574034 3893436
990 4343915 4342530


number of patterns found, lowerbound
40 22 
 [[0, -1, 0, -1, -1, 0, -1, -1, -1, -1, -1, -1, -1], [0, -1, 0, -1, -1, -1, -1, -1, -1, 0, -1, -1, 0], [0, -1, 0, -1, -1, -1, -1, -1, -1, -1, -1, 0, -1], [0, -1, -1, -1, -1, 0, -1, -1, -1, -1, -1, 0, -1], [1, -1, -1, -1, -1, -1, -1, -1, -1, -1, -1, -1, -1], [-1, 1, -1, -1, -1, -1, -1, -1, -1, -1, -1, -1, -1], [-1, -1, 0, -1, -1, 0, -1, -1, -1, 0, -1, -1, -1], [-1, -1, 0, -1, -1, 0, -1, -1, -1, -1, -1, 0, -1], [-1, -1, 0, -1, -1, -1, -1, -1, -1, -1, -1, 0, 0], [-1, -1, 1, -1, -1, -1, -1, -1, -1, -1, -1, -1, -1], [-1, -1, 2, -1, -1, -1, -1, -1, -1, -1, -1, -1, -1], [-1, -1, -1, 1, -1, -1, -1, -1, -1, -1, -1, -1, -1], [-1, -1, -1, 2, -1, -1, -1, -1, -1, -1, -1, -1, -1], [-1, -1, -1, 4, -1, -1, -1, -1, -1, -1, -1, -1, -1], [-1, -1, -1, 6, -1, -1, -1, -1, -1, -1, -1, -1, -1], [-1, -1, -1, -1, -1, 1, -1, -1, -1, -1, -1, -1, -1], [-1, -1, -1, -1, -1, -1, -1, -1, 1, -1, -1, -1, -1], [-1, -1, -1, -1, -1, -1, -1, -1, 2, -1, -1, -1, -1], [-1, -1, -1, -1, -1, -1, -1, -1, -1, 1, -1, -1, -1], [-1, -1, -1, -1, -1, -1, -1, -1, -1, 2, -1, -1, -1], [-1, -1, -1, -1, -1, -1, -1, -1, -1, -1, -1, 1, -1], [-1, -1, -1, -1, -1, -1, -1, -1, -1, -1, -1, -1, 1]]
90 22 
 [[0, -1, 0, -1, -1, 0, -1, -1, -1, -1, -1, -1, -1], [0, -1, 0, -1, -1, -1, -1, -1, -1, 0, -1, -1, 0], [0, -1, 0, -1, -1, -1, -1, -1, -1, -1, -1, 0, -1], [0, -1, -1, -1, -1, 0, -1, -1, -1, -1, -1, 0, -1], [1, -1, -1, -1, -1, -1, -1, -1, -1, -1, -1, -1, -1], [-1, 1, -1, -1, -1, -1, -1, -1, -1, -1, -1, -1, -1], [-1, -1, 0, -1, -1, 0, -1, -1, -1, 0, -1, -1, -1], [-1, -1, 0, -1, -1, 0, -1, -1, -1, -1, -1, 0, -1], [-1, -1, 0, -1, -1, -1, -1, -1, -1, -1, -1, 0, 0], [-1, -1, 1, -1, -1, -1, -1, -1, -1, -1, -1, -1, -1], [-1, -1, 2, -1, -1, -1, -1, -1, -1, -1, -1, -1, -1], [-1, -1, -1, 1, -1, -1, -1, -1, -1, -1, -1, -1, -1], [-1, -1, -1, 2, -1, -1, -1, -1, -1, -1, -1, -1, -1], [-1, -1, -1, 4, -1, -1, -1, -1, -1, -1, -1, -1, -1], [-1, -1, -1, 6, -1, -1, -1, -1, -1, -1, -1, -1, -1], [-1, -1, -1, -1, -1, 1, -1, -1, -1, -1, -1, -1, -1], [-1, -1, -1, -1, -1, -1, -1, -1, 1, -1, -1, -1, -1], [-1, -1, -1, -1, -1, -1, -1, -1, 2, -1, -1, -1, -1], [-1, -1, -1, -1, -1, -1, -1, -1, -1, 1, -1, -1, -1], [-1, -1, -1, -1, -1, -1, -1, -1, -1, 2, -1, -1, -1], [-1, -1, -1, -1, -1, -1, -1, -1, -1, -1, -1, 1, -1], [-1, -1, -1, -1, -1, -1, -1, -1, -1, -1, -1, -1, 1]]
190 22 
 [[0, -1, 0, -1, -1, 0, -1, -1, -1, -1, -1, -1, -1], [0, -1, 0, -1, -1, -1, -1, -1, -1, 0, -1, -1, 0], [0, -1, 0, -1, -1, -1, -1, -1, -1, -1, -1, 0, -1], [0, -1, -1, -1, -1, 0, -1, -1, -1, -1, -1, 0, -1], [1, -1, -1, -1, -1, -1, -1, -1, -1, -1, -1, -1, -1], [-1, 1, -1, -1, -1, -1, -1, -1, -1, -1, -1, -1, -1], [-1, -1, 0, -1, -1, 0, -1, -1, -1, 0, -1, -1, -1], [-1, -1, 0, -1, -1, 0, -1, -1, -1, -1, -1, 0, -1], [-1, -1, 0, -1, -1, -1, -1, -1, -1, -1, -1, 0, 0], [-1, -1, 1, -1, -1, -1, -1, -1, -1, -1, -1, -1, -1], [-1, -1, 2, -1, -1, -1, -1, -1, -1, -1, -1, -1, -1], [-1, -1, -1, 1, -1, -1, -1, -1, -1, -1, -1, -1, -1], [-1, -1, -1, 2, -1, -1, -1, -1, -1, -1, -1, -1, -1], [-1, -1, -1, 4, -1, -1, -1, -1, -1, -1, -1, -1, -1], [-1, -1, -1, 6, -1, -1, -1, -1, -1, -1, -1, -1, -1], [-1, -1, -1, -1, -1, 1, -1, -1, -1, -1, -1, -1, -1], [-1, -1, -1, -1, -1, -1, -1, -1, 1, -1, -1, -1, -1], [-1, -1, -1, -1, -1, -1, -1, -1, 2, -1, -1, -1, -1], [-1, -1, -1, -1, -1, -1, -1, -1, -1, 1, -1, -1, -1], [-1, -1, -1, -1, -1, -1, -1, -1, -1, 2, -1, -1, -1], [-1, -1, -1, -1, -1, -1, -1, -1, -1, -1, -1, 1, -1], [-1, -1, -1, -1, -1, -1, -1, -1, -1, -1, -1, -1, 1]]
290 22 
 [[0, -1, 0, -1, -1, 0, -1, -1, -1, -1, -1, -1, -1], [0, -1, 0, -1, -1, -1, -1, -1, -1, 0, -1, -1, 0], [0, -1, 0, -1, -1, -1, -1, -1, -1, -1, -1, 0, -1], [0, -1, -1, -1, -1, 0, -1, -1, -1, -1, -1, 0, -1], [1, -1, -1, -1, -1, -1, -1, -1, -1, -1, -1, -1, -1], [-1, 1, -1, -1, -1, -1, -1, -1, -1, -1, -1, -1, -1], [-1, -1, 0, -1, -1, 0, -1, -1, -1, 0, -1, -1, -1], [-1, -1, 0, -1, -1, 0, -1, -1, -1, -1, -1, 0, -1], [-1, -1, 0, -1, -1, -1, -1, -1, -1, -1, -1, 0, 0], [-1, -1, 1, -1, -1, -1, -1, -1, -1, -1, -1, -1, -1], [-1, -1, 2, -1, -1, -1, -1, -1, -1, -1, -1, -1, -1], [-1, -1, -1, 1, -1, -1, -1, -1, -1, -1, -1, -1, -1], [-1, -1, -1, 2, -1, -1, -1, -1, -1, -1, -1, -1, -1], [-1, -1, -1, 4, -1, -1, -1, -1, -1, -1, -1, -1, -1], [-1, -1, -1, 6, -1, -1, -1, -1, -1, -1, -1, -1, -1], [-1, -1, -1, -1, -1, 1, -1, -1, -1, -1, -1, -1, -1], [-1, -1, -1, -1, -1, -1, -1, -1, 1, -1, -1, -1, -1], [-1, -1, -1, -1, -1, -1, -1, -1, 2, -1, -1, -1, -1], [-1, -1, -1, -1, -1, -1, -1, -1, -1, 1, -1, -1, -1], [-1, -1, -1, -1, -1, -1, -1, -1, -1, 2, -1, -1, -1], [-1, -1, -1, -1, -1, -1, -1, -1, -1, -1, -1, 1, -1], [-1, -1, -1, -1, -1, -1, -1, -1, -1, -1, -1, -1, 1]]
390 22 
 [[0, -1, 0, -1, -1, 0, -1, -1, -1, -1, -1, -1, -1], [0, -1, 0, -1, -1, -1, -1, -1, -1, 0, -1, -1, 0], [0, -1, 0, -1, -1, -1, -1, -1, -1, -1, -1, 0, -1], [0, -1, -1, -1, -1, 0, -1, -1, -1, -1, -1, 0, -1], [1, -1, -1, -1, -1, -1, -1, -1, -1, -1, -1, -1, -1], [-1, 1, -1, -1, -1, -1, -1, -1, -1, -1, -1, -1, -1], [-1, -1, 0, -1, -1, 0, -1, -1, -1, 0, -1, -1, -1], [-1, -1, 0, -1, -1, 0, -1, -1, -1, -1, -1, 0, -1], [-1, -1, 0, -1, -1, -1, -1, -1, -1, -1, -1, 0, 0], [-1, -1, 1, -1, -1, -1, -1, -1, -1, -1, -1, -1, -1], [-1, -1, 2, -1, -1, -1, -1, -1, -1, -1, -1, -1, -1], [-1, -1, -1, 1, -1, -1, -1, -1, -1, -1, -1, -1, -1], [-1, -1, -1, 2, -1, -1, -1, -1, -1, -1, -1, -1, -1], [-1, -1, -1, 4, -1, -1, -1, -1, -1, -1, -1, -1, -1], [-1, -1, -1, 6, -1, -1, -1, -1, -1, -1, -1, -1, -1], [-1, -1, -1, -1, -1, 1, -1, -1, -1, -1, -1, -1, -1], [-1, -1, -1, -1, -1, -1, -1, -1, 1, -1, -1, -1, -1], [-1, -1, -1, -1, -1, -1, -1, -1, 2, -1, -1, -1, -1], [-1, -1, -1, -1, -1, -1, -1, -1, -1, 1, -1, -1, -1], [-1, -1, -1, -1, -1, -1, -1, -1, -1, 2, -1, -1, -1], [-1, -1, -1, -1, -1, -1, -1, -1, -1, -1, -1, 1, -1], [-1, -1, -1, -1, -1, -1, -1, -1, -1, -1, -1, -1, 1]]
490 22 
 [[0, -1, 0, -1, -1, 0, -1, -1, -1, -1, -1, -1, -1], [0, -1, 0, -1, -1, -1, -1, -1, -1, 0, -1, -1, 0], [0, -1, 0, -1, -1, -1, -1, -1, -1, -1, -1, 0, -1], [0, -1, -1, -1, -1, 0, -1, -1, -1, -1, -1, 0, -1], [1, -1, -1, -1, -1, -1, -1, -1, -1, -1, -1, -1, -1], [-1, 1, -1, -1, -1, -1, -1, -1, -1, -1, -1, -1, -1], [-1, -1, 0, -1, -1, 0, -1, -1, -1, 0, -1, -1, -1], [-1, -1, 0, -1, -1, 0, -1, -1, -1, -1, -1, 0, -1], [-1, -1, 0, -1, -1, -1, -1, -1, -1, -1, -1, 0, 0], [-1, -1, 1, -1, -1, -1, -1, -1, -1, -1, -1, -1, -1], [-1, -1, 2, -1, -1, -1, -1, -1, -1, -1, -1, -1, -1], [-1, -1, -1, 1, -1, -1, -1, -1, -1, -1, -1, -1, -1], [-1, -1, -1, 2, -1, -1, -1, -1, -1, -1, -1, -1, -1], [-1, -1, -1, 4, -1, -1, -1, -1, -1, -1, -1, -1, -1], [-1, -1, -1, 6, -1, -1, -1, -1, -1, -1, -1, -1, -1], [-1, -1, -1, -1, -1, 1, -1, -1, -1, -1, -1, -1, -1], [-1, -1, -1, -1, -1, -1, -1, -1, 1, -1, -1, -1, -1], [-1, -1, -1, -1, -1, -1, -1, -1, 2, -1, -1, -1, -1], [-1, -1, -1, -1, -1, -1, -1, -1, -1, 1, -1, -1, -1], [-1, -1, -1, -1, -1, -1, -1, -1, -1, 2, -1, -1, -1], [-1, -1, -1, -1, -1, -1, -1, -1, -1, -1, -1, 1, -1], [-1, -1, -1, -1, -1, -1, -1, -1, -1, -1, -1, -1, 1]]
590 22 
 [[0, -1, 0, -1, -1, 0, -1, -1, -1, -1, -1, -1, -1], [0, -1, 0, -1, -1, -1, -1, -1, -1, 0, -1, -1, 0], [0, -1, 0, -1, -1, -1, -1, -1, -1, -1, -1, 0, -1], [0, -1, -1, -1, -1, 0, -1, -1, -1, -1, -1, 0, -1], [1, -1, -1, -1, -1, -1, -1, -1, -1, -1, -1, -1, -1], [-1, 1, -1, -1, -1, -1, -1, -1, -1, -1, -1, -1, -1], [-1, -1, 0, -1, -1, 0, -1, -1, -1, 0, -1, -1, -1], [-1, -1, 0, -1, -1, 0, -1, -1, -1, -1, -1, 0, -1], [-1, -1, 0, -1, -1, -1, -1, -1, -1, -1, -1, 0, 0], [-1, -1, 1, -1, -1, -1, -1, -1, -1, -1, -1, -1, -1], [-1, -1, 2, -1, -1, -1, -1, -1, -1, -1, -1, -1, -1], [-1, -1, -1, 1, -1, -1, -1, -1, -1, -1, -1, -1, -1], [-1, -1, -1, 2, -1, -1, -1, -1, -1, -1, -1, -1, -1], [-1, -1, -1, 4, -1, -1, -1, -1, -1, -1, -1, -1, -1], [-1, -1, -1, 6, -1, -1, -1, -1, -1, -1, -1, -1, -1], [-1, -1, -1, -1, -1, 1, -1, -1, -1, -1, -1, -1, -1], [-1, -1, -1, -1, -1, -1, -1, -1, 1, -1, -1, -1, -1], [-1, -1, -1, -1, -1, -1, -1, -1, 2, -1, -1, -1, -1], [-1, -1, -1, -1, -1, -1, -1, -1, -1, 1, -1, -1, -1], [-1, -1, -1, -1, -1, -1, -1, -1, -1, 2, -1, -1, -1], [-1, -1, -1, -1, -1, -1, -1, -1, -1, -1, -1, 1, -1], [-1, -1, -1, -1, -1, -1, -1, -1, -1, -1, -1, -1, 1]]
690 22 
 [[0, -1, 0, -1, -1, 0, -1, -1, -1, -1, -1, -1, -1], [0, -1, 0, -1, -1, -1, -1, -1, -1, 0, -1, -1, 0], [0, -1, 0, -1, -1, -1, -1, -1, -1, -1, -1, 0, -1], [0, -1, -1, -1, -1, 0, -1, -1, -1, -1, -1, 0, -1], [1, -1, -1, -1, -1, -1, -1, -1, -1, -1, -1, -1, -1], [-1, 1, -1, -1, -1, -1, -1, -1, -1, -1, -1, -1, -1], [-1, -1, 0, -1, -1, 0, -1, -1, -1, 0, -1, -1, -1], [-1, -1, 0, -1, -1, 0, -1, -1, -1, -1, -1, 0, -1], [-1, -1, 0, -1, -1, -1, -1, -1, -1, -1, -1, 0, 0], [-1, -1, 1, -1, -1, -1, -1, -1, -1, -1, -1, -1, -1], [-1, -1, 2, -1, -1, -1, -1, -1, -1, -1, -1, -1, -1], [-1, -1, -1, 1, -1, -1, -1, -1, -1, -1, -1, -1, -1], [-1, -1, -1, 2, -1, -1, -1, -1, -1, -1, -1, -1, -1], [-1, -1, -1, 4, -1, -1, -1, -1, -1, -1, -1, -1, -1], [-1, -1, -1, 6, -1, -1, -1, -1, -1, -1, -1, -1, -1], [-1, -1, -1, -1, -1, 1, -1, -1, -1, -1, -1, -1, -1], [-1, -1, -1, -1, -1, -1, -1, -1, 1, -1, -1, -1, -1], [-1, -1, -1, -1, -1, -1, -1, -1, 2, -1, -1, -1, -1], [-1, -1, -1, -1, -1, -1, -1, -1, -1, 1, -1, -1, -1], [-1, -1, -1, -1, -1, -1, -1, -1, -1, 2, -1, -1, -1], [-1, -1, -1, -1, -1, -1, -1, -1, -1, -1, -1, 1, -1], [-1, -1, -1, -1, -1, -1, -1, -1, -1, -1, -1, -1, 1]]
790 22 
 [[0, -1, 0, -1, -1, 0, -1, -1, -1, -1, -1, -1, -1], [0, -1, 0, -1, -1, -1, -1, -1, -1, 0, -1, -1, 0], [0, -1, 0, -1, -1, -1, -1, -1, -1, -1, -1, 0, -1], [0, -1, -1, -1, -1, 0, -1, -1, -1, -1, -1, 0, -1], [1, -1, -1, -1, -1, -1, -1, -1, -1, -1, -1, -1, -1], [-1, 1, -1, -1, -1, -1, -1, -1, -1, -1, -1, -1, -1], [-1, -1, 0, -1, -1, 0, -1, -1, -1, 0, -1, -1, -1], [-1, -1, 0, -1, -1, 0, -1, -1, -1, -1, -1, 0, -1], [-1, -1, 0, -1, -1, -1, -1, -1, -1, -1, -1, 0, 0], [-1, -1, 1, -1, -1, -1, -1, -1, -1, -1, -1, -1, -1], [-1, -1, 2, -1, -1, -1, -1, -1, -1, -1, -1, -1, -1], [-1, -1, -1, 1, -1, -1, -1, -1, -1, -1, -1, -1, -1], [-1, -1, -1, 2, -1, -1, -1, -1, -1, -1, -1, -1, -1], [-1, -1, -1, 4, -1, -1, -1, -1, -1, -1, -1, -1, -1], [-1, -1, -1, 6, -1, -1, -1, -1, -1, -1, -1, -1, -1], [-1, -1, -1, -1, -1, 1, -1, -1, -1, -1, -1, -1, -1], [-1, -1, -1, -1, -1, -1, -1, -1, 1, -1, -1, -1, -1], [-1, -1, -1, -1, -1, -1, -1, -1, 2, -1, -1, -1, -1], [-1, -1, -1, -1, -1, -1, -1, -1, -1, 1, -1, -1, -1], [-1, -1, -1, -1, -1, -1, -1, -1, -1, 2, -1, -1, -1], [-1, -1, -1, -1, -1, -1, -1, -1, -1, -1, -1, 1, -1], [-1, -1, -1, -1, -1, -1, -1, -1, -1, -1, -1, -1, 1]]
890 22 
 [[0, -1, 0, -1, -1, 0, -1, -1, -1, -1, -1, -1, -1], [0, -1, 0, -1, -1, -1, -1, -1, -1, 0, -1, -1, 0], [0, -1, 0, -1, -1, -1, -1, -1, -1, -1, -1, 0, -1], [0, -1, -1, -1, -1, 0, -1, -1, -1, -1, -1, 0, -1], [1, -1, -1, -1, -1, -1, -1, -1, -1, -1, -1, -1, -1], [-1, 1, -1, -1, -1, -1, -1, -1, -1, -1, -1, -1, -1], [-1, -1, 0, -1, -1, 0, -1, -1, -1, 0, -1, -1, -1], [-1, -1, 0, -1, -1, 0, -1, -1, -1, -1, -1, 0, -1], [-1, -1, 0, -1, -1, -1, -1, -1, -1, -1, -1, 0, 0], [-1, -1, 1, -1, -1, -1, -1, -1, -1, -1, -1, -1, -1], [-1, -1, 2, -1, -1, -1, -1, -1, -1, -1, -1, -1, -1], [-1, -1, -1, 1, -1, -1, -1, -1, -1, -1, -1, -1, -1], [-1, -1, -1, 2, -1, -1, -1, -1, -1, -1, -1, -1, -1], [-1, -1, -1, 4, -1, -1, -1, -1, -1, -1, -1, -1, -1], [-1, -1, -1, 6, -1, -1, -1, -1, -1, -1, -1, -1, -1], [-1, -1, -1, -1, -1, 1, -1, -1, -1, -1, -1, -1, -1], [-1, -1, -1, -1, -1, -1, -1, -1, 1, -1, -1, -1, -1], [-1, -1, -1, -1, -1, -1, -1, -1, 2, -1, -1, -1, -1], [-1, -1, -1, -1, -1, -1, -1, -1, -1, 1, -1, -1, -1], [-1, -1, -1, -1, -1, -1, -1, -1, -1, 2, -1, -1, -1], [-1, -1, -1, -1, -1, -1, -1, -1, -1, -1, -1, 1, -1], [-1, -1, -1, -1, -1, -1, -1, -1, -1, -1, -1, -1, 1]]
990 22 
 [[0, -1, 0, -1, -1, 0, -1, -1, -1, -1, -1, -1, -1], [0, -1, 0, -1, -1, -1, -1, -1, -1, 0, -1, -1, 0], [0, -1, 0, -1, -1, -1, -1, -1, -1, -1, -1, 0, -1], [0, -1, -1, -1, -1, 0, -1, -1, -1, -1, -1, 0, -1], [1, -1, -1, -1, -1, -1, -1, -1, -1, -1, -1, -1, -1], [-1, 1, -1, -1, -1, -1, -1, -1, -1, -1, -1, -1, -1], [-1, -1, 0, -1, -1, 0, -1, -1, -1, 0, -1, -1, -1], [-1, -1, 0, -1, -1, 0, -1, -1, -1, -1, -1, 0, -1], [-1, -1, 0, -1, -1, -1, -1, -1, -1, -1, -1, 0, 0], [-1, -1, 1, -1, -1, -1, -1, -1, -1, -1, -1, -1, -1], [-1, -1, 2, -1, -1, -1, -1, -1, -1, -1, -1, -1, -1], [-1, -1, -1, 1, -1, -1, -1, -1, -1, -1, -1, -1, -1], [-1, -1, -1, 2, -1, -1, -1, -1, -1, -1, -1, -1, -1], [-1, -1, -1, 4, -1, -1, -1, -1, -1, -1, -1, -1, -1], [-1, -1, -1, 6, -1, -1, -1, -1, -1, -1, -1, -1, -1], [-1, -1, -1, -1, -1, 1, -1, -1, -1, -1, -1, -1, -1], [-1, -1, -1, -1, -1, -1, -1, -1, 1, -1, -1, -1, -1], [-1, -1, -1, -1, -1, -1, -1, -1, 2, -1, -1, -1, -1], [-1, -1, -1, -1, -1, -1, -1, -1, -1, 1, -1, -1, -1], [-1, -1, -1, -1, -1, -1, -1, -1, -1, 2, -1, -1, -1], [-1, -1, -1, -1, -1, -1, -1, -1, -1, -1, -1, 1, -1], [-1, -1, -1, -1, -1, -1, -1, -1, -1, -1, -1, -1, 1]]


number of patterns found, upperbound
40 10 
 [[0, 0, -1, 0, 0, -1, 0, 0, 0, -1, 0, -1, -1], [-1, -1, 0, -1, 0, -1, 0, 0, 0, -1, 0, -1, -1], [-1, -1, -1, 0, 0, 0, 0, 0, 0, -1, 0, -1, -1], [-1, 0, -1, 0, 0, -1, 0, 0, 0, 0, 0, -1, -1], [-1, 0, -1, -1, 0, -1, 0, 0, 0, -1, 0, 0, -1], [-1, 0, -1, -1, 0, 0, 0, 0, 0, -1, 0, -1, -1], [-1, -1, -1, 0, 0, -1, 0, 0, 0, -1, 0, -1, 0], [-1, -1, -1, -1, 0, 0, 0, 0, 0, -1, 0, -1, 0], [0, -1, -1, 0, 0, -1, 0, 0, 0, 0, 0, -1, -1], [-1, 0, -1, -1, 0, -1, 0, 0, 0, -1, 0, -1, 0]]
90 31 
 [[-1, -1, -1, 0, 0, -1, 0, 0, 0, -1, 0, 1, -1], [-1, -1, -1, -1, 0, -1, 0, 0, 0, 0, 0, 1, -1], [0, 0, -1, 0, 0, -1, 0, 0, 0, 0, 0, 0, -1], [0, 0, -1, 0, 0, 0, 0, 0, 0, 0, 0, -1, -1], [0, 0, -1, 0, 0, 0, 0, 0, 0, -1, 0, -1, 0], [-1, 0, 0, 0, 0, -1, 0, 0, 0, -1, 0, 0, -1], [-1, 0, -1, -1, 0, -1, 0, 0, 0, -1, 0, 1, -1], [-1, -1, -1, -1, 0, 0, 0, 0, 0, -1, 0, 1, -1], [-1, -1, -1, -1, 0, -1, 0, 0, 0, -1, 0, 1, 0], [0, 0, -1, 0, 0, 0, 0, 0, 0, -1, 0, 0, -1], [-1, 0, -1, 0, 0, 0, 0, 0, 0, 0, 0, -1, 0], [-1, 0, -1, 0, 0, -1, 0, 0, 0, -1, 0, 0, 0], [-1, 0, -1, -1, 0, 0, 0, 0, 0, -1, 0, 0, 0], [-1, -1, -1, 0, 0, 0, 0, 0, 0, 0, 0, 0, -1], [-1, -1, -1, 0, 0, 0, 0, 0, 0, -1, 0, 0, 0], [0, -1, -1, 0, 0, 0, 0, 0, 0, 0, 0, -1, 0], [-1, -1, 1, 0, 0, -1, 0, 0, 0, -1, 0, -1, -1], [0, -1, -1, 0, 0, -1, 0, 0, 0, -1, 0, -1, 1], [0, 0, -1, 0, 0, -1, 0, 0, 0, 0, 0, -1, 0], [-1, -1, 1, -1, 0, -1, 0, 0, 0, 0, 0, -1, -1], [-1, 0, -1, -1, 0, 0, 0, 0, 0, 0, 0, 0, -1], [-1, -1, 1, -1, 0, 0, 0, 0, 0, -1, 0, -1, 0], [0, 0, 0, 0, 0, -1, 0, 0, 0, 0, 0, -1, -1], [0, 0, 0, -1, 0, -1, 0, 0, 0, -1, 0, 0, -1], [0, -1, 0, 0, 0, -1, 0, 0, 0, -1, 0, 0, -1], [0, 0, -1, -1, 0, -1, 0, 0, 0, -1, 0, -1, 1], [0, -1, -1, -1, 0, 1, 0, 0, 0, -1, 0, -1, -1], [-1, 0, -1, -1, 0, 1, 0, 0, 0, -1, 0, -1, -1], [-1, -1, -1, 0, 0, 1, 0, 0, 0, -1, 0, -1, -1], [-1, -1, -1, -1, 0, 0, 0, 0, 0, 0, 0, 0, 0], [1, -1, -1, -1, 0, -1, 0, 0, 0, -1, 0, -1, 0]]
190 70 
 [[-1, -1, 2, -1, 0, 0, 0, 0, 0, -1, 0, -1, 0], [-1, 0, 0, -1, 0, 0, 0, 0, 0, -1, 0, -1, 0], [-1, 0, -1, -1, 0, -1, 0, 0, 0, 1, 0, 0, -1], [1, -1, -1, -1, 0, 0, 0, 0, 0, 0, 0, -1, 0], [0, 0, 1, 0, 0, -1, 0, 0, 0, -1, 0, -1, -1], [-1, 0, 2, -1, 0, -1, 0, 0, 0, -1, 0, -1, -1], [1, 0, -1, -1, 0, 0, 0, 0, 0, -1, 0, -1, 0], [-1, 0, -1, -1, 0, -1, 0, 0, 0, 1, 0, -1, 0], [-1, 1, -1, -1, 0, -1, 0, 0, 0, -1, 0, -1, -1], [0, 0, 0, 0, 0, -1, 0, 0, 0, -1, 0, -1, 0], [0, 0, -1, 0, 0, -1, 0, 0, 0, 1, 0, -1, -1], [0, 0, -1, -1, 0, -1, 0, 0, 0, -1, 0, 1, 0], [-1, 0, -1, 0, 0, 0, 0, 0, 0, -1, 0, 1, 0], [-1, 0, -1, -1, 0, 0, 0, 0, 0, 1, 0, -1, -1], [0, -1, 1, 0, 0, 0, 0, 0, 0, -1, 0, -1, -1], [-1, 0, 1, 0, 0, -1, 0, 0, 0, 0, 0, -1, -1], [0, 0, 0, 0, 0, 0, 0, 0, 0, -1, 0, -1, -1], [0, 0, -1, -1, 0, 0, 0, 0, 0, -1, 0, 1, -1], [0, -1, -1, 0, 0, 0, 0, 0, 0, -1, 0, 1, -1], [0, -1, -1, 0, 0, -1, 0, 0, 0, -1, 0, 1, 0], [0, -1, -1, -1, 0, 0, 0, 0, 0, -1, 0, 1, 0], [-1, -1, 0, 0, 0, 0, 0, 0, 0, -1, 0, -1, 0], [1, -1, -1, -1, 0, -1, 0, 0, 0, -1, 0, 0, 0], [-1, 0, 1, -1, 0, -1, 0, 0, 0, -1, 0, 0, 0], [1, -1, 1, -1, 0, -1, 0, 0, 0, -1, 0, -1, 0], [-1, 0, -1, 0, 0, -1, 0, 0, 0, 0, 0, 1, 0], [-1, -1, 1, -1, 0, -1, 0, 0, 0, -1, 0, 1, -1], [-1, 0, 0, 0, 0, -1, 0, 0, 0, 0, 0, -1, 0], [1, 0, -1, -1, 0, -1, 0, 0, 0, 0, 0, -1, 0], [1, -1, -1, 0, 0, -1, 0, 0, 0, -1, 0, -1, 0], [-1, -1, 2, -1, 0, -1, 0, 0, 0, 0, 0, -1, -1], [0, -1, 1, 0, 0, -1, 0, 0, 0, -1, 0, -1, 0], [-1, -1, 1, -1, 0, 0, 0, 0, 0, -1, 0, 0, 0], [-1, -1, 1, -1, 0, -1, 0, 0, 0, 0, 0, 0, 0], [0, -1, -1, -1, 0, -1, 0, 0, 0, 1, 0, 0, -1], [-1, -1, -1, 0, 0, -1, 0, 0, 0, 1, 0, 0, -1], [-1, 0, 0, -1, 0, 0, 0, 0, 0, 0, 0, -1, -1], [-1, -1, 0, 0, 0, 0, 0, 0, 0, 0, 0, -1, -1], [0, 0, 0, 0, 0, 1, 0, 0, 0, -1, 0, 0, 1], [0, 0, -1, 0, 0, -1, 0, 0, 0, 0, 0, 1, -1], [0, -1, 0, -1, 0, 0, 0, 0, 0, 0, 0, -1, -1], [0, -1, 0, -1, 0, 0, 0, 0, 0, -1, 0, -1, 0], [-1, 0, -1, -1, 0, 0, 0, 0, 0, 0, 0, 1, 0], [-1, -1, 0, -1, 0, -1, 0, 0, 0, -1, 0, 1, -1], [0, 0, 1, -1, 0, -1, 0, 0, 0, -1, 0, -1, 0], [0, 0, -1, 0, 0, 0, 0, 0, 0, 0, 0, 0, 0], [0, -1, 1, 0, 0, -1, 0, 0, 0, 0, 0, -1, -1], [-1, 0, 1, 0, 0, 0, 0, 0, 0, -1, 0, -1, 0], [0, 0, -1, 0, 0, 1, 0, 0, 0, 0, 0, 0, -1], [0, -1, 0, 0, 0, -1, 0, 0, 0, 0, 0, -1, 0], [-1, 0, 0, 0, 0, 1, 0, 0, 0, 0, 0, 0, -1], [-1, -1, 0, -1, 0, -1, 0, 0, 0, -1, 0, 0, 0], [0, 0, 0, 0, 0, -1, 0, 0, 0, 0, 0, 0, 1], [-1, 0, -1, -1, 0, 1, 0, 0, 0, 0, 0, 0, 1], [0, 0, 0, 0, 0, 1, 0, 0, 0, 0, 0, -1, 1], [0, -1, 0, 0, 0, 1, 0, 0, 0, 0, 0, 0, -1], [-1, -1, -1, 0, 0, 1, 0, 0, 0, 0, 0, 0, 1], [-1, -1, 1, 0, 0, 0, 0, 0, 0, 0, 0, -1, 0], [-1, -1, -1, 0, 0, 0, 0, 0, 0, 0, 0, 1, 0], [1, 0, -1, 0, 0, -1, 0, 0, 0, -1, 0, -1, -1], [-1, 0, 1, 0, 0, -1, 0, 0, 0, -1, 0, 0, -1], [-1, 0, 1, -1, 0, 0, 0, 0, 0, 0, 0, -1, 0], [-1, 0, 1, -1, 0, -1, 0, 0, 0, 0, 0, 0, -1], [1, 0, -1, -1, 0, -1, 0, 0, 0, -1, 0, 0, -1], [1, -1, 1, -1, 0, -1, 0, 0, 0, 0, 0, -1, -1], [-1, -1, 1, -1, 0, 0, 0, 0, 0, 0, 0, 0, -1], [0, 0, 1, -1, 0, 0, 0, 0, 0, -1, 0, -1, -1], [0, -1, 1, -1, 0, 0, 0, 0, 0, -1, 0, -1, 0], [-1, 0, 1, -1, 0, 0, 0, 0, 0, -1, 0, 0, -1], [-1, -1, 1, 0, 0, -1, 0, 0, 0, -1, 0, 0, 0]]
290 71 
 [[-1, -1, 2, -1, 0, 0, 0, 0, 0, -1, 0, -1, 0], [-1, 0, 2, -1, 0, -1, 0, 0, 0, -1, 0, -1, -1], [0, 0, -1, 0, 0, -1, 0, 0, 0, 1, 0, -1, -1], [-1, 0, -1, 0, 0, 0, 0, 0, 0, -1, 0, 1, 0], [-1, 0, -1, 0, 0, -1, 0, 0, 0, 0, 0, 1, 0], [-1, -1, 2, -1, 0, -1, 0, 0, 0, 0, 0, -1, -1], [0, 0, -1, 0, 0, -1, 0, 0, 0, 0, 0, 1, -1], [-1, 0, -1, -1, 0, 0, 0, 0, 0, 0, 0, 1, 0], [0, 0, -1, 0, 0, 0, 0, 0, 0, 0, 0, 0, 0], [0, -1, 1, 0, 0, -1, 0, 0, 0, 0, 0, -1, -1], [-1, 0, 1, 0, 0, 0, 0, 0, 0, -1, 0, -1, 0], [-1, -1, 1, 0, 0, 0, 0, 0, 0, 0, 0, -1, 0], [-1, -1, -1, 0, 0, 0, 0, 0, 0, 0, 0, 1, 0], [-1, 0, 1, -1, 0, 0, 0, 0, 0, 0, 0, -1, 0], [-1, 0, 1, -1, 0, -1, 0, 0, 0, 0, 0, 0, -1], [1, 0, -1, -1, 0, -1, 0, 0, 0, -1, 0, 0, -1], [-1, 0, -1, 0, 0, -1, 0, 0, 0, 1, 0, 0, -1], [-1, 0, -1, 0, 0, -1, 0, 0, 0, 1, 0, -1, 0], [-1, -1, 0, -1, 0, -1, 0, 0, 0, 1, 0, -1, -1], [-1, 0, -1, -1, 0, 0, 0, 0, 0, 1, 0, -1, 0], [1, -1, -1, -1, 0, -1, 0, 0, 0, 0, 0, 0, -1], [0, 0, -1, -1, 0, 0, 0, 0, 0, -1, 0, 1, 0], [0, -1, -1, -1, 0, -1, 0, 0, 0, 0, 0, 1, 0], [0, 0, 0, 0, 0, -1, 0, 0, 0, 0, 0, -1, 0], [-1, 0, 0, -1, 0, 0, 0, 0, 0, 0, 0, -1, 0], [1, 0, -1, 0, 0, -1, 0, 0, 0, -1, 0, -1, 0], [1, -1, 1, -1, 0, 0, 0, 0, 0, -1, 0, -1, 0], [1, -1, 1, -1, 0, -1, 0, 0, 0, 0, 0, -1, 0], [-1, -1, 1, 0, 0, -1, 0, 0, 0, -1, 0, 1, -1], [-1, 0, 0, -1, 0, -1, 0, 0, 0, -1, 0, 1, -1], [0, 0, 1, 0, 0, -1, 0, 0, 0, -1, 0, -1, 0], [0, 0, -1, -1, 0, -1, 0, 0, 0, 1, 0, 0, -1], [0, 0, 0, 0, 0, 0, 0, 0, 0, 0, 0, -1, -1], [0, -1, 0, -1, 0, -1, 0, 0, 0, -1, 0, 0, 0], [0, -1, -1, -1, 0, 0, 0, 0, 0, 0, 0, 1, -1], [0, 0, -1, 0, 0, -1, 0, 0, 0, -1, 0, 1, 0], [0, -1, 0, -1, 0, -1, 0, 0, 0, -1, 0, 1, -1], [-1, -1, 0, 0, 0, -1, 0, 0, 0, -1, 0, 1, -1], [0, -1, 1, 0, 0, 0, 0, 0, 0, -1, 0, -1, 0], [0, -1, 1, 0, 0, -1, 0, 0, 0, -1, 0, 0, -1], [0, 0, 0, 0, 0, 1, 0, 0, 0, 0, 0, 0, 1], [-1, -1, 1, -1, 0, 0, 0, 0, 0, -1, 0, 1, 0], [1, 0, -1, -1, 0, 0, 0, 0, 0, 0, 0, -1, 0], [1, -1, -1, 0, 0, 0, 0, 0, 0, -1, 0, -1, 0], [1, -1, -1, -1, 0, 0, 0, 0, 0, -1, 0, 0, 0], [-1, 0, 0, 0, 0, -1, 0, 0, 0, -1, 0, 0, 0], [-1, -1, 0, -1, 0, -1, 0, 0, 0, 0, 0, 0, 0], [1, -1, -1, -1, 0, -1, 0, 0, 0, -1, 0, 1, 0], [-1, 1, -1, -1, 0, 0, 0, 0, 0, 0, 0, -1, 0], [0, 0, 0, 0, 0, 0, 0, 0, 0, -1, 0, -1, 0], [0, -1, 0, 0, 0, 0, 0, 0, 0, 0, 0, -1, 0], [-1, -1, 0, -1, 0, 0, 0, 0, 0, -1, 0, 0, 0], [1, -1, -1, 0, 0, -1, 0, 0, 0, 0, 0, -1, 0], [-1, 0, 1, 0, 0, -1, 0, 0, 0, 0, 0, -1, 0], [-1, 0, 1, -1, 0, -1, 0, 0, 0, -1, 0, 1, -1], [-1, -1, 1, -1, 0, -1, 0, 0, 0, 0, 0, 1, -1], [0, -1, 0, -1, 0, 0, 0, 0, 0, -1, 0, 0, -1], [-1, 0, 0, 0, 0, 0, 0, 0, 0, -1, 0, 0, -1], [-1, -1, 0, 0, 0, 0, 0, 0, 0, 0, 0, 0, -1], [0, 0, 1, 0, 0, 0, 0, 0, 0, -1, 0, -1, -1], [0, 0, 1, -1, 0, 0, 0, 0, 0, -1, 0, -1, 0], [0, -1, 1, -1, 0, 0, 0, 0, 0, 0, 0, -1, -1], [-1, 0, 1, -1, 0, 0, 0, 0, 0, -1, 0, 0, 0], [-1, -1, 1, -1, 0, 0, 0, 0, 0, 0, 0, 0, 0], [0, -1, 1, -1, 0, -1, 0, 0, 0, 0, 0, -1, 0], [0, -1, -1, 0, 0, 0, 0, 0, 0, -1, 0, 1, 0], [-1, 1, -1, 0, 0, -1, 0, 0, 0, -1, 0, -1, -1], [0, 0, 1, -1, 0, -1, 0, 0, 0, 0, 0, -1, -1], [0, 0, 1, -1, 0, -1, 0, 0, 0, -1, 0, 0, -1], [-1, 0, 1, 0, 0, -1, 0, 0, 0, -1, 0, 0, 0], [-1, 0, -1, -1, 0, 1, 0, 0, 0, -1, 0, -1, 0]]
390 80 
 [[-1, -1, 2, -1, 0, 0, 0, 0, 0, -1, 0, -1, 0], [0, 0, -1, 0, 0, -1, 0, 0, 0, 1, 0, -1, -1], [-1, 0, -1, 0, 0, 0, 0, 0, 0, -1, 0, 1, 0], [-1, 0, -1, 0, 0, -1, 0, 0, 0, 0, 0, 1, 0], [0, 0, -1, 0, 0, -1, 0, 0, 0, 0, 0, 1, -1], [-1, 0, -1, -1, 0, 0, 0, 0, 0, 0, 0, 1, 0], [0, 0, -1, 0, 0, 0, 0, 0, 0, 0, 0, 0, 0], [-1, 0, 1, 0, 0, 0, 0, 0, 0, -1, 0, -1, 0], [-1, -1, 1, 0, 0, 0, 0, 0, 0, 0, 0, -1, 0], [-1, -1, -1, 0, 0, 0, 0, 0, 0, 0, 0, 1, 0], [-1, 0, 1, -1, 0, 0, 0, 0, 0, 0, 0, -1, 0], [-1, 0, -1, 0, 0, -1, 0, 0, 0, 1, 0, 0, -1], [-1, 0, -1, 0, 0, -1, 0, 0, 0, 1, 0, -1, 0], [-1, 0, -1, -1, 0, 0, 0, 0, 0, 1, 0, -1, 0], [0, 0, -1, -1, 0, 0, 0, 0, 0, -1, 0, 1, 0], [0, 0, 0, 0, 0, -1, 0, 0, 0, 0, 0, -1, 0], [-1, 0, 0, -1, 0, 0, 0, 0, 0, 0, 0, -1, 0], [1, 0, -1, 0, 0, -1, 0, 0, 0, -1, 0, -1, 0], [1, -1, 1, -1, 0, 0, 0, 0, 0, -1, 0, -1, 0], [1, -1, 1, -1, 0, -1, 0, 0, 0, 0, 0, -1, 0], [-1, 0, 0, -1, 0, -1, 0, 0, 0, -1, 0, 1, -1], [0, 0, 1, 0, 0, -1, 0, 0, 0, -1, 0, -1, 0], [0, 0, -1, -1, 0, -1, 0, 0, 0, 1, 0, 0, -1], [0, 0, 0, 0, 0, 0, 0, 0, 0, 0, 0, -1, -1], [0, 0, -1, 0, 0, -1, 0, 0, 0, -1, 0, 1, 0], [0, -1, 1, 0, 0, 0, 0, 0, 0, -1, 0, -1, 0], [0, -1, 1, 0, 0, -1, 0, 0, 0, -1, 0, 0, -1], [0, 0, 0, 0, 0, 1, 0, 0, 0, 0, 0, 0, 1], [-1, -1, 1, -1, 0, 0, 0, 0, 0, -1, 0, 1, 0], [1, 0, -1, -1, 0, 0, 0, 0, 0, 0, 0, -1, 0], [1, -1, -1, 0, 0, 0, 0, 0, 0, -1, 0, -1, 0], [1, -1, -1, -1, 0, 0, 0, 0, 0, -1, 0, 0, 0], [-1, 0, 0, 0, 0, -1, 0, 0, 0, -1, 0, 0, 0], [1, -1, -1, -1, 0, -1, 0, 0, 0, -1, 0, 1, 0], [-1, 1, -1, -1, 0, 0, 0, 0, 0, 0, 0, -1, 0], [0, 0, 0, 0, 0, 0, 0, 0, 0, -1, 0, -1, 0], [0, -1, 0, 0, 0, 0, 0, 0, 0, 0, 0, -1, 0], [-1, -1, 0, -1, 0, 0, 0, 0, 0, -1, 0, 0, 0], [1, -1, -1, 0, 0, -1, 0, 0, 0, 0, 0, -1, 0], [-1, 0, 1, 0, 0, -1, 0, 0, 0, 0, 0, -1, 0], [-1, 0, 1, -1, 0, -1, 0, 0, 0, -1, 0, 1, -1], [-1, -1, 1, -1, 0, -1, 0, 0, 0, 0, 0, 1, -1], [-1, 0, 0, 0, 0, 0, 0, 0, 0, -1, 0, 0, -1], [-1, -1, 0, 0, 0, 0, 0, 0, 0, 0, 0, 0, -1], [0, 0, 1, 0, 0, 0, 0, 0, 0, -1, 0, -1, -1], [0, 0, 1, -1, 0, 0, 0, 0, 0, -1, 0, -1, 0], [0, -1, 1, -1, 0, 0, 0, 0, 0, 0, 0, -1, -1], [-1, 0, 1, -1, 0, 0, 0, 0, 0, -1, 0, 0, 0], [-1, -1, 1, -1, 0, 0, 0, 0, 0, 0, 0, 0, 0], [0, -1, -1, 0, 0, 0, 0, 0, 0, -1, 0, 1, 0], [0, 0, 1, -1, 0, -1, 0, 0, 0, 0, 0, -1, -1], [0, 0, 1, -1, 0, -1, 0, 0, 0, -1, 0, 0, -1], [-1, 0, 1, 0, 0, -1, 0, 0, 0, -1, 0, 0, 0], [-1, 0, 1, -1, 0, -1, 0, 0, 0, 0, 0, 0, 0], [0, -1, -1, 0, 0, -1, 0, 0, 0, 1, 0, 0, -1], [-1, 0, 2, -1, 0, 0, 0, 0, 0, -1, 0, -1, -1], [-1, -1, 2, 0, 0, -1, 0, 0, 0, -1, 0, -1, -1], [-1, -1, 2, -1, 0, 0, 0, 0, 0, 0, 0, -1, -1], [-1, -1, 2, -1, 0, -1, 0, 0, 0, 0, 0, -1, 0], [0, -1, -1, 0, 0, -1, 0, 0, 0, 0, 0, 1, 0], [0, -1, -1, -1, 0, 0, 0, 0, 0, 0, 0, 1, 0], [1, 0, -1, -1, 0, -1, 0, 0, 0, -1, 0, 0, 0], [-1, 1, -1, 0, 0, -1, 0, 0, 0, 0, 0, -1, -1], [1, -1, -1, -1, 0, -1, 0, 0, 0, 0, 0, 0, 0], [-1, 0, 0, -1, 0, 0, 0, 0, 0, 0, 0, 0, -1], [0, -1, 1, 0, 0, -1, 0, 0, 0, 0, 0, -1, 0], [-1, 0, 1, 0, 0, 0, 0, 0, 0, 0, 0, -1, -1], [-1, 0, -1, 0, 0, 0, 0, 0, 0, 0, 0, 1, -1], [-1, -1, 1, 0, 0, 0, 0, 0, 0, -1, 0, 1, -1], [-1, -1, 1, 0, 0, -1, 0, 0, 0, -1, 0, 1, 0], [0, 1, -1, -1, 0, -1, 0, 0, 0, -1, 0, -1, -1], [0, -1, 0, 0, 0, 0, 0, 0, 0, -1, 0, 0, -1], [0, -1, 0, 0, 0, -1, 0, 0, 0, -1, 0, 0, 0], [-1, -1, 0, 0, 0, -1, 0, 0, 0, 0, 0, 0, 0], [1, 0, 1, -1, 0, -1, 0, 0, 0, -1, 0, -1, 0], [-1, 0, -1, 0, 0, 1, 0, 0, 0, -1, 0, -1, 0], [0, -1, 0, 0, 0, -1, 0, 0, 0, -1, 0, 1, -1], [-1, -1, 0, -1, 0, -1, 0, 0, 0, 0, 0, 1, -1], [-1, 0, 0, -1, 0, -1, 0, 0, 0, 1, 0, -1, -1], [-1, -1, -1, -1, 0, 1, 0, 0, 0, 1, 0, -1, -1]]
490 114 
 [[0, 0, -1, 0, 0, -1, 0, 0, 0, 0, 0, 1, -1], [0, 0, -1, 0, 0, 0, 0, 0, 0, 0, 0, 0, 0], [-1, 0, -1, 0, 0, -1, 0, 0, 0, 1, 0, -1, 0], [-1, 0, -1, -1, 0, 0, 0, 0, 0, 1, 0, -1, 0], [0, 0, -1, -1, 0, 0, 0, 0, 0, -1, 0, 1, 0], [0, 0, 0, 0, 0, -1, 0, 0, 0, 0, 0, -1, 0], [0, 0, 1, 0, 0, -1, 0, 0, 0, -1, 0, -1, 0], [0, 0, 0, 0, 0, 0, 0, 0, 0, 0, 0, -1, -1], [0, 0, -1, 0, 0, -1, 0, 0, 0, -1, 0, 1, 0], [0, -1, 1, 0, 0, 0, 0, 0, 0, -1, 0, -1, 0], [0, 0, 0, 0, 0, 1, 0, 0, 0, 0, 0, 0, 1], [1, 0, -1, -1, 0, 0, 0, 0, 0, 0, 0, -1, 0], [0, 0, 0, 0, 0, 0, 0, 0, 0, -1, 0, -1, 0], [0, -1, 0, 0, 0, 0, 0, 0, 0, 0, 0, -1, 0], [0, 0, 1, 0, 0, 0, 0, 0, 0, -1, 0, -1, -1], [0, 0, 1, -1, 0, 0, 0, 0, 0, -1, 0, -1, 0], [-1, 0, 1, -1, 0, 0, 0, 0, 0, -1, 0, 0, 0], [-1, -1, 1, -1, 0, 0, 0, 0, 0, 0, 0, 0, 0], [0, -1, -1, 0, 0, 0, 0, 0, 0, -1, 0, 1, 0], [-1, 0, 1, 0, 0, -1, 0, 0, 0, -1, 0, 0, 0], [-1, 0, 1, -1, 0, -1, 0, 0, 0, 0, 0, 0, 0], [0, -1, -1, 0, 0, -1, 0, 0, 0, 0, 0, 1, 0], [0, -1, -1, -1, 0, 0, 0, 0, 0, 0, 0, 1, 0], [0, -1, 1, 0, 0, -1, 0, 0, 0, 0, 0, -1, 0], [-1, -1, 1, 0, 0, 0, 0, 0, 0, -1, 0, 1, -1], [-1, -1, 1, 0, 0, -1, 0, 0, 0, -1, 0, 1, 0], [-1, 0, -1, 0, 0, 1, 0, 0, 0, -1, 0, -1, 0], [0, -1, 0, 0, 0, -1, 0, 0, 0, -1, 0, 1, -1], [-1, 0, 0, -1, 0, -1, 0, 0, 0, 1, 0, -1, -1], [0, 0, 1, 0, 0, -1, 0, 0, 0, 0, 0, -1, -1], [0, 0, 1, 0, 0, -1, 0, 0, 0, -1, 0, 0, -1], [1, -1, 1, -1, 0, 0, 0, 0, 0, 0, 0, -1, 0], [0, 0, -1, 0, 0, -1, 0, 0, 0, 1, 0, 0, -1], [-1, -1, 2, -1, 0, 0, 0, 0, 0, 0, 0, -1, 0], [-1, 0, 0, 0, 0, -1, 0, 0, 0, -1, 0, 1, -1], [-1, 0, -1, 0, 0, 0, 0, 0, 0, 1, 0, -1, -1], [0, 0, -1, 0, 0, 0, 0, 0, 0, -1, 0, 1, -1], [0, -1, 1, -1, 0, -1, 0, 0, 0, -1, 0, 1, -1], [-1, -1, 1, -1, 0, -1, 0, 0, 0, 1, 0, -1, -1], [0, 0, 1, -1, 0, -1, 0, 0, 0, -1, 0, 0, 0], [1, 0, -1, -1, 0, 0, 0, 0, 0, -1, 0, 0, 0], [1, -1, -1, -1, 0, 0, 0, 0, 0, 0, 0, 0, 0], [-1, 0, 1, -1, 0, 0, 0, 0, 0, 0, 0, 0, -1], [0, 0, 0, 0, 0, -1, 0, 0, 0, -1, 0, 0, 0], [0, 0, 0, -1, 0, 0, 0, 0, 0, 0, 0, -1, 0], [0, -1, 0, 0, 0, 0, 0, 0, 0, 0, 0, 0, -1], [0, -1, 0, 0, 0, -1, 0, 0, 0, 0, 0, 0, 0], [-1, 0, 0, 0, 0, 0, 0, 0, 0, 0, 0, -1, 0], [-1, 0, 0, 0, 0, -1, 0, 0, 0, 0, 0, 0, 0], [-1, -1, 0, -1, 0, 0, 0, 0, 0, 0, 0, 0, 0], [1, 0, 1, -1, 0, 0, 0, 0, 0, -1, 0, -1, 0], [1, 0, 1, -1, 0, -1, 0, 0, 0, 0, 0, -1, 0], [-1, 0, 1, -1, 0, -1, 0, 0, 0, -1, 0, 1, 0], [0, 0, 1, -1, 0, -1, 0, 0, 0, 0, 0, -1, 0], [0, -1, 1, 0, 0, 0, 0, 0, 0, 0, 0, -1, -1], [0, -1, 1, 0, 0, -1, 0, 0, 0, -1, 0, 0, 0], [0, -1, 1, -1, 0, 0, 0, 0, 0, 0, 0, -1, 0], [-1, -1, 1, 0, 0, -1, 0, 0, 0, 0, 0, 0, 0], [0, 0, -1, -1, 0, -1, 0, 0, 0, 0, 0, 1, 0], [-1, 0, 1, -1, 0, 0, 0, 0, 0, -1, 0, 1, -1], [-1, 0, 0, 0, 0, 0, 0, 0, 0, 0, 0, 0, -1], [-1, 0, 2, 0, 0, -1, 0, 0, 0, -1, 0, -1, -1], [-1, 0, 2, -1, 0, 0, 0, 0, 0, -1, 0, -1, 0], [0, -1, 1, -1, 0, 0, 0, 0, 0, -1, 0, 0, -1], [-1, 0, 1, 0, 0, -1, 0, 0, 0, 0, 0, 0, -1], [0, 0, 0, -1, 0, -1, 0, 0, 0, -1, 0, 1, -1], [1, 0, -1, -1, 0, -1, 0, 0, 0, 0, 0, 0, 0], [-1, 0, 0, -1, 0, 0, 0, 0, 0, -1, 0, 0, 0], [1, -1, -1, 0, 0, 0, 0, 0, 0, 0, 0, -1, 0], [-1, -1, 1, 0, 0, 0, 0, 0, 0, -1, 0, 0, 0], [1, -1, 1, -1, 0, -1, 0, 0, 0, -1, 0, 0, 0], [0, -1, -1, 0, 0, 1, 0, 0, 0, -1, 0, -1, 0], [-1, 0, -1, -1, 0, 1, 0, 0, 0, 0, 0, -1, 0], [0, 0, 0, 0, 0, 0, 0, 0, 0, -1, 0, 0, -1], [1, 0, -1, 0, 0, 0, 0, 0, 0, -1, 0, -1, 0], [1, 0, -1, 0, 0, -1, 0, 0, 0, 0, 0, -1, -1], [1, 0, -1, -1, 0, -1, 0, 0, 0, -1, 0, 1, 0], [0, 0, 2, -1, 0, -1, 0, 0, 0, -1, 0, -1, -1], [-1, 0, 2, -1, 0, 0, 0, 0, 0, 0, 0, -1, -1], [-1, -1, 2, 0, 0, 0, 0, 0, 0, -1, 0, -1, 0], [0, 0, -1, -1, 0, 1, 0, 0, 0, -1, 0, -1, 0], [-1, -1, -1, -1, 0, 1, 0, 0, 0, -1, 0, 0, 0], [-1, 0, 2, -1, 0, -1, 0, 0, 0, 0, 0, -1, 0], [-1, -1, -1, 1, 0, -1, 0, 0, 0, -1, 0, -1, -1], [-1, 1, -1, -1, 0, -1, 0, 0, 0, -1, 0, 0, -1], [0, -1, 2, -1, 0, -1, 0, 0, 0, 0, 0, -1, -1], [0, -1, -1, 0, 0, 0, 0, 0, 0, 0, 0, 1, -1], [-1, 1, -1, 0, 0, 0, 0, 0, 0, 0, 0, -1, 0], [0, -1, 0, -1, 0, -1, 0, 0, 0, 0, 0, 1, -1], [-1, 0, 0, -1, 0, -1, 0, 0, 0, -1, 0, 1, 0], [-1, 0, -1, 0, 0, 0, 0, 0, 0, 0, 0, 1, 0], [-1, -1, 0, 0, 0, -1, 0, 0, 0, 0, 0, 1, -1], [0, -1, -1, -1, 0, 1, 0, 0, 0, 1, 0, -1, -1], [-1, 0, -1, -1, 0, 1, 0, 0, 0, 1, 0, -1, -1], [-1, -1, -1, -1, 0, 1, 0, 0, 0, 1, 0, 0, -1], [-1, -1, -1, -1, 0, -1, 0, 0, 0, 1, 0, -1, 1], [-1, 0, 2, -1, 0, -1, 0, 0, 0, -1, 0, 0, -1], [-1, -1, -1, -1, 0, -1, 0, 0, 0, 1, 0, 0, 0], [1, -1, -1, -1, 0, 0, 0, 0, 0, 0, 0, 1, 0], [-1, 0, 1, 0, 0, 0, 0, 0, 0, 0, 0, -1, 0], [-1, -1, 1, 0, 0, -1, 0, 0, 0, 0, 0, 1, -1], [-1, -1, 1, -1, 0, 0, 0, 0, 0, 0, 0, 1, 0], [0, -1, 2, 0, 0, -1, 0, 0, 0, -1, 0, -1, -1], [0, -1, 2, -1, 0, 0, 0, 0, 0, -1, 0, -1, -1], [-1, -1, 2, 0, 0, 0, 0, 0, 0, 0, 0, -1, -1], [-1, -1, 2, 0, 0, -1, 0, 0, 0, 0, 0, -1, 0], [-1, -1, 2, 0, 0, -1, 0, 0, 0, -1, 0, 0, -1], [-1, -1, 2, -1, 0, 0, 0, 0, 0, -1, 0, 0, 0], [0, 1, -1, 0, 0, -1, 0, 0, 0, -1, 0, -1, -1], [0, -1, 1, -1, 0, -1, 0, 0, 0, 0, 0, 0, -1], [-1, -1, 1, 0, 0, 0, 0, 0, 0, 0, 0, 0, -1], [0, 0, -1, -1, 0, -1, 0, 0, 0, 1, 0, -1, 0], [0, -1, 0, -1, 0, -1, 0, 0, 0, 1, 0, -1, -1], [-1, -1, -1, -1, 0, 1, 0, 0, 0, -1, 0, 1, -1]]
590 109 
 [[0, 0, -1, 0, 0, 0, 0, 0, 0, 0, 0, 0, 0], [-1, 0, -1, 0, 0, -1, 0, 0, 0, 1, 0, -1, 0], [-1, 0, -1, -1, 0, 0, 0, 0, 0, 1, 0, -1, 0], [0, 0, 0, 0, 0, 1, 0, 0, 0, 0, 0, 0, 1], [1, 0, -1, -1, 0, 0, 0, 0, 0, 0, 0, -1, 0], [1, -1, 1, -1, 0, 0, 0, 0, 0, 0, 0, -1, 0], [0, 0, -1, 0, 0, -1, 0, 0, 0, 1, 0, 0, -1], [-1, 0, -1, 0, 0, 0, 0, 0, 0, 1, 0, -1, -1], [0, -1, 1, -1, 0, -1, 0, 0, 0, -1, 0, 1, -1], [1, 0, -1, -1, 0, 0, 0, 0, 0, -1, 0, 0, 0], [1, -1, -1, -1, 0, 0, 0, 0, 0, 0, 0, 0, 0], [1, 0, 1, -1, 0, 0, 0, 0, 0, -1, 0, -1, 0], [1, 0, 1, -1, 0, -1, 0, 0, 0, 0, 0, -1, 0], [-1, -1, 1, 0, 0, -1, 0, 0, 0, 0, 0, 0, 0], [-1, 0, 1, 0, 0, -1, 0, 0, 0, 0, 0, 0, -1], [1, 0, -1, -1, 0, -1, 0, 0, 0, 0, 0, 0, 0], [1, -1, -1, 0, 0, 0, 0, 0, 0, 0, 0, -1, 0], [-1, -1, 1, 0, 0, 0, 0, 0, 0, -1, 0, 0, 0], [1, -1, 1, -1, 0, -1, 0, 0, 0, -1, 0, 0, 0], [-1, 0, -1, -1, 0, 1, 0, 0, 0, 0, 0, -1, 0], [1, 0, -1, 0, 0, 0, 0, 0, 0, -1, 0, -1, 0], [0, 0, 2, -1, 0, -1, 0, 0, 0, -1, 0, -1, -1], [-1, -1, 2, 0, 0, 0, 0, 0, 0, -1, 0, -1, 0], [-1, -1, -1, -1, 0, 1, 0, 0, 0, -1, 0, 0, 0], [-1, -1, -1, 1, 0, -1, 0, 0, 0, -1, 0, -1, -1], [0, -1, 2, -1, 0, -1, 0, 0, 0, 0, 0, -1, -1], [-1, 1, -1, 0, 0, 0, 0, 0, 0, 0, 0, -1, 0], [-1, 0, 0, -1, 0, -1, 0, 0, 0, -1, 0, 1, 0], [-1, 0, -1, 0, 0, 0, 0, 0, 0, 0, 0, 1, 0], [-1, 0, -1, -1, 0, 1, 0, 0, 0, 1, 0, -1, -1], [-1, 0, 2, -1, 0, -1, 0, 0, 0, -1, 0, 0, -1], [-1, -1, -1, -1, 0, -1, 0, 0, 0, 1, 0, 0, 0], [1, -1, -1, -1, 0, 0, 0, 0, 0, 0, 0, 1, 0], [-1, 0, 1, 0, 0, 0, 0, 0, 0, 0, 0, -1, 0], [-1, -1, 1, 0, 0, -1, 0, 0, 0, 0, 0, 1, -1], [-1, -1, 1, -1, 0, 0, 0, 0, 0, 0, 0, 1, 0], [0, -1, 2, 0, 0, -1, 0, 0, 0, -1, 0, -1, -1], [0, -1, 2, -1, 0, 0, 0, 0, 0, -1, 0, -1, -1], [-1, -1, 2, 0, 0, 0, 0, 0, 0, 0, 0, -1, -1], [-1, -1, 2, 0, 0, -1, 0, 0, 0, 0, 0, -1, 0], [-1, -1, 2, 0, 0, -1, 0, 0, 0, -1, 0, 0, -1], [-1, -1, 2, -1, 0, 0, 0, 0, 0, -1, 0, 0, 0], [-1, -1, 1, 0, 0, 0, 0, 0, 0, 0, 0, 0, -1], [0, 0, -1, -1, 0, -1, 0, 0, 0, 1, 0, -1, 0], [0, -1, 0, -1, 0, -1, 0, 0, 0, 1, 0, -1, -1], [0, -1, 2, -1, 0, -1, 0, 0, 0, -1, 0, -1, 0], [0, -1, -1, -1, 0, 0, 0, 0, 0, 1, 0, -1, -1], [1, 0, -1, -1, 0, 0, 0, 0, 0, -1, 0, 1, 0], [-1, 0, 1, -1, 0, 0, 0, 0, 0, -1, 0, 1, 0], [1, 0, -1, 0, 0, -1, 0, 0, 0, 0, 0, -1, 0], [1, -1, -1, 0, 0, -1, 0, 0, 0, -1, 0, 0, -1], [-1, -1, 1, -1, 0, 1, 0, 0, 0, -1, 0, -1, -1], [-1, -1, -1, 0, 0, 1, 0, 0, 0, 0, 0, -1, 0], [0, 0, -1, 0, 0, 1, 0, 0, 0, -1, 0, -1, 0], [0, -1, 1, 0, 0, -1, 0, 0, 0, 0, 0, 0, -1], [0, 1, -1, -1, 0, -1, 0, 0, 0, -1, 0, -1, 0], [-1, -1, 1, 0, 0, 0, 0, 0, 0, -1, 0, 1, 0], [0, 0, 0, 0, 0, 0, 0, 0, 0, 0, 0, -1, 0], [0, 0, 0, 0, 0, -1, 0, 0, 0, -1, 0, 1, -1], [0, -1, 0, 0, 0, -1, 0, 0, 0, 0, 0, 1, -1], [0, 0, 1, 0, 0, 0, 0, 0, 0, -1, 0, -1, 0], [0, -1, -1, 0, 0, 0, 0, 0, 0, 0, 0, 1, 0], [-1, 0, 1, 0, 0, -1, 0, 0, 0, -1, 0, 1, -1], [-1, 0, 1, -1, 0, -1, 0, 0, 0, 0, 0, 1, -1], [0, -1, -1, -1, 0, -1, 0, 0, 0, 1, 0, -1, 1], [0, 0, -1, 0, 0, 0, 0, 0, 0, -1, 0, 1, 0], [0, 0, -1, 0, 0, -1, 0, 0, 0, 0, 0, 1, 0], [0, -1, 1, 0, 0, 0, 0, 0, 0, 0, 0, -1, 0], [-1, 0, 1, -1, 0, 0, 0, 0, 0, 0, 0, 0, 0], [0, 1, -1, 0, 0, -1, 0, 0, 0, 0, 0, -1, -1], [0, -1, -1, -1, 0, 1, 0, 0, 0, -1, 0, 1, -1], [-1, -1, 0, 0, 0, -1, 0, 0, 0, -1, 0, 1, 0], [-1, -1, -1, 0, 0, 1, 0, 0, 0, -1, 0, 1, -1], [-1, 0, -1, -1, 0, -1, 0, 0, 0, 1, 0, -1, 1], [-1, -1, -1, 0, 0, 1, 0, 0, 0, 1, 0, -1, -1], [0, 0, 0, 0, 0, 0, 0, 0, 0, 0, 0, 0, -1], [-1, 0, 0, -1, 0, 0, 0, 0, 0, 0, 0, 0, 0], [0, 0, 1, 0, 0, -1, 0, 0, 0, 0, 0, -1, 0], [0, 0, 1, 0, 0, -1, 0, 0, 0, -1, 0, 0, 0], [0, 0, 1, -1, 0, 0, 0, 0, 0, 0, 0, -1, -1], [0, -1, 1, 0, 0, 0, 0, 0, 0, -1, 0, 0, -1], [-1, 0, 1, 0, 0, 0, 0, 0, 0, -1, 0, 0, -1], [-1, -1, 0, 0, 0, 0, 0, 0, 0, 0, 0, 0, 0], [0, -1, -1, -1, 0, 1, 0, 0, 0, 1, 0, 0, -1], [-1, -1, 0, -1, 0, -1, 0, 0, 0, 1, 0, 0, -1], [-1, -1, -1, -1, 0, -1, 0, 0, 0, 1, 0, 0, 1], [0, 0, 0, -1, 0, -1, 0, 0, 0, 0, 0, 1, -1], [0, -1, 0, -1, 0, -1, 0, 0, 0, -1, 0, 1, 0], [1, -1, 1, -1, 0, -1, 0, 0, 0, 0, 0, 0, -1], [-1, 1, 1, -1, 0, -1, 0, 0, 0, -1, 0, -1, -1], [-1, 1, -1, 0, 0, -1, 0, 0, 0, -1, 0, 0, -1], [0, -1, 1, -1, 0, 0, 0, 0, 0, -1, 0, 0, 0], [0, -1, 1, -1, 0, -1, 0, 0, 0, 0, 0, 0, 0], [-1, 1, -1, -1, 0, -1, 0, 0, 0, 0, 0, 0, 0], [0, 0, -1, -1, 0, 0, 0, 0, 0, 0, 0, 1, 0], [-1, 0, 0, 0, 0, -1, 0, 0, 0, 0, 0, 1, -1], [-1, 0, -1, -1, 0, 1, 0, 0, 0, -1, 0, 1, -1], [0, 0, 0, 0, 0, -1, 0, 0, 0, 0, 0, 0, 0], [0, -1, 0, -1, 0, 0, 0, 0, 0, -1, 0, 0, 0], [-1, 0, 0, 0, 0, -1, 0, 0, 0, 1, 0, -1, -1], [-1, -1, 0, -1, 0, 0, 0, 0, 0, -1, 0, 1, -1], [-1, -1, -1, 0, 0, 0, 0, 0, 0, 1, 0, -1, 0], [-1, -1, -1, -1, 0, -1, 0, 0, 0, 1, 0, 1, -1], [-1, 0, 2, 0, 0, 0, 0, 0, 0, -1, 0, -1, -1], [-1, 0, 2, -1, 0, 0, 0, 0, 0, 0, 0, -1, 0], [1, -1, 1, 0, 0, -1, 0, 0, 0, -1, 0, -1, 0], [-1, 0, 1, -1, 0, -1, 0, 0, 0, 1, 0, -1, -1], [-1, 0, 0, 0, 0, 0, 0, 0, 0, -1, 0, 0, 0], [-1, -1, -1, 0, 0, -1, 0, 0, 0, 1, 0, -1, 1]]
690 108 
 [[0, 0, -1, 0, 0, 0, 0, 0, 0, 0, 0, 0, 0], [-1, 0, -1, 0, 0, -1, 0, 0, 0, 1, 0, -1, 0], [-1, 0, -1, -1, 0, 0, 0, 0, 0, 1, 0, -1, 0], [0, 0, 0, 0, 0, 1, 0, 0, 0, 0, 0, 0, 1], [0, 0, -1, 0, 0, -1, 0, 0, 0, 1, 0, 0, -1], [-1, 0, -1, 0, 0, 0, 0, 0, 0, 1, 0, -1, -1], [1, -1, -1, 0, 0, 0, 0, 0, 0, 0, 0, -1, 0], [1, 0, -1, 0, 0, 0, 0, 0, 0, -1, 0, -1, 0], [-1, -1, -1, 1, 0, -1, 0, 0, 0, -1, 0, -1, -1], [-1, 1, -1, 0, 0, 0, 0, 0, 0, 0, 0, -1, 0], [-1, 0, -1, 0, 0, 0, 0, 0, 0, 0, 0, 1, 0], [-1, 0, 2, -1, 0, -1, 0, 0, 0, -1, 0, 0, -1], [1, -1, -1, -1, 0, 0, 0, 0, 0, 0, 0, 1, 0], [-1, 0, 1, 0, 0, 0, 0, 0, 0, 0, 0, -1, 0], [-1, -1, 1, -1, 0, 0, 0, 0, 0, 0, 0, 1, 0], [-1, -1, 2, 0, 0, -1, 0, 0, 0, -1, 0, 0, -1], [-1, -1, 2, -1, 0, 0, 0, 0, 0, -1, 0, 0, 0], [0, 0, -1, -1, 0, -1, 0, 0, 0, 1, 0, -1, 0], [1, 0, -1, -1, 0, 0, 0, 0, 0, -1, 0, 1, 0], [-1, 0, 1, -1, 0, 0, 0, 0, 0, -1, 0, 1, 0], [1, 0, -1, 0, 0, -1, 0, 0, 0, 0, 0, -1, 0], [0, 0, -1, 0, 0, 1, 0, 0, 0, -1, 0, -1, 0], [0, -1, 1, 0, 0, -1, 0, 0, 0, 0, 0, 0, -1], [0, 1, -1, -1, 0, -1, 0, 0, 0, -1, 0, -1, 0], [-1, -1, 1, 0, 0, 0, 0, 0, 0, -1, 0, 1, 0], [0, 0, 0, 0, 0, 0, 0, 0, 0, 0, 0, -1, 0], [0, 0, 1, 0, 0, 0, 0, 0, 0, -1, 0, -1, 0], [0, -1, -1, 0, 0, 0, 0, 0, 0, 0, 0, 1, 0], [-1, 0, 1, 0, 0, -1, 0, 0, 0, -1, 0, 1, -1], [0, 0, -1, 0, 0, 0, 0, 0, 0, -1, 0, 1, 0], [0, 0, -1, 0, 0, -1, 0, 0, 0, 0, 0, 1, 0], [0, -1, 1, 0, 0, 0, 0, 0, 0, 0, 0, -1, 0], [-1, 0, 1, -1, 0, 0, 0, 0, 0, 0, 0, 0, 0], [0, 1, -1, 0, 0, -1, 0, 0, 0, 0, 0, -1, -1], [0, -1, -1, -1, 0, 1, 0, 0, 0, -1, 0, 1, -1], [-1, -1, -1, 0, 0, 1, 0, 0, 0, -1, 0, 1, -1], [-1, 0, -1, -1, 0, -1, 0, 0, 0, 1, 0, -1, 1], [0, 0, 0, 0, 0, 0, 0, 0, 0, 0, 0, 0, -1], [0, 0, 1, 0, 0, -1, 0, 0, 0, 0, 0, -1, 0], [0, 0, 1, 0, 0, -1, 0, 0, 0, -1, 0, 0, 0], [0, 0, 1, -1, 0, 0, 0, 0, 0, 0, 0, -1, -1], [0, -1, 1, 0, 0, 0, 0, 0, 0, -1, 0, 0, -1], [-1, 0, 1, 0, 0, 0, 0, 0, 0, -1, 0, 0, -1], [0, -1, -1, -1, 0, 1, 0, 0, 0, 1, 0, 0, -1], [-1, -1, 0, -1, 0, -1, 0, 0, 0, 1, 0, 0, -1], [0, -1, 0, -1, 0, -1, 0, 0, 0, -1, 0, 1, 0], [-1, 1, 1, -1, 0, -1, 0, 0, 0, -1, 0, -1, -1], [-1, 1, -1, 0, 0, -1, 0, 0, 0, -1, 0, 0, -1], [0, -1, 1, -1, 0, 0, 0, 0, 0, -1, 0, 0, 0], [0, -1, 1, -1, 0, -1, 0, 0, 0, 0, 0, 0, 0], [-1, 1, -1, -1, 0, -1, 0, 0, 0, 0, 0, 0, 0], [0, 0, -1, -1, 0, 0, 0, 0, 0, 0, 0, 1, 0], [-1, 0, -1, -1, 0, 1, 0, 0, 0, -1, 0, 1, -1], [0, 0, 0, 0, 0, -1, 0, 0, 0, 0, 0, 0, 0], [-1, 0, 0, 0, 0, -1, 0, 0, 0, 1, 0, -1, -1], [-1, -1, -1, 0, 0, 0, 0, 0, 0, 1, 0, -1, 0], [-1, -1, -1, -1, 0, -1, 0, 0, 0, 1, 0, 1, -1], [-1, 0, 2, 0, 0, 0, 0, 0, 0, -1, 0, -1, -1], [-1, 0, 2, -1, 0, 0, 0, 0, 0, 0, 0, -1, 0], [1, -1, 1, 0, 0, -1, 0, 0, 0, -1, 0, -1, 0], [-1, 0, 1, -1, 0, -1, 0, 0, 0, 1, 0, -1, -1], [0, 1, -1, -1, 0, 0, 0, 0, 0, -1, 0, -1, -1], [1, -1, 0, -1, 0, -1, 0, 0, 0, -1, 0, -1, -1], [1, -1, -1, 0, 0, -1, 0, 0, 0, -1, 0, 0, 0], [-1, 0, 0, 0, 0, 0, 0, 0, 0, 0, 0, 0, 0], [0, -1, 0, 0, 0, 0, 0, 0, 0, 0, 0, 0, 0], [1, 0, 1, -1, 0, 0, 0, 0, 0, 0, 0, -1, 0], [1, 0, -1, -1, 0, 0, 0, 0, 0, 0, 0, 0, 0], [1, -1, 1, -1, 0, -1, 0, 0, 0, 0, 0, 0, 0], [-1, -1, 1, 0, 0, 0, 0, 0, 0, 0, 0, 0, 0], [-1, -1, 2, 0, 0, 0, 0, 0, 0, 0, 0, -1, 0], [-1, 0, 1, 0, 0, -1, 0, 0, 0, 0, 0, 0, 0], [-1, 0, -1, 0, 0, 1, 0, 0, 0, 0, 0, -1, 0], [-1, 0, -1, -1, 0, 1, 0, 0, 0, -1, 0, 0, 0], [-1, -1, 1, 0, 0, 1, 0, 0, 0, -1, 0, -1, -1], [-1, -1, -1, 0, 0, 1, 0, 0, 0, -1, 0, 0, 0], [0, 0, 0, -1, 0, -1, 0, 0, 0, 1, 0, -1, -1], [0, 0, -1, -1, 0, 0, 0, 0, 0, 1, 0, -1, -1], [0, -1, 1, 0, 0, -1, 0, 0, 0, -1, 0, 1, -1], [-1, 0, 1, -1, 0, -1, 0, 0, 0, 0, 0, 1, 0], [-1, -1, 1, 0, 0, -1, 0, 0, 0, 0, 0, 1, 0], [0, 0, -1, -1, 0, 1, 0, 0, 0, 1, 0, -1, -1], [0, -1, -1, 0, 0, 1, 0, 0, 0, 1, 0, -1, -1], [0, -1, -1, 0, 0, -1, 0, 0, 0, 1, 0, -1, 1], [0, -1, -1, -1, 0, -1, 0, 0, 0, 1, 0, 0, 1], [-1, 0, -1, -1, 0, 1, 0, 0, 0, 1, 0, 0, -1], [-1, -1, -1, 0, 0, 1, 0, 0, 0, 1, 0, 0, -1], [-1, -1, -1, -1, 0, 1, 0, 0, 0, 1, 0, -1, 1], [0, -1, 2, -1, 0, 0, 0, 0, 0, 0, 0, -1, -1], [0, -1, 2, -1, 0, 0, 0, 0, 0, -1, 0, -1, 0], [-1, 0, 2, 0, 0, -1, 0, 0, 0, 0, 0, -1, -1], [-1, 0, 2, 0, 0, -1, 0, 0, 0, -1, 0, -1, 0], [-1, -1, 2, -1, 0, -1, 0, 0, 0, 0, 0, 0, -1], [0, 0, 0, 0, 0, -1, 0, 0, 0, 0, 0, 1, -1], [0, -1, -1, -1, 0, 1, 0, 0, 0, 0, 0, -1, 0], [-1, -1, -1, -1, 0, 1, 0, 0, 0, 0, 0, 1, -1], [0, -1, 2, 0, 0, -1, 0, 0, 0, 0, 0, -1, -1], [0, -1, 2, -1, 0, -1, 0, 0, 0, -1, 0, 0, -1], [0, 0, -1, 0, 0, 0, 0, 0, 0, 0, 0, 1, -1], [-1, 0, 0, 0, 0, -1, 0, 0, 0, -1, 0, 1, 0], [-1, -1, 0, -1, 0, 0, 0, 0, 0, -1, 0, 1, 0], [-1, -1, 0, -1, 0, -1, 0, 0, 0, 0, 0, 1, 0], [0, 0, 0, -1, 0, 0, 0, 0, 0, -1, 0, 0, 0], [0, 0, 2, 0, 0, -1, 0, 0, 0, -1, 0, -1, -1], [0, -1, 2, 0, 0, 0, 0, 0, 0, -1, 0, -1, -1], [0, -1, -1, 0, 0, 0, 0, 0, 0, -1, 0, -1, 1], [-1, 0, -1, -1, 0, -1, 0, 0, 0, 1, 0, 0, 0], [-1, -1, -1, -1, 0, 0, 0, 0, 0, 1, 0, 0, -1]]
790 149 
 [[0, 0, 0, 0, 0, 1, 0, 0, 0, 0, 0, 0, 1], [-1, 1, -1, 0, 0, 0, 0, 0, 0, 0, 0, -1, 0], [0, 0, -1, 0, 0, 1, 0, 0, 0, -1, 0, -1, 0], [1, 0, 1, -1, 0, 0, 0, 0, 0, 0, 0, -1, 0], [1, 0, -1, -1, 0, 0, 0, 0, 0, 0, 0, 0, 0], [-1, 0, -1, 0, 0, 1, 0, 0, 0, 0, 0, -1, 0], [0, 0, 0, 0, 0, -1, 0, 0, 0, 0, 0, 1, -1], [-1, 0, 0, 0, 0, -1, 0, 0, 0, -1, 0, 1, 0], [0, 0, 0, -1, 0, -1, 0, 0, 0, -1, 0, 1, 0], [0, -1, -1, 0, 0, 1, 0, 0, 0, 0, 0, -1, 0], [-1, 0, 1, -1, 0, 1, 0, 0, 0, -1, 0, -1, -1], [-1, 0, -1, 0, 0, 0, 0, 0, 0, 1, 0, -1, 0], [0, -1, -1, 0, 0, 1, 0, 0, 0, 0, 0, 1, -1], [-1, -1, -1, 1, 0, 0, 0, 0, 0, -1, 0, -1, 0], [1, 0, -1, 0, 0, 0, 0, 0, 0, 0, 0, -1, 0], [-1, 1, -1, -1, 0, 0, 0, 0, 0, 0, 0, 0, 0], [-1, 0, -1, 0, 0, 1, 0, 0, 0, -1, 0, 0, 0], [0, 1, -1, 0, 0, -1, 0, 0, 0, -1, 0, 0, -1], [1, -1, 1, -1, 0, 0, 0, 0, 0, 0, 0, 0, 0], [0, -1, 1, 0, 0, 1, 0, 0, 0, -1, 0, -1, -1], [1, 0, 0, -1, 0, -1, 0, 0, 0, -1, 0, -1, 0], [1, 0, -1, -1, 0, 0, 0, 0, 0, 0, 0, 1, 0], [-1, 0, 0, -1, 0, 0, 0, 0, 0, -1, 0, 1, 0], [-1, 0, 0, -1, 0, -1, 0, 0, 0, 0, 0, 1, 0], [-1, -1, 0, 0, 0, -1, 0, 0, 0, 0, 0, 1, 0], [0, -1, 2, 0, 0, 0, 0, 0, 0, 0, 0, -1, -1], [0, -1, 2, -1, 0, 0, 0, 0, 0, 0, 0, -1, 0], [0, 0, -1, 0, 0, 0, 0, 0, 0, 0, 0, 1, 0], [-1, 0, 2, 0, 0, 0, 0, 0, 0, 0, 0, -1, 0], [-1, -1, 2, 0, 0, -1, 0, 0, 0, 0, 0, 0, -1], [-1, -1, 2, -1, 0, 0, 0, 0, 0, 0, 0, 0, 0], [0, -1, 1, 0, 0, 0, 0, 0, 0, 0, 0, 0, -1], [0, -1, -1, 0, 0, 1, 0, 0, 0, -1, 0, 0, 0], [0, 0, -1, 0, 0, 1, 0, 0, 0, -1, 0, 1, -1], [-1, 0, -1, -1, 0, -1, 0, 0, 0, 1, 0, 1, -1], [0, -1, -1, 0, 0, -1, 0, 0, 0, -1, 0, 1, 1], [0, 0, 1, 0, 0, 0, 0, 0, 0, 0, 0, -1, 0], [0, 0, 1, -1, 0, -1, 0, 0, 0, -1, 0, 1, -1], [-1, 0, 1, -1, 0, 0, 0, 0, 0, 0, 0, 1, 0], [1, -1, -1, -1, 0, -1, 0, 0, 0, 1, 0, -1, -1], [0, 0, -1, 0, 0, -1, 0, 0, 0, 1, 0, -1, 1], [0, -1, -1, 0, 0, -1, 0, 0, 0, 1, 0, 0, 1], [0, -1, 1, -1, 0, 0, 0, 0, 0, -1, 0, 1, 0], [-1, 0, 1, 0, 0, 0, 0, 0, 0, -1, 0, 1, 0], [-1, -1, 1, 0, 0, 0, 0, 0, 0, 0, 0, 1, 0], [-1, -1, 1, 0, 0, 1, 0, 0, 0, -1, 0, 0, -1], [1, -1, -1, 0, 0, 0, 0, 0, 0, 0, 0, 0, 0], [0, 0, -1, -1, 0, -1, 0, 0, 0, 1, 0, 0, 1], [0, 0, -1, 0, 0, 0, 0, 0, 0, 1, 0, -1, -1], [-1, 0, 1, -1, 0, -1, 0, 0, 0, 1, 0, -1, 0], [0, 0, -1, 0, 0, -1, 0, 0, 0, 1, 0, -1, 0], [0, -1, 0, -1, 0, 1, 0, 0, 0, 1, 0, -1, -1], [-1, -1, 0, -1, 0, 1, 0, 0, 0, 1, 0, 0, -1], [0, -1, 0, 0, 0, -1, 0, 0, 0, -1, 0, 1, 0], [0, -1, -1, -1, 0, 1, 0, 0, 0, 1, 0, 0, 1], [-1, 0, 0, -1, 0, 1, 0, 0, 0, 1, 0, -1, -1], [-1, 0, -1, -1, 0, 1, 0, 0, 0, 1, 0, -1, 1], [0, -1, 1, 0, 0, 0, 0, 0, 0, -1, 0, 1, -1], [0, -1, 1, -1, 0, -1, 0, 0, 0, -1, 0, -1, 1], [-1, 0, 1, 0, 0, 0, 0, 0, 0, 0, 0, 0, 0], [0, 0, -1, 0, 0, 1, 0, 0, 0, 1, 0, 0, -1], [0, -1, -1, 0, 0, 1, 0, 0, 0, 1, 0, -1, 1], [-1, 0, -1, 0, 0, -1, 0, 0, 0, 1, 0, 0, 1], [-1, -1, 0, 0, 0, 1, 0, 0, 0, 1, 0, -1, -1], [-1, -1, 0, -1, 0, -1, 0, 0, 0, 1, 0, -1, 1], [0, 1, -1, 0, 0, -1, 0, 0, 0, 0, 0, -1, 0], [1, 0, 1, -1, 0, 0, 0, 0, 0, -1, 0, 0, 0], [0, 0, 0, 0, 0, -1, 0, 0, 0, 1, 0, 0, -1], [1, -1, 0, -1, 0, 0, 0, 0, 0, -1, 0, -1, 0], [0, -1, 0, -1, 0, -1, 0, 0, 0, 0, 0, 1, 0], [-1, -1, 0, 0, 0, 0, 0, 0, 0, -1, 0, 1, 0], [-1, -1, 0, -1, 0, 0, 0, 0, 0, 0, 0, 1, 0], [1, 0, 1, 0, 0, -1, 0, 0, 0, -1, 0, -1, -1], [-1, 0, 1, 0, 0, -1, 0, 0, 0, 0, 0, 1, -1], [-1, 0, -1, 0, 0, 1, 0, 0, 0, 0, 0, 1, -1], [-1, 1, 1, -1, 0, 0, 0, 0, 0, 0, 0, -1, 0], [-1, 1, -1, -1, 0, -1, 0, 0, 0, 0, 0, 1, -1], [0, 0, 2, 0, 0, -1, 0, 0, 0, 0, 0, -1, -1], [-1, 0, 2, -1, 0, -1, 0, 0, 0, 0, 0, 0, -1], [1, -1, 0, -1, 0, -1, 0, 0, 0, 0, 0, -1, 0], [0, -1, 1, 0, 0, -1, 0, 0, 0, 0, 0, 1, -1], [0, -1, 1, 0, 0, -1, 0, 0, 0, -1, 0, 1, 0], [-1, -1, 1, 0, 0, 1, 0, 0, 0, 0, 0, -1, -1], [1, 0, -1, 0, 0, 0, 0, 0, 0, -1, 0, 0, 0], [1, 0, -1, 0, 0, -1, 0, 0, 0, 0, 0, 0, 0], [-1, 0, 2, -1, 0, 0, 0, 0, 0, -1, 0, 0, 0], [-1, -1, 2, 0, 0, 0, 0, 0, 0, -1, 0, 0, 0], [0, -1, 1, -1, 0, 0, 0, 0, 0, 0, 0, 0, 0], [1, -1, 2, -1, 0, 0, 0, 0, 0, -1, 0, -1, 0], [-1, -1, 2, -1, 0, -1, 0, 0, 0, -1, 0, 1, -1], [0, 0, 0, 0, 0, 0, 0, 0, 0, 0, 0, 0, 0], [0, 1, -1, -1, 0, 1, 0, 0, 0, -1, 0, -1, -1], [0, -1, -1, -1, 0, -1, 0, 0, 0, 1, 0, 0, 0], [-1, 1, 1, -1, 0, -1, 0, 0, 0, -1, 0, 0, -1], [0, 0, -1, -1, 0, 0, 0, 0, 0, 1, 0, -1, 0], [0, -1, 2, 0, 0, 0, 0, 0, 0, -1, 0, -1, 0], [-1, 0, -1, 0, 0, -1, 0, 0, 0, 1, 0, 0, 0], [-1, 0, -1, -1, 0, 0, 0, 0, 0, 1, 0, 0, 0], [0, -1, 1, 0, 0, -1, 0, 0, 0, 1, 0, -1, -1], [-1, 0, 1, 0, 0, -1, 0, 0, 0, 1, 0, -1, -1], [-1, 0, 1, -1, 0, 0, 0, 0, 0, 1, 0, -1, -1], [-1, -1, 1, -1, 0, 0, 0, 0, 0, 1, 0, -1, 0], [-1, -1, -1, -1, 0, -1, 0, 0, 0, 1, 0, 1, 0], [0, 0, -1, -1, 0, 1, 0, 0, 0, 0, 0, -1, 0], [0, -1, 0, -1, 0, 1, 0, 0, 0, -1, 0, -1, 0], [-1, -1, -1, 0, 0, 1, 0, 0, 0, 0, 0, 0, 0], [1, 0, 1, -1, 0, -1, 0, 0, 0, 0, 0, 0, 0], [-1, -1, 1, -1, 0, 1, 0, 0, 0, -1, 0, -1, 0], [-1, -1, -1, 1, 0, -1, 0, 0, 0, 0, 0, -1, 0], [-1, 0, 0, 0, 0, 1, 0, 0, 0, -1, 0, -1, 0], [-1, -1, 0, 0, 0, 1, 0, 0, 0, -1, 0, 1, -1], [-1, -1, 0, -1, 0, -1, 0, 0, 0, 1, 0, -1, 0], [0, 0, 2, 0, 0, 0, 0, 0, 0, -1, 0, -1, -1], [0, 0, 2, 0, 0, -1, 0, 0, 0, -1, 0, 0, -1], [0, 0, 2, -1, 0, 0, 0, 0, 0, 0, 0, -1, -1], [0, 0, -1, 0, 0, 0, 0, 0, 0, -1, 0, 0, 1], [0, -1, 2, -1, 0, -1, 0, 0, 0, 0, 0, 0, -1], [-1, 0, 2, 0, 0, 0, 0, 0, 0, -1, 0, 0, -1], [1, -1, 0, -1, 0, -1, 0, 0, 0, -1, 0, 0, -1], [-1, 1, -1, 0, 0, 1, 0, 0, 0, -1, 0, -1, -1], [-1, 1, -1, 0, 0, -1, 0, 0, 0, 0, 0, 0, 0], [0, 1, -1, -1, 0, 0, 0, 0, 0, 0, 0, -1, 0], [0, -1, -1, 0, 0, 0, 0, 0, 0, 1, 0, -1, 0], [-1, 1, 0, -1, 0, -1, 0, 0, 0, -1, 0, -1, -1], [-1, -1, -1, 0, 0, 0, 0, 0, 0, 1, 0, 0, -1], [0, 1, -1, 0, 0, 0, 0, 0, 0, -1, 0, -1, 0], [0, -1, 0, -1, 0, 0, 0, 0, 0, -1, 0, 1, -1], [-1, -1, -1, -1, 0, 0, 0, 0, 0, 1, 0, 1, -1], [0, 1, -1, -1, 0, -1, 0, 0, 0, -1, 0, 0, 0], [1, 1, -1, -1, 0, 0, 0, 0, 0, -1, 0, -1, 0], [1, 1, -1, -1, 0, -1, 0, 0, 0, 0, 0, -1, 0], [1, -1, 1, 0, 0, 0, 0, 0, 0, 0, 0, -1, 0], [1, -1, -1, 0, 0, 0, 0, 0, 0, -1, 0, 1, 0], [-1, 1, 1, 0, 0, -1, 0, 0, 0, 0, 0, -1, 0], [-1, 1, -1, -1, 0, 0, 0, 0, 0, -1, 0, 1, 0], [0, 0, 1, 0, 0, 0, 0, 0, 0, -1, 0, 0, 0], [0, 0, 1, 0, 0, -1, 0, 0, 0, 0, 0, 0, 0], [0, 0, 1, -1, 0, 0, 0, 0, 0, 0, 0, 0, -1], [1, 0, -1, 0, 0, -1, 0, 0, 0, -1, 0, 1, -1], [1, -1, 0, 0, 0, -1, 0, 0, 0, -1, 0, -1, -1], [-1, -1, -1, -1, 0, -1, 0, 0, 0, 0, 0, 1, 1], [1, 0, 0, -1, 0, -1, 0, 0, 0, 0, 0, -1, -1], [0, 1, 1, 0, 0, -1, 0, 0, 0, -1, 0, -1, -1], [0, 1, -1, -1, 0, -1, 0, 0, 0, 0, 0, 0, -1], [0, -1, 1, -1, 0, 1, 0, 0, 0, -1, 0, 0, -1], [0, 0, 2, -1, 0, 0, 0, 0, 0, -1, 0, -1, 0], [-1, 0, -1, 1, 0, -1, 0, 0, 0, -1, 0, -1, 0], [0, 0, -1, 0, 0, 0, 0, 0, 0, 0, 0, -1, 1], [1, -1, 1, -1, 0, 0, 0, 0, 0, -1, 0, 1, 0]]
890 156 
 [[0, 0, 0, 0, 0, 1, 0, 0, 0, 0, 0, 0, 1], [-1, 1, -1, 0, 0, 0, 0, 0, 0, 0, 0, -1, 0], [1, 0, 1, -1, 0, 0, 0, 0, 0, 0, 0, -1, 0], [1, 0, -1, -1, 0, 0, 0, 0, 0, 0, 0, 0, 0], [0, 0, 0, 0, 0, -1, 0, 0, 0, 0, 0, 1, -1], [-1, 0, 0, 0, 0, -1, 0, 0, 0, -1, 0, 1, 0], [0, 0, 0, -1, 0, -1, 0, 0, 0, -1, 0, 1, 0], [-1, 0, -1, 0, 0, 0, 0, 0, 0, 1, 0, -1, 0], [0, -1, -1, 0, 0, 1, 0, 0, 0, 0, 0, 1, -1], [1, 0, -1, 0, 0, 0, 0, 0, 0, 0, 0, -1, 0], [-1, 1, -1, -1, 0, 0, 0, 0, 0, 0, 0, 0, 0], [1, -1, 1, -1, 0, 0, 0, 0, 0, 0, 0, 0, 0], [0, -1, 1, 0, 0, 1, 0, 0, 0, -1, 0, -1, -1], [1, 0, 0, -1, 0, -1, 0, 0, 0, -1, 0, -1, 0], [1, 0, -1, -1, 0, 0, 0, 0, 0, 0, 0, 1, 0], [-1, 0, 0, -1, 0, 0, 0, 0, 0, -1, 0, 1, 0], [-1, 0, 0, -1, 0, -1, 0, 0, 0, 0, 0, 1, 0], [-1, -1, 0, 0, 0, -1, 0, 0, 0, 0, 0, 1, 0], [0, -1, 2, 0, 0, 0, 0, 0, 0, 0, 0, -1, -1], [0, -1, 2, -1, 0, 0, 0, 0, 0, 0, 0, -1, 0], [0, 0, -1, 0, 0, 0, 0, 0, 0, 0, 0, 1, 0], [-1, 0, 2, 0, 0, 0, 0, 0, 0, 0, 0, -1, 0], [-1, -1, 2, -1, 0, 0, 0, 0, 0, 0, 0, 0, 0], [0, -1, 1, 0, 0, 0, 0, 0, 0, 0, 0, 0, -1], [0, 0, -1, 0, 0, 1, 0, 0, 0, -1, 0, 1, -1], [-1, 0, -1, -1, 0, -1, 0, 0, 0, 1, 0, 1, -1], [0, -1, -1, 0, 0, -1, 0, 0, 0, -1, 0, 1, 1], [0, 0, 1, 0, 0, 0, 0, 0, 0, 0, 0, -1, 0], [0, 0, 1, -1, 0, -1, 0, 0, 0, -1, 0, 1, -1], [-1, 0, 1, -1, 0, 0, 0, 0, 0, 0, 0, 1, 0], [1, -1, -1, -1, 0, -1, 0, 0, 0, 1, 0, -1, -1], [0, 0, -1, 0, 0, -1, 0, 0, 0, 1, 0, -1, 1], [0, -1, -1, 0, 0, -1, 0, 0, 0, 1, 0, 0, 1], [0, -1, 1, -1, 0, 0, 0, 0, 0, -1, 0, 1, 0], [-1, 0, 1, 0, 0, 0, 0, 0, 0, -1, 0, 1, 0], [-1, -1, 1, 0, 0, 0, 0, 0, 0, 0, 0, 1, 0], [-1, -1, 1, 0, 0, 1, 0, 0, 0, -1, 0, 0, -1], [1, -1, -1, 0, 0, 0, 0, 0, 0, 0, 0, 0, 0], [0, 0, -1, -1, 0, -1, 0, 0, 0, 1, 0, 0, 1], [0, 0, -1, 0, 0, 0, 0, 0, 0, 1, 0, -1, -1], [-1, 0, 1, -1, 0, -1, 0, 0, 0, 1, 0, -1, 0], [0, 0, -1, 0, 0, -1, 0, 0, 0, 1, 0, -1, 0], [0, -1, 0, -1, 0, 1, 0, 0, 0, 1, 0, -1, -1], [-1, -1, 0, -1, 0, 1, 0, 0, 0, 1, 0, 0, -1], [0, -1, 0, 0, 0, -1, 0, 0, 0, -1, 0, 1, 0], [0, -1, -1, -1, 0, 1, 0, 0, 0, 1, 0, 0, 1], [-1, 0, 0, -1, 0, 1, 0, 0, 0, 1, 0, -1, -1], [-1, 0, -1, -1, 0, 1, 0, 0, 0, 1, 0, -1, 1], [0, -1, 1, 0, 0, 0, 0, 0, 0, -1, 0, 1, -1], [0, -1, 1, -1, 0, -1, 0, 0, 0, -1, 0, -1, 1], [-1, 0, 1, 0, 0, 0, 0, 0, 0, 0, 0, 0, 0], [0, 0, -1, 0, 0, 1, 0, 0, 0, 1, 0, 0, -1], [0, -1, -1, 0, 0, 1, 0, 0, 0, 1, 0, -1, 1], [-1, 0, -1, 0, 0, -1, 0, 0, 0, 1, 0, 0, 1], [-1, -1, 0, 0, 0, 1, 0, 0, 0, 1, 0, -1, -1], [-1, -1, 0, -1, 0, -1, 0, 0, 0, 1, 0, -1, 1], [0, 1, -1, 0, 0, -1, 0, 0, 0, 0, 0, -1, 0], [1, 0, 1, -1, 0, 0, 0, 0, 0, -1, 0, 0, 0], [0, 0, 0, 0, 0, -1, 0, 0, 0, 1, 0, 0, -1], [1, -1, 0, -1, 0, 0, 0, 0, 0, -1, 0, -1, 0], [0, -1, 0, -1, 0, -1, 0, 0, 0, 0, 0, 1, 0], [-1, -1, 0, 0, 0, 0, 0, 0, 0, -1, 0, 1, 0], [-1, -1, 0, -1, 0, 0, 0, 0, 0, 0, 0, 1, 0], [1, 0, 1, 0, 0, -1, 0, 0, 0, -1, 0, -1, -1], [-1, 0, 1, 0, 0, -1, 0, 0, 0, 0, 0, 1, -1], [-1, 0, -1, 0, 0, 1, 0, 0, 0, 0, 0, 1, -1], [-1, 1, 1, -1, 0, 0, 0, 0, 0, 0, 0, -1, 0], [0, 0, 2, 0, 0, -1, 0, 0, 0, 0, 0, -1, -1], [1, -1, 0, -1, 0, -1, 0, 0, 0, 0, 0, -1, 0], [0, -1, 1, 0, 0, -1, 0, 0, 0, 0, 0, 1, -1], [0, -1, 1, 0, 0, -1, 0, 0, 0, -1, 0, 1, 0], [-1, -1, 1, 0, 0, 1, 0, 0, 0, 0, 0, -1, -1], [1, 0, -1, 0, 0, 0, 0, 0, 0, -1, 0, 0, 0], [1, 0, -1, 0, 0, -1, 0, 0, 0, 0, 0, 0, 0], [-1, 0, 2, -1, 0, 0, 0, 0, 0, -1, 0, 0, 0], [-1, -1, 2, 0, 0, 0, 0, 0, 0, -1, 0, 0, 0], [0, -1, 1, -1, 0, 0, 0, 0, 0, 0, 0, 0, 0], [1, -1, 2, -1, 0, 0, 0, 0, 0, -1, 0, -1, 0], [-1, -1, 2, -1, 0, -1, 0, 0, 0, -1, 0, 1, -1], [0, 0, 0, 0, 0, 0, 0, 0, 0, 0, 0, 0, 0], [0, 1, -1, -1, 0, 1, 0, 0, 0, -1, 0, -1, -1], [0, -1, -1, -1, 0, -1, 0, 0, 0, 1, 0, 0, 0], [-1, 1, 1, -1, 0, -1, 0, 0, 0, -1, 0, 0, -1], [0, 0, -1, -1, 0, 0, 0, 0, 0, 1, 0, -1, 0], [0, -1, 2, 0, 0, 0, 0, 0, 0, -1, 0, -1, 0], [-1, 0, -1, 0, 0, -1, 0, 0, 0, 1, 0, 0, 0], [-1, 0, -1, -1, 0, 0, 0, 0, 0, 1, 0, 0, 0], [0, -1, 1, 0, 0, -1, 0, 0, 0, 1, 0, -1, -1], [-1, 0, 1, 0, 0, -1, 0, 0, 0, 1, 0, -1, -1], [-1, 0, 1, -1, 0, 0, 0, 0, 0, 1, 0, -1, -1], [-1, -1, 1, -1, 0, 0, 0, 0, 0, 1, 0, -1, 0], [-1, -1, -1, -1, 0, -1, 0, 0, 0, 1, 0, 1, 0], [1, 0, 1, -1, 0, -1, 0, 0, 0, 0, 0, 0, 0], [-1, -1, 1, -1, 0, 1, 0, 0, 0, -1, 0, -1, 0], [-1, 0, 0, 0, 0, 1, 0, 0, 0, -1, 0, -1, 0], [-1, -1, 0, 0, 0, 1, 0, 0, 0, -1, 0, 1, -1], [-1, -1, 0, -1, 0, -1, 0, 0, 0, 1, 0, -1, 0], [0, 0, 2, 0, 0, 0, 0, 0, 0, -1, 0, -1, -1], [0, 0, 2, 0, 0, -1, 0, 0, 0, -1, 0, 0, -1], [0, 0, 2, -1, 0, 0, 0, 0, 0, 0, 0, -1, -1], [0, 0, -1, 0, 0, 0, 0, 0, 0, -1, 0, 0, 1], [0, -1, 2, -1, 0, -1, 0, 0, 0, 0, 0, 0, -1], [-1, 0, 2, 0, 0, 0, 0, 0, 0, -1, 0, 0, -1], [1, -1, 0, -1, 0, -1, 0, 0, 0, -1, 0, 0, -1], [-1, 1, -1, 0, 0, 1, 0, 0, 0, -1, 0, -1, -1], [-1, 1, -1, 0, 0, -1, 0, 0, 0, 0, 0, 0, 0], [0, 1, -1, -1, 0, 0, 0, 0, 0, 0, 0, -1, 0], [0, -1, -1, 0, 0, 0, 0, 0, 0, 1, 0, -1, 0], [-1, 1, 0, -1, 0, -1, 0, 0, 0, -1, 0, -1, -1], [-1, -1, -1, 0, 0, 0, 0, 0, 0, 1, 0, 0, -1], [0, 1, -1, 0, 0, 0, 0, 0, 0, -1, 0, -1, 0], [0, -1, 0, -1, 0, 0, 0, 0, 0, -1, 0, 1, -1], [-1, -1, -1, -1, 0, 0, 0, 0, 0, 1, 0, 1, -1], [0, 1, -1, -1, 0, -1, 0, 0, 0, -1, 0, 0, 0], [1, 1, -1, -1, 0, 0, 0, 0, 0, -1, 0, -1, 0], [1, 1, -1, -1, 0, -1, 0, 0, 0, 0, 0, -1, 0], [1, -1, 1, 0, 0, 0, 0, 0, 0, 0, 0, -1, 0], [1, -1, -1, 0, 0, 0, 0, 0, 0, -1, 0, 1, 0], [-1, 1, 1, 0, 0, -1, 0, 0, 0, 0, 0, -1, 0], [-1, 1, -1, -1, 0, 0, 0, 0, 0, -1, 0, 1, 0], [0, 0, 1, 0, 0, 0, 0, 0, 0, -1, 0, 0, 0], [0, 0, 1, 0, 0, -1, 0, 0, 0, 0, 0, 0, 0], [0, 0, 1, -1, 0, 0, 0, 0, 0, 0, 0, 0, -1], [1, 0, -1, 0, 0, -1, 0, 0, 0, -1, 0, 1, -1], [1, -1, 0, 0, 0, -1, 0, 0, 0, -1, 0, -1, -1], [-1, -1, -1, -1, 0, -1, 0, 0, 0, 0, 0, 1, 1], [1, 0, 0, -1, 0, -1, 0, 0, 0, 0, 0, -1, -1], [0, 1, 1, 0, 0, -1, 0, 0, 0, -1, 0, -1, -1], [0, -1, 1, -1, 0, 1, 0, 0, 0, -1, 0, 0, -1], [0, 0, 2, -1, 0, 0, 0, 0, 0, -1, 0, -1, 0], [0, 0, -1, 0, 0, 0, 0, 0, 0, 0, 0, -1, 1], [1, -1, 1, -1, 0, 0, 0, 0, 0, -1, 0, 1, 0], [0, -1, 2, 0, 0, -1, 0, 0, 0, 0, 0, -1, 0], [0, -1, 2, -1, 0, 0, 0, 0, 0, -1, 0, 0, -1], [-1, -1, 2, 0, 0, 0, 0, 0, 0, 0, 0, 0, -1], [0, -1, 1, -1, 0, 1, 0, 0, 0, 0, 0, -1, -1], [0, 0, -1, 0, 0, 1, 0, 0, 0, 0, 0, -1, 0], [0, -1, 0, 0, 0, 1, 0, 0, 0, -1, 0, -1, 0], [-1, 0, 1, -1, 0, 1, 0, 0, 0, 0, 0, -1, -1], [-1, -1, 1, -1, 0, 1, 0, 0, 0, 0, 0, 0, -1], [0, 1, 1, -1, 0, -1, 0, 0, 0, 0, 0, -1, -1], [0, -1, 1, -1, 0, -1, 0, 0, 0, 0, 0, 1, 0], [-1, 1, -1, 0, 0, -1, 0, 0, 0, -1, 0, 1, -1], [-1, 1, -1, -1, 0, -1, 0, 0, 0, 0, 0, 1, 0], [1, 0, 0, -1, 0, 0, 0, 0, 0, -1, 0, -1, -1], [-1, 0, -1, 1, 0, 0, 0, 0, 0, -1, 0, -1, 0], [-1, 0, -1, 1, 0, -1, 0, 0, 0, 0, 0, -1, -1], [-1, -1, -1, 1, 0, 0, 0, 0, 0, 0, 0, -1, 0], [0, 1, -1, 0, 0, 0, 0, 0, 0, 0, 0, -1, -1], [0, 0, -1, 0, 0, 1, 0, 0, 0, -1, 0, 0, 0], [-1, 0, 2, 0, 0, -1, 0, 0, 0, 0, 0, 0, -1], [0, 0, 0, -1, 0, 1, 0, 0, 0, -1, 0, -1, 0], [0, -1, -1, -1, 0, 1, 0, 0, 0, 0, 0, 0, 0], [-1, 0, -1, 0, 0, 1, 0, 0, 0, 0, 0, 0, 0], [-1, -1, 0, -1, 0, 1, 0, 0, 0, 0, 0, -1, 0], [0, 1, -1, 0, 0, -1, 0, 0, 0, 0, 0, 0, -1]]
990 155 
 [[0, 0, 0, 0, 0, 1, 0, 0, 0, 0, 0, 0, 1], [0, 0, 0, 0, 0, -1, 0, 0, 0, 0, 0, 1, -1], [0, -1, -1, 0, 0, 1, 0, 0, 0, 0, 0, 1, -1], [1, 0, -1, 0, 0, 0, 0, 0, 0, 0, 0, -1, 0], [1, 0, -1, -1, 0, 0, 0, 0, 0, 0, 0, 1, 0], [0, 0, -1, 0, 0, 0, 0, 0, 0, 0, 0, 1, 0], [0, 0, -1, 0, 0, 1, 0, 0, 0, -1, 0, 1, -1], [0, 0, 1, 0, 0, 0, 0, 0, 0, 0, 0, -1, 0], [-1, 0, 1, -1, 0, 0, 0, 0, 0, 0, 0, 1, 0], [-1, 0, 1, 0, 0, 0, 0, 0, 0, -1, 0, 1, 0], [-1, -1, 1, 0, 0, 0, 0, 0, 0, 0, 0, 1, 0], [1, -1, -1, 0, 0, 0, 0, 0, 0, 0, 0, 0, 0], [-1, 0, 1, 0, 0, 0, 0, 0, 0, 0, 0, 0, 0], [0, 0, -1, 0, 0, 1, 0, 0, 0, 1, 0, 0, -1], [-1, -1, 0, 0, 0, 1, 0, 0, 0, 1, 0, -1, -1], [0, 0, 0, 0, 0, -1, 0, 0, 0, 1, 0, 0, -1], [-1, 0, 1, 0, 0, -1, 0, 0, 0, 0, 0, 1, -1], [-1, 0, -1, 0, 0, 1, 0, 0, 0, 0, 0, 1, -1], [-1, 1, 1, -1, 0, 0, 0, 0, 0, 0, 0, -1, 0], [0, -1, 1, 0, 0, -1, 0, 0, 0, 0, 0, 1, -1], [1, 0, -1, 0, 0, 0, 0, 0, 0, -1, 0, 0, 0], [1, 0, -1, 0, 0, -1, 0, 0, 0, 0, 0, 0, 0], [1, -1, 2, -1, 0, 0, 0, 0, 0, -1, 0, -1, 0], [0, 0, 0, 0, 0, 0, 0, 0, 0, 0, 0, 0, 0], [-1, 0, -1, 0, 0, -1, 0, 0, 0, 1, 0, 0, 0], [-1, 0, -1, -1, 0, 0, 0, 0, 0, 1, 0, 0, 0], [0, -1, 1, 0, 0, -1, 0, 0, 0, 1, 0, -1, -1], [-1, 0, 1, 0, 0, -1, 0, 0, 0, 1, 0, -1, -1], [1, -1, 1, 0, 0, 0, 0, 0, 0, 0, 0, -1, 0], [1, -1, -1, 0, 0, 0, 0, 0, 0, -1, 0, 1, 0], [-1, 1, 1, 0, 0, -1, 0, 0, 0, 0, 0, -1, 0], [-1, 1, -1, -1, 0, 0, 0, 0, 0, -1, 0, 1, 0], [0, 0, 1, 0, 0, 0, 0, 0, 0, -1, 0, 0, 0], [0, 0, 1, 0, 0, -1, 0, 0, 0, 0, 0, 0, 0], [0, 1, 1, 0, 0, -1, 0, 0, 0, -1, 0, -1, -1], [1, -1, 1, -1, 0, 0, 0, 0, 0, -1, 0, 1, 0], [-1, 0, 1, -1, 0, 1, 0, 0, 0, 0, 0, -1, -1], [-1, -1, 1, -1, 0, 1, 0, 0, 0, 0, 0, 0, -1], [0, 1, 1, -1, 0, -1, 0, 0, 0, 0, 0, -1, -1], [-1, 1, -1, 0, 0, -1, 0, 0, 0, -1, 0, 1, -1], [-1, 1, -1, -1, 0, -1, 0, 0, 0, 0, 0, 1, 0], [-1, 0, -1, 1, 0, 0, 0, 0, 0, -1, 0, -1, 0], [-1, 0, -1, 1, 0, -1, 0, 0, 0, 0, 0, -1, -1], [-1, -1, -1, 1, 0, 0, 0, 0, 0, 0, 0, -1, 0], [0, 1, -1, 0, 0, -1, 0, 0, 0, 0, 0, 0, -1], [1, 0, 1, 0, 0, -1, 0, 0, 0, -1, 0, -1, 0], [0, 1, -1, 0, 0, 0, 0, 0, 0, 0, 0, -1, 0], [1, 0, -1, 0, 0, -1, 0, 0, 0, -1, 0, 1, 0], [1, -1, -1, 0, 0, -1, 0, 0, 0, 0, 0, 1, -1], [1, 0, 0, -1, 0, 0, 0, 0, 0, -1, 0, -1, 0], [1, 0, 0, -1, 0, -1, 0, 0, 0, 0, 0, -1, 0], [1, -1, 0, -1, 0, 0, 0, 0, 0, 0, 0, -1, 0], [0, 0, -1, 0, 0, -1, 0, 0, 0, 1, 0, 0, 1], [0, -1, 1, 0, 0, 1, 0, 0, 0, -1, 0, 0, -1], [-1, 0, 1, 0, 0, 1, 0, 0, 0, -1, 0, -1, -1], [0, 1, -1, 0, 0, -1, 0, 0, 0, -1, 0, 0, 0], [1, -1, 0, -1, 0, -1, 0, 0, 0, 0, 0, 0, -1], [0, -1, -1, 0, 0, -1, 0, 0, 0, 1, 0, 0, 0], [0, 0, 0, -1, 0, 1, 0, 0, 0, 1, 0, -1, -1], [0, -1, 0, -1, 0, 1, 0, 0, 0, 1, 0, 0, -1], [0, -1, -1, 0, 0, 1, 0, 0, 0, 1, 0, 0, 1], [0, 0, 0, 0, 0, -1, 0, 0, 0, -1, 0, 1, 0], [0, 0, 0, -1, 0, 0, 0, 0, 0, -1, 0, 1, -1], [0, -1, 0, -1, 0, 0, 0, 0, 0, -1, 0, 1, 0], [0, 1, 1, -1, 0, -1, 0, 0, 0, -1, 0, -1, 0], [0, 1, -1, 0, 0, 1, 0, 0, 0, -1, 0, -1, -1], [0, 1, -1, -1, 0, -1, 0, 0, 0, -1, 0, 1, -1], [-1, -1, 1, 0, 0, -1, 0, 0, 0, 1, 0, -1, 0], [0, -1, 1, 0, 0, -1, 0, 0, 0, -1, 0, -1, 1], [0, 0, -1, 0, 0, 0, 0, 0, 0, 1, 0, -1, 0], [-1, 0, 1, -1, 0, 0, 0, 0, 0, 1, 0, -1, 0], [-1, 0, -1, 0, 0, 0, 0, 0, 0, 1, 0, 0, -1], [-1, -1, -1, 1, 0, -1, 0, 0, 0, -1, 0, 0, -1], [0, 0, 1, 0, 0, -1, 0, 0, 0, -1, 0, 1, -1], [0, -1, 1, 0, 0, 0, 0, 0, 0, -1, 0, 1, 0], [-1, -1, 2, 0, 0, 0, 0, 0, 0, 0, 0, 0, 0], [0, 0, -1, 0, 0, 0, 0, 0, 0, 0, 0, 0, 1], [0, -1, 0, -1, 0, -1, 0, 0, 0, 1, 0, -1, 1], [-1, -1, 1, -1, 0, -1, 0, 0, 0, 1, 0, 0, -1], [0, 0, 2, 0, 0, -1, 0, 0, 0, 0, 0, 0, -1], [0, 0, 2, -1, 0, 0, 0, 0, 0, -1, 0, 0, -1], [-1, 0, 2, 0, 0, 0, 0, 0, 0, -1, 0, 0, 0], [1, 1, -1, -1, 0, 0, 0, 0, 0, 0, 0, -1, 0], [-1, 1, 1, -1, 0, -1, 0, 0, 0, 0, 0, 0, -1], [-1, -1, -1, 6, 0, 0, 0, 0, 0, -1, 0, -1, 0], [-1, 1, 0, 0, 0, -1, 0, 0, 0, -1, 0, -1, -1], [-1, 0, 1, -1, 0, 1, 0, 0, 0, -1, 0, 0, -1], [0, -1, -1, -1, 0, -1, 0, 0, 0, 1, 0, 1, -1], [0, 0, 0, -1, 0, -1, 0, 0, 0, 0, 0, 1, 0], [-1, 0, 0, 0, 0, -1, 0, 0, 0, 0, 0, 1, 0], [-1, 0, 0, -1, 0, 0, 0, 0, 0, 0, 0, 1, 0], [0, 0, -1, -1, 0, -1, 0, 0, 0, 1, 0, 0, 0], [-1, 1, -1, -1, 0, 1, 0, 0, 0, -1, 0, 0, -1], [0, 0, 1, -1, 0, 0, 0, 0, 0, -1, 0, 1, -1], [0, 0, -1, -1, 0, 0, 0, 0, 0, 1, 0, 0, -1], [0, 0, 1, -1, 0, 1, 0, 0, 0, -1, 0, -1, -1], [0, 0, -1, 0, 0, 1, 0, 0, 0, 0, 0, 0, 0], [0, -1, 1, 0, 0, 1, 0, 0, 0, 0, 0, -1, -1], [-1, -1, 1, 0, 0, 1, 0, 0, 0, -1, 0, -1, 0], [0, 0, 2, 0, 0, 0, 0, 0, 0, 0, 0, -1, 0], [-1, -1, 2, -1, 0, 0, 0, 0, 0, 0, 0, 1, -1], [1, 0, 0, 0, 0, -1, 0, 0, 0, -1, 0, -1, -1], [1, 0, -1, 0, 0, 0, 0, 0, 0, 0, 0, 0, -1], [1, -1, 0, 0, 0, -1, 0, 0, 0, -1, 0, -1, 0], [-1, 0, 0, 0, 0, 1, 0, 0, 0, -1, 0, 0, 0], [0, 0, 1, 0, 0, 0, 0, 0, 0, 0, 0, 0, -1], [0, -1, 1, 0, 0, 0, 0, 0, 0, 0, 0, 0, 0], [1, 0, 1, -1, 0, 0, 0, 0, 0, 0, 0, 0, 0], [0, 1, 0, -1, 0, -1, 0, 0, 0, -1, 0, -1, -1], [0, -1, 0, 0, 0, 0, 0, 0, 0, -1, 0, 1, -1], [-1, -1, 0, 0, 0, -1, 0, 0, 0, 1, 0, -1, 0], [0, -1, 2, -1, 0, -1, 0, 0, 0, 0, 0, 0, 0], [-1, 1, -1, 0, 0, 0, 0, 0, 0, 0, 0, 0, 0], [0, 0, -1, 0, 0, 1, 0, 0, 0, 1, 0, -1, 1], [0, 0, -1, -1, 0, 1, 0, 0, 0, 1, 0, 0, 1], [1, -1, -1, 1, 0, 0, 0, 0, 0, -1, 0, -1, 0], [-1, 1, 1, -1, 0, -1, 0, 0, 0, -1, 0, 0, 0], [-1, 0, 0, 0, 0, 0, 0, 0, 0, -1, 0, 1, 0], [-1, 0, -1, 0, 0, -1, 0, 0, 0, 1, 0, 1, -1], [-1, -1, 0, -1, 0, 0, 0, 0, 0, 1, 0, -1, -1], [-1, -1, -1, 0, 0, -1, 0, 0, 0, 1, 0, 1, 0], [0, -1, 1, -1, 0, -1, 0, 0, 0, 0, 0, -1, 1], [-1, 0, 1, -1, 0, -1, 0, 0, 0, -1, 0, -1, 1], [0, 0, 0, 0, 0, 1, 0, 0, 0, 0, 0, -1, 0], [0, 0, -1, -1, 0, 1, 0, 0, 0, 0, 0, 1, -1], [0, -1, 0, 0, 0, 1, 0, 0, 0, -1, 0, 1, -1], [0, -1, 0, 0, 0, -1, 0, 0, 0, 0, 0, 1, 0], [-1, 0, 0, 0, 0, 1, 0, 0, 0, -1, 0, 1, -1], [0, 0, -1, 0, 0, -1, 0, 0, 0, -1, 0, 1, 1], [0, -1, -1, 0, 0, -1, 0, 0, 0, 0, 0, 1, 1], [-1, 1, 1, 0, 0, 0, 0, 0, 0, 0, 0, -1, -1], [-1, 1, 1, 0, 0, 0, 0, 0, 0, -1, 0, -1, 0], [-1, 1, 1, 0, 0, -1, 0, 0, 0, -1, 0, 0, -1], [-1, -1, 1, -1, 0, 1, 0, 0, 0, -1, 0, -1, 1], [-1, -1, -1, -1, 0, 1, 0, 0, 0, -1, 0, 1, 1], [1, 0, 0, -1, 0, -1, 0, 0, 0, -1, 0, 0, 0], [1, 0, -1, -1, 0, -1, 0, 0, 0, 1, 0, -1, 0], [1, -1, -1, -1, 0, 0, 0, 0, 0, 1, 0, -1, 0], [-1, 0, 0, -1, 0, -1, 0, 0, 0, 1, 0, -1, 0], [0, 0, 0, 0, 0, 0, 0, 0, 0, -1, 0, -1, 1], [-1, 0, 0, -1, 0, -1, 0, 0, 0, 1, 0, 0, 1], [-1, 0, 2, -1, 0, 0, 0, 0, 0, -1, 0, 1, 0], [-1, 0, -1, -1, 0, 0, 0, 0, 0, 1, 0, 1, 0], [0, 0, 1, -1, 0, -1, 0, 0, 0, -1, 0, 1, 0], [0, -1, 1, -1, 0, 0, 0, 0, 0, 0, 0, 1, 0], [0, -1, -1, 0, 0, 0, 0, 0, 0, 1, 0, 0, -1], [1, -1, -1, 6, 0, -1, 0, 0, 0, -1, 0, -1, 0], [1, -1, -1, -1, 0, 1, 0, 0, 0, -1, 0, -1, -1], [0, -1, 0, 0, 0, 1, 0, 0, 0, -1, 0, 0, 0], [-1, -1, 0, 0, 0, 1, 0, 0, 0, 0, 0, 0, 0], [0, 0, 2, -1, 0, -1, 0, 0, 0, -1, 0, 0, 0], [0, -1, 2, 0, 0, 0, 0, 0, 0, 0, 0, 0, -1], [0, -1, 2, 0, 0, 0, 0, 0, 0, -1, 0, 0, 0], [-1, 0, 2, 0, 0, 0, 0, 0, 0, 0, 0, 0, -1], [-1, 0, 2, -1, 0, 0, 0, 0, 0, 0, 0, 0, 0]]
