execution time
3 0.03947758674621582 0.03634977340698242
4 0.04724574089050293 0.049108028411865234
5 0.057543039321899414 0.07057571411132812
6 0.07006001472473145 0.08149409294128418
7 0.08755612373352051 0.10353302955627441
8 0.11340880393981934 0.14115118980407715
9 0.16826581954956055 0.28173303604125977
10 0.37985706329345703 0.692033052444458
11 0.5332241058349609 1.0756118297576904
12 1.4446699619293213 2.4232399463653564
13 3.6315019130706787 5.244681358337402
14 5.28859806060791 8.024819135665894
15 38.05094003677368 28.572134733200073


number of patterns checked
3 32.0 75.0
4 104.0 264.0
5 192.0 468.0
6 304.0 666.0
7 520.0 1179.0
8 952.0 2196.0
9 2040.0 4896.0
10 3768.0 8937.0
11 6904.0 16434.0
12 11512.0 26424.0
13 19704.0 43582.0
14 37752.0 90055.0
15 73336.0 182992.0


number of patterns found lowebound
3 3 
 [[[1, -1, -1], [-1, 1, -1], [-1, -1, 1], [-1, -1, 2]], [[1, -1, -1], [-1, 1, -1], [-1, -1, 1], [-1, -1, 2]], [[1, -1, -1], [-1, 1, -1], [-1, -1, 1], [-1, -1, 2]]]
4 3 
 [[[1, -1, -1, -1], [-1, 1, -1, -1], [-1, -1, 1, -1], [-1, -1, 2, -1], [-1, -1, -1, 1], [-1, -1, -1, 2], [-1, -1, -1, 4], [-1, -1, -1, 6]], [[1, -1, -1, -1], [-1, 1, -1, -1], [-1, -1, 1, -1], [-1, -1, 2, -1], [-1, -1, -1, 1], [-1, -1, -1, 2], [-1, -1, -1, 4], [-1, -1, -1, 6]], [[1, -1, -1, -1], [-1, 1, -1, -1], [-1, -1, 1, -1], [-1, -1, 2, -1], [-1, -1, -1, 1], [-1, -1, -1, 2], [-1, -1, -1, 4], [-1, -1, -1, 6]]]
5 3 
 [[[1, -1, -1, -1, -1], [-1, 1, -1, -1, -1], [-1, -1, 1, -1, -1], [-1, -1, 2, -1, -1], [-1, -1, -1, 1, -1], [-1, -1, -1, 2, -1], [-1, -1, -1, 4, -1], [-1, -1, -1, 6, -1]], [[1, -1, -1, -1, -1], [-1, 1, -1, -1, -1], [-1, -1, 1, -1, -1], [-1, -1, 2, -1, -1], [-1, -1, -1, 1, -1], [-1, -1, -1, 2, -1], [-1, -1, -1, 4, -1], [-1, -1, -1, 6, -1]], [[1, -1, -1, -1, -1], [-1, 1, -1, -1, -1], [-1, -1, 1, -1, -1], [-1, -1, 2, -1, -1], [-1, -1, -1, 1, -1], [-1, -1, -1, 2, -1], [-1, -1, -1, 4, -1], [-1, -1, -1, 6, -1]]]
6 3 
 [[[0, -1, 0, -1, -1, 0], [1, -1, -1, -1, -1, -1], [-1, 1, -1, -1, -1, -1], [-1, -1, 1, -1, -1, -1], [-1, -1, 2, -1, -1, -1], [-1, -1, -1, 1, -1, -1], [-1, -1, -1, 2, -1, -1], [-1, -1, -1, 4, -1, -1], [-1, -1, -1, 6, -1, -1], [-1, -1, -1, -1, -1, 1]], [[0, -1, 0, -1, -1, 0], [1, -1, -1, -1, -1, -1], [-1, 1, -1, -1, -1, -1], [-1, -1, 1, -1, -1, -1], [-1, -1, 2, -1, -1, -1], [-1, -1, -1, 1, -1, -1], [-1, -1, -1, 2, -1, -1], [-1, -1, -1, 4, -1, -1], [-1, -1, -1, 6, -1, -1], [-1, -1, -1, -1, -1, 1]], [[0, -1, 0, -1, -1, 0], [1, -1, -1, -1, -1, -1], [-1, 1, -1, -1, -1, -1], [-1, -1, 1, -1, -1, -1], [-1, -1, 2, -1, -1, -1], [-1, -1, -1, 1, -1, -1], [-1, -1, -1, 2, -1, -1], [-1, -1, -1, 4, -1, -1], [-1, -1, -1, 6, -1, -1], [-1, -1, -1, -1, -1, 1]]]
7 3 
 [[[0, -1, 0, -1, -1, 0, -1], [1, -1, -1, -1, -1, -1, -1], [-1, 1, -1, -1, -1, -1, -1], [-1, -1, 1, -1, -1, -1, -1], [-1, -1, 2, -1, -1, -1, -1], [-1, -1, -1, 1, -1, -1, -1], [-1, -1, -1, 2, -1, -1, -1], [-1, -1, -1, 4, -1, -1, -1], [-1, -1, -1, 6, -1, -1, -1], [-1, -1, -1, -1, -1, 1, -1]], [[0, -1, 0, -1, -1, 0, -1], [1, -1, -1, -1, -1, -1, -1], [-1, 1, -1, -1, -1, -1, -1], [-1, -1, 1, -1, -1, -1, -1], [-1, -1, 2, -1, -1, -1, -1], [-1, -1, -1, 1, -1, -1, -1], [-1, -1, -1, 2, -1, -1, -1], [-1, -1, -1, 4, -1, -1, -1], [-1, -1, -1, 6, -1, -1, -1], [-1, -1, -1, -1, -1, 1, -1]], [[0, -1, 0, -1, -1, 0, -1], [1, -1, -1, -1, -1, -1, -1], [-1, 1, -1, -1, -1, -1, -1], [-1, -1, 1, -1, -1, -1, -1], [-1, -1, 2, -1, -1, -1, -1], [-1, -1, -1, 1, -1, -1, -1], [-1, -1, -1, 2, -1, -1, -1], [-1, -1, -1, 4, -1, -1, -1], [-1, -1, -1, 6, -1, -1, -1], [-1, -1, -1, -1, -1, 1, -1]]]
8 3 
 [[[0, -1, 0, -1, -1, 0, -1, -1], [1, -1, -1, -1, -1, -1, -1, -1], [-1, 1, -1, -1, -1, -1, -1, -1], [-1, -1, 1, -1, -1, -1, -1, -1], [-1, -1, 2, -1, -1, -1, -1, -1], [-1, -1, -1, 1, -1, -1, -1, -1], [-1, -1, -1, 2, -1, -1, -1, -1], [-1, -1, -1, 4, -1, -1, -1, -1], [-1, -1, -1, 6, -1, -1, -1, -1], [-1, -1, -1, -1, -1, 1, -1, -1]], [[0, -1, 0, -1, -1, 0, -1, -1], [1, -1, -1, -1, -1, -1, -1, -1], [-1, 1, -1, -1, -1, -1, -1, -1], [-1, -1, 1, -1, -1, -1, -1, -1], [-1, -1, 2, -1, -1, -1, -1, -1], [-1, -1, -1, 1, -1, -1, -1, -1], [-1, -1, -1, 2, -1, -1, -1, -1], [-1, -1, -1, 4, -1, -1, -1, -1], [-1, -1, -1, 6, -1, -1, -1, -1], [-1, -1, -1, -1, -1, 1, -1, -1]], [[0, -1, 0, -1, -1, 0, -1, -1], [1, -1, -1, -1, -1, -1, -1, -1], [-1, 1, -1, -1, -1, -1, -1, -1], [-1, -1, 1, -1, -1, -1, -1, -1], [-1, -1, 2, -1, -1, -1, -1, -1], [-1, -1, -1, 1, -1, -1, -1, -1], [-1, -1, -1, 2, -1, -1, -1, -1], [-1, -1, -1, 4, -1, -1, -1, -1], [-1, -1, -1, 6, -1, -1, -1, -1], [-1, -1, -1, -1, -1, 1, -1, -1]]]
9 3 
 [[[0, -1, 0, -1, -1, 0, -1, -1, -1], [1, -1, -1, -1, -1, -1, -1, -1, -1], [-1, 1, -1, -1, -1, -1, -1, -1, -1], [-1, -1, 1, -1, -1, -1, -1, -1, -1], [-1, -1, 2, -1, -1, -1, -1, -1, -1], [-1, -1, -1, 1, -1, -1, -1, -1, -1], [-1, -1, -1, 2, -1, -1, -1, -1, -1], [-1, -1, -1, 4, -1, -1, -1, -1, -1], [-1, -1, -1, 6, -1, -1, -1, -1, -1], [-1, -1, -1, -1, -1, 1, -1, -1, -1], [-1, -1, -1, -1, -1, -1, -1, -1, 1], [-1, -1, -1, -1, -1, -1, -1, -1, 2]], [[0, -1, 0, -1, -1, 0, -1, -1, -1], [1, -1, -1, -1, -1, -1, -1, -1, -1], [-1, 1, -1, -1, -1, -1, -1, -1, -1], [-1, -1, 1, -1, -1, -1, -1, -1, -1], [-1, -1, 2, -1, -1, -1, -1, -1, -1], [-1, -1, -1, 1, -1, -1, -1, -1, -1], [-1, -1, -1, 2, -1, -1, -1, -1, -1], [-1, -1, -1, 4, -1, -1, -1, -1, -1], [-1, -1, -1, 6, -1, -1, -1, -1, -1], [-1, -1, -1, -1, -1, 1, -1, -1, -1], [-1, -1, -1, -1, -1, -1, -1, -1, 1], [-1, -1, -1, -1, -1, -1, -1, -1, 2]], [[0, -1, 0, -1, -1, 0, -1, -1, -1], [1, -1, -1, -1, -1, -1, -1, -1, -1], [-1, 1, -1, -1, -1, -1, -1, -1, -1], [-1, -1, 1, -1, -1, -1, -1, -1, -1], [-1, -1, 2, -1, -1, -1, -1, -1, -1], [-1, -1, -1, 1, -1, -1, -1, -1, -1], [-1, -1, -1, 2, -1, -1, -1, -1, -1], [-1, -1, -1, 4, -1, -1, -1, -1, -1], [-1, -1, -1, 6, -1, -1, -1, -1, -1], [-1, -1, -1, -1, -1, 1, -1, -1, -1], [-1, -1, -1, -1, -1, -1, -1, -1, 1], [-1, -1, -1, -1, -1, -1, -1, -1, 2]]]
10 3 
 [[[0, -1, 0, -1, -1, 0, -1, -1, -1, -1], [1, -1, -1, -1, -1, -1, -1, -1, -1, -1], [-1, 1, -1, -1, -1, -1, -1, -1, -1, -1], [-1, -1, 0, -1, -1, 0, -1, -1, -1, 0], [-1, -1, 1, -1, -1, -1, -1, -1, -1, -1], [-1, -1, 2, -1, -1, -1, -1, -1, -1, -1], [-1, -1, -1, 1, -1, -1, -1, -1, -1, -1], [-1, -1, -1, 2, -1, -1, -1, -1, -1, -1], [-1, -1, -1, 4, -1, -1, -1, -1, -1, -1], [-1, -1, -1, 6, -1, -1, -1, -1, -1, -1], [-1, -1, -1, -1, -1, 1, -1, -1, -1, -1], [-1, -1, -1, -1, -1, -1, -1, -1, 1, -1], [-1, -1, -1, -1, -1, -1, -1, -1, 2, -1], [-1, -1, -1, -1, -1, -1, -1, -1, -1, 1], [-1, -1, -1, -1, -1, -1, -1, -1, -1, 2]], [[0, -1, 0, -1, -1, 0, -1, -1, -1, -1], [1, -1, -1, -1, -1, -1, -1, -1, -1, -1], [-1, 1, -1, -1, -1, -1, -1, -1, -1, -1], [-1, -1, 0, -1, -1, 0, -1, -1, -1, 0], [-1, -1, 1, -1, -1, -1, -1, -1, -1, -1], [-1, -1, 2, -1, -1, -1, -1, -1, -1, -1], [-1, -1, -1, 1, -1, -1, -1, -1, -1, -1], [-1, -1, -1, 2, -1, -1, -1, -1, -1, -1], [-1, -1, -1, 4, -1, -1, -1, -1, -1, -1], [-1, -1, -1, 6, -1, -1, -1, -1, -1, -1], [-1, -1, -1, -1, -1, 1, -1, -1, -1, -1], [-1, -1, -1, -1, -1, -1, -1, -1, 1, -1], [-1, -1, -1, -1, -1, -1, -1, -1, 2, -1], [-1, -1, -1, -1, -1, -1, -1, -1, -1, 1], [-1, -1, -1, -1, -1, -1, -1, -1, -1, 2]], [[0, -1, 0, -1, -1, 0, -1, -1, -1, -1], [1, -1, -1, -1, -1, -1, -1, -1, -1, -1], [-1, 1, -1, -1, -1, -1, -1, -1, -1, -1], [-1, -1, 0, -1, -1, 0, -1, -1, -1, 0], [-1, -1, 1, -1, -1, -1, -1, -1, -1, -1], [-1, -1, 2, -1, -1, -1, -1, -1, -1, -1], [-1, -1, -1, 1, -1, -1, -1, -1, -1, -1], [-1, -1, -1, 2, -1, -1, -1, -1, -1, -1], [-1, -1, -1, 4, -1, -1, -1, -1, -1, -1], [-1, -1, -1, 6, -1, -1, -1, -1, -1, -1], [-1, -1, -1, -1, -1, 1, -1, -1, -1, -1], [-1, -1, -1, -1, -1, -1, -1, -1, 1, -1], [-1, -1, -1, -1, -1, -1, -1, -1, 2, -1], [-1, -1, -1, -1, -1, -1, -1, -1, -1, 1], [-1, -1, -1, -1, -1, -1, -1, -1, -1, 2]]]
11 3 
 [[[0, -1, 0, -1, -1, 0, -1, -1, -1, -1, -1], [1, -1, -1, -1, -1, -1, -1, -1, -1, -1, -1], [-1, 1, -1, -1, -1, -1, -1, -1, -1, -1, -1], [-1, -1, 0, -1, -1, 0, -1, -1, -1, 0, -1], [-1, -1, 1, -1, -1, -1, -1, -1, -1, -1, -1], [-1, -1, 2, -1, -1, -1, -1, -1, -1, -1, -1], [-1, -1, -1, 1, -1, -1, -1, -1, -1, -1, -1], [-1, -1, -1, 2, -1, -1, -1, -1, -1, -1, -1], [-1, -1, -1, 4, -1, -1, -1, -1, -1, -1, -1], [-1, -1, -1, 6, -1, -1, -1, -1, -1, -1, -1], [-1, -1, -1, -1, -1, 1, -1, -1, -1, -1, -1], [-1, -1, -1, -1, -1, -1, -1, -1, 1, -1, -1], [-1, -1, -1, -1, -1, -1, -1, -1, 2, -1, -1], [-1, -1, -1, -1, -1, -1, -1, -1, -1, 1, -1], [-1, -1, -1, -1, -1, -1, -1, -1, -1, 2, -1]], [[0, -1, 0, -1, -1, 0, -1, -1, -1, -1, -1], [1, -1, -1, -1, -1, -1, -1, -1, -1, -1, -1], [-1, 1, -1, -1, -1, -1, -1, -1, -1, -1, -1], [-1, -1, 0, -1, -1, 0, -1, -1, -1, 0, -1], [-1, -1, 1, -1, -1, -1, -1, -1, -1, -1, -1], [-1, -1, 2, -1, -1, -1, -1, -1, -1, -1, -1], [-1, -1, -1, 1, -1, -1, -1, -1, -1, -1, -1], [-1, -1, -1, 2, -1, -1, -1, -1, -1, -1, -1], [-1, -1, -1, 4, -1, -1, -1, -1, -1, -1, -1], [-1, -1, -1, 6, -1, -1, -1, -1, -1, -1, -1], [-1, -1, -1, -1, -1, 1, -1, -1, -1, -1, -1], [-1, -1, -1, -1, -1, -1, -1, -1, 1, -1, -1], [-1, -1, -1, -1, -1, -1, -1, -1, 2, -1, -1], [-1, -1, -1, -1, -1, -1, -1, -1, -1, 1, -1], [-1, -1, -1, -1, -1, -1, -1, -1, -1, 2, -1]], [[0, -1, 0, -1, -1, 0, -1, -1, -1, -1, -1], [1, -1, -1, -1, -1, -1, -1, -1, -1, -1, -1], [-1, 1, -1, -1, -1, -1, -1, -1, -1, -1, -1], [-1, -1, 0, -1, -1, 0, -1, -1, -1, 0, -1], [-1, -1, 1, -1, -1, -1, -1, -1, -1, -1, -1], [-1, -1, 2, -1, -1, -1, -1, -1, -1, -1, -1], [-1, -1, -1, 1, -1, -1, -1, -1, -1, -1, -1], [-1, -1, -1, 2, -1, -1, -1, -1, -1, -1, -1], [-1, -1, -1, 4, -1, -1, -1, -1, -1, -1, -1], [-1, -1, -1, 6, -1, -1, -1, -1, -1, -1, -1], [-1, -1, -1, -1, -1, 1, -1, -1, -1, -1, -1], [-1, -1, -1, -1, -1, -1, -1, -1, 1, -1, -1], [-1, -1, -1, -1, -1, -1, -1, -1, 2, -1, -1], [-1, -1, -1, -1, -1, -1, -1, -1, -1, 1, -1], [-1, -1, -1, -1, -1, -1, -1, -1, -1, 2, -1]]]
12 3 
 [[[0, -1, 0, -1, -1, 0, -1, -1, -1, -1, -1, -1], [0, -1, 0, -1, -1, -1, -1, -1, -1, -1, -1, 0], [0, -1, -1, -1, -1, 0, -1, -1, -1, -1, -1, 0], [1, -1, -1, -1, -1, -1, -1, -1, -1, -1, -1, -1], [-1, 1, -1, -1, -1, -1, -1, -1, -1, -1, -1, -1], [-1, -1, 0, -1, -1, 0, -1, -1, -1, 0, -1, -1], [-1, -1, 0, -1, -1, 0, -1, -1, -1, -1, -1, 0], [-1, -1, 1, -1, -1, -1, -1, -1, -1, -1, -1, -1], [-1, -1, 2, -1, -1, -1, -1, -1, -1, -1, -1, -1], [-1, -1, -1, 1, -1, -1, -1, -1, -1, -1, -1, -1], [-1, -1, -1, 2, -1, -1, -1, -1, -1, -1, -1, -1], [-1, -1, -1, 4, -1, -1, -1, -1, -1, -1, -1, -1], [-1, -1, -1, 6, -1, -1, -1, -1, -1, -1, -1, -1], [-1, -1, -1, -1, -1, 1, -1, -1, -1, -1, -1, -1], [-1, -1, -1, -1, -1, -1, -1, -1, 1, -1, -1, -1], [-1, -1, -1, -1, -1, -1, -1, -1, 2, -1, -1, -1], [-1, -1, -1, -1, -1, -1, -1, -1, -1, 1, -1, -1], [-1, -1, -1, -1, -1, -1, -1, -1, -1, 2, -1, -1], [-1, -1, -1, -1, -1, -1, -1, -1, -1, -1, -1, 1]], [[0, -1, 0, -1, -1, 0, -1, -1, -1, -1, -1, -1], [0, -1, -1, -1, -1, 0, -1, -1, -1, -1, -1, 0], [1, -1, -1, -1, -1, -1, -1, -1, -1, -1, -1, -1], [-1, 1, -1, -1, -1, -1, -1, -1, -1, -1, -1, -1], [-1, -1, 0, -1, -1, 0, -1, -1, -1, 0, -1, -1], [-1, -1, 0, -1, -1, 0, -1, -1, -1, -1, -1, 0], [-1, -1, 1, -1, -1, -1, -1, -1, -1, -1, -1, -1], [-1, -1, 2, -1, -1, -1, -1, -1, -1, -1, -1, -1], [-1, -1, -1, 1, -1, -1, -1, -1, -1, -1, -1, -1], [-1, -1, -1, 2, -1, -1, -1, -1, -1, -1, -1, -1], [-1, -1, -1, 4, -1, -1, -1, -1, -1, -1, -1, -1], [-1, -1, -1, 6, -1, -1, -1, -1, -1, -1, -1, -1], [-1, -1, -1, -1, -1, 1, -1, -1, -1, -1, -1, -1], [-1, -1, -1, -1, -1, -1, -1, -1, 1, -1, -1, -1], [-1, -1, -1, -1, -1, -1, -1, -1, 2, -1, -1, -1], [-1, -1, -1, -1, -1, -1, -1, -1, -1, 1, -1, -1], [-1, -1, -1, -1, -1, -1, -1, -1, -1, 2, -1, -1], [-1, -1, -1, -1, -1, -1, -1, -1, -1, -1, -1, 1]], [[0, -1, 0, -1, -1, 0, -1, -1, -1, -1, -1, -1], [0, -1, -1, -1, -1, 0, -1, -1, -1, -1, -1, 0], [1, -1, -1, -1, -1, -1, -1, -1, -1, -1, -1, -1], [-1, 1, -1, -1, -1, -1, -1, -1, -1, -1, -1, -1], [-1, -1, 0, -1, -1, 0, -1, -1, -1, 0, -1, -1], [-1, -1, 0, -1, -1, 0, -1, -1, -1, -1, -1, 0], [-1, -1, 1, -1, -1, -1, -1, -1, -1, -1, -1, -1], [-1, -1, 2, -1, -1, -1, -1, -1, -1, -1, -1, -1], [-1, -1, -1, 1, -1, -1, -1, -1, -1, -1, -1, -1], [-1, -1, -1, 2, -1, -1, -1, -1, -1, -1, -1, -1], [-1, -1, -1, 4, -1, -1, -1, -1, -1, -1, -1, -1], [-1, -1, -1, 6, -1, -1, -1, -1, -1, -1, -1, -1], [-1, -1, -1, -1, -1, 1, -1, -1, -1, -1, -1, -1], [-1, -1, -1, -1, -1, -1, -1, -1, 1, -1, -1, -1], [-1, -1, -1, -1, -1, -1, -1, -1, 2, -1, -1, -1], [-1, -1, -1, -1, -1, -1, -1, -1, -1, 1, -1, -1], [-1, -1, -1, -1, -1, -1, -1, -1, -1, 2, -1, -1], [-1, -1, -1, -1, -1, -1, -1, -1, -1, -1, -1, 1]]]
13 3 
 [[[0, -1, 0, -1, -1, 0, -1, -1, -1, -1, -1, -1, -1], [0, -1, 0, -1, -1, -1, -1, -1, -1, 0, -1, -1, 0], [0, -1, 0, -1, -1, -1, -1, -1, -1, -1, -1, 0, -1], [0, -1, -1, -1, -1, 0, -1, -1, -1, -1, -1, 0, -1], [1, -1, -1, -1, -1, -1, -1, -1, -1, -1, -1, -1, -1], [-1, 1, -1, -1, -1, -1, -1, -1, -1, -1, -1, -1, -1], [-1, -1, 0, -1, -1, 0, -1, -1, -1, 0, -1, -1, -1], [-1, -1, 0, -1, -1, 0, -1, -1, -1, -1, -1, 0, -1], [-1, -1, 0, -1, -1, -1, -1, -1, -1, -1, -1, 0, 0], [-1, -1, 1, -1, -1, -1, -1, -1, -1, -1, -1, -1, -1], [-1, -1, 2, -1, -1, -1, -1, -1, -1, -1, -1, -1, -1], [-1, -1, -1, 1, -1, -1, -1, -1, -1, -1, -1, -1, -1], [-1, -1, -1, 2, -1, -1, -1, -1, -1, -1, -1, -1, -1], [-1, -1, -1, 4, -1, -1, -1, -1, -1, -1, -1, -1, -1], [-1, -1, -1, 6, -1, -1, -1, -1, -1, -1, -1, -1, -1], [-1, -1, -1, -1, -1, 1, -1, -1, -1, -1, -1, -1, -1], [-1, -1, -1, -1, -1, -1, -1, -1, 1, -1, -1, -1, -1], [-1, -1, -1, -1, -1, -1, -1, -1, 2, -1, -1, -1, -1], [-1, -1, -1, -1, -1, -1, -1, -1, -1, 1, -1, -1, -1], [-1, -1, -1, -1, -1, -1, -1, -1, -1, 2, -1, -1, -1], [-1, -1, -1, -1, -1, -1, -1, -1, -1, -1, -1, 1, -1], [-1, -1, -1, -1, -1, -1, -1, -1, -1, -1, -1, -1, 1]], [[0, -1, 0, -1, -1, 0, -1, -1, -1, -1, -1, -1, -1], [0, -1, 0, -1, -1, -1, -1, -1, -1, 0, -1, -1, 0], [0, -1, -1, -1, -1, 0, -1, -1, -1, -1, -1, 0, -1], [1, -1, -1, -1, -1, -1, -1, -1, -1, -1, -1, -1, -1], [-1, 1, -1, -1, -1, -1, -1, -1, -1, -1, -1, -1, -1], [-1, -1, 0, -1, -1, 0, -1, -1, -1, 0, -1, -1, -1], [-1, -1, 0, -1, -1, 0, -1, -1, -1, -1, -1, 0, -1], [-1, -1, 0, -1, -1, -1, -1, -1, -1, -1, -1, 0, 0], [-1, -1, 1, -1, -1, -1, -1, -1, -1, -1, -1, -1, -1], [-1, -1, 2, -1, -1, -1, -1, -1, -1, -1, -1, -1, -1], [-1, -1, -1, 1, -1, -1, -1, -1, -1, -1, -1, -1, -1], [-1, -1, -1, 2, -1, -1, -1, -1, -1, -1, -1, -1, -1], [-1, -1, -1, 4, -1, -1, -1, -1, -1, -1, -1, -1, -1], [-1, -1, -1, 6, -1, -1, -1, -1, -1, -1, -1, -1, -1], [-1, -1, -1, -1, -1, 1, -1, -1, -1, -1, -1, -1, -1], [-1, -1, -1, -1, -1, -1, -1, -1, 1, -1, -1, -1, -1], [-1, -1, -1, -1, -1, -1, -1, -1, 2, -1, -1, -1, -1], [-1, -1, -1, -1, -1, -1, -1, -1, -1, 1, -1, -1, -1], [-1, -1, -1, -1, -1, -1, -1, -1, -1, 2, -1, -1, -1], [-1, -1, -1, -1, -1, -1, -1, -1, -1, -1, -1, 1, -1], [-1, -1, -1, -1, -1, -1, -1, -1, -1, -1, -1, -1, 1]], [[0, -1, 0, -1, -1, 0, -1, -1, -1, -1, -1, -1, -1], [0, -1, 0, -1, -1, -1, -1, -1, -1, 0, -1, -1, 0], [0, -1, -1, -1, -1, 0, -1, -1, -1, -1, -1, 0, -1], [1, -1, -1, -1, -1, -1, -1, -1, -1, -1, -1, -1, -1], [-1, 1, -1, -1, -1, -1, -1, -1, -1, -1, -1, -1, -1], [-1, -1, 0, -1, -1, 0, -1, -1, -1, 0, -1, -1, -1], [-1, -1, 0, -1, -1, 0, -1, -1, -1, -1, -1, 0, -1], [-1, -1, 0, -1, -1, -1, -1, -1, -1, -1, -1, 0, 0], [-1, -1, 1, -1, -1, -1, -1, -1, -1, -1, -1, -1, -1], [-1, -1, 2, -1, -1, -1, -1, -1, -1, -1, -1, -1, -1], [-1, -1, -1, 1, -1, -1, -1, -1, -1, -1, -1, -1, -1], [-1, -1, -1, 2, -1, -1, -1, -1, -1, -1, -1, -1, -1], [-1, -1, -1, 4, -1, -1, -1, -1, -1, -1, -1, -1, -1], [-1, -1, -1, 6, -1, -1, -1, -1, -1, -1, -1, -1, -1], [-1, -1, -1, -1, -1, 1, -1, -1, -1, -1, -1, -1, -1], [-1, -1, -1, -1, -1, -1, -1, -1, 1, -1, -1, -1, -1], [-1, -1, -1, -1, -1, -1, -1, -1, 2, -1, -1, -1, -1], [-1, -1, -1, -1, -1, -1, -1, -1, -1, 1, -1, -1, -1], [-1, -1, -1, -1, -1, -1, -1, -1, -1, 2, -1, -1, -1], [-1, -1, -1, -1, -1, -1, -1, -1, -1, -1, -1, 1, -1], [-1, -1, -1, -1, -1, -1, -1, -1, -1, -1, -1, -1, 1]]]
14 3 
 [[[0, -1, 0, -1, -1, 0, -1, -1, -1, -1, -1, -1, -1, -1], [0, -1, 0, -1, -1, -1, -1, -1, -1, 0, -1, -1, 0, -1], [0, -1, 0, -1, -1, -1, -1, -1, -1, -1, -1, 0, -1, -1], [0, -1, -1, -1, -1, 0, -1, -1, -1, -1, -1, 0, -1, -1], [1, -1, -1, -1, -1, -1, -1, -1, -1, -1, -1, -1, -1, -1], [-1, 1, -1, -1, -1, -1, -1, -1, -1, -1, -1, -1, -1, -1], [-1, -1, 0, -1, -1, 0, -1, -1, -1, 0, -1, -1, -1, -1], [-1, -1, 0, -1, -1, 0, -1, -1, -1, -1, -1, 0, -1, -1], [-1, -1, 0, -1, -1, -1, -1, -1, -1, -1, -1, 0, 0, -1], [-1, -1, 1, -1, -1, -1, -1, -1, -1, -1, -1, -1, -1, -1], [-1, -1, 2, -1, -1, -1, -1, -1, -1, -1, -1, -1, -1, -1], [-1, -1, -1, 1, -1, -1, -1, -1, -1, -1, -1, -1, -1, -1], [-1, -1, -1, 2, -1, -1, -1, -1, -1, -1, -1, -1, -1, -1], [-1, -1, -1, 4, -1, -1, -1, -1, -1, -1, -1, -1, -1, -1], [-1, -1, -1, 6, -1, -1, -1, -1, -1, -1, -1, -1, -1, -1], [-1, -1, -1, -1, -1, 1, -1, -1, -1, -1, -1, -1, -1, -1], [-1, -1, -1, -1, -1, -1, -1, -1, 1, -1, -1, -1, -1, -1], [-1, -1, -1, -1, -1, -1, -1, -1, 2, -1, -1, -1, -1, -1], [-1, -1, -1, -1, -1, -1, -1, -1, -1, 1, -1, -1, -1, -1], [-1, -1, -1, -1, -1, -1, -1, -1, -1, 2, -1, -1, -1, -1], [-1, -1, -1, -1, -1, -1, -1, -1, -1, -1, -1, 1, -1, -1], [-1, -1, -1, -1, -1, -1, -1, -1, -1, -1, -1, -1, 1, -1]], [[0, -1, 0, -1, -1, 0, -1, -1, -1, -1, -1, -1, -1, -1], [0, -1, 0, -1, -1, -1, -1, -1, -1, 0, -1, -1, 0, -1], [0, -1, -1, -1, -1, 0, -1, -1, -1, -1, -1, 0, -1, -1], [1, -1, -1, -1, -1, -1, -1, -1, -1, -1, -1, -1, -1, -1], [-1, 1, -1, -1, -1, -1, -1, -1, -1, -1, -1, -1, -1, -1], [-1, -1, 0, -1, -1, 0, -1, -1, -1, 0, -1, -1, -1, -1], [-1, -1, 0, -1, -1, 0, -1, -1, -1, -1, -1, 0, -1, -1], [-1, -1, 0, -1, -1, -1, -1, -1, -1, -1, -1, 0, 0, -1], [-1, -1, 1, -1, -1, -1, -1, -1, -1, -1, -1, -1, -1, -1], [-1, -1, 2, -1, -1, -1, -1, -1, -1, -1, -1, -1, -1, -1], [-1, -1, -1, 1, -1, -1, -1, -1, -1, -1, -1, -1, -1, -1], [-1, -1, -1, 2, -1, -1, -1, -1, -1, -1, -1, -1, -1, -1], [-1, -1, -1, 4, -1, -1, -1, -1, -1, -1, -1, -1, -1, -1], [-1, -1, -1, 6, -1, -1, -1, -1, -1, -1, -1, -1, -1, -1], [-1, -1, -1, -1, -1, 1, -1, -1, -1, -1, -1, -1, -1, -1], [-1, -1, -1, -1, -1, -1, -1, -1, 1, -1, -1, -1, -1, -1], [-1, -1, -1, -1, -1, -1, -1, -1, 2, -1, -1, -1, -1, -1], [-1, -1, -1, -1, -1, -1, -1, -1, -1, 1, -1, -1, -1, -1], [-1, -1, -1, -1, -1, -1, -1, -1, -1, 2, -1, -1, -1, -1], [-1, -1, -1, -1, -1, -1, -1, -1, -1, -1, -1, 1, -1, -1], [-1, -1, -1, -1, -1, -1, -1, -1, -1, -1, -1, -1, 1, -1]], [[0, -1, 0, -1, -1, 0, -1, -1, -1, -1, -1, -1, -1, -1], [0, -1, 0, -1, -1, -1, -1, -1, -1, 0, -1, -1, 0, -1], [0, -1, -1, -1, -1, 0, -1, -1, -1, -1, -1, 0, -1, -1], [1, -1, -1, -1, -1, -1, -1, -1, -1, -1, -1, -1, -1, -1], [-1, 1, -1, -1, -1, -1, -1, -1, -1, -1, -1, -1, -1, -1], [-1, -1, 0, -1, -1, 0, -1, -1, -1, 0, -1, -1, -1, -1], [-1, -1, 0, -1, -1, 0, -1, -1, -1, -1, -1, 0, -1, -1], [-1, -1, 0, -1, -1, -1, -1, -1, -1, -1, -1, 0, 0, -1], [-1, -1, 1, -1, -1, -1, -1, -1, -1, -1, -1, -1, -1, -1], [-1, -1, 2, -1, -1, -1, -1, -1, -1, -1, -1, -1, -1, -1], [-1, -1, -1, 1, -1, -1, -1, -1, -1, -1, -1, -1, -1, -1], [-1, -1, -1, 2, -1, -1, -1, -1, -1, -1, -1, -1, -1, -1], [-1, -1, -1, 4, -1, -1, -1, -1, -1, -1, -1, -1, -1, -1], [-1, -1, -1, 6, -1, -1, -1, -1, -1, -1, -1, -1, -1, -1], [-1, -1, -1, -1, -1, 1, -1, -1, -1, -1, -1, -1, -1, -1], [-1, -1, -1, -1, -1, -1, -1, -1, 1, -1, -1, -1, -1, -1], [-1, -1, -1, -1, -1, -1, -1, -1, 2, -1, -1, -1, -1, -1], [-1, -1, -1, -1, -1, -1, -1, -1, -1, 1, -1, -1, -1, -1], [-1, -1, -1, -1, -1, -1, -1, -1, -1, 2, -1, -1, -1, -1], [-1, -1, -1, -1, -1, -1, -1, -1, -1, -1, -1, 1, -1, -1], [-1, -1, -1, -1, -1, -1, -1, -1, -1, -1, -1, -1, 1, -1]]]
15 3 
 [[[0, -1, 0, -1, -1, 0, -1, -1, -1, -1, -1, -1, -1, -1, -1], [0, -1, 0, -1, -1, -1, -1, -1, -1, 0, -1, -1, 0, -1, -1], [0, -1, 0, -1, -1, -1, -1, -1, -1, -1, -1, 0, -1, -1, -1], [0, -1, -1, -1, -1, 0, -1, -1, -1, -1, -1, 0, -1, -1, -1], [1, -1, -1, -1, -1, -1, -1, -1, -1, -1, -1, -1, -1, -1, -1], [-1, 1, -1, -1, -1, -1, -1, -1, -1, -1, -1, -1, -1, -1, -1], [-1, -1, 0, -1, -1, 0, -1, -1, -1, 0, -1, -1, -1, -1, -1], [-1, -1, 0, -1, -1, 0, -1, -1, -1, -1, -1, 0, -1, -1, -1], [-1, -1, 0, -1, -1, -1, -1, -1, -1, -1, -1, 0, 0, -1, -1], [-1, -1, 1, -1, -1, -1, -1, -1, -1, -1, -1, -1, -1, -1, -1], [-1, -1, 2, -1, -1, -1, -1, -1, -1, -1, -1, -1, -1, -1, -1], [-1, -1, -1, 1, -1, -1, -1, -1, -1, -1, -1, -1, -1, -1, -1], [-1, -1, -1, 2, -1, -1, -1, -1, -1, -1, -1, -1, -1, -1, -1], [-1, -1, -1, 4, -1, -1, -1, -1, -1, -1, -1, -1, -1, -1, -1], [-1, -1, -1, 6, -1, -1, -1, -1, -1, -1, -1, -1, -1, -1, -1], [-1, -1, -1, -1, -1, 1, -1, -1, -1, -1, -1, -1, -1, -1, -1], [-1, -1, -1, -1, -1, -1, -1, -1, 1, -1, -1, -1, -1, -1, -1], [-1, -1, -1, -1, -1, -1, -1, -1, 2, -1, -1, -1, -1, -1, -1], [-1, -1, -1, -1, -1, -1, -1, -1, -1, 1, -1, -1, -1, -1, -1], [-1, -1, -1, -1, -1, -1, -1, -1, -1, 2, -1, -1, -1, -1, -1], [-1, -1, -1, -1, -1, -1, -1, -1, -1, -1, -1, 1, -1, -1, -1], [-1, -1, -1, -1, -1, -1, -1, -1, -1, -1, -1, -1, 1, -1, -1], [-1, -1, -1, -1, -1, -1, -1, -1, -1, -1, -1, -1, -1, -1, 1], [-1, -1, -1, -1, -1, -1, -1, -1, -1, -1, -1, -1, -1, -1, 2]], [[0, -1, 0, -1, -1, 0, -1, -1, -1, -1, -1, -1, -1, -1, -1], [0, -1, 0, -1, -1, -1, -1, -1, -1, 0, -1, -1, 0, -1, -1], [0, -1, -1, -1, -1, 0, -1, -1, -1, -1, -1, 0, -1, -1, -1], [1, -1, -1, -1, -1, -1, -1, -1, -1, -1, -1, -1, -1, -1, -1], [-1, 1, -1, -1, -1, -1, -1, -1, -1, -1, -1, -1, -1, -1, -1], [-1, -1, 0, -1, -1, 0, -1, -1, -1, 0, -1, -1, -1, -1, -1], [-1, -1, 0, -1, -1, 0, -1, -1, -1, -1, -1, 0, -1, -1, -1], [-1, -1, 0, -1, -1, -1, -1, -1, -1, -1, -1, 0, 0, -1, -1], [-1, -1, 1, -1, -1, -1, -1, -1, -1, -1, -1, -1, -1, -1, -1], [-1, -1, 2, -1, -1, -1, -1, -1, -1, -1, -1, -1, -1, -1, -1], [-1, -1, -1, 1, -1, -1, -1, -1, -1, -1, -1, -1, -1, -1, -1], [-1, -1, -1, 2, -1, -1, -1, -1, -1, -1, -1, -1, -1, -1, -1], [-1, -1, -1, 4, -1, -1, -1, -1, -1, -1, -1, -1, -1, -1, -1], [-1, -1, -1, 6, -1, -1, -1, -1, -1, -1, -1, -1, -1, -1, -1], [-1, -1, -1, -1, -1, 1, -1, -1, -1, -1, -1, -1, -1, -1, -1], [-1, -1, -1, -1, -1, -1, -1, -1, 1, -1, -1, -1, -1, -1, -1], [-1, -1, -1, -1, -1, -1, -1, -1, 2, -1, -1, -1, -1, -1, -1], [-1, -1, -1, -1, -1, -1, -1, -1, -1, 1, -1, -1, -1, -1, -1], [-1, -1, -1, -1, -1, -1, -1, -1, -1, 2, -1, -1, -1, -1, -1], [-1, -1, -1, -1, -1, -1, -1, -1, -1, -1, -1, 1, -1, -1, -1], [-1, -1, -1, -1, -1, -1, -1, -1, -1, -1, -1, -1, 1, -1, -1], [-1, -1, -1, -1, -1, -1, -1, -1, -1, -1, -1, -1, -1, -1, 1], [-1, -1, -1, -1, -1, -1, -1, -1, -1, -1, -1, -1, -1, -1, 2]], [[0, -1, 0, -1, -1, 0, -1, -1, -1, -1, -1, -1, -1, -1, -1], [0, -1, 0, -1, -1, -1, -1, -1, -1, 0, -1, -1, 0, -1, -1], [0, -1, -1, -1, -1, 0, -1, -1, -1, -1, -1, 0, -1, -1, -1], [1, -1, -1, -1, -1, -1, -1, -1, -1, -1, -1, -1, -1, -1, -1], [-1, 1, -1, -1, -1, -1, -1, -1, -1, -1, -1, -1, -1, -1, -1], [-1, -1, 0, -1, -1, 0, -1, -1, -1, 0, -1, -1, -1, -1, -1], [-1, -1, 0, -1, -1, 0, -1, -1, -1, -1, -1, 0, -1, -1, -1], [-1, -1, 0, -1, -1, -1, -1, -1, -1, -1, -1, 0, 0, -1, -1], [-1, -1, 1, -1, -1, -1, -1, -1, -1, -1, -1, -1, -1, -1, -1], [-1, -1, 2, -1, -1, -1, -1, -1, -1, -1, -1, -1, -1, -1, -1], [-1, -1, -1, 1, -1, -1, -1, -1, -1, -1, -1, -1, -1, -1, -1], [-1, -1, -1, 2, -1, -1, -1, -1, -1, -1, -1, -1, -1, -1, -1], [-1, -1, -1, 4, -1, -1, -1, -1, -1, -1, -1, -1, -1, -1, -1], [-1, -1, -1, 6, -1, -1, -1, -1, -1, -1, -1, -1, -1, -1, -1], [-1, -1, -1, -1, -1, 1, -1, -1, -1, -1, -1, -1, -1, -1, -1], [-1, -1, -1, -1, -1, -1, -1, -1, 1, -1, -1, -1, -1, -1, -1], [-1, -1, -1, -1, -1, -1, -1, -1, 2, -1, -1, -1, -1, -1, -1], [-1, -1, -1, -1, -1, -1, -1, -1, -1, 1, -1, -1, -1, -1, -1], [-1, -1, -1, -1, -1, -1, -1, -1, -1, 2, -1, -1, -1, -1, -1], [-1, -1, -1, -1, -1, -1, -1, -1, -1, -1, -1, 1, -1, -1, -1], [-1, -1, -1, -1, -1, -1, -1, -1, -1, -1, -1, -1, 1, -1, -1], [-1, -1, -1, -1, -1, -1, -1, -1, -1, -1, -1, -1, -1, -1, 1], [-1, -1, -1, -1, -1, -1, -1, -1, -1, -1, -1, -1, -1, -1, 2]]]


number of patterns found upperbound
3 3 
 [[], [], []]
4 3 
 [[], [], []]
5 3 
 [[], [], []]
6 3 
 [[], [], []]
7 3 
 [[], [], []]
8 3 
 [[], [], []]
9 3 
 [[], [], []]
10 3 
 [[], [], []]
11 3 
 [[], [], []]
12 3 
 [[], [], []]
13 3 
 [[], [], []]
14 3 
 [[], [], []]
15 3 
 [[], [], []]
