execution time
40 5.625820875167847 64.54024696350098
90 16.896647214889526 334.59723114967346
190 54.20221996307373 600.0024330615997
290 123.20628023147583 600.0100841522217
390 138.99088191986084 600.0013279914856
490 227.09439897537231 600.0093231201172
590 233.12923502922058 600.0142750740051
690 270.43645215034485 600.0057389736176
790 263.4730877876282 600.0052690505981
890 261.78064823150635 600.0083918571472
990 296.3499300479889 600.0022358894348


number of patterns visited
40 54271 495369
90 139245 1918346
190 322416 2326178
290 507546 2623163
390 705115 2926854
490 900388 2512857
590 1098693 2788688
690 1297278 3490574
790 1492532 3874194
890 1692039 4196262
990 1886081 4660981


number of patterns found, lowerbound
40 15 
 [[0, -1, 0, -1, -1, 0, -1, -1, -1, -1, -1], [1, -1, -1, -1, -1, -1, -1, -1, -1, -1, -1], [-1, 1, -1, -1, -1, -1, -1, -1, -1, -1, -1], [-1, -1, 0, -1, -1, 0, -1, -1, -1, 0, -1], [-1, -1, 1, -1, -1, -1, -1, -1, -1, -1, -1], [-1, -1, 2, -1, -1, -1, -1, -1, -1, -1, -1], [-1, -1, -1, 1, -1, -1, -1, -1, -1, -1, -1], [-1, -1, -1, 2, -1, -1, -1, -1, -1, -1, -1], [-1, -1, -1, 4, -1, -1, -1, -1, -1, -1, -1], [-1, -1, -1, 6, -1, -1, -1, -1, -1, -1, -1], [-1, -1, -1, -1, -1, 1, -1, -1, -1, -1, -1], [-1, -1, -1, -1, -1, -1, -1, -1, 1, -1, -1], [-1, -1, -1, -1, -1, -1, -1, -1, 2, -1, -1], [-1, -1, -1, -1, -1, -1, -1, -1, -1, 1, -1], [-1, -1, -1, -1, -1, -1, -1, -1, -1, 2, -1]]
90 15 
 [[0, -1, 0, -1, -1, 0, -1, -1, -1, -1, -1], [1, -1, -1, -1, -1, -1, -1, -1, -1, -1, -1], [-1, 1, -1, -1, -1, -1, -1, -1, -1, -1, -1], [-1, -1, 0, -1, -1, 0, -1, -1, -1, 0, -1], [-1, -1, 1, -1, -1, -1, -1, -1, -1, -1, -1], [-1, -1, 2, -1, -1, -1, -1, -1, -1, -1, -1], [-1, -1, -1, 1, -1, -1, -1, -1, -1, -1, -1], [-1, -1, -1, 2, -1, -1, -1, -1, -1, -1, -1], [-1, -1, -1, 4, -1, -1, -1, -1, -1, -1, -1], [-1, -1, -1, 6, -1, -1, -1, -1, -1, -1, -1], [-1, -1, -1, -1, -1, 1, -1, -1, -1, -1, -1], [-1, -1, -1, -1, -1, -1, -1, -1, 1, -1, -1], [-1, -1, -1, -1, -1, -1, -1, -1, 2, -1, -1], [-1, -1, -1, -1, -1, -1, -1, -1, -1, 1, -1], [-1, -1, -1, -1, -1, -1, -1, -1, -1, 2, -1]]
190 15 
 [[0, -1, 0, -1, -1, 0, -1, -1, -1, -1, -1], [1, -1, -1, -1, -1, -1, -1, -1, -1, -1, -1], [-1, 1, -1, -1, -1, -1, -1, -1, -1, -1, -1], [-1, -1, 0, -1, -1, 0, -1, -1, -1, 0, -1], [-1, -1, 1, -1, -1, -1, -1, -1, -1, -1, -1], [-1, -1, 2, -1, -1, -1, -1, -1, -1, -1, -1], [-1, -1, -1, 1, -1, -1, -1, -1, -1, -1, -1], [-1, -1, -1, 2, -1, -1, -1, -1, -1, -1, -1], [-1, -1, -1, 4, -1, -1, -1, -1, -1, -1, -1], [-1, -1, -1, 6, -1, -1, -1, -1, -1, -1, -1], [-1, -1, -1, -1, -1, 1, -1, -1, -1, -1, -1], [-1, -1, -1, -1, -1, -1, -1, -1, 1, -1, -1], [-1, -1, -1, -1, -1, -1, -1, -1, 2, -1, -1], [-1, -1, -1, -1, -1, -1, -1, -1, -1, 1, -1], [-1, -1, -1, -1, -1, -1, -1, -1, -1, 2, -1]]
290 15 
 [[0, -1, 0, -1, -1, 0, -1, -1, -1, -1, -1], [1, -1, -1, -1, -1, -1, -1, -1, -1, -1, -1], [-1, 1, -1, -1, -1, -1, -1, -1, -1, -1, -1], [-1, -1, 0, -1, -1, 0, -1, -1, -1, 0, -1], [-1, -1, 1, -1, -1, -1, -1, -1, -1, -1, -1], [-1, -1, 2, -1, -1, -1, -1, -1, -1, -1, -1], [-1, -1, -1, 1, -1, -1, -1, -1, -1, -1, -1], [-1, -1, -1, 2, -1, -1, -1, -1, -1, -1, -1], [-1, -1, -1, 4, -1, -1, -1, -1, -1, -1, -1], [-1, -1, -1, 6, -1, -1, -1, -1, -1, -1, -1], [-1, -1, -1, -1, -1, 1, -1, -1, -1, -1, -1], [-1, -1, -1, -1, -1, -1, -1, -1, 1, -1, -1], [-1, -1, -1, -1, -1, -1, -1, -1, 2, -1, -1], [-1, -1, -1, -1, -1, -1, -1, -1, -1, 1, -1], [-1, -1, -1, -1, -1, -1, -1, -1, -1, 2, -1]]
390 15 
 [[0, -1, 0, -1, -1, 0, -1, -1, -1, -1, -1], [1, -1, -1, -1, -1, -1, -1, -1, -1, -1, -1], [-1, 1, -1, -1, -1, -1, -1, -1, -1, -1, -1], [-1, -1, 0, -1, -1, 0, -1, -1, -1, 0, -1], [-1, -1, 1, -1, -1, -1, -1, -1, -1, -1, -1], [-1, -1, 2, -1, -1, -1, -1, -1, -1, -1, -1], [-1, -1, -1, 1, -1, -1, -1, -1, -1, -1, -1], [-1, -1, -1, 2, -1, -1, -1, -1, -1, -1, -1], [-1, -1, -1, 4, -1, -1, -1, -1, -1, -1, -1], [-1, -1, -1, 6, -1, -1, -1, -1, -1, -1, -1], [-1, -1, -1, -1, -1, 1, -1, -1, -1, -1, -1], [-1, -1, -1, -1, -1, -1, -1, -1, 1, -1, -1], [-1, -1, -1, -1, -1, -1, -1, -1, 2, -1, -1], [-1, -1, -1, -1, -1, -1, -1, -1, -1, 1, -1], [-1, -1, -1, -1, -1, -1, -1, -1, -1, 2, -1]]
490 15 
 [[0, -1, 0, -1, -1, 0, -1, -1, -1, -1, -1], [1, -1, -1, -1, -1, -1, -1, -1, -1, -1, -1], [-1, 1, -1, -1, -1, -1, -1, -1, -1, -1, -1], [-1, -1, 0, -1, -1, 0, -1, -1, -1, 0, -1], [-1, -1, 1, -1, -1, -1, -1, -1, -1, -1, -1], [-1, -1, 2, -1, -1, -1, -1, -1, -1, -1, -1], [-1, -1, -1, 1, -1, -1, -1, -1, -1, -1, -1], [-1, -1, -1, 2, -1, -1, -1, -1, -1, -1, -1], [-1, -1, -1, 4, -1, -1, -1, -1, -1, -1, -1], [-1, -1, -1, 6, -1, -1, -1, -1, -1, -1, -1], [-1, -1, -1, -1, -1, 1, -1, -1, -1, -1, -1], [-1, -1, -1, -1, -1, -1, -1, -1, 1, -1, -1], [-1, -1, -1, -1, -1, -1, -1, -1, 2, -1, -1], [-1, -1, -1, -1, -1, -1, -1, -1, -1, 1, -1], [-1, -1, -1, -1, -1, -1, -1, -1, -1, 2, -1]]
590 15 
 [[0, -1, 0, -1, -1, 0, -1, -1, -1, -1, -1], [1, -1, -1, -1, -1, -1, -1, -1, -1, -1, -1], [-1, 1, -1, -1, -1, -1, -1, -1, -1, -1, -1], [-1, -1, 0, -1, -1, 0, -1, -1, -1, 0, -1], [-1, -1, 1, -1, -1, -1, -1, -1, -1, -1, -1], [-1, -1, 2, -1, -1, -1, -1, -1, -1, -1, -1], [-1, -1, -1, 1, -1, -1, -1, -1, -1, -1, -1], [-1, -1, -1, 2, -1, -1, -1, -1, -1, -1, -1], [-1, -1, -1, 4, -1, -1, -1, -1, -1, -1, -1], [-1, -1, -1, 6, -1, -1, -1, -1, -1, -1, -1], [-1, -1, -1, -1, -1, 1, -1, -1, -1, -1, -1], [-1, -1, -1, -1, -1, -1, -1, -1, 1, -1, -1], [-1, -1, -1, -1, -1, -1, -1, -1, 2, -1, -1], [-1, -1, -1, -1, -1, -1, -1, -1, -1, 1, -1], [-1, -1, -1, -1, -1, -1, -1, -1, -1, 2, -1]]
690 15 
 [[0, -1, 0, -1, -1, 0, -1, -1, -1, -1, -1], [1, -1, -1, -1, -1, -1, -1, -1, -1, -1, -1], [-1, 1, -1, -1, -1, -1, -1, -1, -1, -1, -1], [-1, -1, 0, -1, -1, 0, -1, -1, -1, 0, -1], [-1, -1, 1, -1, -1, -1, -1, -1, -1, -1, -1], [-1, -1, 2, -1, -1, -1, -1, -1, -1, -1, -1], [-1, -1, -1, 1, -1, -1, -1, -1, -1, -1, -1], [-1, -1, -1, 2, -1, -1, -1, -1, -1, -1, -1], [-1, -1, -1, 4, -1, -1, -1, -1, -1, -1, -1], [-1, -1, -1, 6, -1, -1, -1, -1, -1, -1, -1], [-1, -1, -1, -1, -1, 1, -1, -1, -1, -1, -1], [-1, -1, -1, -1, -1, -1, -1, -1, 1, -1, -1], [-1, -1, -1, -1, -1, -1, -1, -1, 2, -1, -1], [-1, -1, -1, -1, -1, -1, -1, -1, -1, 1, -1], [-1, -1, -1, -1, -1, -1, -1, -1, -1, 2, -1]]
790 15 
 [[0, -1, 0, -1, -1, 0, -1, -1, -1, -1, -1], [1, -1, -1, -1, -1, -1, -1, -1, -1, -1, -1], [-1, 1, -1, -1, -1, -1, -1, -1, -1, -1, -1], [-1, -1, 0, -1, -1, 0, -1, -1, -1, 0, -1], [-1, -1, 1, -1, -1, -1, -1, -1, -1, -1, -1], [-1, -1, 2, -1, -1, -1, -1, -1, -1, -1, -1], [-1, -1, -1, 1, -1, -1, -1, -1, -1, -1, -1], [-1, -1, -1, 2, -1, -1, -1, -1, -1, -1, -1], [-1, -1, -1, 4, -1, -1, -1, -1, -1, -1, -1], [-1, -1, -1, 6, -1, -1, -1, -1, -1, -1, -1], [-1, -1, -1, -1, -1, 1, -1, -1, -1, -1, -1], [-1, -1, -1, -1, -1, -1, -1, -1, 1, -1, -1], [-1, -1, -1, -1, -1, -1, -1, -1, 2, -1, -1], [-1, -1, -1, -1, -1, -1, -1, -1, -1, 1, -1], [-1, -1, -1, -1, -1, -1, -1, -1, -1, 2, -1]]
890 15 
 [[0, -1, 0, -1, -1, 0, -1, -1, -1, -1, -1], [1, -1, -1, -1, -1, -1, -1, -1, -1, -1, -1], [-1, 1, -1, -1, -1, -1, -1, -1, -1, -1, -1], [-1, -1, 0, -1, -1, 0, -1, -1, -1, 0, -1], [-1, -1, 1, -1, -1, -1, -1, -1, -1, -1, -1], [-1, -1, 2, -1, -1, -1, -1, -1, -1, -1, -1], [-1, -1, -1, 1, -1, -1, -1, -1, -1, -1, -1], [-1, -1, -1, 2, -1, -1, -1, -1, -1, -1, -1], [-1, -1, -1, 4, -1, -1, -1, -1, -1, -1, -1], [-1, -1, -1, 6, -1, -1, -1, -1, -1, -1, -1], [-1, -1, -1, -1, -1, 1, -1, -1, -1, -1, -1], [-1, -1, -1, -1, -1, -1, -1, -1, 1, -1, -1], [-1, -1, -1, -1, -1, -1, -1, -1, 2, -1, -1], [-1, -1, -1, -1, -1, -1, -1, -1, -1, 1, -1], [-1, -1, -1, -1, -1, -1, -1, -1, -1, 2, -1]]
990 15 
 [[0, -1, 0, -1, -1, 0, -1, -1, -1, -1, -1], [1, -1, -1, -1, -1, -1, -1, -1, -1, -1, -1], [-1, 1, -1, -1, -1, -1, -1, -1, -1, -1, -1], [-1, -1, 0, -1, -1, 0, -1, -1, -1, 0, -1], [-1, -1, 1, -1, -1, -1, -1, -1, -1, -1, -1], [-1, -1, 2, -1, -1, -1, -1, -1, -1, -1, -1], [-1, -1, -1, 1, -1, -1, -1, -1, -1, -1, -1], [-1, -1, -1, 2, -1, -1, -1, -1, -1, -1, -1], [-1, -1, -1, 4, -1, -1, -1, -1, -1, -1, -1], [-1, -1, -1, 6, -1, -1, -1, -1, -1, -1, -1], [-1, -1, -1, -1, -1, 1, -1, -1, -1, -1, -1], [-1, -1, -1, -1, -1, -1, -1, -1, 1, -1, -1], [-1, -1, -1, -1, -1, -1, -1, -1, 2, -1, -1], [-1, -1, -1, -1, -1, -1, -1, -1, -1, 1, -1], [-1, -1, -1, -1, -1, -1, -1, -1, -1, 2, -1]]


number of patterns found, upperbound
40 6 
 [[0, 0, -1, 0, 0, -1, 0, 0, 0, -1, 0], [-1, -1, 0, -1, 0, -1, 0, 0, 0, -1, 0], [-1, -1, -1, 0, 0, 0, 0, 0, 0, -1, 0], [-1, 0, -1, 0, 0, -1, 0, 0, 0, 0, 0], [-1, 0, -1, -1, 0, 0, 0, 0, 0, -1, 0], [0, -1, -1, 0, 0, -1, 0, 0, 0, 0, 0]]
90 9 
 [[0, 0, -1, 0, 0, 0, 0, 0, 0, 0, 0], [-1, -1, 1, -1, 0, 0, 0, 0, 0, -1, 0], [-1, -1, 1, 0, 0, -1, 0, 0, 0, -1, 0], [-1, -1, 1, -1, 0, -1, 0, 0, 0, 0, 0], [1, -1, -1, -1, 0, -1, 0, 0, 0, -1, 0], [0, 0, 0, 0, 0, -1, 0, 0, 0, 0, 0], [0, -1, -1, -1, 0, 1, 0, 0, 0, -1, 0], [-1, 0, -1, -1, 0, 1, 0, 0, 0, -1, 0], [-1, -1, -1, 0, 0, 1, 0, 0, 0, -1, 0]]
190 25 
 [[0, 0, -1, 0, 0, 0, 0, 0, 0, 0, 0], [-1, -1, 2, -1, 0, 0, 0, 0, 0, -1, 0], [1, -1, -1, -1, 0, 0, 0, 0, 0, 0, 0], [0, 0, 1, 0, 0, -1, 0, 0, 0, -1, 0], [-1, 0, 2, -1, 0, -1, 0, 0, 0, -1, 0], [1, 0, -1, -1, 0, 0, 0, 0, 0, -1, 0], [1, 0, -1, -1, 0, -1, 0, 0, 0, 0, 0], [-1, 0, 1, 0, 0, 0, 0, 0, 0, -1, 0], [-1, 1, -1, -1, 0, -1, 0, 0, 0, -1, 0], [0, 0, -1, 0, 0, -1, 0, 0, 0, 1, 0], [-1, 0, -1, -1, 0, 0, 0, 0, 0, 1, 0], [0, -1, 1, 0, 0, 0, 0, 0, 0, -1, 0], [-1, -1, 1, 0, 0, 0, 0, 0, 0, 0, 0], [-1, 0, 1, 0, 0, -1, 0, 0, 0, 0, 0], [0, 0, 0, 0, 0, 1, 0, 0, 0, 0, 0], [0, 0, 0, 0, 0, 0, 0, 0, 0, -1, 0], [-1, 0, 1, -1, 0, 0, 0, 0, 0, 0, 0], [-1, -1, 2, -1, 0, -1, 0, 0, 0, 0, 0], [-1, 0, 0, -1, 0, 0, 0, 0, 0, 0, 0], [-1, -1, 0, 0, 0, 0, 0, 0, 0, 0, 0], [0, -1, 0, -1, 0, 0, 0, 0, 0, 0, 0], [0, -1, 1, 0, 0, -1, 0, 0, 0, 0, 0], [1, 0, -1, 0, 0, -1, 0, 0, 0, -1, 0], [1, -1, 1, -1, 0, -1, 0, 0, 0, 0, 0], [0, 0, 1, -1, 0, 0, 0, 0, 0, -1, 0]]
290 28 
 [[0, 0, -1, 0, 0, -1, 0, 0, 0, 1, 0], [0, 0, 0, 0, 0, 1, 0, 0, 0, 0, 0], [0, 0, 0, 0, 0, 0, 0, 0, 0, 0, 0], [1, 0, -1, -1, 0, 0, 0, 0, 0, 0, 0], [0, 0, 1, 0, 0, 0, 0, 0, 0, -1, 0], [-1, 0, 1, 0, 0, 0, 0, 0, 0, 0, 0], [0, 1, -1, -1, 0, -1, 0, 0, 0, -1, 0], [-1, 0, 0, -1, 0, -1, 0, 0, 0, 1, 0], [0, 0, 1, 0, 0, -1, 0, 0, 0, 0, 0], [1, -1, 1, -1, 0, 0, 0, 0, 0, 0, 0], [-1, 0, -1, 0, 0, 0, 0, 0, 0, 1, 0], [-1, -1, 1, -1, 0, -1, 0, 0, 0, 1, 0], [1, 0, 1, -1, 0, -1, 0, 0, 0, 0, 0], [1, 0, 1, -1, 0, 0, 0, 0, 0, -1, 0], [0, -1, 1, 0, 0, 0, 0, 0, 0, 0, 0], [-1, 0, 2, 0, 0, -1, 0, 0, 0, -1, 0], [-1, -1, 2, 0, 0, 0, 0, 0, 0, -1, 0], [1, -1, -1, 0, 0, 0, 0, 0, 0, 0, 0], [-1, 1, -1, 0, 0, 0, 0, 0, 0, 0, 0], [1, 0, -1, 0, 0, 0, 0, 0, 0, -1, 0], [1, 0, -1, 0, 0, -1, 0, 0, 0, 0, 0], [-1, -1, 2, 0, 0, -1, 0, 0, 0, 0, 0], [0, 0, 2, -1, 0, -1, 0, 0, 0, -1, 0], [-1, 0, 2, -1, 0, 0, 0, 0, 0, 0, 0], [-1, -1, -1, 1, 0, -1, 0, 0, 0, -1, 0], [0, -1, 2, -1, 0, -1, 0, 0, 0, 0, 0], [0, -1, -1, -1, 0, 1, 0, 0, 0, 1, 0], [-1, 0, -1, -1, 0, 1, 0, 0, 0, 1, 0]]
390 35 
 [[0, 0, -1, 0, 0, -1, 0, 0, 0, 1, 0], [0, 0, 0, 0, 0, 1, 0, 0, 0, 0, 0], [0, 0, 0, 0, 0, 0, 0, 0, 0, 0, 0], [-1, 0, -1, 0, 0, 0, 0, 0, 0, 1, 0], [-1, 1, -1, 0, 0, 0, 0, 0, 0, 0, 0], [0, 1, -1, 0, 0, -1, 0, 0, 0, 0, 0], [-1, 0, 0, 0, 0, -1, 0, 0, 0, 1, 0], [-1, 0, 1, -1, 0, -1, 0, 0, 0, 1, 0], [0, 1, -1, -1, 0, 0, 0, 0, 0, -1, 0], [1, 0, 1, -1, 0, 0, 0, 0, 0, 0, 0], [-1, -1, 1, 0, 0, 1, 0, 0, 0, -1, 0], [0, 0, 0, -1, 0, -1, 0, 0, 0, 1, 0], [0, 0, -1, -1, 0, 0, 0, 0, 0, 1, 0], [0, 0, -1, -1, 0, 1, 0, 0, 0, 1, 0], [0, -1, -1, 0, 0, 1, 0, 0, 0, 1, 0], [0, -1, 2, -1, 0, 0, 0, 0, 0, 0, 0], [0, -1, 2, 0, 0, -1, 0, 0, 0, 0, 0], [0, 0, 2, 0, 0, -1, 0, 0, 0, -1, 0], [0, -1, 2, 0, 0, 0, 0, 0, 0, -1, 0], [0, 0, 2, -1, 0, -1, 0, 0, 0, 0, 0], [-1, 0, 2, 0, 0, 0, 0, 0, 0, 0, 0], [1, 0, 0, -1, 0, -1, 0, 0, 0, -1, 0], [-1, 0, 1, -1, 0, 1, 0, 0, 0, -1, 0], [-1, 1, 1, -1, 0, -1, 0, 0, 0, 0, 0], [-1, 0, -1, 1, 0, -1, 0, 0, 0, -1, 0], [-1, -1, -1, 1, 0, 0, 0, 0, 0, -1, 0], [-1, -1, 1, 0, 0, -1, 0, 0, 0, 1, 0], [1, 0, -1, 0, 0, 0, 0, 0, 0, 0, 0], [1, -1, 1, 0, 0, 0, 0, 0, 0, -1, 0], [0, 0, 2, -1, 0, 0, 0, 0, 0, -1, 0], [0, 0, 1, 0, 0, 0, 0, 0, 0, 0, 0], [1, -1, 1, 0, 0, -1, 0, 0, 0, 0, 0], [-1, 1, 1, 0, 0, -1, 0, 0, 0, -1, 0], [-1, 1, 1, -1, 0, 0, 0, 0, 0, -1, 0], [-1, 0, -1, 0, 0, 1, 0, 0, 0, 1, 0]]
490 45 
 [[0, 0, 0, 0, 0, 1, 0, 0, 0, 0, 0], [0, 0, 0, 0, 0, 0, 0, 0, 0, 0, 0], [-1, 1, -1, 0, 0, 0, 0, 0, 0, 0, 0], [0, 1, -1, 0, 0, -1, 0, 0, 0, 0, 0], [1, 0, 1, -1, 0, 0, 0, 0, 0, 0, 0], [-1, 0, 2, 0, 0, 0, 0, 0, 0, 0, 0], [-1, 0, 1, -1, 0, 1, 0, 0, 0, -1, 0], [-1, 0, -1, 1, 0, -1, 0, 0, 0, -1, 0], [-1, -1, -1, 1, 0, 0, 0, 0, 0, -1, 0], [1, 0, -1, 0, 0, 0, 0, 0, 0, 0, 0], [0, 0, 1, 0, 0, 0, 0, 0, 0, 0, 0], [0, -1, 1, 0, 0, 1, 0, 0, 0, -1, 0], [0, -1, 2, 0, 0, 0, 0, 0, 0, 0, 0], [-1, -1, -1, 1, 0, -1, 0, 0, 0, 0, 0], [0, 1, -1, -1, 0, 0, 0, 0, 0, 0, 0], [-1, 1, 1, -1, 0, 0, 0, 0, 0, 0, 0], [1, -1, -1, -1, 0, -1, 0, 0, 0, 1, 0], [0, 0, 0, 0, 0, -1, 0, 0, 0, 1, 0], [-1, 1, 1, 0, 0, -1, 0, 0, 0, 0, 0], [0, 0, -1, 0, 0, 1, 0, 0, 0, 1, 0], [0, 0, -1, 0, 0, 0, 0, 0, 0, 1, 0], [0, -1, 0, -1, 0, 1, 0, 0, 0, 1, 0], [-1, 0, 0, -1, 0, 1, 0, 0, 0, 1, 0], [-1, -1, 0, 0, 0, 1, 0, 0, 0, 1, 0], [1, -1, 0, -1, 0, 0, 0, 0, 0, -1, 0], [1, 0, 1, 0, 0, -1, 0, 0, 0, -1, 0], [0, 0, 2, 0, 0, -1, 0, 0, 0, 0, 0], [-1, -1, 1, 0, 0, 1, 0, 0, 0, 0, 0], [1, -1, 2, -1, 0, 0, 0, 0, 0, -1, 0], [0, 1, -1, -1, 0, 1, 0, 0, 0, -1, 0], [0, -1, 1, 0, 0, -1, 0, 0, 0, 1, 0], [-1, 0, 1, 0, 0, -1, 0, 0, 0, 1, 0], [-1, 0, 1, -1, 0, 0, 0, 0, 0, 1, 0], [0, 0, 2, 0, 0, 0, 0, 0, 0, -1, 0], [0, 0, 2, -1, 0, 0, 0, 0, 0, 0, 0], [-1, 1, -1, 0, 0, 1, 0, 0, 0, -1, 0], [0, 1, -1, 0, 0, 0, 0, 0, 0, -1, 0], [-1, 1, 0, -1, 0, -1, 0, 0, 0, -1, 0], [1, 1, -1, -1, 0, 0, 0, 0, 0, -1, 0], [1, 1, -1, -1, 0, -1, 0, 0, 0, 0, 0], [1, -1, 1, 0, 0, 0, 0, 0, 0, 0, 0], [1, -1, 0, 0, 0, -1, 0, 0, 0, -1, 0], [1, 0, 0, -1, 0, -1, 0, 0, 0, 0, 0], [0, 1, 1, 0, 0, -1, 0, 0, 0, -1, 0], [0, -1, 1, -1, 0, 1, 0, 0, 0, 0, 0]]
590 40 
 [[0, 0, 0, 0, 0, 1, 0, 0, 0, 0, 0], [0, 0, 0, 0, 0, 0, 0, 0, 0, 0, 0], [1, 0, 1, -1, 0, 0, 0, 0, 0, 0, 0], [1, 0, -1, 0, 0, 0, 0, 0, 0, 0, 0], [0, 0, 1, 0, 0, 0, 0, 0, 0, 0, 0], [0, 0, 0, 0, 0, -1, 0, 0, 0, 1, 0], [0, 0, -1, 0, 0, 1, 0, 0, 0, 1, 0], [0, 0, -1, 0, 0, 0, 0, 0, 0, 1, 0], [-1, -1, 0, 0, 0, 1, 0, 0, 0, 1, 0], [1, 0, 1, 0, 0, -1, 0, 0, 0, -1, 0], [1, -1, 2, -1, 0, 0, 0, 0, 0, -1, 0], [0, -1, 1, 0, 0, -1, 0, 0, 0, 1, 0], [-1, 0, 1, 0, 0, -1, 0, 0, 0, 1, 0], [-1, 0, 1, -1, 0, 0, 0, 0, 0, 1, 0], [1, -1, 1, 0, 0, 0, 0, 0, 0, 0, 0], [1, 0, 0, -1, 0, -1, 0, 0, 0, 0, 0], [0, 1, 1, 0, 0, -1, 0, 0, 0, -1, 0], [-1, 0, 1, -1, 0, 1, 0, 0, 0, 0, 0], [0, 1, 1, -1, 0, -1, 0, 0, 0, 0, 0], [1, 0, 0, -1, 0, 0, 0, 0, 0, -1, 0], [-1, 0, -1, 1, 0, 0, 0, 0, 0, -1, 0], [-1, 0, -1, 1, 0, -1, 0, 0, 0, 0, 0], [-1, -1, -1, 1, 0, 0, 0, 0, 0, 0, 0], [0, 1, -1, 0, 0, 0, 0, 0, 0, 0, 0], [1, -1, 0, -1, 0, 0, 0, 0, 0, 0, 0], [0, 0, 2, 0, 0, 0, 0, 0, 0, 0, 0], [-1, 0, 1, 0, 0, 1, 0, 0, 0, -1, 0], [0, 0, 0, -1, 0, 1, 0, 0, 0, 1, 0], [0, 1, -1, 0, 0, 1, 0, 0, 0, -1, 0], [1, 1, -1, -1, 0, 0, 0, 0, 0, 0, 0], [-1, -1, -1, 6, 0, 0, 0, 0, 0, -1, 0], [-1, 1, 0, 0, 0, -1, 0, 0, 0, -1, 0], [1, 0, -1, -1, 0, -1, 0, 0, 0, 1, 0], [0, 0, 1, -1, 0, 1, 0, 0, 0, -1, 0], [0, -1, 1, 0, 0, 1, 0, 0, 0, 0, 0], [1, 0, 0, 0, 0, -1, 0, 0, 0, -1, 0], [0, 1, 0, -1, 0, -1, 0, 0, 0, -1, 0], [1, -1, -1, 1, 0, 0, 0, 0, 0, -1, 0], [-1, -1, 0, -1, 0, 0, 0, 0, 0, 1, 0], [-1, 1, 1, 0, 0, 0, 0, 0, 0, 0, 0]]
690 44 
 [[0, 0, 0, 0, 0, 1, 0, 0, 0, 0, 0], [0, 0, 0, 0, 0, 0, 0, 0, 0, 0, 0], [1, 0, 1, -1, 0, 0, 0, 0, 0, 0, 0], [1, 0, -1, 0, 0, 0, 0, 0, 0, 0, 0], [0, 0, 1, 0, 0, 0, 0, 0, 0, 0, 0], [0, 0, 0, 0, 0, -1, 0, 0, 0, 1, 0], [0, 0, -1, 0, 0, 1, 0, 0, 0, 1, 0], [0, 0, -1, 0, 0, 0, 0, 0, 0, 1, 0], [1, -1, 1, 0, 0, 0, 0, 0, 0, 0, 0], [0, 1, -1, 0, 0, 0, 0, 0, 0, 0, 0], [0, 0, 2, 0, 0, 0, 0, 0, 0, 0, 0], [0, 0, 0, -1, 0, 1, 0, 0, 0, 1, 0], [0, 1, -1, 0, 0, 1, 0, 0, 0, -1, 0], [1, 1, -1, -1, 0, 0, 0, 0, 0, 0, 0], [-1, -1, -1, 6, 0, 0, 0, 0, 0, -1, 0], [1, 0, 0, 0, 0, -1, 0, 0, 0, -1, 0], [-1, 1, 1, 0, 0, 0, 0, 0, 0, 0, 0], [1, -1, -1, 6, 0, -1, 0, 0, 0, -1, 0], [1, -1, -1, -1, 0, 1, 0, 0, 0, -1, 0], [1, 0, 0, -1, 0, 0, 0, 0, 0, 0, 0], [0, -1, 0, 0, 0, 1, 0, 0, 0, 1, 0], [1, -1, -1, 1, 0, -1, 0, 0, 0, 0, 0], [1, 0, 1, 0, 0, 0, 0, 0, 0, -1, 0], [1, 0, -1, -1, 0, 0, 0, 0, 0, 1, 0], [-1, -1, 2, -1, 0, -1, 0, 0, 0, 1, 0], [-1, 0, 0, -1, 0, 0, 0, 0, 0, 1, 0], [1, 0, 2, -1, 0, 0, 0, 0, 0, -1, 0], [0, 1, 0, 0, 0, -1, 0, 0, 0, -1, 0], [-1, 0, 0, 0, 0, 1, 0, 0, 0, 1, 0], [0, 0, 1, 0, 0, 1, 0, 0, 0, 0, 0], [-1, 0, -1, 1, 0, 0, 0, 0, 0, 0, 0], [-1, -1, 0, 0, 0, 0, 0, 0, 0, 1, 0], [0, 0, 1, 0, 0, -1, 0, 0, 0, 1, 0], [-1, 0, 1, 0, 0, 0, 0, 0, 0, 1, 0], [-1, 1, -1, 0, 0, 1, 0, 0, 0, 0, 0], [1, -1, 0, 0, 0, -1, 0, 0, 0, 0, 0], [1, 0, -1, 1, 0, 0, 0, 0, 0, -1, 0], [-1, -1, 1, 1, 0, -1, 0, 0, 0, -1, 0], [0, -1, 1, -1, 0, 0, 0, 0, 0, 1, 0], [0, -1, 0, -1, 0, 0, 0, 0, 0, 1, 0], [-1, 1, -1, -1, 0, -1, 0, 0, 0, 1, 0], [-1, 1, 0, 0, 0, -1, 0, 0, 0, 0, 0], [0, 1, 1, 0, 0, -1, 0, 0, 0, 0, 0], [0, 1, -1, -1, 0, 1, 0, 0, 0, 0, 0]]
790 46 
 [[0, 0, 0, 0, 0, 1, 0, 0, 0, 0, 0], [0, 0, 0, 0, 0, 0, 0, 0, 0, 0, 0], [1, 0, 1, -1, 0, 0, 0, 0, 0, 0, 0], [1, 0, -1, 0, 0, 0, 0, 0, 0, 0, 0], [0, 0, 1, 0, 0, 0, 0, 0, 0, 0, 0], [0, 0, -1, 0, 0, 0, 0, 0, 0, 1, 0], [1, -1, 1, 0, 0, 0, 0, 0, 0, 0, 0], [0, 1, -1, 0, 0, 0, 0, 0, 0, 0, 0], [0, 0, 2, 0, 0, 0, 0, 0, 0, 0, 0], [1, 1, -1, -1, 0, 0, 0, 0, 0, 0, 0], [-1, 1, 1, 0, 0, 0, 0, 0, 0, 0, 0], [1, 0, 0, -1, 0, 0, 0, 0, 0, 0, 0], [1, -1, -1, 1, 0, -1, 0, 0, 0, 0, 0], [1, 0, 1, 0, 0, 0, 0, 0, 0, -1, 0], [1, 0, -1, -1, 0, 0, 0, 0, 0, 1, 0], [1, 0, 2, -1, 0, 0, 0, 0, 0, -1, 0], [0, 0, 1, 0, 0, 1, 0, 0, 0, 0, 0], [-1, 0, -1, 1, 0, 0, 0, 0, 0, 0, 0], [0, 0, 1, 0, 0, -1, 0, 0, 0, 1, 0], [-1, 0, 1, 0, 0, 0, 0, 0, 0, 1, 0], [1, 0, -1, 1, 0, 0, 0, 0, 0, -1, 0], [-1, -1, 1, 1, 0, -1, 0, 0, 0, -1, 0], [-1, 1, -1, -1, 0, -1, 0, 0, 0, 1, 0], [0, 1, 1, 0, 0, -1, 0, 0, 0, 0, 0], [-1, 0, 0, 0, 0, 0, 0, 0, 0, 1, 0], [0, 0, 1, -1, 0, 0, 0, 0, 0, 1, 0], [0, 1, -1, 0, 0, 1, 0, 0, 0, 0, 0], [1, 0, 1, 0, 0, -1, 0, 0, 0, 0, 0], [0, 0, 0, 0, 0, 1, 0, 0, 0, 1, 0], [-1, 0, 2, -1, 0, -1, 0, 0, 0, 1, 0], [-1, 1, 1, -1, 0, 1, 0, 0, 0, -1, 0], [0, -1, 0, 0, 0, 0, 0, 0, 0, 1, 0], [1, 0, -1, -1, 0, 1, 0, 0, 0, -1, 0], [1, 0, 0, 0, 0, -1, 0, 0, 0, 0, 0], [1, -1, -1, 6, 0, 0, 0, 0, 0, -1, 0], [1, -1, -1, 0, 0, -1, 0, 0, 0, 1, 0], [-1, -1, -1, 4, 0, -1, 0, 0, 0, -1, 0], [0, 1, 0, 0, 0, -1, 0, 0, 0, 0, 0], [0, -1, 1, 0, 0, 0, 0, 0, 0, 1, 0], [1, -1, -1, 0, 0, 1, 0, 0, 0, -1, 0], [-1, 0, -1, 6, 0, -1, 0, 0, 0, -1, 0], [-1, -1, 1, 6, 0, -1, 0, 0, 0, -1, 0], [-1, -1, -1, 6, 0, -1, 0, 0, 0, 0, 0], [1, 1, 1, -1, 0, -1, 0, 0, 0, -1, 0], [1, -1, -1, -1, 0, 1, 0, 0, 0, 0, 0], [0, -1, 2, -1, 0, 1, 0, 0, 0, -1, 0]]
890 46 
 [[0, 0, 0, 0, 0, 1, 0, 0, 0, 0, 0], [0, 0, 0, 0, 0, 0, 0, 0, 0, 0, 0], [0, 0, 1, 0, 0, 0, 0, 0, 0, 0, 0], [0, 1, -1, 0, 0, 0, 0, 0, 0, 0, 0], [0, 0, 2, 0, 0, 0, 0, 0, 0, 0, 0], [1, 1, -1, -1, 0, 0, 0, 0, 0, 0, 0], [-1, 1, 1, 0, 0, 0, 0, 0, 0, 0, 0], [1, 0, 0, -1, 0, 0, 0, 0, 0, 0, 0], [1, 0, -1, -1, 0, 0, 0, 0, 0, 1, 0], [1, 0, 2, -1, 0, 0, 0, 0, 0, -1, 0], [0, 0, 1, 0, 0, 1, 0, 0, 0, 0, 0], [-1, 0, -1, 1, 0, 0, 0, 0, 0, 0, 0], [1, 0, -1, 1, 0, 0, 0, 0, 0, -1, 0], [-1, -1, 1, 1, 0, -1, 0, 0, 0, -1, 0], [0, 1, 1, 0, 0, -1, 0, 0, 0, 0, 0], [-1, 0, 0, 0, 0, 0, 0, 0, 0, 1, 0], [0, 1, -1, 0, 0, 1, 0, 0, 0, 0, 0], [0, 0, 0, 0, 0, 1, 0, 0, 0, 1, 0], [-1, 0, 2, -1, 0, -1, 0, 0, 0, 1, 0], [-1, 1, 1, -1, 0, 1, 0, 0, 0, -1, 0], [0, -1, 0, 0, 0, 0, 0, 0, 0, 1, 0], [1, 0, 0, 0, 0, -1, 0, 0, 0, 0, 0], [-1, -1, -1, 4, 0, -1, 0, 0, 0, -1, 0], [0, 1, 0, 0, 0, -1, 0, 0, 0, 0, 0], [1, -1, 1, 6, 0, -1, 0, 0, 0, -1, 0], [1, 1, 1, -1, 0, -1, 0, 0, 0, 0, 0], [-1, -1, 1, 6, 0, 0, 0, 0, 0, -1, 0], [1, -1, -1, 6, 0, 0, 0, 0, 0, 0, 0], [-1, 0, -1, 6, 0, 0, 0, 0, 0, -1, 0], [1, 0, 1, 0, 0, 0, 0, 0, 0, 0, 0], [0, 0, 0, -1, 0, 0, 0, 0, 0, 1, 0], [0, 0, 1, 0, 0, 0, 0, 0, 0, 1, 0], [1, 1, -1, 0, 0, -1, 0, 0, 0, -1, 0], [-1, 1, 0, -1, 0, 0, 0, 0, 0, -1, 0], [1, 0, -1, 0, 0, 1, 0, 0, 0, -1, 0], [1, -1, 2, -1, 0, 0, 0, 0, 0, 0, 0], [0, 0, 2, 0, 0, 1, 0, 0, 0, -1, 0], [1, 0, -1, -1, 0, 1, 0, 0, 0, 0, 0], [1, 0, 0, 0, 0, 0, 0, 0, 0, -1, 0], [1, 0, -1, 0, 0, -1, 0, 0, 0, 1, 0], [1, -1, -1, 1, 0, 0, 0, 0, 0, 0, 0], [1, -1, 0, 0, 0, 0, 0, 0, 0, 0, 0], [-1, 1, 0, 0, 0, 1, 0, 0, 0, -1, 0], [-1, 1, -1, 0, 0, -1, 0, 0, 0, 1, 0], [1, 0, -1, 6, 0, -1, 0, 0, 0, -1, 0], [-1, -1, 1, 6, 0, -1, 0, 0, 0, 0, 0]]
990 63 
 [[0, 0, 0, 0, 0, 1, 0, 0, 0, 0, 0], [0, 0, 0, 0, 0, 0, 0, 0, 0, 0, 0], [0, 0, 1, 0, 0, 0, 0, 0, 0, 0, 0], [0, 1, -1, 0, 0, 0, 0, 0, 0, 0, 0], [0, 0, 2, 0, 0, 0, 0, 0, 0, 0, 0], [-1, 1, 1, 0, 0, 0, 0, 0, 0, 0, 0], [1, 0, 0, -1, 0, 0, 0, 0, 0, 0, 0], [1, 0, -1, -1, 0, 0, 0, 0, 0, 1, 0], [1, 0, 2, -1, 0, 0, 0, 0, 0, -1, 0], [0, 0, 1, 0, 0, 1, 0, 0, 0, 0, 0], [-1, 0, -1, 1, 0, 0, 0, 0, 0, 0, 0], [1, 0, -1, 1, 0, 0, 0, 0, 0, -1, 0], [0, 1, 1, 0, 0, -1, 0, 0, 0, 0, 0], [-1, 0, 0, 0, 0, 0, 0, 0, 0, 1, 0], [0, 1, -1, 0, 0, 1, 0, 0, 0, 0, 0], [0, 0, 0, 0, 0, 1, 0, 0, 0, 1, 0], [-1, 0, 2, -1, 0, -1, 0, 0, 0, 1, 0], [0, -1, 0, 0, 0, 0, 0, 0, 0, 1, 0], [1, 0, 0, 0, 0, -1, 0, 0, 0, 0, 0], [-1, -1, -1, 4, 0, -1, 0, 0, 0, -1, 0], [0, 1, 0, 0, 0, -1, 0, 0, 0, 0, 0], [1, -1, -1, 6, 0, 0, 0, 0, 0, 0, 0], [1, 0, 1, 0, 0, 0, 0, 0, 0, 0, 0], [0, 0, 0, -1, 0, 0, 0, 0, 0, 1, 0], [0, 0, 1, 0, 0, 0, 0, 0, 0, 1, 0], [1, 0, -1, 0, 0, 1, 0, 0, 0, -1, 0], [1, -1, 2, -1, 0, 0, 0, 0, 0, 0, 0], [0, 0, 2, 0, 0, 1, 0, 0, 0, -1, 0], [1, 0, -1, -1, 0, 1, 0, 0, 0, 0, 0], [1, 0, 0, 0, 0, 0, 0, 0, 0, -1, 0], [1, 0, -1, 0, 0, -1, 0, 0, 0, 1, 0], [1, -1, -1, 1, 0, 0, 0, 0, 0, 0, 0], [1, -1, 0, 0, 0, 0, 0, 0, 0, 0, 0], [-1, 1, -1, 0, 0, -1, 0, 0, 0, 1, 0], [-1, 1, 1, 0, 0, 1, 0, 0, 0, -1, 0], [1, -1, 1, 6, 0, 0, 0, 0, 0, -1, 0], [0, 1, 1, -1, 0, 1, 0, 0, 0, -1, 0], [0, 1, -1, -1, 0, -1, 0, 0, 0, 1, 0], [-1, 0, 1, 6, 0, -1, 0, 0, 0, -1, 0], [1, 0, -1, 1, 0, -1, 0, 0, 0, 0, 0], [-1, -1, 1, 1, 0, 0, 0, 0, 0, -1, 0], [-1, 0, -1, 6, 0, -1, 0, 0, 0, 0, 0], [1, 0, -1, 6, 0, 0, 0, 0, 0, -1, 0], [1, -1, 1, 6, 0, -1, 0, 0, 0, 0, 0], [-1, -1, 1, 6, 0, 0, 0, 0, 0, 0, 0], [1, -1, 0, -1, 0, -1, 0, 0, 0, 1, 0], [1, -1, -1, 0, 0, 0, 0, 0, 0, 1, 0], [1, -1, 1, -1, 0, -1, 0, 0, 0, 1, 0], [-1, 1, 0, 0, 0, 0, 0, 0, 0, -1, 0], [-1, 1, 0, -1, 0, 0, 0, 0, 0, 0, 0], [-1, 0, 1, 1, 0, -1, 0, 0, 0, -1, 0], [-1, -1, 1, 1, 0, -1, 0, 0, 0, 0, 0], [1, 1, 1, -1, 0, 0, 0, 0, 0, 0, 0], [0, 1, 0, 0, 0, 1, 0, 0, 0, -1, 0], [0, 1, 0, -1, 0, 0, 0, 0, 0, -1, 0], [0, 1, 1, -1, 0, 0, 0, 0, 0, -1, 0], [-1, -1, 2, 0, 0, -1, 0, 0, 0, 1, 0], [1, -1, 0, -1, 0, 1, 0, 0, 0, -1, 0], [1, 1, -1, 0, 0, 0, 0, 0, 0, -1, 0], [1, 1, -1, 0, 0, -1, 0, 0, 0, 0, 0], [0, -1, 2, -1, 0, -1, 0, 0, 0, 1, 0], [-1, -1, 2, -1, 0, 0, 0, 0, 0, 1, 0], [1, -1, 1, -1, 0, 1, 0, 0, 0, -1, 0]]
