execution time
40 0.0488131046295166 0.09651994705200195
90 0.05812573432922363 0.1893010139465332
190 0.06926202774047852 0.3921089172363281
290 0.07912492752075195 0.6578788757324219
390 0.09408402442932129 0.9394259452819824
490 0.1090087890625 1.2755990028381348
590 0.12888598442077637 1.655959129333496
690 0.14346003532409668 2.0869760513305664
790 0.1575779914855957 2.555788993835449
890 0.17669296264648438 3.1494200229644775
990 0.20537590980529785 3.729027032852173


number of patterns visited
40 261 1828
90 597 5523
190 1279 14605
290 1969 25769
390 2668 37755
490 3368 50089
590 4067 63089
690 4767 76737
790 5466 91441
890 6166 106241
990 6866 121185


number of patterns found, lowerbound
40 9 
 [[1, -1, -1], [-1, 0, -1], [-1, 1, -1], [-1, 2, -1], [-1, -1, 0], [-1, -1, 1], [-1, -1, 2], [-1, -1, 3], [-1, -1, 5]]
90 9 
 [[1, -1, -1], [-1, 0, -1], [-1, 1, -1], [-1, 2, -1], [-1, -1, 0], [-1, -1, 1], [-1, -1, 2], [-1, -1, 3], [-1, -1, 5]]
190 9 
 [[1, -1, -1], [-1, 0, -1], [-1, 1, -1], [-1, 2, -1], [-1, -1, 0], [-1, -1, 1], [-1, -1, 2], [-1, -1, 3], [-1, -1, 5]]
290 9 
 [[1, -1, -1], [-1, 0, -1], [-1, 1, -1], [-1, 2, -1], [-1, -1, 0], [-1, -1, 1], [-1, -1, 2], [-1, -1, 3], [-1, -1, 5]]
390 9 
 [[1, -1, -1], [-1, 0, -1], [-1, 1, -1], [-1, 2, -1], [-1, -1, 0], [-1, -1, 1], [-1, -1, 2], [-1, -1, 3], [-1, -1, 5]]
490 9 
 [[1, -1, -1], [-1, 0, -1], [-1, 1, -1], [-1, 2, -1], [-1, -1, 0], [-1, -1, 1], [-1, -1, 2], [-1, -1, 3], [-1, -1, 5]]
590 9 
 [[1, -1, -1], [-1, 0, -1], [-1, 1, -1], [-1, 2, -1], [-1, -1, 0], [-1, -1, 1], [-1, -1, 2], [-1, -1, 3], [-1, -1, 5]]
690 9 
 [[1, -1, -1], [-1, 0, -1], [-1, 1, -1], [-1, 2, -1], [-1, -1, 0], [-1, -1, 1], [-1, -1, 2], [-1, -1, 3], [-1, -1, 5]]
790 9 
 [[1, -1, -1], [-1, 0, -1], [-1, 1, -1], [-1, 2, -1], [-1, -1, 0], [-1, -1, 1], [-1, -1, 2], [-1, -1, 3], [-1, -1, 5]]
890 9 
 [[1, -1, -1], [-1, 0, -1], [-1, 1, -1], [-1, 2, -1], [-1, -1, 0], [-1, -1, 1], [-1, -1, 2], [-1, -1, 3], [-1, -1, 5]]
990 9 
 [[1, -1, -1], [-1, 0, -1], [-1, 1, -1], [-1, 2, -1], [-1, -1, 0], [-1, -1, 1], [-1, -1, 2], [-1, -1, 3], [-1, -1, 5]]


number of patterns found, upperbound
40 0 
 []
90 2 
 [[0, -1, 0], [0, 1, -1]]
190 2 
 [[0, 1, 0], [-1, 0, -1]]
290 4 
 [[0, 1, 0], [0, 0, -1], [-1, 0, 0], [0, -1, 2]]
390 3 
 [[0, 1, 0], [0, -1, 2], [0, 0, 0]]
490 4 
 [[0, 1, 0], [0, 0, 0], [0, 1, 2], [1, -1, -1]]
590 6 
 [[0, 1, 0], [0, 0, 0], [0, 1, 2], [1, -1, -1], [-1, 0, 2], [-1, -1, 3]]
690 8 
 [[0, 1, 0], [0, 0, 0], [0, 1, 2], [-1, 0, 2], [0, -1, 3], [-1, 2, -1], [1, 1, -1], [1, -1, 0]]
790 8 
 [[0, 1, 0], [0, 0, 0], [0, 1, 2], [0, -1, 3], [1, 1, -1], [1, -1, 0], [0, 2, -1], [0, 0, 2]]
890 10 
 [[0, 1, 0], [0, 0, 0], [0, 1, 2], [0, -1, 3], [1, 1, -1], [1, -1, 0], [0, 2, -1], [0, 0, 2], [1, -1, 2], [-1, -1, 5]]
990 11 
 [[0, 1, 0], [0, 0, 0], [0, 1, 2], [0, -1, 3], [0, 2, -1], [0, 0, 2], [1, -1, 2], [-1, -1, 5], [-1, 1, 3], [1, 0, -1], [1, 1, 0]]
