execution time
40 63.15961194038391 600.0120210647583
90 607.4966151714325 600.0006678104401
190 610.3577630519867 600.0112090110779
290 614.932116985321 600.0137529373169
390 608.7203359603882 600.0146429538727
490 601.7529039382935 600.0007400512695
590 609.4233186244965 600.0027182102203
690 603.5843052864075 600.0044851303101
790 607.5463280677795 600.0016489028931
890 602.1410501003265 600.0012497901917
990 611.3934140205383 600.0005619525909


number of patterns visited
40 610815 2483081
90 1195422 795351
190 1195422 1001548
290 999973 989410
390 1132136 1259091
490 1314532 1497735
590 1502875 1673404
690 1596175 2395974
790 2237551 2598862
890 2207472 3399153
990 2411131 3218970


number of patterns found, lowerbound
40 24 
 [[0, -1, 0, -1, -1, 0, -1, -1, -1, -1, -1, -1, -1, -1, -1], [0, -1, 0, -1, -1, -1, -1, -1, -1, 0, -1, -1, 0, -1, -1], [0, -1, 0, -1, -1, -1, -1, -1, -1, -1, -1, 0, -1, -1, -1], [0, -1, -1, -1, -1, 0, -1, -1, -1, -1, -1, 0, -1, -1, -1], [1, -1, -1, -1, -1, -1, -1, -1, -1, -1, -1, -1, -1, -1, -1], [-1, 1, -1, -1, -1, -1, -1, -1, -1, -1, -1, -1, -1, -1, -1], [-1, -1, 0, -1, -1, 0, -1, -1, -1, 0, -1, -1, -1, -1, -1], [-1, -1, 0, -1, -1, 0, -1, -1, -1, -1, -1, 0, -1, -1, -1], [-1, -1, 0, -1, -1, -1, -1, -1, -1, -1, -1, 0, 0, -1, -1], [-1, -1, 1, -1, -1, -1, -1, -1, -1, -1, -1, -1, -1, -1, -1], [-1, -1, 2, -1, -1, -1, -1, -1, -1, -1, -1, -1, -1, -1, -1], [-1, -1, -1, 1, -1, -1, -1, -1, -1, -1, -1, -1, -1, -1, -1], [-1, -1, -1, 2, -1, -1, -1, -1, -1, -1, -1, -1, -1, -1, -1], [-1, -1, -1, 4, -1, -1, -1, -1, -1, -1, -1, -1, -1, -1, -1], [-1, -1, -1, 6, -1, -1, -1, -1, -1, -1, -1, -1, -1, -1, -1], [-1, -1, -1, -1, -1, 1, -1, -1, -1, -1, -1, -1, -1, -1, -1], [-1, -1, -1, -1, -1, -1, -1, -1, 1, -1, -1, -1, -1, -1, -1], [-1, -1, -1, -1, -1, -1, -1, -1, 2, -1, -1, -1, -1, -1, -1], [-1, -1, -1, -1, -1, -1, -1, -1, -1, 1, -1, -1, -1, -1, -1], [-1, -1, -1, -1, -1, -1, -1, -1, -1, 2, -1, -1, -1, -1, -1], [-1, -1, -1, -1, -1, -1, -1, -1, -1, -1, -1, 1, -1, -1, -1], [-1, -1, -1, -1, -1, -1, -1, -1, -1, -1, -1, -1, 1, -1, -1], [-1, -1, -1, -1, -1, -1, -1, -1, -1, -1, -1, -1, -1, -1, 1], [-1, -1, -1, -1, -1, -1, -1, -1, -1, -1, -1, -1, -1, -1, 2]]
90 24 
 [[0, -1, 0, -1, -1, 0, -1, -1, -1, -1, -1, -1, -1, -1, -1], [0, -1, 0, -1, -1, -1, -1, -1, -1, 0, -1, -1, 0, -1, -1], [0, -1, 0, -1, -1, -1, -1, -1, -1, -1, -1, 0, -1, -1, -1], [0, -1, -1, -1, -1, 0, -1, -1, -1, -1, -1, 0, -1, -1, -1], [1, -1, -1, -1, -1, -1, -1, -1, -1, -1, -1, -1, -1, -1, -1], [-1, 1, -1, -1, -1, -1, -1, -1, -1, -1, -1, -1, -1, -1, -1], [-1, -1, 0, -1, -1, 0, -1, -1, -1, 0, -1, -1, -1, -1, -1], [-1, -1, 0, -1, -1, 0, -1, -1, -1, -1, -1, 0, -1, -1, -1], [-1, -1, 0, -1, -1, -1, -1, -1, -1, -1, -1, 0, 0, -1, -1], [-1, -1, 1, -1, -1, -1, -1, -1, -1, -1, -1, -1, -1, -1, -1], [-1, -1, 2, -1, -1, -1, -1, -1, -1, -1, -1, -1, -1, -1, -1], [-1, -1, -1, 1, -1, -1, -1, -1, -1, -1, -1, -1, -1, -1, -1], [-1, -1, -1, 2, -1, -1, -1, -1, -1, -1, -1, -1, -1, -1, -1], [-1, -1, -1, 4, -1, -1, -1, -1, -1, -1, -1, -1, -1, -1, -1], [-1, -1, -1, 6, -1, -1, -1, -1, -1, -1, -1, -1, -1, -1, -1], [-1, -1, -1, -1, -1, 1, -1, -1, -1, -1, -1, -1, -1, -1, -1], [-1, -1, -1, -1, -1, -1, -1, -1, 1, -1, -1, -1, -1, -1, -1], [-1, -1, -1, -1, -1, -1, -1, -1, 2, -1, -1, -1, -1, -1, -1], [-1, -1, -1, -1, -1, -1, -1, -1, -1, 1, -1, -1, -1, -1, -1], [-1, -1, -1, -1, -1, -1, -1, -1, -1, 2, -1, -1, -1, -1, -1], [-1, -1, -1, -1, -1, -1, -1, -1, -1, -1, -1, 1, -1, -1, -1], [-1, -1, -1, -1, -1, -1, -1, -1, -1, -1, -1, -1, 1, -1, -1], [-1, -1, -1, -1, -1, -1, -1, -1, -1, -1, -1, -1, -1, -1, 1], [-1, -1, -1, -1, -1, -1, -1, -1, -1, -1, -1, -1, -1, -1, 2]]
190 24 
 [[0, -1, 0, -1, -1, 0, -1, -1, -1, -1, -1, -1, -1, -1, -1], [0, -1, 0, -1, -1, -1, -1, -1, -1, 0, -1, -1, 0, -1, -1], [0, -1, 0, -1, -1, -1, -1, -1, -1, -1, -1, 0, -1, -1, -1], [0, -1, -1, -1, -1, 0, -1, -1, -1, -1, -1, 0, -1, -1, -1], [1, -1, -1, -1, -1, -1, -1, -1, -1, -1, -1, -1, -1, -1, -1], [-1, 1, -1, -1, -1, -1, -1, -1, -1, -1, -1, -1, -1, -1, -1], [-1, -1, 0, -1, -1, 0, -1, -1, -1, 0, -1, -1, -1, -1, -1], [-1, -1, 0, -1, -1, 0, -1, -1, -1, -1, -1, 0, -1, -1, -1], [-1, -1, 0, -1, -1, -1, -1, -1, -1, -1, -1, 0, 0, -1, -1], [-1, -1, 1, -1, -1, -1, -1, -1, -1, -1, -1, -1, -1, -1, -1], [-1, -1, 2, -1, -1, -1, -1, -1, -1, -1, -1, -1, -1, -1, -1], [-1, -1, -1, 1, -1, -1, -1, -1, -1, -1, -1, -1, -1, -1, -1], [-1, -1, -1, 2, -1, -1, -1, -1, -1, -1, -1, -1, -1, -1, -1], [-1, -1, -1, 4, -1, -1, -1, -1, -1, -1, -1, -1, -1, -1, -1], [-1, -1, -1, 6, -1, -1, -1, -1, -1, -1, -1, -1, -1, -1, -1], [-1, -1, -1, -1, -1, 1, -1, -1, -1, -1, -1, -1, -1, -1, -1], [-1, -1, -1, -1, -1, -1, -1, -1, 1, -1, -1, -1, -1, -1, -1], [-1, -1, -1, -1, -1, -1, -1, -1, 2, -1, -1, -1, -1, -1, -1], [-1, -1, -1, -1, -1, -1, -1, -1, -1, 1, -1, -1, -1, -1, -1], [-1, -1, -1, -1, -1, -1, -1, -1, -1, 2, -1, -1, -1, -1, -1], [-1, -1, -1, -1, -1, -1, -1, -1, -1, -1, -1, 1, -1, -1, -1], [-1, -1, -1, -1, -1, -1, -1, -1, -1, -1, -1, -1, 1, -1, -1], [-1, -1, -1, -1, -1, -1, -1, -1, -1, -1, -1, -1, -1, -1, 1], [-1, -1, -1, -1, -1, -1, -1, -1, -1, -1, -1, -1, -1, -1, 2]]
290 24 
 [[0, -1, 0, -1, -1, 0, -1, -1, -1, -1, -1, -1, -1, -1, -1], [0, -1, 0, -1, -1, -1, -1, -1, -1, 0, -1, -1, 0, -1, -1], [0, -1, 0, -1, -1, -1, -1, -1, -1, -1, -1, 0, -1, -1, -1], [0, -1, -1, -1, -1, 0, -1, -1, -1, -1, -1, 0, -1, -1, -1], [1, -1, -1, -1, -1, -1, -1, -1, -1, -1, -1, -1, -1, -1, -1], [-1, 1, -1, -1, -1, -1, -1, -1, -1, -1, -1, -1, -1, -1, -1], [-1, -1, 0, -1, -1, 0, -1, -1, -1, 0, -1, -1, -1, -1, -1], [-1, -1, 0, -1, -1, 0, -1, -1, -1, -1, -1, 0, -1, -1, -1], [-1, -1, 0, -1, -1, -1, -1, -1, -1, -1, -1, 0, 0, -1, -1], [-1, -1, 1, -1, -1, -1, -1, -1, -1, -1, -1, -1, -1, -1, -1], [-1, -1, 2, -1, -1, -1, -1, -1, -1, -1, -1, -1, -1, -1, -1], [-1, -1, -1, 1, -1, -1, -1, -1, -1, -1, -1, -1, -1, -1, -1], [-1, -1, -1, 2, -1, -1, -1, -1, -1, -1, -1, -1, -1, -1, -1], [-1, -1, -1, 4, -1, -1, -1, -1, -1, -1, -1, -1, -1, -1, -1], [-1, -1, -1, 6, -1, -1, -1, -1, -1, -1, -1, -1, -1, -1, -1], [-1, -1, -1, -1, -1, 1, -1, -1, -1, -1, -1, -1, -1, -1, -1], [-1, -1, -1, -1, -1, -1, -1, -1, 1, -1, -1, -1, -1, -1, -1], [-1, -1, -1, -1, -1, -1, -1, -1, 2, -1, -1, -1, -1, -1, -1], [-1, -1, -1, -1, -1, -1, -1, -1, -1, 1, -1, -1, -1, -1, -1], [-1, -1, -1, -1, -1, -1, -1, -1, -1, 2, -1, -1, -1, -1, -1], [-1, -1, -1, -1, -1, -1, -1, -1, -1, -1, -1, 1, -1, -1, -1], [-1, -1, -1, -1, -1, -1, -1, -1, -1, -1, -1, -1, 1, -1, -1], [-1, -1, -1, -1, -1, -1, -1, -1, -1, -1, -1, -1, -1, -1, 1], [-1, -1, -1, -1, -1, -1, -1, -1, -1, -1, -1, -1, -1, -1, 2]]
390 24 
 [[0, -1, 0, -1, -1, 0, -1, -1, -1, -1, -1, -1, -1, -1, -1], [0, -1, 0, -1, -1, -1, -1, -1, -1, 0, -1, -1, 0, -1, -1], [0, -1, 0, -1, -1, -1, -1, -1, -1, -1, -1, 0, -1, -1, -1], [0, -1, -1, -1, -1, 0, -1, -1, -1, -1, -1, 0, -1, -1, -1], [1, -1, -1, -1, -1, -1, -1, -1, -1, -1, -1, -1, -1, -1, -1], [-1, 1, -1, -1, -1, -1, -1, -1, -1, -1, -1, -1, -1, -1, -1], [-1, -1, 0, -1, -1, 0, -1, -1, -1, 0, -1, -1, -1, -1, -1], [-1, -1, 0, -1, -1, 0, -1, -1, -1, -1, -1, 0, -1, -1, -1], [-1, -1, 0, -1, -1, -1, -1, -1, -1, -1, -1, 0, 0, -1, -1], [-1, -1, 1, -1, -1, -1, -1, -1, -1, -1, -1, -1, -1, -1, -1], [-1, -1, 2, -1, -1, -1, -1, -1, -1, -1, -1, -1, -1, -1, -1], [-1, -1, -1, 1, -1, -1, -1, -1, -1, -1, -1, -1, -1, -1, -1], [-1, -1, -1, 2, -1, -1, -1, -1, -1, -1, -1, -1, -1, -1, -1], [-1, -1, -1, 4, -1, -1, -1, -1, -1, -1, -1, -1, -1, -1, -1], [-1, -1, -1, 6, -1, -1, -1, -1, -1, -1, -1, -1, -1, -1, -1], [-1, -1, -1, -1, -1, 1, -1, -1, -1, -1, -1, -1, -1, -1, -1], [-1, -1, -1, -1, -1, -1, -1, -1, 1, -1, -1, -1, -1, -1, -1], [-1, -1, -1, -1, -1, -1, -1, -1, 2, -1, -1, -1, -1, -1, -1], [-1, -1, -1, -1, -1, -1, -1, -1, -1, 1, -1, -1, -1, -1, -1], [-1, -1, -1, -1, -1, -1, -1, -1, -1, 2, -1, -1, -1, -1, -1], [-1, -1, -1, -1, -1, -1, -1, -1, -1, -1, -1, 1, -1, -1, -1], [-1, -1, -1, -1, -1, -1, -1, -1, -1, -1, -1, -1, 1, -1, -1], [-1, -1, -1, -1, -1, -1, -1, -1, -1, -1, -1, -1, -1, -1, 1], [-1, -1, -1, -1, -1, -1, -1, -1, -1, -1, -1, -1, -1, -1, 2]]
490 24 
 [[0, -1, 0, -1, -1, 0, -1, -1, -1, -1, -1, -1, -1, -1, -1], [0, -1, 0, -1, -1, -1, -1, -1, -1, 0, -1, -1, 0, -1, -1], [0, -1, 0, -1, -1, -1, -1, -1, -1, -1, -1, 0, -1, -1, -1], [0, -1, -1, -1, -1, 0, -1, -1, -1, -1, -1, 0, -1, -1, -1], [1, -1, -1, -1, -1, -1, -1, -1, -1, -1, -1, -1, -1, -1, -1], [-1, 1, -1, -1, -1, -1, -1, -1, -1, -1, -1, -1, -1, -1, -1], [-1, -1, 0, -1, -1, 0, -1, -1, -1, 0, -1, -1, -1, -1, -1], [-1, -1, 0, -1, -1, 0, -1, -1, -1, -1, -1, 0, -1, -1, -1], [-1, -1, 0, -1, -1, -1, -1, -1, -1, -1, -1, 0, 0, -1, -1], [-1, -1, 1, -1, -1, -1, -1, -1, -1, -1, -1, -1, -1, -1, -1], [-1, -1, 2, -1, -1, -1, -1, -1, -1, -1, -1, -1, -1, -1, -1], [-1, -1, -1, 1, -1, -1, -1, -1, -1, -1, -1, -1, -1, -1, -1], [-1, -1, -1, 2, -1, -1, -1, -1, -1, -1, -1, -1, -1, -1, -1], [-1, -1, -1, 4, -1, -1, -1, -1, -1, -1, -1, -1, -1, -1, -1], [-1, -1, -1, 6, -1, -1, -1, -1, -1, -1, -1, -1, -1, -1, -1], [-1, -1, -1, -1, -1, 1, -1, -1, -1, -1, -1, -1, -1, -1, -1], [-1, -1, -1, -1, -1, -1, -1, -1, 1, -1, -1, -1, -1, -1, -1], [-1, -1, -1, -1, -1, -1, -1, -1, 2, -1, -1, -1, -1, -1, -1], [-1, -1, -1, -1, -1, -1, -1, -1, -1, 1, -1, -1, -1, -1, -1], [-1, -1, -1, -1, -1, -1, -1, -1, -1, 2, -1, -1, -1, -1, -1], [-1, -1, -1, -1, -1, -1, -1, -1, -1, -1, -1, 1, -1, -1, -1], [-1, -1, -1, -1, -1, -1, -1, -1, -1, -1, -1, -1, 1, -1, -1], [-1, -1, -1, -1, -1, -1, -1, -1, -1, -1, -1, -1, -1, -1, 1], [-1, -1, -1, -1, -1, -1, -1, -1, -1, -1, -1, -1, -1, -1, 2]]
590 24 
 [[0, -1, 0, -1, -1, 0, -1, -1, -1, -1, -1, -1, -1, -1, -1], [0, -1, 0, -1, -1, -1, -1, -1, -1, 0, -1, -1, 0, -1, -1], [0, -1, 0, -1, -1, -1, -1, -1, -1, -1, -1, 0, -1, -1, -1], [0, -1, -1, -1, -1, 0, -1, -1, -1, -1, -1, 0, -1, -1, -1], [1, -1, -1, -1, -1, -1, -1, -1, -1, -1, -1, -1, -1, -1, -1], [-1, 1, -1, -1, -1, -1, -1, -1, -1, -1, -1, -1, -1, -1, -1], [-1, -1, 0, -1, -1, 0, -1, -1, -1, 0, -1, -1, -1, -1, -1], [-1, -1, 0, -1, -1, 0, -1, -1, -1, -1, -1, 0, -1, -1, -1], [-1, -1, 0, -1, -1, -1, -1, -1, -1, -1, -1, 0, 0, -1, -1], [-1, -1, 1, -1, -1, -1, -1, -1, -1, -1, -1, -1, -1, -1, -1], [-1, -1, 2, -1, -1, -1, -1, -1, -1, -1, -1, -1, -1, -1, -1], [-1, -1, -1, 1, -1, -1, -1, -1, -1, -1, -1, -1, -1, -1, -1], [-1, -1, -1, 2, -1, -1, -1, -1, -1, -1, -1, -1, -1, -1, -1], [-1, -1, -1, 4, -1, -1, -1, -1, -1, -1, -1, -1, -1, -1, -1], [-1, -1, -1, 6, -1, -1, -1, -1, -1, -1, -1, -1, -1, -1, -1], [-1, -1, -1, -1, -1, 1, -1, -1, -1, -1, -1, -1, -1, -1, -1], [-1, -1, -1, -1, -1, -1, -1, -1, 1, -1, -1, -1, -1, -1, -1], [-1, -1, -1, -1, -1, -1, -1, -1, 2, -1, -1, -1, -1, -1, -1], [-1, -1, -1, -1, -1, -1, -1, -1, -1, 1, -1, -1, -1, -1, -1], [-1, -1, -1, -1, -1, -1, -1, -1, -1, 2, -1, -1, -1, -1, -1], [-1, -1, -1, -1, -1, -1, -1, -1, -1, -1, -1, 1, -1, -1, -1], [-1, -1, -1, -1, -1, -1, -1, -1, -1, -1, -1, -1, 1, -1, -1], [-1, -1, -1, -1, -1, -1, -1, -1, -1, -1, -1, -1, -1, -1, 1], [-1, -1, -1, -1, -1, -1, -1, -1, -1, -1, -1, -1, -1, -1, 2]]
690 24 
 [[0, -1, 0, -1, -1, 0, -1, -1, -1, -1, -1, -1, -1, -1, -1], [0, -1, 0, -1, -1, -1, -1, -1, -1, 0, -1, -1, 0, -1, -1], [0, -1, 0, -1, -1, -1, -1, -1, -1, -1, -1, 0, -1, -1, -1], [0, -1, -1, -1, -1, 0, -1, -1, -1, -1, -1, 0, -1, -1, -1], [1, -1, -1, -1, -1, -1, -1, -1, -1, -1, -1, -1, -1, -1, -1], [-1, 1, -1, -1, -1, -1, -1, -1, -1, -1, -1, -1, -1, -1, -1], [-1, -1, 0, -1, -1, 0, -1, -1, -1, 0, -1, -1, -1, -1, -1], [-1, -1, 0, -1, -1, 0, -1, -1, -1, -1, -1, 0, -1, -1, -1], [-1, -1, 0, -1, -1, -1, -1, -1, -1, -1, -1, 0, 0, -1, -1], [-1, -1, 1, -1, -1, -1, -1, -1, -1, -1, -1, -1, -1, -1, -1], [-1, -1, 2, -1, -1, -1, -1, -1, -1, -1, -1, -1, -1, -1, -1], [-1, -1, -1, 1, -1, -1, -1, -1, -1, -1, -1, -1, -1, -1, -1], [-1, -1, -1, 2, -1, -1, -1, -1, -1, -1, -1, -1, -1, -1, -1], [-1, -1, -1, 4, -1, -1, -1, -1, -1, -1, -1, -1, -1, -1, -1], [-1, -1, -1, 6, -1, -1, -1, -1, -1, -1, -1, -1, -1, -1, -1], [-1, -1, -1, -1, -1, 1, -1, -1, -1, -1, -1, -1, -1, -1, -1], [-1, -1, -1, -1, -1, -1, -1, -1, 1, -1, -1, -1, -1, -1, -1], [-1, -1, -1, -1, -1, -1, -1, -1, 2, -1, -1, -1, -1, -1, -1], [-1, -1, -1, -1, -1, -1, -1, -1, -1, 1, -1, -1, -1, -1, -1], [-1, -1, -1, -1, -1, -1, -1, -1, -1, 2, -1, -1, -1, -1, -1], [-1, -1, -1, -1, -1, -1, -1, -1, -1, -1, -1, 1, -1, -1, -1], [-1, -1, -1, -1, -1, -1, -1, -1, -1, -1, -1, -1, 1, -1, -1], [-1, -1, -1, -1, -1, -1, -1, -1, -1, -1, -1, -1, -1, -1, 1], [-1, -1, -1, -1, -1, -1, -1, -1, -1, -1, -1, -1, -1, -1, 2]]
790 24 
 [[0, -1, 0, -1, -1, 0, -1, -1, -1, -1, -1, -1, -1, -1, -1], [0, -1, 0, -1, -1, -1, -1, -1, -1, 0, -1, -1, 0, -1, -1], [0, -1, 0, -1, -1, -1, -1, -1, -1, -1, -1, 0, -1, -1, -1], [0, -1, -1, -1, -1, 0, -1, -1, -1, -1, -1, 0, -1, -1, -1], [1, -1, -1, -1, -1, -1, -1, -1, -1, -1, -1, -1, -1, -1, -1], [-1, 1, -1, -1, -1, -1, -1, -1, -1, -1, -1, -1, -1, -1, -1], [-1, -1, 0, -1, -1, 0, -1, -1, -1, 0, -1, -1, -1, -1, -1], [-1, -1, 0, -1, -1, 0, -1, -1, -1, -1, -1, 0, -1, -1, -1], [-1, -1, 0, -1, -1, -1, -1, -1, -1, -1, -1, 0, 0, -1, -1], [-1, -1, 1, -1, -1, -1, -1, -1, -1, -1, -1, -1, -1, -1, -1], [-1, -1, 2, -1, -1, -1, -1, -1, -1, -1, -1, -1, -1, -1, -1], [-1, -1, -1, 1, -1, -1, -1, -1, -1, -1, -1, -1, -1, -1, -1], [-1, -1, -1, 2, -1, -1, -1, -1, -1, -1, -1, -1, -1, -1, -1], [-1, -1, -1, 4, -1, -1, -1, -1, -1, -1, -1, -1, -1, -1, -1], [-1, -1, -1, 6, -1, -1, -1, -1, -1, -1, -1, -1, -1, -1, -1], [-1, -1, -1, -1, -1, 1, -1, -1, -1, -1, -1, -1, -1, -1, -1], [-1, -1, -1, -1, -1, -1, -1, -1, 1, -1, -1, -1, -1, -1, -1], [-1, -1, -1, -1, -1, -1, -1, -1, 2, -1, -1, -1, -1, -1, -1], [-1, -1, -1, -1, -1, -1, -1, -1, -1, 1, -1, -1, -1, -1, -1], [-1, -1, -1, -1, -1, -1, -1, -1, -1, 2, -1, -1, -1, -1, -1], [-1, -1, -1, -1, -1, -1, -1, -1, -1, -1, -1, 1, -1, -1, -1], [-1, -1, -1, -1, -1, -1, -1, -1, -1, -1, -1, -1, 1, -1, -1], [-1, -1, -1, -1, -1, -1, -1, -1, -1, -1, -1, -1, -1, -1, 1], [-1, -1, -1, -1, -1, -1, -1, -1, -1, -1, -1, -1, -1, -1, 2]]
890 24 
 [[0, -1, 0, -1, -1, 0, -1, -1, -1, -1, -1, -1, -1, -1, -1], [0, -1, 0, -1, -1, -1, -1, -1, -1, 0, -1, -1, 0, -1, -1], [0, -1, 0, -1, -1, -1, -1, -1, -1, -1, -1, 0, -1, -1, -1], [0, -1, -1, -1, -1, 0, -1, -1, -1, -1, -1, 0, -1, -1, -1], [1, -1, -1, -1, -1, -1, -1, -1, -1, -1, -1, -1, -1, -1, -1], [-1, 1, -1, -1, -1, -1, -1, -1, -1, -1, -1, -1, -1, -1, -1], [-1, -1, 0, -1, -1, 0, -1, -1, -1, 0, -1, -1, -1, -1, -1], [-1, -1, 0, -1, -1, 0, -1, -1, -1, -1, -1, 0, -1, -1, -1], [-1, -1, 0, -1, -1, -1, -1, -1, -1, -1, -1, 0, 0, -1, -1], [-1, -1, 1, -1, -1, -1, -1, -1, -1, -1, -1, -1, -1, -1, -1], [-1, -1, 2, -1, -1, -1, -1, -1, -1, -1, -1, -1, -1, -1, -1], [-1, -1, -1, 1, -1, -1, -1, -1, -1, -1, -1, -1, -1, -1, -1], [-1, -1, -1, 2, -1, -1, -1, -1, -1, -1, -1, -1, -1, -1, -1], [-1, -1, -1, 4, -1, -1, -1, -1, -1, -1, -1, -1, -1, -1, -1], [-1, -1, -1, 6, -1, -1, -1, -1, -1, -1, -1, -1, -1, -1, -1], [-1, -1, -1, -1, -1, 1, -1, -1, -1, -1, -1, -1, -1, -1, -1], [-1, -1, -1, -1, -1, -1, -1, -1, 1, -1, -1, -1, -1, -1, -1], [-1, -1, -1, -1, -1, -1, -1, -1, 2, -1, -1, -1, -1, -1, -1], [-1, -1, -1, -1, -1, -1, -1, -1, -1, 1, -1, -1, -1, -1, -1], [-1, -1, -1, -1, -1, -1, -1, -1, -1, 2, -1, -1, -1, -1, -1], [-1, -1, -1, -1, -1, -1, -1, -1, -1, -1, -1, 1, -1, -1, -1], [-1, -1, -1, -1, -1, -1, -1, -1, -1, -1, -1, -1, 1, -1, -1], [-1, -1, -1, -1, -1, -1, -1, -1, -1, -1, -1, -1, -1, -1, 1], [-1, -1, -1, -1, -1, -1, -1, -1, -1, -1, -1, -1, -1, -1, 2]]
990 24 
 [[0, -1, 0, -1, -1, 0, -1, -1, -1, -1, -1, -1, -1, -1, -1], [0, -1, 0, -1, -1, -1, -1, -1, -1, 0, -1, -1, 0, -1, -1], [0, -1, 0, -1, -1, -1, -1, -1, -1, -1, -1, 0, -1, -1, -1], [0, -1, -1, -1, -1, 0, -1, -1, -1, -1, -1, 0, -1, -1, -1], [1, -1, -1, -1, -1, -1, -1, -1, -1, -1, -1, -1, -1, -1, -1], [-1, 1, -1, -1, -1, -1, -1, -1, -1, -1, -1, -1, -1, -1, -1], [-1, -1, 0, -1, -1, 0, -1, -1, -1, 0, -1, -1, -1, -1, -1], [-1, -1, 0, -1, -1, 0, -1, -1, -1, -1, -1, 0, -1, -1, -1], [-1, -1, 0, -1, -1, -1, -1, -1, -1, -1, -1, 0, 0, -1, -1], [-1, -1, 1, -1, -1, -1, -1, -1, -1, -1, -1, -1, -1, -1, -1], [-1, -1, 2, -1, -1, -1, -1, -1, -1, -1, -1, -1, -1, -1, -1], [-1, -1, -1, 1, -1, -1, -1, -1, -1, -1, -1, -1, -1, -1, -1], [-1, -1, -1, 2, -1, -1, -1, -1, -1, -1, -1, -1, -1, -1, -1], [-1, -1, -1, 4, -1, -1, -1, -1, -1, -1, -1, -1, -1, -1, -1], [-1, -1, -1, 6, -1, -1, -1, -1, -1, -1, -1, -1, -1, -1, -1], [-1, -1, -1, -1, -1, 1, -1, -1, -1, -1, -1, -1, -1, -1, -1], [-1, -1, -1, -1, -1, -1, -1, -1, 1, -1, -1, -1, -1, -1, -1], [-1, -1, -1, -1, -1, -1, -1, -1, 2, -1, -1, -1, -1, -1, -1], [-1, -1, -1, -1, -1, -1, -1, -1, -1, 1, -1, -1, -1, -1, -1], [-1, -1, -1, -1, -1, -1, -1, -1, -1, 2, -1, -1, -1, -1, -1], [-1, -1, -1, -1, -1, -1, -1, -1, -1, -1, -1, 1, -1, -1, -1], [-1, -1, -1, -1, -1, -1, -1, -1, -1, -1, -1, -1, 1, -1, -1], [-1, -1, -1, -1, -1, -1, -1, -1, -1, -1, -1, -1, -1, -1, 1], [-1, -1, -1, -1, -1, -1, -1, -1, -1, -1, -1, -1, -1, -1, 2]]


number of patterns found, upperbound
40 10 
 [[0, 0, -1, 0, 0, -1, 0, 0, 0, -1, 0, -1, -1, 0, 0], [-1, -1, 0, -1, 0, -1, 0, 0, 0, -1, 0, -1, -1, 0, 0], [-1, -1, -1, 0, 0, 0, 0, 0, 0, -1, 0, -1, -1, 0, 0], [-1, 0, -1, 0, 0, -1, 0, 0, 0, 0, 0, -1, -1, 0, 0], [-1, 0, -1, -1, 0, -1, 0, 0, 0, -1, 0, 0, -1, 0, 0], [-1, 0, -1, -1, 0, 0, 0, 0, 0, -1, 0, -1, -1, 0, 0], [-1, -1, -1, 0, 0, -1, 0, 0, 0, -1, 0, -1, 0, 0, 0], [-1, -1, -1, -1, 0, 0, 0, 0, 0, -1, 0, -1, 0, 0, 0], [0, -1, -1, 0, 0, -1, 0, 0, 0, 0, 0, -1, -1, 0, 0], [-1, 0, -1, -1, 0, -1, 0, 0, 0, -1, 0, -1, 0, 0, 0]]
90 18 
 [[0, 0, -1, 0, 0, -1, 0, 0, 0, 0, 0, -1, -1, 0, 0], [-1, -1, -1, -1, 0, -1, 0, 0, 0, -1, 0, 1, -1, 0, 0], [0, 0, -1, 0, 0, 0, 0, 0, 0, -1, 0, -1, -1, 0, 0], [0, -1, -1, 0, 0, -1, 0, 0, 0, -1, 0, -1, 0, 0, 0], [-1, 0, -1, 0, 0, 0, 0, 0, 0, -1, 0, -1, 0, 0, 0], [-1, 0, -1, 0, 0, 0, 0, 0, 0, 0, 0, -1, -1, 0, 0], [-1, 0, -1, 0, 0, -1, 0, 0, 0, 0, 0, -1, 0, 0, 0], [-1, -1, -1, 0, 0, 0, 0, 0, 0, 0, 0, -1, 0, 0, 0], [0, 0, -1, 0, 0, -1, 0, 0, 0, -1, 0, 0, -1, 0, 0], [0, -1, -1, 0, 0, 0, 0, 0, 0, 0, 0, -1, -1, 0, 0], [-1, 0, -1, 0, 0, -1, 0, 0, 0, 0, 0, 0, -1, 0, 0], [0, -1, -1, 0, 0, -1, 0, 0, 0, 0, 0, 0, -1, 0, 0], [-1, 0, -1, -1, 0, 0, 0, 0, 0, 0, 0, -1, 0, 0, 0], [-1, -1, -1, -1, 0, -1, 0, 0, 0, -1, 0, 0, 0, 0, 0], [-1, 0, -1, -1, 0, 0, 0, 0, 0, -1, 0, 0, -1, 0, 0], [0, 0, 0, 0, 0, -1, 0, 0, 0, -1, 0, -1, -1, 0, 0], [-1, -1, 0, 0, 0, -1, 0, 0, 0, 0, 0, -1, -1, 0, 0], [-1, 0, 0, -1, 0, -1, 0, 0, 0, -1, 0, 0, -1, 0, 0]]
190 18 
 [[0, 0, -1, 0, 0, -1, 0, 0, 0, 0, 0, -1, -1, 0, 0], [-1, -1, -1, -1, 0, -1, 0, 0, 0, -1, 0, 1, -1, 0, 0], [0, 0, -1, 0, 0, 0, 0, 0, 0, -1, 0, -1, -1, 0, 0], [0, -1, -1, 0, 0, -1, 0, 0, 0, -1, 0, -1, 0, 0, 0], [-1, 0, -1, 0, 0, 0, 0, 0, 0, -1, 0, -1, 0, 0, 0], [-1, 0, -1, 0, 0, 0, 0, 0, 0, 0, 0, -1, -1, 0, 0], [-1, 0, -1, 0, 0, -1, 0, 0, 0, 0, 0, -1, 0, 0, 0], [-1, -1, -1, 0, 0, 0, 0, 0, 0, 0, 0, -1, 0, 0, 0], [0, 0, -1, 0, 0, -1, 0, 0, 0, -1, 0, 0, -1, 0, 0], [0, -1, -1, 0, 0, 0, 0, 0, 0, 0, 0, -1, -1, 0, 0], [-1, 0, -1, 0, 0, -1, 0, 0, 0, 0, 0, 0, -1, 0, 0], [0, -1, -1, 0, 0, -1, 0, 0, 0, 0, 0, 0, -1, 0, 0], [-1, 0, -1, -1, 0, 0, 0, 0, 0, 0, 0, -1, 0, 0, 0], [-1, -1, -1, -1, 0, -1, 0, 0, 0, -1, 0, 0, 0, 0, 0], [-1, 0, -1, -1, 0, 0, 0, 0, 0, -1, 0, 0, -1, 0, 0], [0, 0, 0, 0, 0, -1, 0, 0, 0, -1, 0, -1, -1, 0, 0], [-1, -1, 0, 0, 0, -1, 0, 0, 0, 0, 0, -1, -1, 0, 0], [-1, 0, 0, -1, 0, -1, 0, 0, 0, -1, 0, 0, -1, 0, 0]]
290 19 
 [[-1, -1, -1, 0, 0, 0, 0, 0, 0, 0, 0, -1, -1, 0, 0], [0, 0, -1, 0, 0, -1, 0, 0, 0, 0, 0, -1, -1, 0, 0], [0, -1, -1, 0, 0, -1, 0, 0, 0, -1, 0, 0, -1, 0, 0], [-1, 0, -1, 0, 0, -1, 0, 0, 0, -1, 0, 0, -1, 0, 0], [-1, -1, -1, 0, 0, -1, 0, 0, 0, 0, 0, -1, 0, 0, 0], [-1, -1, -1, -1, 0, 0, 0, 0, 0, 0, 0, -1, 0, 0, 0], [-1, 0, 0, 0, 0, -1, 0, 0, 0, -1, 0, -1, -1, 0, 0], [-1, -1, 0, -1, 0, -1, 0, 0, 0, -1, 0, 0, -1, 0, 0], [0, 0, -1, -1, 0, -1, 0, 0, 0, -1, 0, 0, -1, 0, 0], [-1, -1, -1, 0, 0, -1, 0, 0, 0, 0, 0, 0, -1, 0, 0], [-1, 0, -1, -1, 0, 0, 0, 0, 0, 0, 0, -1, -1, 0, 0], [-1, 0, -1, -1, 0, -1, 0, 0, 0, 0, 0, -1, 0, 0, 0], [0, -1, 0, 0, 0, -1, 0, 0, 0, -1, 0, -1, -1, 0, 0], [-1, -1, -1, -1, 0, -1, 0, 0, 0, -1, 0, 1, -1, 0, 0], [0, 0, -1, 0, 0, 0, 0, 0, 0, -1, 0, -1, -1, 0, 0], [0, -1, -1, 0, 0, -1, 0, 0, 0, -1, 0, -1, 0, 0, 0], [-1, 0, -1, 0, 0, 0, 0, 0, 0, -1, 0, -1, 0, 0, 0], [-1, 0, -1, -1, 0, -1, 0, 0, 0, 0, 0, 0, -1, 0, 0], [-1, -1, -1, -1, 0, 0, 0, 0, 0, -1, 0, 0, -1, 0, 0]]
390 19 
 [[0, 0, -1, 0, 0, -1, 0, 0, 0, 0, 0, -1, -1, 0, 0], [-1, 0, 0, 0, 0, -1, 0, 0, 0, -1, 0, -1, -1, 0, 0], [-1, -1, 0, -1, 0, -1, 0, 0, 0, -1, 0, 0, -1, 0, 0], [0, -1, 0, 0, 0, -1, 0, 0, 0, -1, 0, -1, -1, 0, 0], [-1, -1, -1, -1, 0, -1, 0, 0, 0, -1, 0, 1, -1, 0, 0], [0, 0, -1, 0, 0, 0, 0, 0, 0, -1, 0, -1, -1, 0, 0], [0, -1, -1, 0, 0, -1, 0, 0, 0, -1, 0, -1, 0, 0, 0], [-1, 0, -1, 0, 0, 0, 0, 0, 0, -1, 0, -1, 0, 0, 0], [-1, -1, -1, -1, 0, 0, 0, 0, 0, -1, 0, 0, -1, 0, 0], [-1, 0, -1, 0, 0, 0, 0, 0, 0, 0, 0, -1, -1, 0, 0], [-1, 0, -1, 0, 0, -1, 0, 0, 0, 0, 0, -1, 0, 0, 0], [-1, -1, -1, 0, 0, 0, 0, 0, 0, 0, 0, -1, 0, 0, 0], [0, 0, 0, -1, 0, -1, 0, 0, 0, -1, 0, -1, -1, 0, 0], [0, 0, -1, 0, 0, -1, 0, 0, 0, -1, 0, 0, -1, 0, 0], [0, -1, -1, 0, 0, 0, 0, 0, 0, 0, 0, -1, -1, 0, 0], [-1, 0, -1, 0, 0, -1, 0, 0, 0, 0, 0, 0, -1, 0, 0], [0, -1, -1, 0, 0, -1, 0, 0, 0, 0, 0, 0, -1, 0, 0], [-1, 0, -1, -1, 0, 0, 0, 0, 0, 0, 0, -1, 0, 0, 0], [-1, -1, -1, -1, 0, -1, 0, 0, 0, -1, 0, 0, 0, 0, 0]]
490 23 
 [[0, 0, -1, 0, 0, -1, 0, 0, 0, 0, 0, -1, -1, 0, 0], [0, 0, -1, 0, 0, 0, 0, 0, 0, -1, 0, -1, -1, 0, 0], [-1, 0, -1, 0, 0, 0, 0, 0, 0, -1, 0, -1, 0, 0, 0], [-1, 0, -1, 0, 0, 0, 0, 0, 0, 0, 0, -1, -1, 0, 0], [-1, 0, -1, 0, 0, -1, 0, 0, 0, 0, 0, -1, 0, 0, 0], [-1, -1, -1, 0, 0, 0, 0, 0, 0, 0, 0, -1, 0, 0, 0], [0, 0, -1, 0, 0, -1, 0, 0, 0, -1, 0, 0, -1, 0, 0], [0, -1, -1, 0, 0, 0, 0, 0, 0, 0, 0, -1, -1, 0, 0], [-1, 0, -1, 0, 0, -1, 0, 0, 0, 0, 0, 0, -1, 0, 0], [0, -1, -1, 0, 0, -1, 0, 0, 0, 0, 0, 0, -1, 0, 0], [-1, 0, -1, -1, 0, 0, 0, 0, 0, 0, 0, -1, 0, 0, 0], [-1, -1, -1, -1, 0, -1, 0, 0, 0, -1, 0, 0, 0, 0, 0], [-1, 0, -1, -1, 0, 0, 0, 0, 0, -1, 0, 0, -1, 0, 0], [0, 0, 0, 0, 0, -1, 0, 0, 0, -1, 0, -1, -1, 0, 0], [-1, -1, 0, 0, 0, -1, 0, 0, 0, 0, 0, -1, -1, 0, 0], [-1, 0, 0, -1, 0, -1, 0, 0, 0, -1, 0, 0, -1, 0, 0], [0, 0, -1, 0, 0, -1, 0, 0, 0, -1, 0, -1, 0, 0, 0], [-1, -1, -1, 0, 0, 0, 0, 0, 0, -1, 0, 0, -1, 0, 0], [0, -1, -1, -1, 0, -1, 0, 0, 0, -1, 0, -1, 1, 0, 0], [-1, -1, 0, 0, 0, -1, 0, 0, 0, -1, 0, 0, -1, 0, 0], [0, -1, -1, 0, 0, 0, 0, 0, 0, -1, 0, -1, 0, 0, 0], [-1, -1, -1, 0, 0, -1, 0, 0, 0, -1, 0, 1, -1, 0, 0], [-1, -1, -1, -1, 0, -1, 0, 0, 0, 0, 0, 1, -1, 0, 0]]
590 22 
 [[0, 0, 0, 0, 0, -1, 0, 0, 0, -1, 0, -1, -1, 0, 0], [0, -1, -1, -1, 0, -1, 0, 0, 0, -1, 0, -1, 1, 0, 0], [-1, -1, -1, 0, 0, -1, 0, 0, 0, -1, 0, 1, -1, 0, 0], [-1, -1, -1, -1, 0, -1, 0, 0, 0, 0, 0, 1, -1, 0, 0], [-1, -1, 1, -1, 0, -1, 0, 0, 0, -1, 0, -1, -1, 0, 0], [0, 0, -1, 0, 0, -1, 0, 0, 0, 0, 0, 0, -1, 0, 0], [0, -1, 0, -1, 0, -1, 0, 0, 0, -1, 0, 0, -1, 0, 0], [0, -1, -1, 0, 0, -1, 0, 0, 0, 0, 0, -1, 0, 0, 0], [-1, 0, 0, 0, 0, -1, 0, 0, 0, 0, 0, -1, -1, 0, 0], [0, 0, -1, 0, 0, 0, 0, 0, 0, 0, 0, -1, -1, 0, 0], [0, 0, -1, 0, 0, 0, 0, 0, 0, -1, 0, -1, 0, 0, 0], [0, -1, 0, 0, 0, -1, 0, 0, 0, 0, 0, -1, -1, 0, 0], [-1, 0, 0, 0, 0, -1, 0, 0, 0, -1, 0, 0, -1, 0, 0], [-1, 0, -1, -1, 0, -1, 0, 0, 0, -1, 0, 1, -1, 0, 0], [-1, -1, -1, -1, 0, 0, 0, 0, 0, -1, 0, 1, -1, 0, 0], [-1, -1, -1, -1, 0, -1, 0, 0, 0, -1, 0, 1, 0, 0, 0], [0, 0, -1, 0, 0, 0, 0, 0, 0, -1, 0, 0, -1, 0, 0], [0, -1, -1, -1, 0, 0, 0, 0, 0, 0, 0, -1, 0, 0, 0], [-1, 0, -1, 0, 0, 0, 0, 0, 0, 0, 0, -1, 0, 0, 0], [-1, 0, -1, 0, 0, -1, 0, 0, 0, -1, 0, 0, 0, 0, 0], [-1, 0, -1, -1, 0, 0, 0, 0, 0, -1, 0, 0, 0, 0, 0], [-1, -1, -1, 0, 0, 0, 0, 0, 0, 0, 0, 0, -1, 0, 0]]
690 28 
 [[0, 0, 0, 0, 0, -1, 0, 0, 0, -1, 0, -1, -1, 0, 0], [-1, -1, -1, 0, 0, -1, 0, 0, 0, -1, 0, 1, -1, 0, 0], [-1, -1, -1, -1, 0, -1, 0, 0, 0, 0, 0, 1, -1, 0, 0], [0, 0, -1, 0, 0, -1, 0, 0, 0, 0, 0, 0, -1, 0, 0], [0, -1, 0, -1, 0, -1, 0, 0, 0, -1, 0, 0, -1, 0, 0], [-1, 0, 0, 0, 0, -1, 0, 0, 0, 0, 0, -1, -1, 0, 0], [0, 0, -1, 0, 0, 0, 0, 0, 0, 0, 0, -1, -1, 0, 0], [0, 0, -1, 0, 0, 0, 0, 0, 0, -1, 0, -1, 0, 0, 0], [0, -1, 0, 0, 0, -1, 0, 0, 0, 0, 0, -1, -1, 0, 0], [-1, 0, 0, 0, 0, -1, 0, 0, 0, -1, 0, 0, -1, 0, 0], [-1, 0, -1, -1, 0, -1, 0, 0, 0, -1, 0, 1, -1, 0, 0], [-1, -1, -1, -1, 0, 0, 0, 0, 0, -1, 0, 1, -1, 0, 0], [-1, -1, -1, -1, 0, -1, 0, 0, 0, -1, 0, 1, 0, 0, 0], [0, 0, -1, 0, 0, 0, 0, 0, 0, -1, 0, 0, -1, 0, 0], [-1, 0, -1, 0, 0, 0, 0, 0, 0, 0, 0, -1, 0, 0, 0], [-1, 0, -1, 0, 0, -1, 0, 0, 0, -1, 0, 0, 0, 0, 0], [-1, 0, -1, -1, 0, 0, 0, 0, 0, -1, 0, 0, 0, 0, 0], [-1, -1, -1, 0, 0, 0, 0, 0, 0, 0, 0, 0, -1, 0, 0], [-1, -1, 1, -1, 0, 0, 0, 0, 0, -1, 0, -1, -1, 0, 0], [-1, -1, 1, -1, 0, -1, 0, 0, 0, -1, 0, -1, 0, 0, 0], [-1, -1, -1, 0, 0, 0, 0, 0, 0, -1, 0, 0, 0, 0, 0], [-1, -1, -1, -1, 0, -1, 0, 0, 0, 0, 0, 0, 0, 0, 0], [-1, -1, -1, -1, 0, 1, 0, 0, 0, -1, 0, -1, -1, 0, 0], [0, 0, -1, -1, 0, -1, 0, 0, 0, 0, 0, -1, 0, 0, 0], [0, -1, -1, 0, 0, 0, 0, 0, 0, 0, 0, -1, 0, 0, 0], [-1, -1, 1, 0, 0, -1, 0, 0, 0, -1, 0, -1, -1, 0, 0], [0, 0, 0, -1, 0, -1, 0, 0, 0, 0, 0, -1, -1, 0, 0], [0, -1, -1, 0, 0, -1, 0, 0, 0, -1, 0, -1, 1, 0, 0]]
790 51 
 [[0, 0, -1, 0, 0, -1, 0, 0, 0, 0, 0, 0, -1, 0, 0], [0, 0, -1, 0, 0, 0, 0, 0, 0, 0, 0, -1, -1, 0, 0], [0, 0, -1, 0, 0, 0, 0, 0, 0, -1, 0, -1, 0, 0, 0], [0, 0, -1, 0, 0, 0, 0, 0, 0, -1, 0, 0, -1, 0, 0], [-1, 0, -1, 0, 0, 0, 0, 0, 0, 0, 0, -1, 0, 0, 0], [-1, 0, -1, 0, 0, -1, 0, 0, 0, -1, 0, 0, 0, 0, 0], [-1, 0, -1, -1, 0, 0, 0, 0, 0, -1, 0, 0, 0, 0, 0], [0, -1, -1, 0, 0, 0, 0, 0, 0, 0, 0, -1, 0, 0, 0], [0, 0, -1, 0, 0, -1, 0, 0, 0, 0, 0, -1, 0, 0, 0], [-1, 0, -1, -1, 0, 0, 0, 0, 0, 0, 0, 0, -1, 0, 0], [-1, -1, 1, -1, 0, 0, 0, 0, 0, -1, 0, -1, 0, 0, 0], [0, 0, 0, 0, 0, -1, 0, 0, 0, 0, 0, -1, -1, 0, 0], [1, -1, -1, -1, 0, -1, 0, 0, 0, -1, 0, -1, 0, 0, 0], [-1, -1, 0, -1, 0, 0, 0, 0, 0, -1, 0, -1, -1, 0, 0], [0, 0, 0, 0, 0, -1, 0, 0, 0, -1, 0, 0, -1, 0, 0], [0, 0, -1, 0, 0, -1, 0, 0, 0, -1, 0, -1, 1, 0, 0], [-1, 0, 0, 0, 0, -1, 0, 0, 0, 0, 0, 0, -1, 0, 0], [-1, 0, 1, -1, 0, -1, 0, 0, 0, -1, 0, -1, -1, 0, 0], [0, -1, -1, 0, 0, -1, 0, 0, 0, -1, 0, 0, 0, 0, 0], [0, -1, 0, 0, 0, -1, 0, 0, 0, -1, 0, -1, 1, 0, 0], [-1, 0, 0, -1, 0, -1, 0, 0, 0, -1, 0, -1, 1, 0, 0], [0, -1, -1, 0, 0, 0, 0, 0, 0, 0, 0, 0, -1, 0, 0], [0, -1, 0, 0, 0, -1, 0, 0, 0, 0, 0, 0, -1, 0, 0], [0, -1, -1, -1, 0, -1, 0, 0, 0, -1, 0, 0, 1, 0, 0], [0, -1, -1, 0, 0, -1, 0, 0, 0, 0, 0, -1, 1, 0, 0], [0, -1, -1, -1, 0, 1, 0, 0, 0, -1, 0, -1, 1, 0, 0], [-1, 0, -1, -1, 0, -1, 0, 0, 0, -1, 0, 0, 1, 0, 0], [-1, -1, -1, 0, 0, -1, 0, 0, 0, -1, 0, 0, 1, 0, 0], [-1, -1, 1, -1, 0, -1, 0, 0, 0, 0, 0, -1, 0, 0, 0], [-1, -1, -1, 0, 0, -1, 0, 0, 0, 0, 0, 1, -1, 0, 0], [-1, -1, -1, -1, 0, 0, 0, 0, 0, -1, 0, 1, 0, 0, 0], [0, -1, -1, 0, 0, -1, 0, 0, 0, -1, 0, 1, -1, 0, 0], [-1, 0, -1, 0, 0, -1, 0, 0, 0, -1, 0, 1, -1, 0, 0], [-1, -1, -1, -1, 0, -1, 0, 0, 0, 1, 0, -1, -1, 0, 0], [0, 0, -1, -1, 0, 0, 0, 0, 0, 0, 0, -1, 0, 0, 0], [-1, 0, -1, -1, 0, -1, 0, 0, 0, 0, 0, 0, 0, 0, 0], [0, -1, -1, -1, 0, 0, 0, 0, 0, -1, 0, 0, 0, 0, 0], [-1, -1, -1, 0, 0, 0, 0, 0, 0, 0, 0, 0, 0, 0, 0], [-1, 0, -1, -1, 0, 1, 0, 0, 0, 0, 0, -1, -1, 0, 0], [-1, -1, 0, -1, 0, -1, 0, 0, 0, -1, 0, -1, 0, 0, 0], [-1, -1, -1, -1, 0, -1, 0, 0, 0, 0, 0, 1, 0, 0, 0], [0, 0, -1, 0, 0, 1, 0, 0, 0, -1, 0, -1, -1, 0, 0], [-1, -1, 1, 0, 0, -1, 0, 0, 0, -1, 0, -1, 0, 0, 0], [0, 0, -1, -1, 0, -1, 0, 0, 0, -1, 0, 0, 0, 0, 0], [0, -1, 0, 0, 0, 1, 0, 0, 0, -1, 0, -1, -1, 0, 0], [0, -1, -1, 0, 0, 1, 0, 0, 0, 0, 0, -1, -1, 0, 0], [0, -1, -1, -1, 0, 1, 0, 0, 0, -1, 0, 0, -1, 0, 0], [0, -1, -1, -1, 0, -1, 0, 0, 0, 0, 0, 0, 0, 0, 0], [-1, 0, 0, -1, 0, 1, 0, 0, 0, -1, 0, -1, -1, 0, 0], [-1, 0, -1, -1, 0, 1, 0, 0, 0, -1, 0, 0, -1, 0, 0], [-1, -1, -1, 0, 0, 1, 0, 0, 0, -1, 0, 0, -1, 0, 0]]
890 47 
 [[0, 0, -1, 0, 0, -1, 0, 0, 0, 0, 0, 0, -1, 0, 0], [0, 0, -1, 0, 0, 0, 0, 0, 0, 0, 0, -1, -1, 0, 0], [0, 0, -1, 0, 0, 0, 0, 0, 0, -1, 0, -1, 0, 0, 0], [0, 0, -1, 0, 0, 0, 0, 0, 0, -1, 0, 0, -1, 0, 0], [-1, 0, -1, 0, 0, 0, 0, 0, 0, 0, 0, -1, 0, 0, 0], [-1, 0, -1, 0, 0, -1, 0, 0, 0, -1, 0, 0, 0, 0, 0], [-1, 0, -1, -1, 0, 0, 0, 0, 0, -1, 0, 0, 0, 0, 0], [0, -1, -1, 0, 0, 0, 0, 0, 0, 0, 0, -1, 0, 0, 0], [0, 0, -1, 0, 0, -1, 0, 0, 0, 0, 0, -1, 0, 0, 0], [-1, 0, -1, -1, 0, 0, 0, 0, 0, 0, 0, 0, -1, 0, 0], [-1, -1, 1, -1, 0, 0, 0, 0, 0, -1, 0, -1, 0, 0, 0], [0, 0, 0, 0, 0, -1, 0, 0, 0, 0, 0, -1, -1, 0, 0], [1, -1, -1, -1, 0, -1, 0, 0, 0, -1, 0, -1, 0, 0, 0], [-1, -1, 0, -1, 0, 0, 0, 0, 0, -1, 0, -1, -1, 0, 0], [0, 0, 0, 0, 0, -1, 0, 0, 0, -1, 0, 0, -1, 0, 0], [0, 0, -1, 0, 0, -1, 0, 0, 0, -1, 0, -1, 1, 0, 0], [-1, 0, 0, 0, 0, -1, 0, 0, 0, 0, 0, 0, -1, 0, 0], [-1, 0, 1, -1, 0, -1, 0, 0, 0, -1, 0, -1, -1, 0, 0], [0, -1, -1, 0, 0, -1, 0, 0, 0, -1, 0, 0, 0, 0, 0], [-1, -1, -1, -1, 0, 1, 0, 0, 0, -1, 0, 0, -1, 0, 0], [0, -1, 0, 0, 0, -1, 0, 0, 0, -1, 0, -1, 1, 0, 0], [0, -1, 0, -1, 0, 1, 0, 0, 0, -1, 0, -1, -1, 0, 0], [-1, 0, 0, -1, 0, -1, 0, 0, 0, -1, 0, -1, 1, 0, 0], [0, -1, -1, 0, 0, 0, 0, 0, 0, 0, 0, 0, -1, 0, 0], [0, -1, 0, 0, 0, -1, 0, 0, 0, 0, 0, 0, -1, 0, 0], [0, -1, -1, -1, 0, -1, 0, 0, 0, -1, 0, 0, 1, 0, 0], [-1, -1, 0, 0, 0, 1, 0, 0, 0, -1, 0, -1, -1, 0, 0], [-1, -1, -1, 0, 0, 1, 0, 0, 0, 0, 0, -1, -1, 0, 0], [0, -1, -1, 0, 0, -1, 0, 0, 0, 0, 0, -1, 1, 0, 0], [0, -1, -1, -1, 0, 1, 0, 0, 0, -1, 0, -1, 1, 0, 0], [-1, 0, -1, -1, 0, -1, 0, 0, 0, -1, 0, 0, 1, 0, 0], [-1, -1, -1, 0, 0, -1, 0, 0, 0, -1, 0, 0, 1, 0, 0], [-1, -1, 1, -1, 0, -1, 0, 0, 0, 0, 0, -1, 0, 0, 0], [-1, -1, -1, 0, 0, -1, 0, 0, 0, 0, 0, 1, -1, 0, 0], [-1, -1, -1, -1, 0, 0, 0, 0, 0, -1, 0, 1, 0, 0, 0], [0, -1, -1, 0, 0, -1, 0, 0, 0, -1, 0, 1, -1, 0, 0], [-1, 0, -1, 0, 0, -1, 0, 0, 0, -1, 0, 1, -1, 0, 0], [-1, -1, -1, -1, 0, -1, 0, 0, 0, 1, 0, -1, -1, 0, 0], [0, 0, -1, -1, 0, 0, 0, 0, 0, 0, 0, -1, 0, 0, 0], [-1, 0, -1, -1, 0, -1, 0, 0, 0, 0, 0, 0, 0, 0, 0], [0, -1, -1, -1, 0, 0, 0, 0, 0, -1, 0, 0, 0, 0, 0], [-1, -1, -1, 0, 0, 0, 0, 0, 0, 0, 0, 0, 0, 0, 0], [-1, 0, -1, -1, 0, 1, 0, 0, 0, 0, 0, -1, -1, 0, 0], [-1, -1, 0, -1, 0, -1, 0, 0, 0, -1, 0, -1, 0, 0, 0], [-1, -1, -1, -1, 0, -1, 0, 0, 0, 0, 0, 1, 0, 0, 0], [0, 0, -1, 0, 0, 1, 0, 0, 0, -1, 0, -1, -1, 0, 0], [-1, -1, 1, 0, 0, -1, 0, 0, 0, -1, 0, -1, 0, 0, 0]]
990 49 
 [[0, 0, -1, 0, 0, 0, 0, 0, 0, -1, 0, 0, -1, 0, 0], [-1, 0, -1, -1, 0, 0, 0, 0, 0, -1, 0, 0, 0, 0, 0], [-1, -1, 1, -1, 0, 0, 0, 0, 0, -1, 0, -1, 0, 0, 0], [1, -1, -1, -1, 0, -1, 0, 0, 0, -1, 0, -1, 0, 0, 0], [0, 0, -1, 0, 0, -1, 0, 0, 0, -1, 0, -1, 1, 0, 0], [-1, 0, 1, -1, 0, -1, 0, 0, 0, -1, 0, -1, -1, 0, 0], [0, -1, 0, 0, 0, -1, 0, 0, 0, -1, 0, -1, 1, 0, 0], [0, -1, -1, 0, 0, 0, 0, 0, 0, 0, 0, 0, -1, 0, 0], [0, -1, -1, 0, 0, -1, 0, 0, 0, 0, 0, -1, 1, 0, 0], [-1, -1, 1, -1, 0, -1, 0, 0, 0, 0, 0, -1, 0, 0, 0], [-1, -1, -1, 0, 0, -1, 0, 0, 0, 0, 0, 1, -1, 0, 0], [-1, -1, -1, -1, 0, 0, 0, 0, 0, -1, 0, 1, 0, 0, 0], [0, -1, -1, 0, 0, -1, 0, 0, 0, -1, 0, 1, -1, 0, 0], [-1, 0, -1, 0, 0, -1, 0, 0, 0, -1, 0, 1, -1, 0, 0], [-1, 0, -1, -1, 0, -1, 0, 0, 0, 0, 0, 0, 0, 0, 0], [-1, -1, -1, 0, 0, 0, 0, 0, 0, 0, 0, 0, 0, 0, 0], [-1, -1, -1, -1, 0, -1, 0, 0, 0, 0, 0, 1, 0, 0, 0], [0, 0, -1, 0, 0, 1, 0, 0, 0, -1, 0, -1, -1, 0, 0], [-1, -1, 1, 0, 0, -1, 0, 0, 0, -1, 0, -1, 0, 0, 0], [0, -1, 0, 0, 0, 1, 0, 0, 0, -1, 0, -1, -1, 0, 0], [0, -1, -1, 0, 0, 1, 0, 0, 0, 0, 0, -1, -1, 0, 0], [0, -1, -1, -1, 0, 1, 0, 0, 0, -1, 0, 0, -1, 0, 0], [-1, 0, -1, -1, 0, 1, 0, 0, 0, -1, 0, 0, -1, 0, 0], [-1, -1, -1, 0, 0, 1, 0, 0, 0, -1, 0, 0, -1, 0, 0], [0, 0, -1, 0, 0, 0, 0, 0, 0, 0, 0, -1, 0, 0, 0], [-1, 0, -1, -1, 0, -1, 0, 0, 0, -1, 0, 1, 0, 0, 0], [0, 0, 0, -1, 0, -1, 0, 0, 0, -1, 0, -1, 1, 0, 0], [0, -1, -1, 0, 0, -1, 0, 0, 0, -1, 0, 0, 1, 0, 0], [-1, 0, -1, 0, 0, 1, 0, 0, 0, 0, 0, -1, -1, 0, 0], [0, 0, -1, -1, 0, -1, 0, 0, 0, -1, 0, 0, 1, 0, 0], [0, -1, -1, 0, 0, 1, 0, 0, 0, -1, 0, -1, 1, 0, 0], [-1, 0, -1, -1, 0, -1, 0, 0, 0, 1, 0, -1, -1, 0, 0], [0, 0, 0, -1, 0, 1, 0, 0, 0, -1, 0, -1, -1, 0, 0], [-1, 0, 0, 0, 0, 1, 0, 0, 0, -1, 0, -1, -1, 0, 0], [-1, 0, 0, 0, 0, -1, 0, 0, 0, -1, 0, -1, 1, 0, 0], [-1, 0, -1, -1, 0, 1, 0, 0, 0, -1, 0, -1, 1, 0, 0], [-1, 0, -1, -1, 0, -1, 0, 0, 0, 0, 0, 1, -1, 0, 0], [-1, 0, -1, -1, 0, -1, 0, 0, 0, 0, 0, -1, 1, 0, 0], [-1, -1, 0, -1, 0, 1, 0, 0, 0, -1, 0, -1, 1, 0, 0], [-1, -1, -1, 0, 0, -1, 0, 0, 0, -1, 0, 1, 0, 0, 0], [0, 0, 0, 0, 0, -1, 0, 0, 0, 0, 0, 0, -1, 0, 0], [0, 0, -1, 0, 0, -1, 0, 0, 0, -1, 0, 0, 0, 0, 0], [0, -1, -1, 0, 0, 0, 0, 0, 0, -1, 0, 0, 0, 0, 0], [0, -1, -1, 0, 0, -1, 0, 0, 0, 0, 0, 0, 0, 0, 0], [-1, 0, 0, -1, 0, 0, 0, 0, 0, -1, 0, -1, -1, 0, 0], [-1, 0, 0, -1, 0, -1, 0, 0, 0, -1, 0, -1, 0, 0, 0], [-1, 0, -1, 0, 0, 0, 0, 0, 0, 0, 0, 0, -1, 0, 0], [-1, -1, 0, 0, 0, 0, 0, 0, 0, -1, 0, -1, -1, 0, 0], [-1, -1, 0, 0, 0, -1, 0, 0, 0, -1, 0, -1, 0, 0, 0]]
