execution time
50 0.057129859924316406 0.16063213348388672
100 0.05824089050292969 0.24502992630004883
200 0.07622385025024414 0.307114839553833
300 0.059374094009399414 0.2951061725616455
400 0.06616687774658203 0.3347959518432617
500 0.06532597541809082 0.3532898426055908
600 0.06153106689453125 0.3561527729034424
700 0.05629587173461914 0.358593225479126
800 0.06190013885498047 0.43207502365112305
900 0.06520700454711914 0.41385722160339355
1000 0.05643415451049805 0.43108606338500977
1200 0.05789685249328613 0.4622840881347656
1300 0.06580400466918945 0.5244102478027344
1400 0.06936907768249512 0.5173900127410889
1500 0.062297821044921875 0.5346090793609619
1600 0.06554412841796875 0.554739236831665
1700 0.06950783729553223 0.586292028427124
1800 0.06351900100708008 0.593325138092041
1900 0.06625103950500488 0.6382880210876465
2000 0.06562185287475586 0.5979750156402588


number of patterns visited
50 1803 5129
100 2123 5999
200 2133 6555
300 2145 6990
400 2254 7114
500 2238 7174
600 2237 7198
700 2248 7214
800 2242 7228
900 2243 7246
1000 2250 7258
1200 2223 7294
1300 2254 7294
1400 2236 7294
1500 2243 7300
1600 2239 7300
1700 2236 7300
1800 2251 7300
1900 2251 7300
2000 2253 7300


number of patterns found, lowerbound
50 11 
 [[0, 1, -1, -1], [0, -1, 1, -1], [0, -1, -1, 1], [1, -1, -1, -1], [-1, 0, 1, -1], [-1, 1, 0, -1], [-1, 1, 1, -1], [-1, -1, 0, 1], [-1, -1, 1, 0], [-1, -1, 1, 1], [-1, -1, 2, -1]]
100 7 
 [[1, -1, -1, -1], [-1, 0, 1, -1], [-1, -1, 1, 0], [-1, -1, 2, -1], [-1, 1, -1, -1], [-1, -1, -1, 1], [0, -1, 1, -1]]
200 10 
 [[0, 1, -1, -1], [0, -1, -1, 1], [1, -1, -1, -1], [-1, 0, 1, -1], [-1, 1, 0, -1], [-1, 1, 1, -1], [-1, -1, 0, 1], [-1, -1, 1, 0], [-1, -1, 1, 1], [-1, -1, 2, -1]]
300 10 
 [[0, 1, -1, -1], [0, -1, -1, 1], [1, -1, -1, -1], [-1, 0, 1, -1], [-1, 1, 0, -1], [-1, 1, 1, -1], [-1, -1, 0, 1], [-1, -1, 1, 0], [-1, -1, 1, 1], [-1, -1, 2, -1]]
400 10 
 [[0, 1, -1, -1], [0, -1, -1, 1], [1, -1, -1, -1], [-1, 0, 1, -1], [-1, 1, 0, -1], [-1, 1, 1, -1], [-1, -1, 0, 1], [-1, -1, 1, 0], [-1, -1, 1, 1], [-1, -1, 2, -1]]
500 10 
 [[0, 1, -1, -1], [0, -1, -1, 1], [1, -1, -1, -1], [-1, 0, 1, -1], [-1, 1, 0, -1], [-1, 1, 1, -1], [-1, -1, 0, 1], [-1, -1, 1, 0], [-1, -1, 1, 1], [-1, -1, 2, -1]]
600 10 
 [[0, 1, -1, -1], [0, -1, -1, 1], [1, -1, -1, -1], [-1, 0, 1, -1], [-1, 1, 0, -1], [-1, 1, 1, -1], [-1, -1, 0, 1], [-1, -1, 1, 0], [-1, -1, 1, 1], [-1, -1, 2, -1]]
700 10 
 [[0, 1, -1, -1], [0, -1, -1, 1], [1, -1, -1, -1], [-1, 0, 1, -1], [-1, 1, 0, -1], [-1, 1, 1, -1], [-1, -1, 0, 1], [-1, -1, 1, 0], [-1, -1, 1, 1], [-1, -1, 2, -1]]
800 10 
 [[0, 1, -1, -1], [0, -1, -1, 1], [1, -1, -1, -1], [-1, 0, 1, -1], [-1, 1, 0, -1], [-1, 1, 1, -1], [-1, -1, 0, 1], [-1, -1, 1, 0], [-1, -1, 1, 1], [-1, -1, 2, -1]]
900 10 
 [[0, 1, -1, -1], [0, -1, -1, 1], [1, -1, -1, -1], [-1, 0, 1, -1], [-1, 1, 0, -1], [-1, 1, 1, -1], [-1, -1, 0, 1], [-1, -1, 1, 0], [-1, -1, 1, 1], [-1, -1, 2, -1]]
1000 10 
 [[0, 1, -1, -1], [0, -1, -1, 1], [1, -1, -1, -1], [-1, 0, 1, -1], [-1, 1, 0, -1], [-1, 1, 1, -1], [-1, -1, 0, 1], [-1, -1, 1, 0], [-1, -1, 1, 1], [-1, -1, 2, -1]]
1200 10 
 [[0, 1, -1, -1], [0, -1, -1, 1], [1, -1, -1, -1], [-1, 0, 1, -1], [-1, 1, 0, -1], [-1, 1, 1, -1], [-1, -1, 0, 1], [-1, -1, 1, 0], [-1, -1, 1, 1], [-1, -1, 2, -1]]
1300 10 
 [[0, 1, -1, -1], [0, -1, -1, 1], [1, -1, -1, -1], [-1, 0, 1, -1], [-1, 1, 0, -1], [-1, 1, 1, -1], [-1, -1, 0, 1], [-1, -1, 1, 0], [-1, -1, 1, 1], [-1, -1, 2, -1]]
1400 10 
 [[0, 1, -1, -1], [0, -1, -1, 1], [1, -1, -1, -1], [-1, 0, 1, -1], [-1, 1, 0, -1], [-1, 1, 1, -1], [-1, -1, 0, 1], [-1, -1, 1, 0], [-1, -1, 1, 1], [-1, -1, 2, -1]]
1500 10 
 [[0, 1, -1, -1], [0, -1, -1, 1], [1, -1, -1, -1], [-1, 0, 1, -1], [-1, 1, 0, -1], [-1, 1, 1, -1], [-1, -1, 0, 1], [-1, -1, 1, 0], [-1, -1, 1, 1], [-1, -1, 2, -1]]
1600 10 
 [[0, 1, -1, -1], [0, -1, -1, 1], [1, -1, -1, -1], [-1, 0, 1, -1], [-1, 1, 0, -1], [-1, 1, 1, -1], [-1, -1, 0, 1], [-1, -1, 1, 0], [-1, -1, 1, 1], [-1, -1, 2, -1]]
1700 10 
 [[0, 1, -1, -1], [0, -1, -1, 1], [1, -1, -1, -1], [-1, 0, 1, -1], [-1, 1, 0, -1], [-1, 1, 1, -1], [-1, -1, 0, 1], [-1, -1, 1, 0], [-1, -1, 1, 1], [-1, -1, 2, -1]]
1800 10 
 [[0, 1, -1, -1], [0, -1, -1, 1], [1, -1, -1, -1], [-1, 0, 1, -1], [-1, 1, 0, -1], [-1, 1, 1, -1], [-1, -1, 0, 1], [-1, -1, 1, 0], [-1, -1, 1, 1], [-1, -1, 2, -1]]
1900 10 
 [[0, 1, -1, -1], [0, -1, -1, 1], [1, -1, -1, -1], [-1, 0, 1, -1], [-1, 1, 0, -1], [-1, 1, 1, -1], [-1, -1, 0, 1], [-1, -1, 1, 0], [-1, -1, 1, 1], [-1, -1, 2, -1]]
2000 10 
 [[0, 1, -1, -1], [0, -1, -1, 1], [1, -1, -1, -1], [-1, 0, 1, -1], [-1, 1, 0, -1], [-1, 1, 1, -1], [-1, -1, 0, 1], [-1, -1, 1, 0], [-1, -1, 1, 1], [-1, -1, 2, -1]]


number of patterns found, upperbound
50 8 
 [[0, 0, 0, 0], [0, 0, 2, 0], [0, 1, 0, 1], [0, 1, 1, 1], [1, 0, 0, 0], [1, -1, 1, -1], [-1, 0, 1, 0], [1, 1, -1, 1]]
100 10 
 [[0, 0, 0, 0], [0, 0, 1, 0], [0, 0, 2, 0], [0, 1, 0, 1], [0, 1, 1, 1], [1, 0, 0, 0], [1, 0, 1, 0], [1, 1, 1, 1], [1, -1, 2, -1], [-1, 1, 2, 1]]
200 10 
 [[0, 0, 0, 0], [0, 0, 1, 0], [0, 0, 2, 0], [0, 1, 0, 1], [0, 1, 1, 1], [0, 1, 2, 1], [1, 0, 0, 0], [1, 0, 1, 0], [1, 1, 1, 1], [1, -1, 2, -1]]
300 10 
 [[0, 0, 0, 0], [0, 0, 1, 0], [0, 0, 2, 0], [0, 1, 0, 1], [0, 1, 1, 1], [0, 1, 2, 1], [1, 0, 0, 0], [1, 0, 1, 0], [1, 1, 1, 1], [1, -1, 2, -1]]
400 11 
 [[0, 0, 0, 0], [0, 0, 1, 0], [0, 0, 2, 0], [0, 1, 0, 1], [0, 1, 1, 1], [0, 1, 2, 1], [1, 0, 0, 0], [1, 0, 1, 0], [1, 1, 0, 1], [1, 1, 1, 1], [1, -1, 2, -1]]
500 11 
 [[0, 0, 0, 0], [0, 0, 1, 0], [0, 0, 2, 0], [0, 1, 0, 1], [0, 1, 1, 1], [0, 1, 2, 1], [1, 0, 0, 0], [1, 0, 1, 0], [1, 1, 0, 1], [1, 1, 1, 1], [1, -1, 2, -1]]
600 11 
 [[0, 0, 0, 0], [0, 0, 1, 0], [0, 0, 2, 0], [0, 1, 0, 1], [0, 1, 1, 1], [0, 1, 2, 1], [1, 0, 0, 0], [1, 0, 1, 0], [1, 1, 0, 1], [1, 1, 1, 1], [1, -1, 2, -1]]
700 11 
 [[0, 0, 0, 0], [0, 0, 1, 0], [0, 0, 2, 0], [0, 1, 0, 1], [0, 1, 1, 1], [0, 1, 2, 1], [1, 0, 0, 0], [1, 0, 1, 0], [1, 1, 0, 1], [1, 1, 1, 1], [1, -1, 2, -1]]
800 11 
 [[0, 0, 0, 0], [0, 0, 1, 0], [0, 0, 2, 0], [0, 1, 0, 1], [0, 1, 1, 1], [0, 1, 2, 1], [1, 0, 0, 0], [1, 0, 1, 0], [1, 1, 0, 1], [1, 1, 1, 1], [1, -1, 2, -1]]
900 11 
 [[0, 0, 0, 0], [0, 0, 1, 0], [0, 0, 2, 0], [0, 1, 0, 1], [0, 1, 1, 1], [0, 1, 2, 1], [1, 0, 0, 0], [1, 0, 1, 0], [1, 1, 0, 1], [1, 1, 1, 1], [1, -1, 2, -1]]
1000 11 
 [[0, 0, 0, 0], [0, 0, 1, 0], [0, 0, 2, 0], [0, 1, 0, 1], [0, 1, 1, 1], [0, 1, 2, 1], [1, 0, 0, 0], [1, 0, 1, 0], [1, 1, 0, 1], [1, 1, 1, 1], [1, -1, 2, -1]]
1200 11 
 [[0, 0, 0, 0], [0, 0, 1, 0], [0, 0, 2, 0], [0, 1, 0, 1], [0, 1, 1, 1], [0, 1, 2, 1], [1, 0, 0, 0], [1, 0, 1, 0], [1, 1, 0, 1], [1, 1, 1, 1], [1, -1, 2, -1]]
1300 11 
 [[0, 0, 0, 0], [0, 0, 1, 0], [0, 0, 2, 0], [0, 1, 0, 1], [0, 1, 1, 1], [0, 1, 2, 1], [1, 0, 0, 0], [1, 0, 1, 0], [1, 1, 0, 1], [1, 1, 1, 1], [1, -1, 2, -1]]
1400 11 
 [[0, 0, 0, 0], [0, 0, 1, 0], [0, 0, 2, 0], [0, 1, 0, 1], [0, 1, 1, 1], [0, 1, 2, 1], [1, 0, 0, 0], [1, 0, 1, 0], [1, 1, 0, 1], [1, 1, 1, 1], [1, -1, 2, -1]]
1500 11 
 [[0, 0, 0, 0], [0, 0, 1, 0], [0, 0, 2, 0], [0, 1, 0, 1], [0, 1, 1, 1], [0, 1, 2, 1], [1, 0, 0, 0], [1, 0, 1, 0], [1, 1, 0, 1], [1, 1, 1, 1], [1, -1, 2, -1]]
1600 11 
 [[0, 0, 0, 0], [0, 0, 1, 0], [0, 0, 2, 0], [0, 1, 0, 1], [0, 1, 1, 1], [0, 1, 2, 1], [1, 0, 0, 0], [1, 0, 1, 0], [1, 1, 0, 1], [1, 1, 1, 1], [1, -1, 2, -1]]
1700 11 
 [[0, 0, 0, 0], [0, 0, 1, 0], [0, 0, 2, 0], [0, 1, 0, 1], [0, 1, 1, 1], [0, 1, 2, 1], [1, 0, 0, 0], [1, 0, 1, 0], [1, 1, 0, 1], [1, 1, 1, 1], [1, -1, 2, -1]]
1800 11 
 [[0, 0, 0, 0], [0, 0, 1, 0], [0, 0, 2, 0], [0, 1, 0, 1], [0, 1, 1, 1], [0, 1, 2, 1], [1, 0, 0, 0], [1, 0, 1, 0], [1, 1, 0, 1], [1, 1, 1, 1], [1, -1, 2, -1]]
1900 11 
 [[0, 0, 0, 0], [0, 0, 1, 0], [0, 0, 2, 0], [0, 1, 0, 1], [0, 1, 1, 1], [0, 1, 2, 1], [1, 0, 0, 0], [1, 0, 1, 0], [1, 1, 0, 1], [1, 1, 1, 1], [1, -1, 2, -1]]
2000 11 
 [[0, 0, 0, 0], [0, 0, 1, 0], [0, 0, 2, 0], [0, 1, 0, 1], [0, 1, 1, 1], [0, 1, 2, 1], [1, 0, 0, 0], [1, 0, 1, 0], [1, 1, 0, 1], [1, 1, 1, 1], [1, -1, 2, -1]]
