execution time
40 0.13080883026123047 0.4691190719604492
90 0.21257495880126953 1.6973462104797363
190 0.40190696716308594 6.430859804153442
290 0.7536749839782715 11.774773120880127
390 1.0245769023895264 19.247297048568726
490 1.1799209117889404 26.539777994155884
590 1.497035026550293 35.00686693191528
690 1.6623239517211914 45.56950092315674
790 1.8268868923187256 54.115307092666626
890 2.4324991703033447 63.103317975997925
990 2.592477321624756 71.44181728363037


number of patterns visited
40 2603 15390
90 7398 63895
190 18364 220356
290 29358 441106
390 41432 718545
490 53429 1028083
590 65696 1369433
690 78039 1732928
790 90182 2115936
890 102615 2516048
990 114786 2939813


number of patterns found, lowerbound
40 13 
 [[0, -1, -1, -1, -1, -1, -1], [1, -1, -1, -1, -1, -1, -1], [-1, 1, -1, -1, -1, -1, -1], [-1, -1, 0, -1, -1, -1, -1], [-1, -1, 1, -1, -1, -1, -1], [-1, -1, 2, -1, -1, -1, -1], [-1, -1, -1, 0, -1, -1, -1], [-1, -1, -1, 1, -1, -1, -1], [-1, -1, -1, 2, -1, -1, -1], [-1, -1, -1, 4, -1, -1, -1], [-1, -1, -1, 6, -1, -1, -1], [-1, -1, -1, -1, -1, 0, -1], [-1, -1, -1, -1, -1, 1, -1]]
90 13 
 [[0, -1, -1, -1, -1, -1, -1], [1, -1, -1, -1, -1, -1, -1], [-1, 1, -1, -1, -1, -1, -1], [-1, -1, 0, -1, -1, -1, -1], [-1, -1, 1, -1, -1, -1, -1], [-1, -1, 2, -1, -1, -1, -1], [-1, -1, -1, 0, -1, -1, -1], [-1, -1, -1, 1, -1, -1, -1], [-1, -1, -1, 2, -1, -1, -1], [-1, -1, -1, 4, -1, -1, -1], [-1, -1, -1, 6, -1, -1, -1], [-1, -1, -1, -1, -1, 0, -1], [-1, -1, -1, -1, -1, 1, -1]]
190 13 
 [[0, -1, -1, -1, -1, -1, -1], [1, -1, -1, -1, -1, -1, -1], [-1, 1, -1, -1, -1, -1, -1], [-1, -1, 0, -1, -1, -1, -1], [-1, -1, 1, -1, -1, -1, -1], [-1, -1, 2, -1, -1, -1, -1], [-1, -1, -1, 0, -1, -1, -1], [-1, -1, -1, 1, -1, -1, -1], [-1, -1, -1, 2, -1, -1, -1], [-1, -1, -1, 4, -1, -1, -1], [-1, -1, -1, 6, -1, -1, -1], [-1, -1, -1, -1, -1, 0, -1], [-1, -1, -1, -1, -1, 1, -1]]
290 13 
 [[0, -1, -1, -1, -1, -1, -1], [1, -1, -1, -1, -1, -1, -1], [-1, 1, -1, -1, -1, -1, -1], [-1, -1, 0, -1, -1, -1, -1], [-1, -1, 1, -1, -1, -1, -1], [-1, -1, 2, -1, -1, -1, -1], [-1, -1, -1, 0, -1, -1, -1], [-1, -1, -1, 1, -1, -1, -1], [-1, -1, -1, 2, -1, -1, -1], [-1, -1, -1, 4, -1, -1, -1], [-1, -1, -1, 6, -1, -1, -1], [-1, -1, -1, -1, -1, 0, -1], [-1, -1, -1, -1, -1, 1, -1]]
390 13 
 [[0, -1, -1, -1, -1, -1, -1], [1, -1, -1, -1, -1, -1, -1], [-1, 1, -1, -1, -1, -1, -1], [-1, -1, 0, -1, -1, -1, -1], [-1, -1, 1, -1, -1, -1, -1], [-1, -1, 2, -1, -1, -1, -1], [-1, -1, -1, 0, -1, -1, -1], [-1, -1, -1, 1, -1, -1, -1], [-1, -1, -1, 2, -1, -1, -1], [-1, -1, -1, 4, -1, -1, -1], [-1, -1, -1, 6, -1, -1, -1], [-1, -1, -1, -1, -1, 0, -1], [-1, -1, -1, -1, -1, 1, -1]]
490 13 
 [[0, -1, -1, -1, -1, -1, -1], [1, -1, -1, -1, -1, -1, -1], [-1, 1, -1, -1, -1, -1, -1], [-1, -1, 0, -1, -1, -1, -1], [-1, -1, 1, -1, -1, -1, -1], [-1, -1, 2, -1, -1, -1, -1], [-1, -1, -1, 0, -1, -1, -1], [-1, -1, -1, 1, -1, -1, -1], [-1, -1, -1, 2, -1, -1, -1], [-1, -1, -1, 4, -1, -1, -1], [-1, -1, -1, 6, -1, -1, -1], [-1, -1, -1, -1, -1, 0, -1], [-1, -1, -1, -1, -1, 1, -1]]
590 13 
 [[0, -1, -1, -1, -1, -1, -1], [1, -1, -1, -1, -1, -1, -1], [-1, 1, -1, -1, -1, -1, -1], [-1, -1, 0, -1, -1, -1, -1], [-1, -1, 1, -1, -1, -1, -1], [-1, -1, 2, -1, -1, -1, -1], [-1, -1, -1, 0, -1, -1, -1], [-1, -1, -1, 1, -1, -1, -1], [-1, -1, -1, 2, -1, -1, -1], [-1, -1, -1, 4, -1, -1, -1], [-1, -1, -1, 6, -1, -1, -1], [-1, -1, -1, -1, -1, 0, -1], [-1, -1, -1, -1, -1, 1, -1]]
690 13 
 [[0, -1, -1, -1, -1, -1, -1], [1, -1, -1, -1, -1, -1, -1], [-1, 1, -1, -1, -1, -1, -1], [-1, -1, 0, -1, -1, -1, -1], [-1, -1, 1, -1, -1, -1, -1], [-1, -1, 2, -1, -1, -1, -1], [-1, -1, -1, 0, -1, -1, -1], [-1, -1, -1, 1, -1, -1, -1], [-1, -1, -1, 2, -1, -1, -1], [-1, -1, -1, 4, -1, -1, -1], [-1, -1, -1, 6, -1, -1, -1], [-1, -1, -1, -1, -1, 0, -1], [-1, -1, -1, -1, -1, 1, -1]]
790 13 
 [[0, -1, -1, -1, -1, -1, -1], [1, -1, -1, -1, -1, -1, -1], [-1, 1, -1, -1, -1, -1, -1], [-1, -1, 0, -1, -1, -1, -1], [-1, -1, 1, -1, -1, -1, -1], [-1, -1, 2, -1, -1, -1, -1], [-1, -1, -1, 0, -1, -1, -1], [-1, -1, -1, 1, -1, -1, -1], [-1, -1, -1, 2, -1, -1, -1], [-1, -1, -1, 4, -1, -1, -1], [-1, -1, -1, 6, -1, -1, -1], [-1, -1, -1, -1, -1, 0, -1], [-1, -1, -1, -1, -1, 1, -1]]
890 13 
 [[0, -1, -1, -1, -1, -1, -1], [1, -1, -1, -1, -1, -1, -1], [-1, 1, -1, -1, -1, -1, -1], [-1, -1, 0, -1, -1, -1, -1], [-1, -1, 1, -1, -1, -1, -1], [-1, -1, 2, -1, -1, -1, -1], [-1, -1, -1, 0, -1, -1, -1], [-1, -1, -1, 1, -1, -1, -1], [-1, -1, -1, 2, -1, -1, -1], [-1, -1, -1, 4, -1, -1, -1], [-1, -1, -1, 6, -1, -1, -1], [-1, -1, -1, -1, -1, 0, -1], [-1, -1, -1, -1, -1, 1, -1]]
990 13 
 [[0, -1, -1, -1, -1, -1, -1], [1, -1, -1, -1, -1, -1, -1], [-1, 1, -1, -1, -1, -1, -1], [-1, -1, 0, -1, -1, -1, -1], [-1, -1, 1, -1, -1, -1, -1], [-1, -1, 2, -1, -1, -1, -1], [-1, -1, -1, 0, -1, -1, -1], [-1, -1, -1, 1, -1, -1, -1], [-1, -1, -1, 2, -1, -1, -1], [-1, -1, -1, 4, -1, -1, -1], [-1, -1, -1, 6, -1, -1, -1], [-1, -1, -1, -1, -1, 0, -1], [-1, -1, -1, -1, -1, 1, -1]]


number of patterns found, upperbound
40 0 
 []
90 3 
 [[0, 0, -1, 0, 0, -1, 0], [-1, 0, -1, -1, 0, 0, 0], [-1, -1, -1, 0, 0, 0, 0]]
190 8 
 [[0, 0, 0, 0, 0, -1, 0], [0, 0, -1, 0, 0, 0, 0], [-1, 0, 1, -1, 0, -1, 0], [-1, -1, 0, -1, 0, 1, 0], [-1, -1, 1, 0, 0, -1, 0], [-1, -1, 1, -1, 0, 0, 0], [0, 0, -1, 0, 0, 1, 0], [1, -1, -1, -1, 0, -1, 0]]
290 10 
 [[0, 0, -1, 0, 0, 0, 0], [-1, 0, 1, 0, 0, -1, 0], [-1, 0, 1, -1, 0, 0, 0], [-1, -1, 1, 0, 0, 0, 0], [0, 0, 0, 0, 0, 1, 0], [0, -1, 1, 0, 0, -1, 0], [-1, 0, 0, -1, 0, 0, 0], [0, 0, 1, -1, 0, -1, 0], [-1, -1, 0, 0, 0, 0, 0], [1, 0, -1, -1, 0, 0, 0]]
390 10 
 [[0, 0, 0, 0, 0, 1, 0], [1, 0, -1, -1, 0, 0, 0], [0, 0, 1, 0, 0, -1, 0], [1, -1, -1, 0, 0, -1, 0], [-1, 0, 1, 0, 0, 0, 0], [0, 0, 0, 0, 0, 0, 0], [-1, -1, 2, -1, 0, 0, 0], [1, -1, 1, -1, 0, 0, 0], [-1, 1, -1, 0, 0, -1, 0], [0, -1, 1, 0, 0, 0, 0]]
490 12 
 [[0, 0, 0, 0, 0, 1, 0], [1, 0, -1, -1, 0, 0, 0], [0, 0, 0, 0, 0, 0, 0], [1, -1, 1, -1, 0, 0, 0], [1, 0, -1, 0, 0, -1, 0], [1, -1, -1, 0, 0, 0, 0], [-1, 1, -1, -1, 0, 0, 0], [1, 0, 1, -1, 0, -1, 0], [-1, -1, 2, 0, 0, -1, 0], [0, 0, 1, 0, 0, 0, 0], [0, 1, -1, 0, 0, -1, 0], [-1, 0, 2, -1, 0, 0, 0]]
590 14 
 [[0, 0, 0, 0, 0, 1, 0], [0, 0, 0, 0, 0, 0, 0], [-1, 1, -1, -1, 0, 0, 0], [0, 0, 1, 0, 0, 0, 0], [0, 1, -1, 0, 0, -1, 0], [-1, 0, 2, -1, 0, 0, 0], [-1, 1, 1, -1, 0, -1, 0], [-1, 0, 2, 0, 0, -1, 0], [-1, -1, 2, 0, 0, 0, 0], [1, 0, -1, 0, 0, 0, 0], [0, -1, 2, 0, 0, -1, 0], [-1, -1, 1, -1, 0, 1, 0], [0, 0, 2, -1, 0, -1, 0], [1, 0, 1, -1, 0, 0, 0]]
690 15 
 [[0, 0, 0, 0, 0, 1, 0], [0, 0, 0, 0, 0, 0, 0], [0, 0, 1, 0, 0, 0, 0], [0, 1, -1, 0, 0, -1, 0], [-1, 1, 1, -1, 0, -1, 0], [1, 0, -1, 0, 0, 0, 0], [1, 0, 1, -1, 0, 0, 0], [0, 0, 2, 0, 0, -1, 0], [0, -1, 2, -1, 0, 0, 0], [-1, 0, 2, 0, 0, 0, 0], [-1, 1, -1, 0, 0, 0, 0], [-1, -1, 1, 0, 0, 1, 0], [-1, -1, -1, 1, 0, -1, 0], [0, -1, 1, -1, 0, 1, 0], [1, 0, 0, -1, 0, -1, 0]]
790 19 
 [[0, 0, 0, 0, 0, 1, 0], [0, 0, 0, 0, 0, 0, 0], [0, 0, 1, 0, 0, 0, 0], [0, 1, -1, 0, 0, -1, 0], [1, 0, -1, 0, 0, 0, 0], [1, 0, 1, -1, 0, 0, 0], [0, 0, 2, 0, 0, -1, 0], [-1, 0, 2, 0, 0, 0, 0], [-1, 1, -1, 0, 0, 0, 0], [1, 0, 0, -1, 0, -1, 0], [0, -1, 1, 0, 0, 1, 0], [0, -1, 2, 0, 0, 0, 0], [-1, 1, 1, 0, 0, -1, 0], [0, 1, -1, -1, 0, 0, 0], [-1, 1, -1, -1, 0, 1, 0], [-1, 0, -1, 1, 0, -1, 0], [1, -1, 1, 0, 0, -1, 0], [-1, 0, 1, -1, 0, 1, 0], [0, 0, 2, -1, 0, 0, 0]]
890 25 
 [[0, 0, 0, 0, 0, 1, 0], [0, 0, 0, 0, 0, 0, 0], [0, 0, 1, 0, 0, 0, 0], [0, 1, -1, 0, 0, -1, 0], [1, 0, -1, 0, 0, 0, 0], [1, 0, 1, -1, 0, 0, 0], [0, 0, 2, 0, 0, -1, 0], [-1, 0, 2, 0, 0, 0, 0], [-1, 1, -1, 0, 0, 0, 0], [1, 0, 0, -1, 0, -1, 0], [0, -1, 1, 0, 0, 1, 0], [0, -1, 2, 0, 0, 0, 0], [-1, 1, 1, 0, 0, -1, 0], [0, 1, -1, -1, 0, 0, 0], [-1, 0, -1, 1, 0, -1, 0], [0, 0, 2, -1, 0, 0, 0], [-1, -1, -1, 1, 0, 0, 0], [-1, 1, -1, 0, 0, 1, 0], [-1, 0, 1, 0, 0, 1, 0], [1, -1, 0, -1, 0, 0, 0], [-1, 1, 0, -1, 0, -1, 0], [0, 0, 1, -1, 0, 1, 0], [1, -1, 0, 0, 0, -1, 0], [0, 1, -1, -1, 0, 1, 0], [1, -1, 1, 0, 0, 0, 0]]
990 22 
 [[0, 0, 0, 0, 0, 1, 0], [0, 0, 0, 0, 0, 0, 0], [0, 0, 1, 0, 0, 0, 0], [1, 0, -1, 0, 0, 0, 0], [1, 0, 1, -1, 0, 0, 0], [-1, 1, 1, 0, 0, -1, 0], [-1, 0, -1, 1, 0, -1, 0], [-1, -1, -1, 1, 0, 0, 0], [1, -1, 1, 0, 0, 0, 0], [1, 0, 0, -1, 0, 0, 0], [-1, 1, 0, 0, 0, -1, 0], [0, 0, 1, 0, 0, 1, 0], [0, 1, -1, 0, 0, 1, 0], [0, 1, 1, -1, 0, -1, 0], [-1, 1, 1, -1, 0, 0, 0], [1, 0, 1, 0, 0, -1, 0], [0, 1, 0, -1, 0, -1, 0], [0, 0, 2, 0, 0, 0, 0], [1, 1, -1, -1, 0, -1, 0], [0, 1, -1, 0, 0, 0, 0], [1, 0, 0, 0, 0, -1, 0], [1, -1, -1, -1, 0, 1, 0]]
