execution time
10 0.049004411697387694 0.11540886163711547
20 0.04946489334106445 0.12025569677352906
30 0.04890217781066895 0.11715987920761109
40 0.05518351793289185 0.13213586807250977
50 0.05358489751815796 0.12333056926727295
60 0.051207351684570315 0.11414213180541992
70 0.04951721429824829 0.11194698810577393
80 0.05294218063354492 0.12598123550415039
90 0.0529861330986023 0.11995497941970826
100 0.055864346027374265 0.12400293350219727


number of patterns visited
10 10920 60080
20 10920 60080
30 10920 60080
40 10920 60080
50 10920 60080
60 10920 60080
70 10920 60080
80 10920 60080
90 10920 60080
100 10920 60080


number of patterns found, lowerbound
10 8 
 [[1, -1, -1], [-1, 2, -1], [-1, -1, 1], [-1, -1, 3], [-1, -1, 4], [-1, -1, 2], [-1, -1, 5], [-1, 0, -1]]
20 8 
 [[1, -1, -1], [-1, 2, -1], [-1, -1, 1], [-1, -1, 3], [-1, -1, 4], [-1, -1, 2], [-1, -1, 5], [-1, 0, -1]]
30 8 
 [[1, -1, -1], [-1, 2, -1], [-1, -1, 1], [-1, -1, 3], [-1, -1, 4], [-1, -1, 2], [-1, -1, 5], [-1, 0, -1]]
40 7 
 [[1, -1, -1], [-1, 2, -1], [-1, -1, 1], [-1, -1, 3], [-1, -1, 2], [-1, -1, 5], [-1, 0, -1]]
50 7 
 [[1, -1, -1], [-1, 2, -1], [-1, -1, 1], [-1, -1, 3], [-1, -1, 2], [-1, -1, 5], [-1, 0, -1]]
60 6 
 [[1, -1, -1], [-1, 2, -1], [-1, -1, 3], [-1, -1, 2], [-1, -1, 5], [-1, 0, -1]]
70 6 
 [[1, -1, -1], [-1, 2, -1], [-1, -1, 3], [-1, -1, 2], [-1, -1, 5], [-1, 0, -1]]
80 6 
 [[1, -1, -1], [-1, 2, -1], [-1, -1, 3], [-1, -1, 2], [-1, -1, 5], [-1, 0, -1]]
90 6 
 [[1, -1, -1], [-1, 2, -1], [-1, -1, 3], [-1, -1, 2], [-1, -1, 5], [-1, 0, -1]]
100 6 
 [[1, -1, -1], [-1, 2, -1], [-1, -1, 3], [-1, -1, 2], [-1, -1, 5], [-1, 0, -1]]


number of patterns found, upperbound
10 1 
 [[0, 1, 0]]
20 1 
 [[0, 1, 0]]
30 1 
 [[0, 1, 0]]
40 1 
 [[0, 1, 0]]
50 1 
 [[0, 1, 0]]
60 1 
 [[0, 1, 0]]
70 1 
 [[0, 1, 0]]
80 1 
 [[0, 1, 0]]
90 1 
 [[0, 1, 0]]
100 1 
 [[0, 1, 0]]
