

number of patterns found lowerbound

num att = 3, for k=10 to 50
5 4 3 3 2 2 2 2 2 2 5 4 4 4 4 4 3 3 3 3 5 4 4 4 4 4 4 3 3 3 5 5 5 4 4 4 4 4 4 4 
num att = 4, for k=10 to 50
7 5 5 4 4 4 4 4 4 3 7 6 6 6 5 5 5 5 5 5 7 6 6 6 6 6 5 5 5 5 7 7 7 6 6 6 6 6 6 7 
num att = 5, for k=10 to 50
9 7 7 6 6 8 8 7 7 6 9 8 8 8 7 7 7 7 7 7 9 8 8 8 8 8 7 7 7 7 9 9 9 8 8 8 8 8 8 9 
num att = 6, for k=10 to 50
10 8 8 9 9 11 11 10 10 8 10 9 9 9 8 8 10 9 9 9 10 9 9 9 9 9 9 9 9 9 10 10 10 9 9 9 9 10 10 12 
num att = 7, for k=10 to 50
14 12 12 13 13 20 20 19 19 16 14 13 13 13 12 12 14 13 13 13 14 13 13 13 13 13 13 13 13 13 14 14 14 13 13 13 13 14 14 16 
num att = 8, for k=10 to 50
18 16 16 17 17 24 24 23 23 20 18 17 17 17 16 16 18 17 17 17 18 17 17 17 17 17 17 17 17 17 18 18 18 17 17 17 17 18 18 20 
num att = 9, for k=10 to 50
22 20 20 21 21 28 28 27 27 27 22 21 21 21 20 20 22 21 21 21 22 21 21 21 21 21 21 21 21 21 22 22 22 21 21 21 21 22 22 24 
num att = 10, for k=10 to 50
24 22 22 23 23 30 30 29 35 35 24 23 23 23 22 22 24 23 23 23 24 23 23 23 23 23 23 23 23 23 24 24 24 23 23 23 23 24 24 26 
num att = 11, for k=10 to 50
27 25 25 26 26 33 33 32 38 38 27 26 26 26 25 25 27 26 26 26 27 26 26 26 26 26 26 26 26 26 27 27 27 26 26 26 26 27 27 29 
num att = 12, for k=10 to 50
29 27 29 30 30 39 41 40 47 46 29 28 28 28 27 27 29 28 31 31 29 28 28 28 28 28 28 28 28 28 29 29 29 28 28 28 28 29 29 31 
num att = 13, for k=10 to 50
31 28 31 34 35 46 48 47 57 58 31 30 30 30 29 29 33 32 35 35 31 30 30 30 30 30 30 30 32 32 31 31 31 30 30 30 30 31 31 33 
num att = 14, for k=10 to 50
34 31 34 37 38 49 51 50 60 61 34 33 33 33 32 32 36 35 38 38 34 33 33 33 33 33 33 33 35 35 34 34 34 33 33 33 33 34 34 36 
num att = 15, for k=10 to 50
35 32 35 41 42 55 58 56 65 70 36 35 34 34 34 33 39 37 40 40 36 35 34 34 34 34 36 36 37 37 36 35 35 35 34 34 35 36 36 38 
num att = 16, for k=10 to 50
36 33 36 42 43 56 59 57 66 71 37 36 36 35 36 35 43 41 44 43 38 38 36 35 35 35 39 41 42 42 38 37 36 37 36 35 37 39 39 42 
num att = 17, for k=10 to 50
38 35 38 44 45 58 61 67 77 82 39 38 38 37 38 37 45 43 46 45 40 40 38 37 37 37 41 43 44 44 40 39 38 39 38 37 39 41 41 44 
num att = 18, for k=10 to 50
40 37 40 46 47 60 63 69 90 95 41 40 40 39 40 39 47 45 48 54 42 42 40 39 39 39 43 45 46 46 42 41 40 41 40 39 41 43 43 46 
num att = 19, for k=10 to 50
42 39 42 48 49 62 65 71 101 108 43 42 42 41 42 41 49 47 50 56 44 44 42 41 41 41 45 47 48 48 44 43 42 43 42 41 43 45 45 48 
num att = 20, for k=10 to 50
43 40 43 49 50 63 66 80 111 121 45 45 46 43 44 44 54 55 56 63 46 46 46 45 43 42 48 51 53 57 46 45 44 45 46 44 47 50 49 52 
num att = 21, for k=10 to 50
43 40 43 49 50 63 66 80 111 121 45 45 46 43 44 44 54 55 56 63 46 46 46 45 43 42 48 51 53 57 46 45 44 45 46 44 47 50 49 52 
num att = 22, for k=10 to 50
44 41 44 50 51 64 70 86 126 138 47 47 48 48 52 50 62 62 71 78 48 48 48 50 48 47 54 58 61 68 48 47 46 49 50 47 52 55 55 58 
num att = 23, for k=10 to 50
45 42 45 51 52 69 75 97 142 158 49 49 53 56 59 57 72 72 86 99 50 50 50 52 50 49 56 60 63 78 50 49 48 51 52 49 54 57 57 60 
num att = 24, for k=10 to 50
48 45 48 54 55 72 78 100 145 161 52 52 56 59 62 60 75 75 89 102 53 53 53 55 53 52 59 63 66 81 53 52 51 54 55 52 57 60 60 63 
num att = 25, for k=10 to 50
51 48 51 57 58 75 81 103 148 164 55 55 59 62 65 63 78 78 92 105 56 56 56 58 56 55 62 66 69 84 56 55 54 57 58 55 60 63 63 66 
num att = 26, for k=10 to 50
55 52 55 61 62 79 85 107 152 168 59 59 63 66 69 67 82 82 96 109 60 60 60 62 60 59 66 70 73 88 60 59 58 61 62 59 64 67 67 70 
num att = 27, for k=10 to 50
56 53 58 65 69 90 99 125 178 199 61 61 65 68 76 74 94 93 113 127 62 62 62 64 62 64 73 78 82 99 62 61 60 63 64 61 66 69 69 78 
num att = 28, for k=10 to 50
60 57 62 69 79 102 111 138 195 216 65 65 69 72 80 78 98 97 117 131 66 66 66 68 66 68 77 82 86 103 66 65 64 67 68 65 70 73 73 82 
num att = 29, for k=10 to 50
63 60 65 72 82 105 114 141 198 219 68 68 72 75 83 81 101 100 120 134 69 69 69 71 69 71 80 85 89 106 69 68 67 70 71 68 73 76 76 85 
num att = 30, for k=10 to 50
63 60 65 72 82 105 114 141 198 219 68 68 72 75 83 81 101 100 120 134 69 69 69 71 69 71 80 85 89 106 69 68 67 70 71 68 73 76 76 85 
num att = 31, for k=10 to 50
65 62 67 74 84 107 116 143 200 221 70 70 74 77 85 83 103 102 122 136 71 71 71 73 71 73 82 87 91 108 71 70 69 72 73 70 75 78 78 87 
num att = 32, for k=10 to 50
67 64 69 76 86 109 118 145 202 223 72 72 76 79 87 85 105 104 124 138 73 73 73 75 73 75 84 89 93 110 73 72 71 74 75 72 77 80 80 89 
num att = 33, for k=10 to 50
69 66 71 78 88 111 120 147 204 225 74 74 78 81 89 87 107 106 126 140 75 75 75 77 75 77 86 91 95 112 75 74 73 76 77 74 79 82 82 91 