

number of patterns found lowerbound

for k=0 to 10
69 66 71 78 88 111 120 147 204 225 74 74 78 81 89 87 107 106 126 140 75 75 75 77 75 77 86 91 95 112 75 74 73 76 77 74 79 82 82 91 
for k=1 to 10
69 66 71 78 88 111 120 147 204 225 74 74 78 81 89 87 107 106 126 140 75 75 75 77 75 77 86 91 95 112 75 74 73 76 77 74 79 82 82 91 75 74 73 74 75 74 73 76 80 87 75 74 74 74 73 75 73 73 73 75 75 74 74 74 73 74 76 75 75 76 75 75 74 74 74 73 74 74 73 75 75 75 75 74 74 74 74 74 73 73 
for k=2 to 10
69 66 71 78 88 111 120 147 204 225 74 74 78 81 89 87 107 106 126 140 75 75 75 77 75 77 86 91 95 112 75 74 73 76 77 74 79 82 82 91 75 74 73 74 75 74 73 76 80 87 75 74 74 74 73 75 73 73 73 75 75 74 74 74 73 74 76 75 75 76 75 75 74 74 74 73 74 74 73 75 75 75 75 74 74 74 74 74 73 73 75 75 75 74 74 74 74 75 74 74 75 75 75 75 74 74 74 75 74 74 75 75 75 75 75 75 74 74 74 75 76 75 75 75 75 75 74 74 74 75 76 75 75 75 75 75 75 75 75 75 
for k=3 to 10
69 66 71 78 88 111 120 147 204 225 74 74 78 81 89 87 107 106 126 140 75 75 75 77 75 77 86 91 95 112 75 74 73 76 77 74 79 82 82 91 75 74 73 74 75 74 73 76 80 87 75 74 74 74 73 75 73 73 73 75 75 74 74 74 73 74 76 75 75 76 75 75 74 74 74 73 74 74 73 75 75 75 75 74 74 74 74 74 73 73 75 75 75 74 74 74 74 75 74 74 75 75 75 75 74 74 74 75 74 74 75 75 75 75 75 75 74 74 74 75 76 75 75 75 75 75 74 74 74 75 76 75 75 75 75 75 75 75 75 75 76 76 75 75 75 75 75 75 75 75 76 76 76 76 75 75 75 75 75 75 76 76 76 76 75 75 75 75 75 75 77 76 76 76 76 75 75 75 75 75 77 76 76 76 76 75 75 75 75 75 
for k=4 to 10
69 66 71 78 88 111 120 147 204 225 74 74 78 81 89 87 107 106 126 140 75 75 75 77 75 77 86 91 95 112 75 74 73 76 77 74 79 82 82 91 75 74 73 74 75 74 73 76 80 87 75 74 74 74 73 75 73 73 73 75 75 74 74 74 73 74 76 75 75 76 75 75 74 74 74 73 74 74 73 75 75 75 75 74 74 74 74 74 73 73 75 75 75 74 74 74 74 75 74 74 75 75 75 75 74 74 74 75 74 74 75 75 75 75 75 75 74 74 74 75 76 75 75 75 75 75 74 74 74 75 76 75 75 75 75 75 75 75 75 75 76 76 75 75 75 75 75 75 75 75 76 76 76 76 75 75 75 75 75 75 76 76 76 76 75 75 75 75 75 75 77 76 76 76 76 75 75 75 75 75 77 76 76 76 76 75 75 75 75 75 77 77 76 76 76 76 75 75 75 75 77 77 76 76 76 76 75 75 75 75 77 77 76 76 76 76 76 75 75 75 77 77 76 76 76 76 76 76 76 75 77 77 76 76 76 76 76 76 76 75 
for k=5 to 10
69 66 71 78 88 111 120 147 204 225 74 74 78 81 89 87 107 106 126 140 75 75 75 77 75 77 86 91 95 112 75 74 73 76 77 74 79 82 82 91 75 74 73 74 75 74 73 76 80 87 75 74 74 74 73 75 73 73 73 75 75 74 74 74 73 74 76 75 75 76 75 75 74 74 74 73 74 74 73 75 75 75 75 74 74 74 74 74 73 73 75 75 75 74 74 74 74 75 74 74 75 75 75 75 74 74 74 75 74 74 75 75 75 75 75 75 74 74 74 75 76 75 75 75 75 75 74 74 74 75 76 75 75 75 75 75 75 75 75 75 76 76 75 75 75 75 75 75 75 75 76 76 76 76 75 75 75 75 75 75 76 76 76 76 75 75 75 75 75 75 77 76 76 76 76 75 75 75 75 75 77 76 76 76 76 75 75 75 75 75 77 77 76 76 76 76 75 75 75 75 77 77 76 76 76 76 75 75 75 75 77 77 76 76 76 76 76 75 75 75 77 77 76 76 76 76 76 76 76 75 77 77 76 76 76 76 76 76 76 75 77 77 76 76 76 76 76 76 76 75 77 77 76 76 76 76 76 76 76 75 77 77 76 76 76 76 76 76 76 76 77 77 76 76 76 76 76 76 76 76 77 77 77 76 76 76 76 76 76 76 
for k=6 to 10
69 66 71 78 88 111 120 147 204 225 74 74 78 81 89 87 107 106 126 140 75 75 75 77 75 77 86 91 95 112 75 74 73 76 77 74 79 82 82 91 75 74 73 74 75 74 73 76 80 87 75 74 74 74 73 75 73 73 73 75 75 74 74 74 73 74 76 75 75 76 75 75 74 74 74 73 74 74 73 75 75 75 75 74 74 74 74 74 73 73 75 75 75 74 74 74 74 75 74 74 75 75 75 75 74 74 74 75 74 74 75 75 75 75 75 75 74 74 74 75 76 75 75 75 75 75 74 74 74 75 76 75 75 75 75 75 75 75 75 75 76 76 75 75 75 75 75 75 75 75 76 76 76 76 75 75 75 75 75 75 76 76 76 76 75 75 75 75 75 75 77 76 76 76 76 75 75 75 75 75 77 76 76 76 76 75 75 75 75 75 77 77 76 76 76 76 75 75 75 75 77 77 76 76 76 76 75 75 75 75 77 77 76 76 76 76 76 75 75 75 77 77 76 76 76 76 76 76 76 75 77 77 76 76 76 76 76 76 76 75 77 77 76 76 76 76 76 76 76 75 77 77 76 76 76 76 76 76 76 75 77 77 76 76 76 76 76 76 76 76 77 77 76 76 76 76 76 76 76 76 77 77 77 76 76 76 76 76 76 76 77 77 77 76 76 76 76 76 76 76 77 77 77 77 76 76 76 76 76 76 77 77 77 77 77 77 76 76 76 76 77 77 77 77 77 77 76 76 76 76 77 77 77 77 77 77 76 76 76 76 