

number of patterns found lowerbound

size threshold = 10
93 92 99 112 124 151 170 210 275 316 98 100 108 113 147 150 181 185 214 236 100 100 100 102 100 102 111 116 120 147 100 101 100 105 107 104 110 114 114 125 
size threshold = 20
87 86 93 106 117 142 159 192 251 271 92 94 102 107 141 144 175 179 207 229 94 94 94 96 94 96 105 110 114 141 94 95 94 99 101 98 104 108 108 119 
size threshold = 30
79 77 84 91 99 121 129 156 214 237 84 86 94 98 108 106 128 129 150 164 86 86 86 88 86 88 97 102 106 132 86 87 86 91 93 90 96 100 100 111 
size threshold = 40
75 71 76 83 93 116 125 152 210 233 80 80 83 86 94 92 112 111 131 145 81 81 81 83 81 83 92 97 101 119 81 80 79 82 83 80 85 88 88 97 
size threshold = 50
69 66 71 78 88 111 120 147 204 225 74 74 78 81 89 87 107 106 126 140 75 75 75 77 75 77 86 91 95 112 75 74 73 76 77 74 79 82 82 91 
size threshold = 60
62 59 64 71 80 102 111 138 193 213 67 67 71 74 82 80 100 99 119 133 68 68 68 70 68 70 79 84 88 105 68 67 66 69 70 67 72 75 75 84 
size threshold = 70
57 54 59 66 75 97 106 133 188 207 62 62 66 69 77 75 95 94 114 128 63 63 63 65 63 65 74 79 83 100 63 62 61 64 65 62 67 70 70 79 
size threshold = 80
56 53 58 65 74 95 104 131 183 190 61 61 65 68 76 74 94 93 113 127 62 62 62 64 62 64 73 78 82 99 62 61 60 63 64 61 66 69 69 78 
size threshold = 90
50 47 52 59 68 88 97 124 173 176 55 55 59 62 70 68 88 87 107 121 56 56 56 58 56 58 67 72 76 93 56 55 54 57 58 55 60 63 63 72 
size threshold = 100
46 43 48 55 64 81 89 114 160 162 51 51 55 58 66 64 84 83 103 117 52 52 52 54 52 54 63 68 72 89 52 51 50 53 54 51 56 59 59 68 