execution time
3 0.2090458869934082 0.20823025703430176
4 0.27918076515197754 0.4150810241699219
5 0.45880579948425293 4.369057893753052
6 1.8663980960845947 231.01671624183655
7 4.905939102172852 3379.76748919487
8 0.2090458869934082
9 0.27918076515197754
10 0.45880579948425293
11 1.8663980960845947
12 4.905939102172852
13 19.4771409034729


number of patterns checked
3 671.0 955.0
4 3619.0 12327.0
5 7442.0 94903.0
6 25691.0 1396012.0
7 48791.0 9731627.0
8 671.0
9 3619.0
10 7442.0
11 25691.0
12 48791.0
13 92236.0


number of patterns found
3 8 
 [[-1, -1, -1, 11, 2, 10], [-1, -1, 8, -1, 2, 10], [-1, 5, -1, 13, 2, 9], [-1, 5, 9, -1, 2, 9], [-1, 1, -1, 11, -1, 10], [-1, 1, -1, 11, 2, -1], [-1, 1, 8, -1, -1, 10], [-1, 1, 8, -1, 2, -1]]
4 20 
 [[-1, -1, -1, 16, 0, 9, -1], [-1, -1, -1, 11, -1, 10, 0], [-1, -1, -1, 11, 2, 10, -1], [-1, -1, 10, -1, 0, 9, -1], [-1, -1, 8, -1, -1, 10, 0], [-1, -1, 8, -1, 2, 10, -1], [-1, 5, -1, 13, 2, 9, -1], [-1, 5, 9, -1, 2, 9, -1], [-1, 4, -1, 14, 2, 9, -1], [-1, 4, 12, -1, 2, 9, -1], [-1, 1, -1, 11, -1, 10, -1], [-1, 1, 8, -1, -1, 10, -1], [2, 3, -1, 9, -1, -1, 0], [2, 3, 11, -1, -1, -1, 0], [1, -1, -1, 16, 0, -1, -1], [1, -1, 10, -1, 0, -1, -1], [1, 5, -1, 13, -1, 0, -1], [1, 5, 9, -1, -1, 0, -1], [1, 2, -1, 13, 0, 3, 4], [1, 2, 9, -1, 0, 3, 4]]
5 31 
 [[-1, -1, -1, 16, 0, 9, -1, 4], [-1, -1, -1, 11, -1, 10, 0, -1], [-1, -1, -1, 11, 2, 10, -1, -1], [-1, -1, 10, -1, 0, 9, -1, 4], [-1, -1, 8, -1, -1, 10, 0, -1], [-1, -1, 8, -1, 2, 10, -1, -1], [-1, 4, -1, 14, 2, 9, -1, -1], [-1, 4, 12, -1, 2, 9, -1, -1], [-1, 1, -1, 11, -1, -1, 0, -1], [-1, 1, -1, 11, -1, 10, -1, -1], [-1, 1, -1, 11, 2, -1, -1, 4], [-1, 1, 8, -1, -1, -1, 0, -1], [-1, 1, 8, -1, -1, 10, -1, -1], [-1, 1, 8, -1, 2, -1, -1, 4], [2, 3, -1, 9, -1, -1, 0, -1], [2, 3, 11, -1, -1, -1, 0, -1], [1, -1, -1, 16, 0, -1, -1, -1], [1, -1, -1, 10, -1, 2, 4, -1], [1, -1, 15, -1, -1, 2, 4, -1], [1, -1, 10, -1, 0, -1, -1, -1], [1, 5, -1, -1, -1, 0, 0, 4], [1, 5, -1, -1, 2, -1, -1, 2], [1, 5, -1, -1, 2, 0, -1, 4], [1, 5, -1, 13, -1, 0, -1, -1], [1, 5, -1, 13, 2, 9, -1, -1], [1, 5, 9, -1, -1, 0, -1, -1], [1, 5, 9, -1, 2, 9, -1, -1], [1, 2, -1, 13, 0, 3, 4, -1], [1, 2, 9, -1, 0, 3, 4, -1], [0, 0, -1, 10, -1, -1, 0, 4], [0, 0, 15, -1, -1, -1, 0, 4]]
6 39 
 [[-1, -1, -1, 11, -1, 10, -1, 4, 1], [-1, -1, -1, 11, -1, 10, 0, -1, -1], [-1, -1, -1, 11, 2, 10, -1, -1, -1], [-1, -1, 8, -1, -1, 10, -1, 4, 1], [-1, -1, 8, -1, -1, 10, 0, -1, -1], [-1, -1, 8, -1, 2, 10, -1, -1, -1], [-1, 4, -1, 14, 2, 9, -1, -1, -1], [-1, 4, 12, -1, 2, 9, -1, -1, -1], [-1, 2, -1, 14, -1, 11, 1, -1, -1], [-1, 2, 12, -1, -1, 11, 1, -1, -1], [-1, 1, -1, 11, -1, -1, 0, -1, -1], [-1, 1, -1, 11, -1, 10, -1, -1, -1], [-1, 1, -1, 11, 2, -1, -1, -1, 1], [-1, 1, -1, 11, 2, -1, -1, 4, -1], [-1, 1, 8, -1, -1, -1, 0, -1, -1], [-1, 1, 8, -1, -1, 10, -1, -1, -1], [-1, 1, 8, -1, 2, -1, -1, -1, 1], [-1, 1, 8, -1, 2, -1, -1, 4, -1], [2, 3, -1, 9, -1, -1, 0, -1, -1], [2, 3, -1, 9, 2, -1, -1, -1, 1], [2, 3, 11, -1, -1, -1, 0, -1, -1], [2, 3, 11, -1, 2, -1, -1, -1, 1], [2, 0, -1, -1, -1, -1, 0, 4, -1], [2, 0, -1, -1, 2, -1, -1, 4, 1], [1, -1, -1, 9, 0, 3, -1, -1, 1], [1, -1, 11, -1, 0, 3, -1, -1, 1], [1, 5, -1, -1, -1, 0, 0, 4, -1], [1, 5, -1, -1, 2, -1, -1, 2, -1], [1, 5, -1, -1, 2, 0, -1, 4, 1], [1, 5, -1, 13, -1, 0, -1, -1, -1], [1, 5, -1, 13, 2, 9, -1, -1, -1], [1, 5, 9, -1, -1, 0, -1, -1, -1], [1, 5, 9, -1, 2, 9, -1, -1, -1], [1, 3, -1, 11, -1, -1, -1, 4, -1], [1, 3, 8, -1, -1, -1, -1, 4, -1], [0, 0, -1, 10, -1, -1, 0, 4, -1], [0, 0, -1, 10, 2, -1, -1, 4, 1], [0, 0, 15, -1, -1, -1, 0, 4, -1], [0, 0, 15, -1, 2, -1, -1, 4, 1]]
7 69 
 [[-1, -1, -1, 13, -1, 9, 1, 4, 1, 4], [-1, -1, -1, 13, -1, 3, 0, 1, -1, -1], [-1, -1, -1, 13, 2, 3, -1, 1, -1, 0], [-1, -1, -1, 13, 2, 3, -1, 1, 1, -1], [-1, -1, -1, 11, -1, 10, 0, -1, -1, -1], [-1, -1, -1, 11, 2, 10, -1, -1, -1, -1], [-1, -1, 9, -1, -1, 9, 1, 4, 1, 4], [-1, -1, 9, -1, -1, 3, 0, 1, -1, -1], [-1, -1, 9, -1, 2, 3, -1, 1, -1, 0], [-1, -1, 9, -1, 2, 3, -1, 1, 1, -1], [-1, -1, 8, -1, -1, 10, 0, -1, -1, -1], [-1, -1, 8, -1, 2, 10, -1, -1, -1, -1], [-1, 2, -1, 9, -1, 11, 0, -1, -1, 4], [-1, 2, -1, 9, 2, 11, -1, -1, -1, 4], [-1, 2, 11, -1, -1, 11, 0, -1, -1, 4], [-1, 2, 11, -1, 2, 11, -1, -1, -1, 4], [-1, 1, -1, 13, -1, 3, 0, -1, -1, 0], [-1, 1, -1, 13, 2, 3, -1, -1, 1, 0], [-1, 1, -1, 11, -1, -1, 0, -1, -1, 0], [-1, 1, -1, 11, -1, -1, 0, 4, -1, -1], [-1, 1, -1, 11, -1, 10, -1, -1, -1, -1], [-1, 1, -1, 11, 2, -1, -1, -1, -1, -1], [-1, 1, 9, -1, -1, 3, 0, -1, -1, 0], [-1, 1, 9, -1, 2, 3, -1, -1, 1, 0], [-1, 1, 8, -1, -1, -1, 0, -1, -1, 0], [-1, 1, 8, -1, -1, -1, 0, 4, -1, -1], [-1, 1, 8, -1, -1, 10, -1, -1, -1, -1], [-1, 1, 8, -1, 2, -1, -1, -1, -1, -1], [2, 2, -1, 9, -1, -1, -1, -1, 1, 4], [2, 2, -1, 9, -1, -1, 0, -1, -1, 4], [2, 2, -1, 9, 2, -1, -1, -1, -1, 4], [2, 2, 11, -1, -1, -1, -1, -1, 1, 4], [2, 2, 11, -1, -1, -1, 0, -1, -1, 4], [2, 2, 11, -1, 2, -1, -1, -1, -1, 4], [2, 1, -1, -1, -1, 3, -1, -1, 1, -1], [1, -1, -1, 13, -1, 9, 5, -1, -1, 0], [1, -1, -1, 13, -1, 9, 5, 4, -1, -1], [1, -1, -1, 13, 2, 9, -1, -1, 0, 0], [1, -1, -1, 13, 2, 9, -1, 4, 0, -1], [1, -1, 9, -1, -1, 9, 5, -1, -1, 0], [1, -1, 9, -1, -1, 9, 5, 4, -1, -1], [1, -1, 9, -1, 2, 9, -1, -1, 0, 0], [1, -1, 9, -1, 2, 9, -1, 4, 0, -1], [1, 5, -1, -1, -1, 0, 0, 4, -1, -1], [1, 5, -1, -1, 2, 0, -1, 4, -1, -1], [1, 5, -1, 13, 2, 9, -1, -1, 1, -1], [1, 5, 9, -1, 2, 9, -1, -1, 1, -1], [1, 4, -1, 10, -1, 3, -1, 4, 1, 0], [1, 4, 15, -1, -1, 3, -1, 4, 1, 0], [1, 2, -1, 9, -1, 12, 0, 4, -1, -1], [1, 2, -1, 9, -1, 11, -1, -1, -1, 4], [1, 2, -1, 9, 2, 12, -1, 4, -1, 0], [1, 2, -1, 9, 2, 12, -1, 4, 1, -1], [1, 2, 11, -1, -1, 12, 0, 4, -1, -1], [1, 2, 11, -1, -1, 11, -1, -1, -1, 4], [1, 2, 11, -1, 2, 12, -1, 4, -1, 0], [1, 2, 11, -1, 2, 12, -1, 4, 1, -1], [1, 1, -1, 13, -1, -1, 5, -1, -1, 0], [1, 1, -1, 9, -1, 10, -1, -1, 1, 0], [1, 1, -1, 9, -1, 10, -1, 4, -1, 0], [1, 1, -1, 9, -1, 10, -1, 4, 1, -1], [1, 1, 11, -1, -1, 10, -1, -1, 1, 0], [1, 1, 11, -1, -1, 10, -1, 4, -1, 0], [1, 1, 11, -1, -1, 10, -1, 4, 1, -1], [1, 1, 9, -1, -1, -1, 5, -1, -1, 0], [0, 1, -1, 10, -1, 10, 0, 4, -1, 0], [0, 1, -1, 10, 2, 10, -1, 4, -1, -1], [0, 1, 15, -1, -1, 10, 0, 4, -1, 0], [0, 1, 15, -1, 2, 10, -1, 4, -1, -1]]
