execution time
0.05 67.65181708335876
0.1 63.66459321975708
0.15 53.09627890586853
0.2 49.878238916397095
0.25 44.28478503227234
0.3 43.07581901550293
0.35 36.19092416763306
0.4 36.30495309829712
0.45 39.217727184295654
0.5 30.789221048355103


number of calculations
0.05 589402.0
0.1 589756.0
0.15 516129.0
0.2 488355.0
0.25 425619.0
0.3 399392.0
0.35 360488.0
0.4 340737.0
0.45 312398.0
0.5 300924.0


number of patterns found
0.05 799 
 [[-1, -1, -1, -1, -1, -1, -1, 12, 10, 4], [-1, -1, -1, -1, -1, -1, -1, 11, 9, 4], [-1, -1, -1, -1, -1, -1, -1, 10, 11, -1], [-1, -1, -1, -1, -1, -1, -1, 6, 10, 4], [-1, -1, -1, -1, -1, -1, -1, 4, -1, 4], [-1, -1, -1, -1, -1, -1, -1, 3, 15, 0], [-1, -1, -1, -1, -1, -1, -1, 2, 13, 4], [-1, -1, -1, -1, -1, -1, 5, -1, 13, 0], [-1, -1, -1, -1, -1, -1, 5, -1, 12, -1], [-1, -1, -1, -1, -1, -1, 5, -1, 10, -1], [-1, -1, -1, -1, -1, -1, 5, 9, 13, -1], [-1, -1, -1, -1, -1, -1, 5, 9, 11, -1], [-1, -1, -1, -1, -1, -1, 1, -1, 16, 0], [-1, -1, -1, -1, -1, -1, 1, -1, 13, 4], [-1, -1, -1, -1, -1, -1, 1, -1, 11, 4], [-1, -1, -1, -1, -1, -1, 1, 12, -1, 4], [-1, -1, -1, -1, -1, -1, 1, 11, 14, -1], [-1, -1, -1, -1, -1, -1, 1, 9, -1, 4], [-1, -1, -1, -1, -1, -1, 1, 9, 16, -1], [-1, -1, -1, -1, -1, -1, 1, 2, -1, 4], [-1, -1, -1, -1, -1, -1, 0, 13, 13, -1], [-1, -1, -1, -1, -1, -1, 0, 12, 9, -1], [-1, -1, -1, -1, -1, -1, 0, 11, 11, -1], [-1, -1, -1, -1, -1, -1, 0, 10, 10, -1], [-1, -1, -1, -1, -1, -1, 0, 9, 12, 0], [-1, -1, -1, -1, -1, -1, 0, 6, -1, 4], [-1, -1, -1, -1, -1, -1, 0, 6, 13, -1], [-1, -1, -1, -1, -1, -1, 0, 5, -1, 4], [-1, -1, -1, -1, -1, 5, 5, -1, -1, -1], [-1, -1, -1, -1, -1, 5, 0, -1, 13, -1], [-1, -1, -1, -1, -1, 5, 0, -1, 11, -1], [-1, -1, -1, -1, -1, 5, 0, 0, -1, -1], [-1, -1, -1, -1, -1, 4, -1, -1, 10, 4], [-1, -1, -1, -1, -1, 4, -1, 3, 13, -1], [-1, -1, -1, -1, -1, 4, -1, 2, -1, 4], [-1, -1, -1, -1, -1, 4, 5, -1, 13, -1], [-1, -1, -1, -1, -1, 4, 5, 9, -1, 0], [-1, -1, -1, -1, -1, 4, 1, -1, -1, 4], [-1, -1, -1, -1, -1, 4, 0, -1, 14, 0], [-1, -1, -1, -1, -1, 4, 0, 9, 13, -1], [-1, -1, -1, -1, -1, 4, 0, 2, 13, -1], [-1, -1, -1, -1, -1, 3, -1, -1, 11, -1], [-1, -1, -1, -1, -1, 3, -1, 11, 14, -1], [-1, -1, -1, -1, -1, 3, -1, 11, 9, 0], [-1, -1, -1, -1, -1, 3, -1, 9, 13, -1], [-1, -1, -1, -1, -1, 3, 1, 3, -1, -1], [-1, -1, -1, -1, -1, 3, 0, 11, 9, -1], [-1, -1, -1, -1, -1, 2, -1, 11, 14, 0], [-1, -1, -1, -1, -1, 2, 5, -1, 9, 4], [-1, -1, -1, -1, -1, 2, 1, -1, 10, 4], [-1, -1, -1, -1, -1, 2, 0, -1, 9, 4], [-1, -1, -1, -1, -1, 2, 0, 11, 12, 0], [-1, -1, -1, -1, -1, 2, 0, 0, 13, 0], [-1, -1, -1, -1, -1, 1, -1, -1, 10, 4], [-1, -1, -1, -1, -1, 1, -1, 3, 13, -1], [-1, -1, -1, -1, -1, 1, 5, -1, 13, -1], [-1, -1, -1, -1, -1, 1, 5, -1, 9, -1], [-1, -1, -1, -1, -1, 1, 5, 0, -1, -1], [-1, -1, -1, -1, -1, 1, 0, -1, 11, -1], [-1, -1, -1, -1, -1, 1, 0, 10, -1, -1], [-1, -1, -1, -1, -1, 1, 0, 9, 13, -1], [-1, -1, -1, -1, -1, 0, -1, -1, 15, -1], [-1, -1, -1, -1, -1, 0, 5, -1, -1, -1], [-1, -1, -1, -1, -1, 0, 0, -1, 10, -1], [-1, -1, -1, -1, -1, 0, 0, 12, -1, -1], [-1, -1, -1, -1, -1, 0, 0, 3, 13, 0], [-1, -1, -1, -1, 1, -1, -1, -1, 6, 4], [-1, -1, -1, -1, 1, -1, -1, 12, 14, 0], [-1, -1, -1, -1, 1, -1, -1, 11, 14, 0], [-1, -1, -1, -1, 1, -1, -1, 3, 7, -1], [-1, -1, -1, -1, 1, -1, 1, -1, 10, 4], [-1, -1, -1, -1, 1, 5, -1, -1, 13, 4], [-1, -1, -1, -1, 1, 5, -1, 9, 13, -1], [-1, -1, -1, -1, 1, 5, -1, 0, 13, -1], [-1, -1, -1, -1, 1, 4, -1, 9, 14, 0], [-1, -1, -1, -1, 1, 4, -1, 9, 13, -1], [-1, -1, -1, -1, 1, 4, -1, 3, 10, -1], [-1, -1, -1, -1, 1, 4, -1, 2, 13, -1], [-1, -1, -1, -1, 1, 3, -1, -1, 9, 4], [-1, -1, -1, -1, 1, 3, -1, 11, 9, -1], [-1, -1, -1, -1, 1, 3, -1, 3, 9, 0], [-1, -1, -1, -1, 1, 3, 1, 11, -1, 0], [-1, -1, -1, -1, 1, 2, -1, 11, 14, -1], [-1, -1, -1, -1, 1, 2, -1, 0, 14, 0], [-1, -1, -1, -1, 1, 2, 1, -1, 14, 0], [-1, -1, -1, -1, 1, 1, -1, -1, 11, -1], [-1, -1, -1, -1, 1, 1, -1, 10, 10, -1], [-1, -1, -1, -1, 1, 1, -1, 10, 9, 0], [-1, -1, -1, -1, 1, 0, -1, 3, 13, 0], [-1, -1, -1, -1, 0, -1, -1, -1, 11, 4], [-1, -1, -1, -1, 0, -1, -1, 11, -1, 4], [-1, -1, -1, -1, 0, -1, 1, -1, 16, -1], [-1, -1, -1, -1, 0, 4, 1, -1, 13, -1], [-1, -1, -1, 4, -1, -1, -1, 12, 14, 0], [-1, -1, -1, 4, -1, -1, -1, 3, 7, 0], [-1, -1, -1, 4, -1, -1, 1, -1, 10, 4], [-1, -1, -1, 4, -1, -1, 0, 0, 14, -1], [-1, -1, -1, 4, -1, -1, 0, 0, 10, -1], [-1, -1, -1, 4, -1, 5, -1, 0, 13, -1], [-1, -1, -1, 4, -1, 3, -1, 11, 9, -1], [-1, -1, -1, 4, -1, 3, 0, -1, 9, -1], [-1, -1, -1, 4, -1, 3, 0, 2, -1, 0], [-1, -1, -1, 4, -1, 2, -1, 12, 14, -1], [-1, -1, -1, 4, -1, 1, -1, -1, 11, -1], [-1, -1, -1, 4, -1, 1, -1, 10, 10, -1], [-1, -1, -1, 4, -1, 1, -1, 10, 9, -1], [-1, -1, -1, 4, -1, 0, 0, 2, -1, -1], [-1, -1, -1, 4, -1, 0, 0, 0, 9, -1], [-1, -1, -1, 4, 1, -1, -1, 12, 14, -1], [-1, -1, -1, 4, 1, 4, -1, 9, 14, -1], [-1, -1, -1, 4, 1, 2, 1, -1, 14, -1], [-1, -1, -1, 4, 1, 1, -1, 10, -1, -1], [-1, -1, -1, 4, 0, -1, 4, 9, -1, 4], [-1, -1, -1, 2, -1, -1, 5, 7, -1, -1], [-1, -1, -1, 2, -1, -1, 0, -1, 11, -1], [-1, -1, -1, 2, -1, -1, 0, 11, -1, 0], [-1, -1, -1, 2, -1, -1, 0, 10, -1, 0], [-1, -1, -1, 2, -1, -1, 0, 9, -1, -1], [-1, -1, -1, 2, -1, 2, -1, -1, 14, -1], [-1, -1, -1, 2, -1, 0, 0, -1, -1, -1], [-1, -1, -1, 2, 1, 1, -1, -1, 13, -1], [-1, -1, -1, 2, 0, -1, -1, -1, 14, -1], [-1, -1, -1, 1, -1, -1, -1, 3, 13, -1], [-1, -1, -1, 1, -1, -1, 0, -1, 13, -1], [-1, -1, -1, 1, -1, -1, 0, 3, -1, 0], [-1, -1, -1, 1, 1, 1, -1, -1, -1, -1], [-1, -1, -1, 0, -1, -1, -1, 9, -1, 0], [-1, -1, 6, -1, -1, -1, -1, 9, 13, -1], [-1, -1, 6, -1, -1, -1, 1, -1, 13, -1], [-1, -1, 6, -1, -1, -1, 1, 2, -1, -1], [-1, -1, 5, -1, -1, -1, 1, 9, -1, -1], [-1, -1, 5, -1, -1, 2, 1, -1, 13, -1], [-1, -1, 5, -1, 1, -1, -1, 9, -1, -1], [-1, -1, 5, -1, 0, -1, -1, 9, 13, -1], [-1, -1, 4, -1, -1, -1, -1, -1, 13, 4], [-1, -1, 4, -1, -1, -1, -1, 11, -1, 4], [-1, -1, 4, -1, -1, -1, -1, 11, 14, -1], [-1, -1, 4, -1, -1, 4, -1, -1, -1, 4], [-1, -1, 4, -1, -1, 4, -1, 3, -1, 0], [-1, -1, 4, -1, -1, 3, -1, 3, -1, -1], [-1, -1, 4, -1, -1, 3, 1, -1, 13, -1], [-1, -1, 4, -1, -1, 2, -1, 3, 14, 0], [-1, -1, 4, -1, 1, -1, -1, 9, -1, 4], [-1, -1, 4, -1, 1, -1, -1, 3, 14, 0], [-1, -1, 4, -1, 1, -1, 1, 9, 15, -1], [-1, -1, 4, -1, 1, -1, 1, 3, 14, -1], [-1, -1, 4, -1, 1, 2, -1, -1, 14, -1], [-1, -1, 4, -1, 0, -1, -1, -1, 16, -1], [-1, -1, 4, -1, 0, -1, -1, 3, -1, 4], [-1, -1, 4, 4, -1, -1, -1, 2, -1, 4], [-1, -1, 4, 4, -1, -1, 1, 3, 14, 0], [-1, -1, 4, 4, -1, 2, 1, 3, 14, -1], [-1, -1, 4, 4, -1, 1, -1, -1, -1, 4], [-1, -1, 3, -1, -1, -1, -1, -1, -1, 4], [-1, -1, 3, -1, -1, -1, 1, -1, 10, -1], [-1, -1, 3, -1, -1, -1, 1, 9, -1, -1], [-1, -1, 3, -1, -1, -1, 1, 3, -1, -1], [-1, -1, 3, -1, -1, 4, 1, -1, -1, -1], [-1, -1, 2, -1, -1, -1, -1, -1, 6, 4], [-1, -1, 2, -1, -1, -1, -1, 13, 13, -1], [-1, -1, 2, -1, -1, -1, -1, 12, 9, -1], [-1, -1, 2, -1, -1, -1, -1, 11, 11, -1], [-1, -1, 2, -1, -1, -1, -1, 10, 10, -1], [-1, -1, 2, -1, -1, -1, -1, 9, 12, -1], [-1, -1, 2, -1, -1, -1, -1, 6, -1, 4], [-1, -1, 2, -1, -1, -1, -1, 6, 13, -1], [-1, -1, 2, -1, -1, -1, -1, 5, -1, 4], [-1, -1, 2, -1, -1, -1, -1, 0, 10, -1], [-1, -1, 2, -1, -1, 5, -1, -1, 13, -1], [-1, -1, 2, -1, -1, 5, -1, -1, 11, -1], [-1, -1, 2, -1, -1, 5, -1, 3, -1, 0], [-1, -1, 2, -1, -1, 5, -1, 0, -1, -1], [-1, -1, 2, -1, -1, 4, -1, -1, 14, 0], [-1, -1, 2, -1, -1, 4, -1, 9, 14, -1], [-1, -1, 2, -1, -1, 4, -1, 9, 13, -1], [-1, -1, 2, -1, -1, 4, -1, 2, 13, -1], [-1, -1, 2, -1, -1, 3, -1, 11, 9, -1], [-1, -1, 2, -1, -1, 3, -1, 2, -1, 0], [-1, -1, 2, -1, -1, 2, -1, -1, 9, 4], [-1, -1, 2, -1, -1, 2, -1, 11, 12, 0], [-1, -1, 2, -1, -1, 1, -1, -1, 13, 0], [-1, -1, 2, -1, -1, 1, -1, -1, 11, -1], [-1, -1, 2, -1, -1, 1, -1, 10, -1, -1], [-1, -1, 2, -1, -1, 1, -1, 9, 13, -1], [-1, -1, 2, -1, -1, 0, -1, -1, 10, -1], [-1, -1, 2, -1, -1, 0, -1, 12, -1, -1], [-1, -1, 2, -1, -1, 0, -1, 3, 13, 0], [-1, -1, 2, -1, 1, 2, -1, 0, 13, 0], [-1, -1, 2, -1, 0, -1, -1, -1, 13, 0], [-1, -1, 2, -1, 0, -1, -1, -1, 12, 0], [-1, -1, 2, -1, 0, -1, -1, -1, 10, 4], [-1, -1, 2, -1, 0, -1, -1, 9, 13, -1], [-1, -1, 2, -1, 0, -1, -1, 9, 11, -1], [-1, -1, 2, -1, 0, -1, -1, 9, 10, -1], [-1, -1, 2, -1, 0, 5, -1, -1, -1, -1], [-1, -1, 2, -1, 0, 4, -1, -1, 13, -1], [-1, -1, 2, -1, 0, 2, -1, 3, 10, -1], [-1, -1, 2, -1, 0, 1, -1, -1, 13, -1], [-1, -1, 2, -1, 0, 1, -1, -1, 9, -1], [-1, -1, 2, -1, 0, 1, -1, 0, -1, -1], [-1, -1, 2, -1, 0, 0, -1, -1, -1, -1], [-1, -1, 2, 4, -1, -1, -1, 12, 10, -1], [-1, -1, 2, 4, -1, 0, -1, -1, 9, 0], [-1, -1, 2, 4, -1, 0, -1, 0, -1, -1], [-1, -1, 2, 4, 1, -1, -1, 0, 14, -1], [-1, -1, 2, 4, 1, 3, -1, -1, 9, -1], [-1, -1, 2, 4, 1, 0, -1, 2, -1, -1], [-1, -1, 2, 4, 0, -1, -1, -1, 12, -1], [-1, -1, 2, 4, 0, -1, -1, -1, 10, -1], [-1, -1, 2, 2, -1, -1, -1, -1, 12, 0], [-1, -1, 2, 2, -1, -1, -1, -1, 11, -1], [-1, -1, 2, 2, -1, -1, -1, 9, -1, -1], [-1, -1, 2, 2, -1, 1, -1, -1, 13, -1], [-1, -1, 2, 2, -1, 0, -1, -1, -1, -1], [-1, -1, 2, 2, 0, -1, -1, 7, -1, -1], [-1, -1, 2, 1, -1, -1, -1, -1, 13, -1], [-1, -1, 2, 1, -1, -1, -1, 3, -1, 0], [-1, -1, 2, 1, -1, -1, -1, 0, -1, 0], [-1, -1, 2, 1, -1, 2, -1, 0, -1, -1], [-1, -1, 0, -1, -1, -1, -1, -1, 16, 0], [-1, -1, 0, -1, -1, -1, -1, -1, 13, 4], [-1, -1, 0, -1, -1, -1, -1, 9, -1, 4], [-1, -1, 0, -1, -1, -1, 1, -1, 16, -1], [-1, -1, 0, -1, -1, -1, 1, -1, 10, 4], [-1, -1, 0, -1, -1, -1, 1, 3, 13, -1], [-1, -1, 0, -1, -1, 2, 1, -1, -1, 4], [-1, -1, 0, -1, 1, -1, -1, -1, 10, 4], [-1, -1, 0, -1, 1, -1, -1, 11, 13, 0], [-1, -1, 0, -1, 1, 2, -1, 11, 13, -1], [-1, -1, 0, -1, 1, 2, -1, 3, 13, 0], [-1, -1, 0, -1, 0, -1, 1, -1, -1, 4], [-1, -1, 0, -1, 0, 2, -1, 9, 14, -1], [-1, -1, 0, 4, -1, -1, 4, 2, 10, -1], [-1, -1, 0, 4, -1, 2, -1, -1, 15, -1], [-1, -1, 0, 4, 1, 2, -1, 3, 13, -1], [-1, -1, 0, 0, 1, -1, -1, -1, -1, -1], [-1, 15, -1, -1, -1, -1, -1, 12, -1, 4], [-1, 15, -1, -1, -1, -1, -1, 6, -1, 4], [-1, 15, -1, -1, -1, -1, 5, -1, -1, -1], [-1, 15, -1, -1, -1, -1, 0, 10, -1, -1], [-1, 15, -1, -1, -1, 4, -1, -1, -1, 4], [-1, 15, -1, -1, -1, 2, 1, -1, -1, 4], [-1, 15, -1, -1, -1, 1, -1, -1, -1, 4], [-1, 15, -1, -1, -1, 0, 0, -1, -1, -1], [-1, 15, -1, -1, 1, -1, 1, -1, -1, 4], [-1, 15, -1, -1, 1, 4, -1, 3, -1, -1], [-1, 15, -1, -1, 1, 1, -1, 10, -1, -1], [-1, 15, -1, 4, -1, -1, 1, -1, -1, 4], [-1, 15, -1, 4, -1, -1, 0, 0, -1, -1], [-1, 15, -1, 4, -1, 1, -1, 10, -1, -1], [-1, 15, 3, -1, -1, -1, 1, -1, -1, -1], [-1, 15, 2, -1, -1, -1, -1, 10, -1, -1], [-1, 15, 2, -1, -1, -1, -1, 0, -1, -1], [-1, 15, 2, -1, -1, 0, -1, -1, -1, -1], [-1, 15, 2, -1, 0, -1, -1, -1, -1, 4], [-1, 15, 2, -1, 0, -1, -1, 9, -1, -1], [-1, 15, 2, -1, 0, 2, -1, 3, -1, -1], [-1, 15, 2, 4, -1, -1, -1, 12, -1, -1], [-1, 15, 2, 4, 0, -1, -1, -1, -1, -1], [-1, 15, 0, -1, -1, -1, 1, -1, -1, 4], [-1, 15, 0, -1, 1, -1, -1, -1, -1, 4], [-1, 15, 0, 4, -1, -1, 4, 2, -1, -1], [-1, 14, -1, -1, -1, -1, -1, 3, -1, 0], [-1, 14, -1, -1, -1, 0, -1, -1, -1, -1], [-1, 14, 4, -1, 1, -1, 1, 9, -1, -1], [-1, 14, 0, 4, -1, 2, -1, -1, -1, -1], [-1, 12, -1, -1, -1, -1, 1, 11, -1, -1], [-1, 12, -1, -1, -1, 4, 0, -1, -1, 0], [-1, 12, -1, -1, -1, 3, -1, 11, -1, -1], [-1, 12, -1, -1, -1, 2, -1, 11, -1, 0], [-1, 12, -1, -1, 1, -1, -1, 12, -1, 0], [-1, 12, -1, -1, 1, -1, -1, 11, -1, 0], [-1, 12, -1, -1, 1, 4, -1, 9, -1, 0], [-1, 12, -1, -1, 1, 2, -1, 11, -1, -1], [-1, 12, -1, -1, 1, 2, -1, 0, -1, 0], [-1, 12, -1, -1, 1, 2, 1, -1, -1, 0], [-1, 12, -1, 4, -1, -1, -1, 12, -1, 0], [-1, 12, -1, 4, -1, -1, 0, 0, -1, -1], [-1, 12, -1, 4, -1, 2, -1, 12, -1, -1], [-1, 12, -1, 4, 1, -1, -1, 12, -1, -1], [-1, 12, -1, 4, 1, 4, -1, 9, -1, -1], [-1, 12, -1, 4, 1, 2, 1, -1, -1, -1], [-1, 12, -1, 2, -1, 2, -1, -1, -1, -1], [-1, 12, -1, 2, 0, -1, -1, -1, -1, -1], [-1, 12, 4, -1, -1, -1, -1, 11, -1, -1], [-1, 12, 4, -1, -1, 2, -1, 3, -1, 0], [-1, 12, 4, -1, 1, -1, -1, 3, -1, 0], [-1, 12, 4, -1, 1, -1, 1, 3, -1, -1], [-1, 12, 4, -1, 1, 2, -1, -1, -1, -1], [-1, 12, 4, 4, -1, -1, 1, 3, -1, 0], [-1, 12, 4, 4, -1, 2, 1, 3, -1, -1], [-1, 12, 2, -1, -1, 4, -1, -1, -1, 0], [-1, 12, 2, -1, -1, 4, -1, 9, -1, -1], [-1, 12, 2, 4, 1, -1, -1, 0, -1, -1], [-1, 12, 0, -1, 0, 2, -1, 9, -1, -1], [-1, 11, -1, -1, -1, -1, -1, 11, -1, 4], [-1, 11, -1, -1, -1, -1, 0, 12, -1, -1], [-1, 11, -1, -1, -1, 3, -1, 11, -1, 0], [-1, 11, -1, -1, -1, 3, 0, 11, -1, -1], [-1, 11, -1, -1, -1, 2, 5, -1, -1, 4], [-1, 11, -1, -1, -1, 2, 0, -1, -1, 4], [-1, 11, -1, -1, -1, 1, 5, -1, -1, -1], [-1, 11, -1, -1, 1, 3, -1, -1, -1, 4], [-1, 11, -1, -1, 1, 3, -1, 11, -1, -1], [-1, 11, -1, -1, 1, 3, -1, 3, -1, 0], [-1, 11, -1, -1, 1, 1, -1, 10, -1, 0], [-1, 11, -1, 4, -1, 3, -1, 11, -1, -1], [-1, 11, -1, 4, -1, 3, 0, -1, -1, -1], [-1, 11, -1, 4, -1, 1, -1, 10, -1, -1], [-1, 11, -1, 4, -1, 0, 0, 0, -1, -1], [-1, 11, 2, -1, -1, -1, -1, 12, -1, -1], [-1, 11, 2, -1, -1, 3, -1, 11, -1, -1], [-1, 11, 2, -1, -1, 2, -1, -1, -1, 4], [-1, 11, 2, -1, 0, 1, -1, -1, -1, -1], [-1, 11, 2, 4, -1, 0, -1, -1, -1, 0], [-1, 11, 2, 4, 1, 3, -1, -1, -1, -1], [-1, 10, -1, -1, -1, -1, 1, -1, -1, 0], [-1, 10, -1, -1, -1, -1, 1, 9, -1, -1], [-1, 10, -1, -1, 0, -1, 1, -1, -1, -1], [-1, 10, 4, -1, 0, -1, -1, -1, -1, -1], [-1, 10, 0, -1, -1, -1, -1, -1, -1, 0], [-1, 10, 0, -1, -1, -1, 1, -1, -1, -1], [-1, 9, -1, -1, -1, -1, -1, 2, -1, 4], [-1, 9, -1, -1, -1, -1, 5, -1, -1, 0], [-1, 9, -1, -1, -1, -1, 5, 9, -1, -1], [-1, 9, -1, -1, -1, -1, 1, -1, -1, 4], [-1, 9, -1, -1, -1, -1, 0, 13, -1, -1], [-1, 9, -1, -1, -1, -1, 0, 6, -1, -1], [-1, 9, -1, -1, -1, 5, 0, -1, -1, -1], [-1, 9, -1, -1, -1, 4, -1, 3, -1, -1], [-1, 9, -1, -1, -1, 4, 5, -1, -1, -1], [-1, 9, -1, -1, -1, 4, 0, 9, -1, -1], [-1, 9, -1, -1, -1, 4, 0, 2, -1, -1], [-1, 9, -1, -1, -1, 3, -1, 9, -1, -1], [-1, 9, -1, -1, -1, 2, 0, 0, -1, 0], [-1, 9, -1, -1, -1, 1, -1, 3, -1, -1], [-1, 9, -1, -1, -1, 1, 5, -1, -1, -1], [-1, 9, -1, -1, -1, 1, 0, 9, -1, -1], [-1, 9, -1, -1, -1, 0, 0, 3, -1, 0], [-1, 9, -1, -1, 1, 5, -1, -1, -1, 4], [-1, 9, -1, -1, 1, 5, -1, 9, -1, -1], [-1, 9, -1, -1, 1, 5, -1, 0, -1, -1], [-1, 9, -1, -1, 1, 4, -1, 9, -1, -1], [-1, 9, -1, -1, 1, 4, -1, 2, -1, -1], [-1, 9, -1, -1, 1, 0, -1, 3, -1, 0], [-1, 9, -1, -1, 0, 4, 1, -1, -1, -1], [-1, 9, -1, 4, -1, 5, -1, 0, -1, -1], [-1, 9, -1, 2, 1, 1, -1, -1, -1, -1], [-1, 9, -1, 1, -1, -1, -1, 3, -1, -1], [-1, 9, -1, 1, -1, -1, 0, -1, -1, -1], [-1, 9, 6, -1, -1, -1, -1, 9, -1, -1], [-1, 9, 6, -1, -1, -1, 1, -1, -1, -1], [-1, 9, 5, -1, -1, 2, 1, -1, -1, -1], [-1, 9, 5, -1, 0, -1, -1, 9, -1, -1], [-1, 9, 4, -1, -1, -1, -1, -1, -1, 4], [-1, 9, 4, -1, -1, 3, 1, -1, -1, -1], [-1, 9, 2, -1, -1, -1, -1, 13, -1, -1], [-1, 9, 2, -1, -1, -1, -1, 6, -1, -1], [-1, 9, 2, -1, -1, 5, -1, -1, -1, -1], [-1, 9, 2, -1, -1, 4, -1, 9, -1, -1], [-1, 9, 2, -1, -1, 4, -1, 2, -1, -1], [-1, 9, 2, -1, -1, 1, -1, -1, -1, 0], [-1, 9, 2, -1, -1, 1, -1, 9, -1, -1], [-1, 9, 2, -1, -1, 0, -1, 3, -1, 0], [-1, 9, 2, -1, 1, 2, -1, 0, -1, 0], [-1, 9, 2, -1, 0, -1, -1, -1, -1, 0], [-1, 9, 2, -1, 0, -1, -1, 9, -1, -1], [-1, 9, 2, -1, 0, 4, -1, -1, -1, -1], [-1, 9, 2, -1, 0, 1, -1, -1, -1, -1], [-1, 9, 2, 2, -1, 1, -1, -1, -1, -1], [-1, 9, 2, 1, -1, -1, -1, -1, -1, -1], [-1, 9, 0, -1, -1, -1, -1, -1, -1, 4], [-1, 9, 0, -1, -1, -1, 1, 3, -1, -1], [-1, 9, 0, -1, 1, -1, -1, 11, -1, 0], [-1, 9, 0, -1, 1, 2, -1, 11, -1, -1], [-1, 9, 0, -1, 1, 2, -1, 3, -1, 0], [-1, 9, 0, 4, 1, 2, -1, 3, -1, -1], [-1, 8, -1, -1, -1, -1, -1, 10, -1, -1], [-1, 8, -1, -1, -1, -1, 5, 9, -1, -1], [-1, 8, -1, -1, -1, -1, 1, -1, -1, 4], [-1, 8, -1, -1, -1, -1, 0, 11, -1, -1], [-1, 8, -1, -1, -1, 5, 0, -1, -1, -1], [-1, 8, -1, -1, -1, 3, -1, -1, -1, -1], [-1, 8, -1, -1, -1, 1, 0, -1, -1, -1], [-1, 8, -1, -1, 1, 1, -1, -1, -1, -1], [-1, 8, -1, -1, 0, -1, -1, -1, -1, 4], [-1, 8, -1, 4, -1, 1, -1, -1, -1, -1], [-1, 8, -1, 2, -1, -1, 0, -1, -1, -1], [-1, 8, 2, -1, -1, -1, -1, 11, -1, -1], [-1, 8, 2, -1, -1, 5, -1, -1, -1, -1], [-1, 8, 2, -1, -1, 1, -1, -1, -1, -1], [-1, 8, 2, -1, 0, -1, -1, 9, -1, -1], [-1, 8, 2, 2, -1, -1, -1, -1, -1, -1], [-1, 7, -1, -1, -1, -1, 5, -1, -1, -1], [-1, 7, -1, -1, -1, -1, 0, 9, -1, 0], [-1, 7, -1, -1, -1, 2, 0, 11, -1, 0], [-1, 7, 2, -1, -1, -1, -1, 9, -1, -1], [-1, 7, 2, -1, -1, 2, -1, 11, -1, 0], [-1, 7, 2, -1, 0, -1, -1, -1, -1, 0], [-1, 7, 2, 4, 0, -1, -1, -1, -1, -1], [-1, 7, 2, 2, -1, -1, -1, -1, -1, 0], [-1, 1, -1, -1, 1, -1, -1, 3, -1, -1], [-1, 1, -1, 4, -1, -1, -1, 3, -1, 0], [-1, 0, -1, -1, 1, -1, -1, -1, -1, 4], [-1, 0, 2, -1, -1, -1, -1, -1, -1, 4], [2, -1, -1, -1, -1, -1, -1, -1, 14, 0], [2, -1, -1, -1, -1, -1, -1, -1, 12, -1], [2, -1, -1, -1, -1, -1, -1, -1, 10, 4], [2, -1, -1, -1, -1, -1, -1, -1, 9, 4], [2, -1, -1, -1, -1, -1, -1, 11, -1, 4], [2, -1, -1, -1, -1, -1, -1, 9, 10, -1], [2, -1, -1, -1, -1, -1, 4, 9, -1, -1], [2, -1, -1, -1, -1, -1, 0, -1, 15, 0], [2, -1, -1, -1, -1, -1, 0, -1, 14, -1], [2, -1, -1, -1, -1, 4, -1, -1, -1, 4], [2, -1, -1, -1, -1, 4, 0, 3, -1, -1], [2, -1, -1, -1, -1, 3, -1, -1, 10, -1], [2, -1, -1, -1, -1, 3, -1, 11, -1, 0], [2, -1, -1, -1, -1, 3, 0, -1, 9, -1], [2, -1, -1, -1, -1, 3, 0, 11, -1, -1], [2, -1, -1, -1, -1, 2, 0, 3, 9, -1], [2, -1, -1, -1, -1, 1, -1, -1, -1, 4], [2, -1, -1, -1, -1, 1, -1, -1, 13, -1], [2, -1, -1, -1, -1, 1, -1, 9, -1, -1], [2, -1, -1, -1, -1, 1, -1, 3, -1, -1], [2, -1, -1, -1, -1, 0, -1, -1, 10, -1], [2, -1, -1, -1, -1, 0, 0, -1, -1, -1], [2, -1, -1, -1, 1, -1, -1, 9, 14, -1], [2, -1, -1, -1, 1, -1, 1, -1, -1, 4], [2, -1, -1, -1, 1, 4, -1, 3, -1, -1], [2, -1, -1, -1, 1, 3, -1, -1, 9, -1], [2, -1, -1, -1, 1, 3, -1, 11, -1, -1], [2, -1, -1, -1, 1, 2, -1, 11, 10, -1], [2, -1, -1, -1, 1, 2, -1, 3, 9, -1], [2, -1, -1, -1, 1, 0, -1, -1, -1, -1], [2, -1, -1, 4, -1, -1, 1, -1, -1, 4], [2, -1, -1, 4, -1, 3, -1, -1, 9, -1], [2, -1, 6, -1, -1, -1, -1, -1, -1, 4], [2, -1, 6, -1, -1, -1, -1, -1, 13, -1], [2, -1, 4, -1, -1, -1, -1, 9, -1, -1], [2, -1, 2, -1, -1, -1, -1, -1, 15, 0], [2, -1, 2, -1, -1, -1, -1, -1, 14, -1], [2, -1, 2, -1, -1, 3, -1, -1, 9, -1], [2, -1, 2, -1, -1, 3, -1, 11, -1, -1], [2, -1, 2, -1, -1, 2, -1, 3, 9, -1], [2, -1, 2, -1, -1, 0, -1, -1, -1, -1], [2, -1, 2, 4, -1, 4, -1, 3, -1, -1], [2, -1, 0, 4, -1, -1, -1, -1, -1, 4], [2, 15, -1, -1, -1, -1, -1, -1, -1, 4], [2, 15, -1, -1, -1, -1, -1, 9, -1, -1], [2, 15, -1, -1, -1, 3, -1, -1, -1, -1], [2, 15, -1, -1, -1, 0, -1, -1, -1, -1], [2, 15, -1, -1, 1, 2, -1, 11, -1, -1], [2, 14, -1, -1, -1, -1, 0, -1, -1, 0], [2, 14, 2, -1, -1, -1, -1, -1, -1, 0], [2, 12, -1, -1, -1, -1, -1, -1, -1, 0], [2, 12, -1, -1, -1, -1, 0, -1, -1, -1], [2, 12, -1, -1, 1, -1, -1, 9, -1, -1], [2, 12, 2, -1, -1, -1, -1, -1, -1, -1], [2, 11, -1, -1, -1, -1, -1, -1, -1, 4], [2, 11, -1, -1, -1, 3, 0, -1, -1, -1], [2, 11, -1, -1, -1, 2, 0, 3, -1, -1], [2, 11, -1, -1, 1, 3, -1, -1, -1, -1], [2, 11, -1, -1, 1, 2, -1, 3, -1, -1], [2, 11, -1, 4, -1, 3, -1, -1, -1, -1], [2, 11, 2, -1, -1, 3, -1, -1, -1, -1], [2, 11, 2, -1, -1, 2, -1, 3, -1, -1], [2, 9, -1, -1, -1, 1, -1, -1, -1, -1], [2, 9, 6, -1, -1, -1, -1, -1, -1, -1], [2, 7, -1, -1, -1, -1, -1, -1, -1, -1], [1, -1, -1, -1, -1, -1, 5, -1, 13, -1], [1, -1, -1, -1, -1, -1, 5, -1, 11, -1], [1, -1, -1, -1, -1, -1, 5, 0, -1, -1], [1, -1, -1, -1, -1, -1, 4, 2, 10, -1], [1, -1, -1, -1, -1, -1, 1, -1, 16, -1], [1, -1, -1, -1, -1, -1, 1, -1, 10, 4], [1, -1, -1, -1, -1, -1, 1, 3, 13, -1], [1, -1, -1, -1, -1, -1, 0, 12, 10, -1], [1, -1, -1, -1, -1, -1, 0, 11, 9, -1], [1, -1, -1, -1, -1, -1, 0, 10, -1, -1], [1, -1, -1, -1, -1, -1, 0, 9, 11, -1], [1, -1, -1, -1, -1, -1, 0, 2, 11, 0], [1, -1, -1, -1, -1, -1, 0, 2, 10, 0], [1, -1, -1, -1, -1, -1, 0, 0, -1, 4], [1, -1, -1, -1, -1, 5, -1, -1, 11, -1], [1, -1, -1, -1, -1, 5, -1, 9, 13, 0], [1, -1, -1, -1, -1, 5, -1, 0, 13, -1], [1, -1, -1, -1, -1, 5, 0, -1, 10, -1], [1, -1, -1, -1, -1, 4, -1, 9, 13, -1], [1, -1, -1, -1, -1, 4, 0, 11, 10, -1], [1, -1, -1, -1, -1, 3, -1, 4, -1, -1], [1, -1, -1, -1, -1, 3, 1, -1, -1, 0], [1, -1, -1, -1, -1, 2, -1, 2, 10, 0], [1, -1, -1, -1, -1, 2, -1, 0, 9, 4], [1, -1, -1, -1, -1, 2, 1, -1, 14, 4], [1, -1, -1, -1, -1, 2, 0, 6, 10, -1], [1, -1, -1, -1, -1, 2, 0, 2, 12, -1], [1, -1, -1, -1, -1, 2, 0, 2, 10, -1], [1, -1, -1, -1, -1, 1, -1, -1, 11, -1], [1, -1, -1, -1, -1, 1, -1, 10, -1, -1], [1, -1, -1, -1, -1, 1, 5, -1, -1, -1], [1, -1, -1, -1, 1, -1, -1, 12, 10, -1], [1, -1, -1, -1, 1, -1, -1, 12, 9, -1], [1, -1, -1, -1, 1, -1, -1, 11, 9, -1], [1, -1, -1, -1, 1, -1, -1, 10, 10, -1], [1, -1, -1, -1, 1, -1, -1, 10, 9, -1], [1, -1, -1, -1, 1, -1, -1, 9, 12, -1], [1, -1, -1, -1, 1, -1, -1, 9, 11, -1], [1, -1, -1, -1, 1, -1, -1, 9, 9, 0], [1, -1, -1, -1, 1, -1, -1, 0, -1, 4], [1, -1, -1, -1, 1, -1, 4, -1, 10, -1], [1, -1, -1, -1, 1, -1, 4, 2, -1, -1], [1, -1, -1, -1, 1, -1, 1, 11, 13, -1], [1, -1, -1, -1, 1, -1, 1, 3, 14, 0], [1, -1, -1, -1, 1, 5, -1, -1, 13, -1], [1, -1, -1, -1, 1, 5, -1, 10, -1, 0], [1, -1, -1, -1, 1, 5, -1, 0, -1, -1], [1, -1, -1, -1, 1, 3, 1, -1, -1, -1], [1, -1, -1, -1, 0, -1, -1, 11, 13, -1], [1, -1, -1, -1, 0, -1, -1, 9, -1, 4], [1, -1, -1, -1, 0, 4, -1, -1, 13, -1], [1, -1, -1, -1, 0, 2, -1, -1, 10, 4], [1, -1, -1, -1, 0, 2, -1, -1, 9, 4], [1, -1, -1, -1, 0, 0, -1, -1, 13, -1], [1, -1, -1, 4, -1, -1, -1, 12, 9, 0], [1, -1, -1, 4, -1, 4, -1, 3, 10, -1], [1, -1, -1, 4, -1, 2, 0, -1, 8, -1], [1, -1, -1, 4, -1, 2, 0, 13, 10, 0], [1, -1, -1, 4, -1, 1, 0, -1, 10, -1], [1, -1, -1, 4, 1, 2, -1, 2, 10, -1], [1, -1, -1, 4, 1, 2, 1, 3, -1, -1], [1, -1, -1, 4, 0, 2, 4, -1, -1, 4], [1, -1, -1, 4, 0, 1, -1, 9, 13, -1], [1, -1, -1, 2, -1, -1, -1, 10, -1, -1], [1, -1, -1, 2, -1, -1, -1, 3, 13, -1], [1, -1, -1, 2, -1, -1, 5, -1, -1, -1], [1, -1, -1, 2, -1, -1, 4, -1, 13, -1], [1, -1, -1, 2, -1, -1, 1, -1, 13, -1], [1, -1, -1, 2, -1, -1, 0, -1, 10, -1], [1, -1, -1, 2, -1, -1, 0, 2, -1, 0], [1, -1, -1, 2, -1, 2, -1, -1, 11, -1], [1, -1, -1, 2, -1, 1, -1, -1, 13, -1], [1, -1, -1, 2, 1, -1, -1, 11, -1, -1], [1, -1, -1, 1, -1, -1, -1, -1, 13, 0], [1, -1, 6, 4, 1, -1, 1, -1, -1, -1], [1, -1, 5, -1, -1, -1, -1, -1, -1, 4], [1, -1, 4, -1, -1, -1, -1, 11, 13, -1], [1, -1, 4, -1, -1, -1, -1, 3, 14, 0], [1, -1, 4, -1, -1, 4, -1, -1, 13, -1], [1, -1, 4, -1, -1, 3, -1, -1, -1, -1], [1, -1, 4, -1, -1, 2, -1, -1, 14, -1], [1, -1, 4, -1, 1, -1, 1, -1, 14, 0], [1, -1, 4, -1, 1, -1, 1, 3, -1, 0], [1, -1, 3, -1, -1, -1, -1, 3, -1, -1], [1, -1, 3, -1, -1, -1, 1, -1, 13, -1], [1, -1, 2, -1, -1, -1, -1, 12, 10, -1], [1, -1, 2, -1, -1, -1, -1, 11, 9, -1], [1, -1, 2, -1, -1, -1, -1, 10, -1, -1], [1, -1, 2, -1, -1, -1, -1, 9, 11, -1], [1, -1, 2, -1, -1, -1, -1, 2, 11, 0], [1, -1, 2, -1, -1, -1, -1, 2, 10, 0], [1, -1, 2, -1, -1, 5, -1, -1, 10, -1], [1, -1, 2, -1, -1, 2, -1, 6, 10, -1], [1, -1, 2, -1, -1, 2, -1, 2, 12, -1], [1, -1, 2, -1, -1, 2, -1, 2, 10, -1], [1, -1, 2, -1, -1, 2, -1, 2, 6, -1], [1, -1, 2, -1, -1, 1, -1, -1, 12, -1], [1, -1, 2, -1, -1, 1, -1, -1, 9, 0], [1, -1, 2, -1, -1, 1, -1, 0, -1, -1], [1, -1, 2, -1, 1, 4, -1, 11, 10, -1], [1, -1, 2, -1, 0, -1, -1, -1, 13, -1], [1, -1, 2, -1, 0, -1, -1, -1, 11, -1], [1, -1, 2, -1, 0, -1, -1, -1, 10, -1], [1, -1, 2, -1, 0, -1, -1, 0, -1, -1], [1, -1, 2, -1, 0, 1, -1, -1, -1, -1], [1, -1, 2, 4, -1, -1, -1, 0, -1, 4], [1, -1, 2, 4, -1, 2, -1, 13, 10, 0], [1, -1, 2, 4, -1, 1, -1, -1, 10, -1], [1, -1, 2, 2, -1, -1, -1, -1, 10, -1], [1, -1, 2, 2, -1, -1, -1, 11, -1, -1], [1, -1, 2, 2, -1, -1, -1, 6, 9, -1], [1, -1, 2, 2, -1, -1, -1, 2, -1, 0], [1, -1, 2, 2, -1, -1, -1, 0, -1, -1], [1, -1, 2, 2, -1, 5, -1, -1, -1, -1], [1, -1, 0, -1, -1, -1, -1, 3, 13, 0], [1, -1, 0, -1, -1, 2, -1, 9, 14, -1], [1, -1, 0, -1, -1, 2, -1, 3, 13, -1], [1, -1, 0, -1, 1, -1, -1, 12, -1, -1], [1, -1, 0, -1, 1, 2, -1, -1, 11, -1], [1, -1, 0, -1, 0, -1, -1, 3, 13, -1], [1, -1, 0, -1, 0, 2, 1, -1, 14, -1], [1, -1, 0, 4, -1, -1, -1, -1, 14, 4], [1, -1, 0, 4, 0, 2, -1, -1, -1, 4], [1, 15, -1, -1, -1, -1, 4, 2, -1, -1], [1, 15, -1, -1, -1, -1, 1, -1, -1, 4], [1, 15, -1, -1, -1, -1, 0, 12, -1, -1], [1, 15, -1, -1, -1, -1, 0, 2, -1, 0], [1, 15, -1, -1, -1, 5, 0, -1, -1, -1], [1, 15, -1, -1, -1, 4, 0, 11, -1, -1], [1, 15, -1, -1, -1, 2, -1, 2, -1, 0], [1, 15, -1, -1, -1, 2, 0, 6, -1, -1], [1, 15, -1, -1, -1, 2, 0, 2, -1, -1], [1, 15, -1, -1, 1, -1, -1, 12, -1, -1], [1, 15, -1, -1, 1, -1, -1, 10, -1, -1], [1, 15, -1, -1, 1, -1, 4, -1, -1, -1], [1, 15, -1, -1, 0, 2, -1, -1, -1, 4], [1, 15, -1, 4, -1, 4, -1, 3, -1, -1], [1, 15, -1, 4, -1, 2, 0, 13, -1, 0], [1, 15, -1, 4, -1, 1, 0, -1, -1, -1], [1, 15, -1, 4, 1, 2, -1, 2, -1, -1], [1, 15, -1, 2, -1, -1, 0, -1, -1, -1], [1, 15, 2, -1, -1, -1, -1, 12, -1, -1], [1, 15, 2, -1, -1, -1, -1, 2, -1, 0], [1, 15, 2, -1, -1, 5, -1, -1, -1, -1], [1, 15, 2, -1, -1, 2, -1, 6, -1, -1], [1, 15, 2, -1, -1, 2, -1, 2, -1, -1], [1, 15, 2, -1, 1, 4, -1, 11, -1, -1], [1, 15, 2, -1, 0, -1, -1, -1, -1, -1], [1, 15, 2, 4, -1, 2, -1, 13, -1, 0], [1, 15, 2, 4, -1, 1, -1, -1, -1, -1], [1, 15, 2, 2, -1, -1, -1, -1, -1, -1], [1, 12, -1, -1, -1, 2, 1, -1, -1, 4], [1, 12, -1, -1, 1, -1, 1, 3, -1, 0], [1, 12, 4, -1, -1, -1, -1, 3, -1, 0], [1, 12, 4, -1, -1, 2, -1, -1, -1, -1], [1, 12, 4, -1, 1, -1, 1, -1, -1, 0], [1, 12, 0, -1, -1, 2, -1, 9, -1, -1], [1, 12, 0, -1, 0, 2, 1, -1, -1, -1], [1, 12, 0, 4, -1, -1, -1, -1, -1, 4], [1, 11, -1, -1, -1, -1, 0, 11, -1, -1], [1, 11, -1, -1, -1, 2, -1, 0, -1, 4], [1, 11, -1, -1, 1, -1, -1, 12, -1, -1], [1, 11, -1, -1, 1, -1, -1, 11, -1, -1], [1, 11, -1, -1, 1, -1, -1, 10, -1, -1], [1, 11, -1, -1, 1, -1, -1, 9, -1, 0], [1, 11, -1, -1, 0, 2, -1, -1, -1, 4], [1, 11, -1, 4, -1, -1, -1, 12, -1, 0], [1, 11, 2, -1, -1, -1, -1, 11, -1, -1], [1, 11, 2, -1, -1, 1, -1, -1, -1, 0], [1, 11, 2, 2, -1, -1, -1, 6, -1, -1], [1, 10, -1, -1, -1, -1, 1, -1, -1, -1], [1, 9, -1, -1, -1, -1, 5, -1, -1, -1], [1, 9, -1, -1, -1, -1, 1, 3, -1, -1], [1, 9, -1, -1, -1, 5, -1, 9, -1, 0], [1, 9, -1, -1, -1, 5, -1, 0, -1, -1], [1, 9, -1, -1, -1, 4, -1, 9, -1, -1], [1, 9, -1, -1, 1, -1, 1, 11, -1, -1], [1, 9, -1, -1, 1, 5, -1, -1, -1, -1], [1, 9, -1, -1, 0, -1, -1, 11, -1, -1], [1, 9, -1, -1, 0, 4, -1, -1, -1, -1], [1, 9, -1, -1, 0, 0, -1, -1, -1, -1], [1, 9, -1, 4, 0, 1, -1, 9, -1, -1], [1, 9, -1, 2, -1, -1, -1, 3, -1, -1], [1, 9, -1, 2, -1, -1, 4, -1, -1, -1], [1, 9, -1, 2, -1, -1, 1, -1, -1, -1], [1, 9, -1, 2, -1, 1, -1, -1, -1, -1], [1, 9, -1, 1, -1, -1, -1, -1, -1, 0], [1, 9, 4, -1, -1, -1, -1, 11, -1, -1], [1, 9, 4, -1, -1, 4, -1, -1, -1, -1], [1, 9, 3, -1, -1, -1, 1, -1, -1, -1], [1, 9, 2, -1, 0, -1, -1, -1, -1, -1], [1, 9, 0, -1, -1, -1, -1, 3, -1, 0], [1, 9, 0, -1, -1, 2, -1, 3, -1, -1], [1, 9, 0, -1, 0, -1, -1, 3, -1, -1], [1, 8, -1, -1, -1, -1, 5, -1, -1, -1], [1, 8, -1, -1, -1, -1, 0, 9, -1, -1], [1, 8, -1, -1, -1, -1, 0, 2, -1, 0], [1, 8, -1, -1, -1, 5, -1, -1, -1, -1], [1, 8, -1, -1, -1, 1, -1, -1, -1, -1], [1, 8, -1, -1, 1, -1, -1, 9, -1, -1], [1, 8, -1, 2, -1, 2, -1, -1, -1, -1], [1, 8, 2, -1, -1, -1, -1, 9, -1, -1], [1, 8, 2, -1, -1, -1, -1, 2, -1, 0], [1, 8, 2, -1, 0, -1, -1, -1, -1, -1], [1, 8, 0, -1, 1, 2, -1, -1, -1, -1], [1, 7, -1, -1, -1, 2, 0, 2, -1, -1], [1, 7, -1, -1, 1, -1, -1, 9, -1, -1], [1, 7, 2, -1, -1, 2, -1, 2, -1, -1], [1, 7, 2, -1, -1, 1, -1, -1, -1, -1], [1, 2, -1, 4, -1, 2, 0, -1, -1, -1], [1, 0, 2, -1, -1, 2, -1, 2, -1, -1], [0, -1, -1, -1, -1, -1, -1, 11, 14, -1], [0, -1, -1, -1, -1, -1, 1, 11, -1, 4], [0, -1, -1, -1, -1, -1, 0, 13, -1, 4], [0, -1, -1, -1, -1, -1, 0, 12, 13, -1], [0, -1, -1, -1, -1, -1, 0, 2, 10, 4], [0, -1, -1, -1, -1, -1, 0, 0, 13, -1], [0, -1, -1, -1, -1, 5, 0, 3, -1, -1], [0, -1, -1, -1, -1, 4, -1, -1, 14, -1], [0, -1, -1, -1, -1, 3, -1, 3, 10, 0], [0, -1, -1, -1, -1, 3, -1, 3, 9, -1], [0, -1, -1, -1, -1, 3, 0, -1, 9, -1], [0, -1, -1, -1, -1, 2, -1, 9, 16, 0], [0, -1, -1, -1, -1, 2, 0, -1, 16, 0], [0, -1, -1, -1, -1, 2, 0, 3, 10, -1], [0, -1, -1, -1, -1, 2, 0, 2, 13, -1], [0, -1, -1, -1, -1, 1, -1, 10, 10, -1], [0, -1, -1, -1, -1, 1, 0, -1, 14, -1], [0, -1, -1, -1, -1, 1, 0, -1, 10, -1], [0, -1, -1, -1, -1, 1, 0, 9, -1, -1], [0, -1, -1, -1, -1, 1, 0, 3, -1, -1], [0, -1, -1, -1, -1, 0, 0, -1, -1, -1], [0, -1, -1, -1, 1, -1, -1, 11, 11, -1], [0, -1, -1, -1, 1, 2, 1, -1, 14, -1], [0, -1, -1, -1, 1, 1, -1, -1, -1, 4], [0, -1, -1, -1, 1, 1, -1, 9, 14, -1], [0, -1, -1, -1, 0, -1, 1, -1, 15, -1], [0, -1, -1, 4, -1, -1, -1, -1, 11, 4], [0, -1, -1, 4, -1, -1, -1, 12, -1, 4], [0, -1, -1, 4, -1, -1, -1, 3, 10, 4], [0, -1, -1, 4, -1, -1, 5, 11, -1, -1], [0, -1, -1, 4, -1, -1, 0, 11, 12, -1], [0, -1, -1, 4, -1, -1, 0, 3, 10, -1], [0, -1, -1, 4, -1, 3, -1, 3, 10, -1], [0, -1, -1, 4, 1, -1, 1, 3, 14, 0], [0, -1, -1, 4, 1, 1, -1, -1, 14, -1], [0, -1, -1, 4, 1, 0, -1, 3, -1, -1], [0, -1, -1, 2, -1, -1, 0, -1, 13, -1], [0, -1, -1, 1, -1, -1, 0, 3, -1, -1], [0, -1, -1, 1, -1, 2, 0, 9, -1, -1], [0, -1, 5, -1, -1, -1, -1, 9, -1, -1], [0, -1, 5, 4, -1, -1, 1, -1, 13, -1], [0, -1, 4, -1, -1, 2, 1, 3, -1, 4], [0, -1, 4, 4, 1, -1, 1, -1, 14, -1], [0, -1, 2, -1, -1, -1, -1, 13, -1, 4], [0, -1, 2, -1, -1, -1, -1, 12, 13, -1], [0, -1, 2, -1, -1, -1, -1, 3, 10, 0], [0, -1, 2, -1, -1, -1, -1, 2, 13, -1], [0, -1, 2, -1, -1, -1, -1, 2, 10, 4], [0, -1, 2, -1, -1, 5, -1, 3, -1, -1], [0, -1, 2, -1, -1, 3, -1, -1, 9, -1], [0, -1, 2, -1, -1, 2, -1, -1, 16, 0], [0, -1, 2, -1, -1, 2, -1, 11, 12, -1], [0, -1, 2, -1, -1, 2, -1, 3, 10, -1], [0, -1, 2, -1, -1, 2, -1, 0, 13, -1], [0, -1, 2, -1, -1, 1, -1, 9, -1, -1], [0, -1, 2, -1, -1, 1, -1, 3, -1, 0], [0, -1, 2, -1, -1, 0, -1, -1, -1, -1], [0, -1, 2, -1, 1, -1, -1, 3, 10, -1], [0, -1, 2, -1, 1, -1, -1, 0, 13, -1], [0, -1, 2, -1, 1, 1, -1, -1, 14, -1], [0, -1, 2, -1, 1, 1, -1, 3, -1, -1], [0, -1, 2, -1, 0, -1, -1, -1, 12, -1], [0, -1, 2, 4, -1, -1, -1, 11, 12, -1], [0, -1, 2, 4, -1, -1, -1, 9, 10, 0], [0, -1, 2, 4, -1, -1, -1, 3, 10, -1], [0, -1, 2, 4, 1, 1, -1, -1, 10, -1], [0, -1, 2, 2, 1, -1, -1, -1, 13, -1], [0, -1, 2, 1, -1, -1, -1, 3, -1, -1], [0, -1, 2, 1, -1, -1, -1, 2, -1, -1], [0, -1, 2, 1, -1, 2, -1, 9, -1, 0], [0, -1, 2, 1, 1, 2, -1, 9, -1, -1], [0, 15, -1, -1, -1, -1, 0, 2, -1, 4], [0, 15, -1, -1, -1, 3, -1, 3, -1, 0], [0, 15, -1, -1, -1, 2, 0, 3, -1, -1], [0, 15, -1, -1, -1, 1, -1, 10, -1, -1], [0, 15, -1, -1, -1, 1, 0, -1, -1, -1], [0, 15, -1, 4, -1, -1, -1, 3, -1, 4], [0, 15, -1, 4, -1, -1, 0, 3, -1, -1], [0, 15, -1, 4, -1, 3, -1, 3, -1, -1], [0, 15, 2, -1, -1, -1, -1, 3, -1, 0], [0, 15, 2, -1, -1, -1, -1, 2, -1, 4], [0, 15, 2, -1, -1, 2, -1, 3, -1, -1], [0, 15, 2, -1, 1, -1, -1, 3, -1, -1], [0, 15, 2, 4, -1, -1, -1, 9, -1, 0], [0, 15, 2, 4, -1, -1, -1, 3, -1, -1], [0, 15, 2, 4, 1, 1, -1, -1, -1, -1], [0, 14, -1, -1, 0, -1, 1, -1, -1, -1], [0, 12, -1, -1, -1, -1, -1, 11, -1, -1], [0, 12, -1, -1, -1, 4, -1, -1, -1, -1], [0, 12, -1, -1, -1, 1, 0, -1, -1, -1], [0, 12, -1, -1, 1, 2, 1, -1, -1, -1], [0, 12, -1, -1, 1, 1, -1, 9, -1, -1], [0, 12, -1, 4, 1, -1, 1, 3, -1, 0], [0, 12, -1, 4, 1, 1, -1, -1, -1, -1], [0, 12, 4, 4, 1, -1, 1, -1, -1, -1], [0, 12, 2, -1, 1, 1, -1, -1, -1, -1], [0, 11, -1, -1, -1, 3, -1, 3, -1, -1], [0, 11, -1, -1, -1, 3, 0, -1, -1, -1], [0, 11, 2, -1, -1, 3, -1, -1, -1, -1], [0, 10, -1, -1, -1, 2, -1, 9, -1, 0], [0, 10, -1, -1, -1, 2, 0, -1, -1, 0], [0, 10, 2, -1, -1, 2, -1, -1, -1, 0], [0, 9, -1, -1, -1, -1, 0, 12, -1, -1], [0, 9, -1, -1, -1, -1, 0, 0, -1, -1], [0, 9, -1, -1, -1, 2, 0, 2, -1, -1], [0, 9, -1, 2, -1, -1, 0, -1, -1, -1], [0, 9, 5, 4, -1, -1, 1, -1, -1, -1], [0, 9, 2, -1, -1, -1, -1, 12, -1, -1], [0, 9, 2, -1, -1, -1, -1, 2, -1, -1], [0, 9, 2, -1, -1, 2, -1, 0, -1, -1], [0, 9, 2, -1, 1, -1, -1, 0, -1, -1], [0, 9, 2, 2, 1, -1, -1, -1, -1, -1], [0, 8, -1, -1, 1, -1, -1, 11, -1, -1], [0, 8, -1, 4, -1, -1, -1, -1, -1, 4], [0, 7, -1, 4, -1, -1, 0, 11, -1, -1], [0, 7, 2, -1, -1, 2, -1, 11, -1, -1], [0, 7, 2, -1, 0, -1, -1, -1, -1, -1], [0, 7, 2, 4, -1, -1, -1, 11, -1, -1]]
0.1 451 
 [[-1, -1, -1, -1, -1, -1, -1, 11, 9, 4], [-1, -1, -1, -1, -1, -1, -1, 10, 11, -1], [-1, -1, -1, -1, -1, -1, -1, 6, 10, 4], [-1, -1, -1, -1, -1, -1, 5, 9, 13, 0], [-1, -1, -1, -1, -1, -1, 5, 9, 10, -1], [-1, -1, -1, -1, -1, -1, 5, 0, 10, -1], [-1, -1, -1, -1, -1, -1, 1, 9, 13, 4], [-1, -1, -1, -1, -1, 5, 5, -1, -1, 0], [-1, -1, -1, -1, -1, 5, 0, -1, 13, -1], [-1, -1, -1, -1, -1, 4, -1, -1, 10, 4], [-1, -1, -1, -1, -1, 4, 0, 9, 13, 0], [-1, -1, -1, -1, -1, 4, 0, 2, 13, 0], [-1, -1, -1, -1, -1, 3, 0, 11, 9, -1], [-1, -1, -1, -1, -1, 2, 1, -1, 13, 4], [-1, -1, -1, -1, -1, 2, 1, 11, 14, -1], [-1, -1, -1, -1, -1, 1, 5, -1, 13, 0], [-1, -1, -1, -1, -1, 1, 5, -1, 9, -1], [-1, -1, -1, -1, -1, 1, 5, 0, -1, -1], [-1, -1, -1, -1, -1, 1, 0, -1, 11, -1], [-1, -1, -1, -1, -1, 1, 0, 10, 9, -1], [-1, -1, -1, -1, -1, 1, 0, 3, 13, -1], [-1, -1, -1, -1, 1, -1, -1, -1, 6, 4], [-1, -1, -1, -1, 1, -1, -1, 3, 7, -1], [-1, -1, -1, -1, 1, -1, 1, -1, 13, 4], [-1, -1, -1, -1, 1, -1, 1, 11, 14, -1], [-1, -1, -1, -1, 1, 5, -1, 0, 13, -1], [-1, -1, -1, -1, 1, 2, -1, 0, 14, 0], [-1, -1, -1, -1, 1, 1, -1, -1, 11, -1], [-1, -1, -1, -1, 1, 1, -1, 3, 13, -1], [-1, -1, -1, -1, 0, -1, 1, -1, 16, 0], [-1, -1, -1, -1, 0, -1, 1, 9, 16, -1], [-1, -1, -1, 4, -1, -1, 1, 11, 14, 0], [-1, -1, -1, 4, -1, -1, 0, 6, 13, -1], [-1, -1, -1, 4, -1, 5, 0, 0, -1, -1], [-1, -1, -1, 4, -1, 2, 0, 12, 9, 0], [-1, -1, -1, 4, -1, 1, 5, -1, 13, -1], [-1, -1, -1, 4, -1, 1, 0, 10, 10, -1], [-1, -1, -1, 4, 1, -1, -1, 12, 14, 0], [-1, -1, -1, 4, 1, -1, -1, 3, 15, 0], [-1, -1, -1, 4, 1, 2, 1, 3, 14, 0], [-1, -1, -1, 2, -1, -1, 0, -1, 11, -1], [-1, -1, -1, 2, -1, -1, 0, 9, -1, 0], [-1, -1, -1, 2, -1, 2, 0, 9, -1, -1], [-1, -1, -1, 2, 1, 1, -1, -1, 13, -1], [-1, -1, -1, 1, -1, -1, 0, 3, 13, -1], [-1, -1, -1, 1, 1, -1, -1, 3, 13, -1], [-1, -1, 6, -1, -1, -1, -1, -1, 9, 4], [-1, -1, 6, -1, -1, -1, -1, 9, 13, -1], [-1, -1, 5, -1, -1, -1, 1, 9, -1, -1], [-1, -1, 4, -1, -1, -1, -1, 11, 14, -1], [-1, -1, 4, -1, -1, 3, 1, 3, -1, -1], [-1, -1, 4, -1, 1, -1, -1, -1, 13, 4], [-1, -1, 4, -1, 1, 2, -1, 3, 14, 0], [-1, -1, 4, 4, -1, -1, -1, 9, 13, 4], [-1, -1, 4, 4, -1, 2, 1, 3, 14, 0], [-1, -1, 4, 4, 1, -1, 1, 3, 14, 0], [-1, -1, 4, 4, 1, 2, -1, -1, 14, 0], [-1, -1, 4, 4, 1, 2, 1, -1, 14, -1], [-1, -1, 2, -1, -1, 5, -1, -1, 13, -1], [-1, -1, 2, -1, -1, 5, -1, 0, -1, -1], [-1, -1, 2, -1, -1, 4, -1, 9, 14, -1], [-1, -1, 2, -1, -1, 4, -1, 2, 13, 0], [-1, -1, 2, -1, -1, 3, -1, 11, 9, 0], [-1, -1, 2, -1, -1, 2, -1, 9, 12, 0], [-1, -1, 2, -1, -1, 1, -1, -1, 11, -1], [-1, -1, 2, -1, -1, 1, -1, 10, 9, -1], [-1, -1, 2, -1, -1, 1, -1, 3, 13, -1], [-1, -1, 2, -1, 1, 4, -1, 9, 13, 0], [-1, -1, 2, -1, 1, 3, -1, 11, 9, -1], [-1, -1, 2, -1, 0, -1, -1, 9, 13, 0], [-1, -1, 2, -1, 0, -1, -1, 9, 10, -1], [-1, -1, 2, -1, 0, -1, -1, 0, 10, -1], [-1, -1, 2, -1, 0, 1, -1, -1, 13, 0], [-1, -1, 2, -1, 0, 1, -1, -1, 9, -1], [-1, -1, 2, -1, 0, 1, -1, 0, -1, -1], [-1, -1, 2, 4, -1, -1, -1, 6, 13, -1], [-1, -1, 2, 4, -1, 4, -1, 9, 13, 0], [-1, -1, 2, 4, -1, 4, -1, 2, 13, -1], [-1, -1, 2, 4, -1, 3, -1, 11, 9, -1], [-1, -1, 2, 4, -1, 2, -1, 12, 9, -1], [-1, -1, 2, 4, -1, 1, -1, 10, 10, -1], [-1, -1, 2, 4, -1, 0, -1, 0, 10, -1], [-1, -1, 2, 4, 1, 3, -1, -1, 11, 0], [-1, -1, 2, 4, 0, 1, -1, -1, 13, -1], [-1, -1, 2, 2, -1, -1, -1, -1, 11, -1], [-1, -1, 2, 2, -1, -1, -1, 9, 13, 0], [-1, -1, 2, 2, -1, 2, -1, 9, -1, -1], [-1, -1, 2, 2, -1, 1, -1, -1, 13, -1], [-1, -1, 2, 2, 1, -1, -1, 9, -1, 0], [-1, -1, 2, 1, -1, -1, -1, 3, 13, -1], [-1, -1, 2, 1, -1, -1, -1, 0, 13, -1], [-1, -1, 2, 1, -1, 2, -1, 0, -1, 0], [-1, -1, 2, 1, 0, -1, -1, -1, 13, -1], [-1, -1, 0, -1, -1, -1, 1, -1, 16, 0], [-1, -1, 0, -1, -1, -1, 1, -1, 13, 4], [-1, -1, 0, -1, -1, -1, 1, -1, 10, 4], [-1, -1, 0, -1, -1, -1, 1, 9, -1, 4], [-1, -1, 0, -1, -1, 4, -1, -1, -1, 4], [-1, -1, 0, -1, 1, -1, -1, -1, 10, 4], [-1, -1, 0, -1, 1, 2, -1, 11, 13, 0], [-1, -1, 0, -1, 1, 2, 1, 3, 13, -1], [-1, -1, 0, 4, -1, 2, -1, 9, -1, 4], [-1, -1, 0, 4, -1, 2, 1, 3, 13, 0], [-1, -1, 0, 4, 1, -1, -1, -1, 13, 4], [-1, -1, 0, 4, 0, 2, 1, -1, -1, 4], [-1, 15, -1, -1, -1, -1, -1, 6, -1, 4], [-1, 15, -1, -1, -1, -1, 5, 9, -1, -1], [-1, 15, -1, -1, -1, -1, 5, 0, -1, -1], [-1, 15, -1, -1, -1, 4, -1, -1, -1, 4], [-1, 15, -1, 4, -1, 1, 0, 10, -1, -1], [-1, 15, 2, -1, 0, -1, -1, 9, -1, -1], [-1, 15, 2, -1, 0, -1, -1, 0, -1, -1], [-1, 15, 2, 4, -1, 1, -1, 10, -1, -1], [-1, 15, 2, 4, -1, 0, -1, 0, -1, -1], [-1, 15, 0, -1, -1, -1, 1, -1, -1, 4], [-1, 15, 0, -1, 1, -1, -1, -1, -1, 4], [-1, 14, -1, 4, 1, -1, -1, 3, -1, 0], [-1, 12, -1, -1, -1, 2, 1, 11, -1, -1], [-1, 12, -1, -1, 1, -1, 1, 11, -1, -1], [-1, 12, -1, -1, 1, 2, -1, 0, -1, 0], [-1, 12, -1, 4, -1, -1, 1, 11, -1, 0], [-1, 12, -1, 4, 1, -1, -1, 12, -1, 0], [-1, 12, -1, 4, 1, 2, 1, 3, -1, 0], [-1, 12, 4, -1, -1, -1, -1, 11, -1, -1], [-1, 12, 4, -1, 1, 2, -1, 3, -1, 0], [-1, 12, 4, 4, -1, 2, 1, 3, -1, 0], [-1, 12, 4, 4, 1, -1, 1, 3, -1, 0], [-1, 12, 4, 4, 1, 2, -1, -1, -1, 0], [-1, 12, 4, 4, 1, 2, 1, -1, -1, -1], [-1, 12, 2, -1, -1, 4, -1, 9, -1, -1], [-1, 11, -1, -1, -1, -1, -1, 11, -1, 4], [-1, 11, -1, -1, -1, 3, 0, 11, -1, -1], [-1, 11, -1, -1, -1, 1, 5, -1, -1, -1], [-1, 11, -1, -1, -1, 1, 0, 10, -1, -1], [-1, 11, -1, 4, -1, 2, 0, 12, -1, 0], [-1, 11, 6, -1, -1, -1, -1, -1, -1, 4], [-1, 11, 2, -1, -1, 3, -1, 11, -1, 0], [-1, 11, 2, -1, -1, 1, -1, 10, -1, -1], [-1, 11, 2, -1, 1, 3, -1, 11, -1, -1], [-1, 11, 2, -1, 0, 1, -1, -1, -1, -1], [-1, 11, 2, 4, -1, 3, -1, 11, -1, -1], [-1, 11, 2, 4, -1, 2, -1, 12, -1, -1], [-1, 10, -1, -1, 0, -1, 1, -1, -1, 0], [-1, 10, -1, -1, 0, -1, 1, 9, -1, -1], [-1, 10, 0, -1, -1, -1, 1, -1, -1, 0], [-1, 9, -1, -1, -1, -1, 5, 9, -1, 0], [-1, 9, -1, -1, -1, -1, 1, 9, -1, 4], [-1, 9, -1, -1, -1, 5, 0, -1, -1, -1], [-1, 9, -1, -1, -1, 4, 0, 9, -1, 0], [-1, 9, -1, -1, -1, 4, 0, 2, -1, 0], [-1, 9, -1, -1, -1, 2, 1, -1, -1, 4], [-1, 9, -1, -1, -1, 1, 5, -1, -1, 0], [-1, 9, -1, -1, -1, 1, 0, 3, -1, -1], [-1, 9, -1, -1, 1, -1, 1, -1, -1, 4], [-1, 9, -1, -1, 1, 5, -1, 0, -1, -1], [-1, 9, -1, -1, 1, 1, -1, 3, -1, -1], [-1, 9, -1, 4, -1, -1, 0, 6, -1, -1], [-1, 9, -1, 4, -1, 1, 5, -1, -1, -1], [-1, 9, -1, 2, 1, 1, -1, -1, -1, -1], [-1, 9, -1, 1, -1, -1, 0, 3, -1, -1], [-1, 9, -1, 1, 1, -1, -1, 3, -1, -1], [-1, 9, 6, -1, -1, -1, -1, 9, -1, -1], [-1, 9, 4, -1, 1, -1, -1, -1, -1, 4], [-1, 9, 4, 4, -1, -1, -1, 9, -1, 4], [-1, 9, 2, -1, -1, 5, -1, -1, -1, -1], [-1, 9, 2, -1, -1, 4, -1, 2, -1, 0], [-1, 9, 2, -1, -1, 1, -1, 3, -1, -1], [-1, 9, 2, -1, 1, 4, -1, 9, -1, 0], [-1, 9, 2, -1, 0, -1, -1, 9, -1, 0], [-1, 9, 2, -1, 0, 1, -1, -1, -1, 0], [-1, 9, 2, 4, -1, -1, -1, 6, -1, -1], [-1, 9, 2, 4, -1, 4, -1, 9, -1, 0], [-1, 9, 2, 4, -1, 4, -1, 2, -1, -1], [-1, 9, 2, 4, 0, 1, -1, -1, -1, -1], [-1, 9, 2, 2, -1, -1, -1, 9, -1, 0], [-1, 9, 2, 2, -1, 1, -1, -1, -1, -1], [-1, 9, 2, 1, -1, -1, -1, 3, -1, -1], [-1, 9, 2, 1, -1, -1, -1, 0, -1, -1], [-1, 9, 2, 1, 0, -1, -1, -1, -1, -1], [-1, 9, 0, -1, -1, -1, 1, -1, -1, 4], [-1, 9, 0, -1, 1, 2, -1, 11, -1, 0], [-1, 9, 0, -1, 1, 2, 1, 3, -1, -1], [-1, 9, 0, 4, -1, 2, 1, 3, -1, 0], [-1, 9, 0, 4, 1, -1, -1, -1, -1, 4], [-1, 8, -1, -1, -1, -1, -1, 10, -1, -1], [-1, 8, -1, -1, -1, 1, 0, -1, -1, -1], [-1, 8, -1, -1, 1, 1, -1, -1, -1, -1], [-1, 8, -1, 2, -1, -1, 0, -1, -1, -1], [-1, 8, 2, -1, -1, 1, -1, -1, -1, -1], [-1, 8, 2, 4, 1, 3, -1, -1, -1, 0], [-1, 8, 2, 2, -1, -1, -1, -1, -1, -1], [-1, 7, 2, -1, -1, 2, -1, 9, -1, 0], [-1, 1, -1, -1, 1, -1, -1, 3, -1, -1], [-1, 0, -1, -1, 1, -1, -1, -1, -1, 4], [2, -1, -1, -1, -1, -1, -1, -1, 12, 0], [2, -1, -1, -1, -1, -1, -1, -1, 10, 4], [2, -1, -1, -1, -1, -1, -1, 9, 10, -1], [2, -1, -1, -1, -1, -1, 0, -1, 14, 0], [2, -1, -1, -1, -1, -1, 0, -1, 12, -1], [2, -1, -1, -1, -1, -1, 0, -1, 9, 4], [2, -1, -1, -1, -1, 2, -1, -1, 9, 4], [2, -1, -1, -1, -1, 2, -1, 11, -1, 4], [2, -1, -1, -1, -1, 2, 0, 3, 9, -1], [2, -1, -1, -1, -1, 1, -1, -1, 13, -1], [2, -1, -1, -1, -1, 1, -1, 9, -1, -1], [2, -1, -1, -1, -1, 0, 0, -1, -1, -1], [2, -1, -1, -1, 1, -1, -1, -1, 12, -1], [2, -1, -1, -1, 1, -1, -1, -1, 9, 4], [2, -1, -1, -1, 1, -1, -1, 9, 14, 0], [2, -1, -1, -1, 1, 1, -1, 3, -1, -1], [2, -1, -1, 4, -1, -1, -1, -1, 9, 4], [2, -1, -1, 4, 1, 2, -1, 3, 9, -1], [2, -1, -1, 4, 1, 0, -1, -1, -1, -1], [2, -1, 2, -1, -1, -1, -1, -1, 14, 0], [2, -1, 2, -1, -1, -1, -1, -1, 9, 4], [2, -1, 2, -1, -1, -1, -1, 9, 14, -1], [2, -1, 2, -1, -1, 2, -1, 3, 9, -1], [2, -1, 2, -1, -1, 0, -1, -1, -1, -1], [2, 15, -1, -1, -1, -1, -1, -1, -1, 4], [2, 15, -1, -1, -1, -1, -1, 9, -1, -1], [2, 12, -1, -1, -1, -1, 0, -1, -1, 0], [2, 12, -1, -1, 1, -1, -1, 9, -1, 0], [2, 12, 2, -1, -1, -1, -1, -1, -1, 0], [2, 12, 2, -1, -1, -1, -1, 9, -1, -1], [2, 11, -1, -1, -1, -1, 0, -1, -1, 4], [2, 11, -1, -1, -1, 2, -1, -1, -1, 4], [2, 11, -1, -1, -1, 2, 0, 3, -1, -1], [2, 11, -1, -1, 1, -1, -1, -1, -1, 4], [2, 11, -1, 4, -1, -1, -1, -1, -1, 4], [2, 11, -1, 4, 1, 2, -1, 3, -1, -1], [2, 11, 2, -1, -1, -1, -1, -1, -1, 4], [2, 11, 2, -1, -1, 2, -1, 3, -1, -1], [2, 9, -1, -1, -1, 1, -1, -1, -1, -1], [2, 7, -1, -1, -1, -1, -1, -1, -1, 0], [2, 7, -1, -1, -1, -1, 0, -1, -1, -1], [2, 7, -1, -1, 1, -1, -1, -1, -1, -1], [1, -1, -1, -1, -1, -1, 5, -1, 13, 0], [1, -1, -1, -1, -1, -1, 5, 9, 13, -1], [1, -1, -1, -1, -1, -1, 5, 0, -1, 0], [1, -1, -1, -1, -1, -1, 4, 2, 10, -1], [1, -1, -1, -1, -1, -1, 1, -1, 16, 0], [1, -1, -1, -1, -1, -1, 1, -1, 10, 4], [1, -1, -1, -1, -1, -1, 0, 12, 9, -1], [1, -1, -1, -1, -1, -1, 0, 10, 9, 0], [1, -1, -1, -1, -1, 5, -1, 0, 13, -1], [1, -1, -1, -1, -1, 5, 0, 0, -1, -1], [1, -1, -1, -1, -1, 4, -1, 9, 13, -1], [1, -1, -1, -1, -1, 2, 5, -1, 10, -1], [1, -1, -1, -1, -1, 2, 1, 9, -1, 4], [1, -1, -1, -1, -1, 2, 1, 3, 13, 0], [1, -1, -1, -1, -1, 2, 0, 11, 9, -1], [1, -1, -1, -1, -1, 2, 0, 2, 12, -1], [1, -1, -1, -1, -1, 1, -1, 10, 9, -1], [1, -1, -1, -1, -1, 1, 5, -1, 13, -1], [1, -1, -1, -1, 1, -1, -1, 12, 9, 0], [1, -1, -1, -1, 1, -1, 4, -1, 10, -1], [1, -1, -1, -1, 1, 5, -1, 9, 13, -1], [1, -1, -1, -1, 1, 5, -1, 0, -1, -1], [1, -1, -1, -1, 1, 4, -1, 3, 10, 0], [1, -1, -1, -1, 1, 2, -1, 12, 9, -1], [1, -1, -1, -1, 1, 2, -1, 11, 9, -1], [1, -1, -1, -1, 1, 2, 1, 11, 13, 0], [1, -1, -1, -1, 1, 2, 1, 3, 13, -1], [1, -1, -1, -1, 0, -1, 1, -1, 16, -1], [1, -1, -1, -1, 0, -1, 1, 9, -1, 4], [1, -1, -1, -1, 0, -1, 1, 3, 13, 0], [1, -1, -1, -1, 0, 2, -1, 9, -1, 4], [1, -1, -1, 4, -1, -1, 0, 9, 11, 0], [1, -1, -1, 4, -1, 3, -1, -1, 11, -1], [1, -1, -1, 4, -1, 2, 1, 3, 13, -1], [1, -1, -1, 4, -1, 1, -1, -1, 11, 0], [1, -1, -1, 4, -1, 1, 5, -1, -1, 0], [1, -1, -1, 4, 1, -1, -1, 12, 9, -1], [1, -1, -1, 4, 1, 4, -1, 3, 10, -1], [1, -1, -1, 4, 0, 4, -1, -1, 13, -1], [1, -1, -1, 2, -1, 2, 5, -1, -1, -1], [1, -1, -1, 2, -1, 1, -1, -1, 13, -1], [1, -1, 4, -1, -1, -1, -1, 11, 13, -1], [1, -1, 4, -1, -1, 4, -1, -1, 13, -1], [1, -1, 4, -1, 1, 2, -1, -1, 14, -1], [1, -1, 2, -1, -1, -1, -1, 12, 9, -1], [1, -1, 2, -1, -1, -1, -1, 9, 12, 0], [1, -1, 2, -1, -1, -1, -1, 9, 11, 0], [1, -1, 2, -1, -1, 5, -1, -1, 10, 0], [1, -1, 2, -1, -1, 2, -1, 11, 9, -1], [1, -1, 2, -1, -1, 2, -1, 2, 12, -1], [1, -1, 2, -1, -1, 1, -1, -1, 12, -1], [1, -1, 2, -1, 0, -1, -1, -1, 13, 0], [1, -1, 2, -1, 0, -1, -1, 9, 13, -1], [1, -1, 2, -1, 0, 1, -1, -1, 13, -1], [1, -1, 2, 4, -1, 1, -1, 0, -1, -1], [1, -1, 2, 4, 0, 1, -1, -1, -1, 0], [1, -1, 2, 2, -1, 5, -1, -1, -1, -1], [1, -1, 2, 2, -1, 0, -1, -1, -1, -1], [1, -1, 2, 2, 0, 2, -1, -1, -1, -1], [1, -1, 2, 1, -1, -1, -1, -1, 13, 0], [1, -1, 0, -1, -1, -1, -1, -1, 16, 0], [1, -1, 0, -1, -1, -1, 1, 3, 13, 0], [1, -1, 0, -1, -1, 2, -1, 9, -1, 4], [1, -1, 0, -1, -1, 2, 1, 3, 13, -1], [1, -1, 0, -1, 1, 2, -1, 3, 13, 0], [1, -1, 0, -1, 0, -1, -1, 9, -1, 4], [1, -1, 0, -1, 0, -1, 1, 3, 13, -1], [1, -1, 0, 4, -1, -1, -1, -1, 13, 4], [1, -1, 0, 4, -1, -1, -1, -1, 10, 4], [1, -1, 0, 4, -1, -1, 1, 3, 13, -1], [1, -1, 0, 4, 1, 2, -1, 3, 13, -1], [1, 15, -1, -1, -1, -1, 4, 2, -1, -1], [1, 15, -1, -1, -1, -1, 1, -1, -1, 4], [1, 15, -1, -1, -1, 2, 5, -1, -1, -1], [1, 15, -1, -1, 1, -1, 4, -1, -1, -1], [1, 15, -1, -1, 1, 4, -1, 3, -1, 0], [1, 15, -1, 4, 1, 4, -1, 3, -1, -1], [1, 15, 2, -1, -1, 5, -1, -1, -1, 0], [1, 15, 0, 4, -1, -1, -1, -1, -1, 4], [1, 12, 4, -1, 1, 2, -1, -1, -1, -1], [1, 11, -1, -1, -1, -1, 0, 12, -1, -1], [1, 11, -1, -1, -1, -1, 0, 10, -1, 0], [1, 11, -1, -1, -1, 2, 0, 11, -1, -1], [1, 11, -1, -1, -1, 1, -1, 10, -1, -1], [1, 11, -1, -1, 1, -1, -1, 12, -1, 0], [1, 11, -1, -1, 1, 2, -1, 12, -1, -1], [1, 11, -1, -1, 1, 2, -1, 11, -1, -1], [1, 11, -1, 4, 1, -1, -1, 12, -1, -1], [1, 11, 2, -1, -1, -1, -1, 12, -1, -1], [1, 11, 2, -1, -1, 2, -1, 11, -1, -1], [1, 10, -1, -1, -1, -1, 1, -1, -1, 0], [1, 10, -1, -1, 0, -1, 1, -1, -1, -1], [1, 10, 0, -1, -1, -1, -1, -1, -1, 0], [1, 9, -1, -1, -1, -1, 5, -1, -1, 0], [1, 9, -1, -1, -1, -1, 5, 9, -1, -1], [1, 9, -1, -1, -1, 5, -1, 0, -1, -1], [1, 9, -1, -1, -1, 4, -1, 9, -1, -1], [1, 9, -1, -1, -1, 2, 1, 3, -1, 0], [1, 9, -1, -1, -1, 1, 5, -1, -1, -1], [1, 9, -1, -1, 1, 5, -1, 9, -1, -1], [1, 9, -1, -1, 1, 2, 1, 11, -1, 0], [1, 9, -1, -1, 1, 2, 1, 3, -1, -1], [1, 9, -1, -1, 0, -1, 1, 3, -1, 0], [1, 9, -1, 4, -1, 2, 1, 3, -1, -1], [1, 9, -1, 4, 0, 4, -1, -1, -1, -1], [1, 9, -1, 2, -1, 1, -1, -1, -1, -1], [1, 9, 4, -1, -1, -1, -1, 11, -1, -1], [1, 9, 4, -1, -1, 4, -1, -1, -1, -1], [1, 9, 2, -1, 0, -1, -1, -1, -1, 0], [1, 9, 2, -1, 0, -1, -1, 9, -1, -1], [1, 9, 2, -1, 0, 1, -1, -1, -1, -1], [1, 9, 2, 1, -1, -1, -1, -1, -1, 0], [1, 9, 0, -1, -1, -1, 1, 3, -1, 0], [1, 9, 0, -1, -1, 2, 1, 3, -1, -1], [1, 9, 0, -1, 1, 2, -1, 3, -1, 0], [1, 9, 0, -1, 0, -1, 1, 3, -1, -1], [1, 9, 0, 4, -1, -1, -1, -1, -1, 4], [1, 9, 0, 4, -1, -1, 1, 3, -1, -1], [1, 9, 0, 4, 1, 2, -1, 3, -1, -1], [1, 8, -1, 4, -1, -1, 0, 9, -1, 0], [1, 8, -1, 4, -1, 3, -1, -1, -1, -1], [1, 8, -1, 4, -1, 1, -1, -1, -1, 0], [1, 8, 2, -1, -1, -1, -1, 9, -1, 0], [1, 7, -1, -1, -1, 2, 0, 2, -1, -1], [1, 7, 2, -1, -1, -1, -1, 9, -1, 0], [1, 7, 2, -1, -1, 2, -1, 2, -1, -1], [1, 7, 2, -1, -1, 1, -1, -1, -1, -1], [0, -1, -1, -1, -1, -1, -1, 11, 14, -1], [0, -1, -1, -1, -1, -1, 1, -1, 13, 4], [0, -1, -1, -1, -1, -1, 1, 11, -1, 4], [0, -1, -1, -1, -1, -1, 0, 12, 13, 0], [0, -1, -1, -1, -1, -1, 0, 11, 11, -1], [0, -1, -1, -1, -1, 3, 0, 3, 9, -1], [0, -1, -1, -1, -1, 2, 5, 3, 10, 0], [0, -1, -1, -1, -1, 2, 0, 0, 13, 0], [0, -1, -1, -1, -1, 1, 0, -1, 14, 0], [0, -1, -1, -1, -1, 1, 0, 10, 10, -1], [0, -1, -1, -1, -1, 1, 0, 9, -1, -1], [0, -1, -1, -1, -1, 0, 0, -1, 13, 0], [0, -1, -1, -1, -1, 0, 0, -1, 10, 0], [0, -1, -1, -1, 1, -1, 1, 9, -1, 4], [0, -1, -1, -1, 1, 3, -1, 3, 9, -1], [0, -1, -1, -1, 0, -1, -1, 11, -1, 4], [0, -1, -1, 4, -1, 5, 5, -1, -1, -1], [0, -1, -1, 4, -1, 2, 5, -1, 12, -1], [0, -1, -1, 4, -1, 2, 0, 3, 10, -1], [0, -1, -1, 4, -1, 1, -1, 10, 10, -1], [0, -1, -1, 4, -1, 1, 0, -1, 14, -1], [0, -1, -1, 4, -1, 1, 0, 10, -1, -1], [0, -1, -1, 4, -1, 0, 0, -1, 10, -1], [0, -1, -1, 4, -1, 0, 0, 0, -1, -1], [0, -1, -1, 4, 1, 2, 1, -1, 14, -1], [0, -1, -1, 4, 1, 1, -1, -1, -1, 4], [0, -1, -1, 1, -1, -1, -1, 3, 13, -1], [0, -1, -1, 1, -1, -1, 0, 3, -1, -1], [0, -1, 5, 4, -1, -1, -1, 9, -1, -1], [0, -1, 4, -1, 1, -1, -1, 9, -1, 4], [0, -1, 2, -1, -1, 5, -1, 3, -1, -1], [0, -1, 2, -1, -1, 3, -1, 3, 9, -1], [0, -1, 2, -1, -1, 1, -1, 10, 10, -1], [0, -1, 2, -1, -1, 0, -1, -1, 13, 0], [0, -1, 2, -1, 1, -1, -1, 12, 13, 0], [0, -1, 2, -1, 1, -1, -1, 11, 11, -1], [0, -1, 2, -1, 1, 2, -1, 0, 13, -1], [0, -1, 2, -1, 1, 1, -1, -1, 14, -1], [0, -1, 2, -1, 1, 1, -1, 9, -1, -1], [0, -1, 2, -1, 1, 0, -1, -1, 10, 0], [0, -1, 2, -1, 0, 2, -1, 3, 10, 0], [0, -1, 2, 4, -1, -1, -1, 12, 13, 0], [0, -1, 2, 4, -1, -1, -1, 10, 10, -1], [0, -1, 2, 4, -1, 2, -1, 3, 10, 0], [0, -1, 2, 4, -1, 1, -1, 10, -1, -1], [0, -1, 2, 4, -1, 0, -1, -1, 13, -1], [0, -1, 2, 4, -1, 0, -1, -1, 10, -1], [0, -1, 2, 4, -1, 0, -1, 0, -1, -1], [0, -1, 2, 4, 1, 2, -1, 3, 10, -1], [0, -1, 2, 4, 0, 5, -1, -1, -1, 0], [0, -1, 2, 4, 0, 2, -1, -1, 12, -1], [0, -1, 2, 2, -1, -1, -1, 9, -1, -1], [0, -1, 2, 1, -1, -1, -1, 3, -1, -1], [0, 15, -1, -1, -1, 2, 5, 3, -1, 0], [0, 15, -1, -1, -1, 1, 0, 10, -1, -1], [0, 15, -1, -1, -1, 0, 0, -1, -1, 0], [0, 15, -1, 4, -1, 2, 0, 3, -1, -1], [0, 15, -1, 4, -1, 1, -1, 10, -1, -1], [0, 15, -1, 4, -1, 0, 0, -1, -1, -1], [0, 15, 2, -1, -1, 1, -1, 10, -1, -1], [0, 15, 2, -1, 1, 0, -1, -1, -1, 0], [0, 15, 2, -1, 0, 2, -1, 3, -1, 0], [0, 15, 2, 4, -1, -1, -1, 10, -1, -1], [0, 15, 2, 4, -1, 2, -1, 3, -1, 0], [0, 15, 2, 4, -1, 0, -1, -1, -1, -1], [0, 15, 2, 4, 1, 2, -1, 3, -1, -1], [0, 12, -1, -1, -1, -1, -1, 11, -1, -1], [0, 12, -1, -1, -1, 1, 0, -1, -1, 0], [0, 12, -1, 4, -1, 1, 0, -1, -1, -1], [0, 12, -1, 4, 1, 2, 1, -1, -1, -1], [0, 12, 2, -1, 1, 1, -1, -1, -1, -1], [0, 11, -1, -1, -1, 3, 0, 3, -1, -1], [0, 11, -1, -1, 1, 3, -1, 3, -1, -1], [0, 11, 2, -1, -1, 3, -1, 3, -1, -1], [0, 9, -1, -1, -1, -1, 1, -1, -1, 4], [0, 9, -1, -1, -1, -1, 0, 12, -1, 0], [0, 9, -1, -1, -1, 2, 0, 0, -1, 0], [0, 9, -1, -1, -1, 0, 0, -1, -1, 0], [0, 9, -1, 1, -1, -1, -1, 3, -1, -1], [0, 9, 2, -1, -1, 0, -1, -1, -1, 0], [0, 9, 2, -1, 1, -1, -1, 12, -1, 0], [0, 9, 2, -1, 1, 2, -1, 0, -1, -1], [0, 9, 2, 4, -1, -1, -1, 12, -1, 0], [0, 9, 2, 4, -1, 0, -1, -1, -1, -1], [0, 8, -1, -1, -1, -1, 0, 11, -1, -1], [0, 8, 2, -1, 1, -1, -1, 11, -1, -1], [0, 7, -1, 4, -1, 2, 5, -1, -1, -1], [0, 7, 2, 4, 0, 2, -1, -1, -1, -1]]
0.15 180 
 [[-1, -1, -1, -1, -1, -1, 5, 9, 10, -1], [-1, -1, -1, -1, -1, -1, 1, 9, 13, 4], [-1, -1, -1, -1, -1, -1, 0, 11, 9, 4], [-1, -1, -1, -1, -1, -1, 0, 10, 11, -1], [-1, -1, -1, -1, -1, 5, 0, -1, 13, 0], [-1, -1, -1, -1, -1, 5, 0, 9, 13, -1], [-1, -1, -1, -1, -1, 4, -1, -1, 10, 4], [-1, -1, -1, -1, -1, 2, -1, 11, 9, 4], [-1, -1, -1, -1, -1, 2, 1, 11, 14, 0], [-1, -1, -1, -1, -1, 1, -1, 10, 11, -1], [-1, -1, -1, -1, -1, 1, 0, -1, 11, -1], [-1, -1, -1, -1, -1, 1, 0, 3, 13, -1], [-1, -1, -1, 4, -1, -1, -1, 10, 11, -1], [-1, -1, -1, 4, -1, 3, 0, 11, 9, 0], [-1, -1, -1, 4, -1, 1, 5, -1, 13, 0], [-1, -1, -1, 4, -1, 1, 5, 0, -1, 0], [-1, -1, -1, 4, -1, 1, 0, 10, 9, 0], [-1, -1, -1, 4, 1, -1, 1, 11, 14, -1], [-1, -1, -1, 2, -1, 2, 0, 9, -1, -1], [-1, -1, -1, 1, -1, -1, 0, 3, 13, -1], [-1, -1, -1, 1, 1, -1, -1, 3, 13, -1], [-1, -1, 5, -1, -1, -1, 1, 9, -1, -1], [-1, -1, 4, -1, 1, 2, 1, 3, 14, 0], [-1, -1, 4, 4, 1, 2, 1, 3, 14, -1], [-1, -1, 2, -1, -1, -1, -1, 11, 9, 4], [-1, -1, 2, -1, -1, -1, -1, 10, 11, -1], [-1, -1, 2, -1, -1, 1, -1, -1, 11, -1], [-1, -1, 2, -1, -1, 1, -1, 3, 13, -1], [-1, -1, 2, -1, 1, 5, -1, 9, 13, -1], [-1, -1, 2, -1, 0, -1, -1, 9, 10, -1], [-1, -1, 2, 4, -1, 1, -1, 10, 9, 0], [-1, -1, 2, 4, 1, 3, -1, 11, 9, 0], [-1, -1, 2, 4, 0, 1, -1, -1, 13, 0], [-1, -1, 2, 2, -1, 2, -1, 9, -1, -1], [-1, -1, 2, 2, -1, 1, -1, -1, 13, -1], [-1, -1, 2, 1, -1, -1, -1, 3, 13, -1], [-1, -1, 0, -1, -1, 2, 1, 9, -1, 4], [-1, 15, -1, -1, -1, -1, 5, 9, -1, -1], [-1, 15, -1, -1, -1, 4, -1, -1, -1, 4], [-1, 15, 2, -1, 0, -1, -1, 9, -1, -1], [-1, 12, -1, -1, -1, 2, 1, 11, -1, 0], [-1, 12, -1, 4, 1, -1, 1, 11, -1, -1], [-1, 12, 4, -1, 1, 2, 1, 3, -1, 0], [-1, 12, 4, 4, 1, 2, 1, 3, -1, -1], [-1, 11, -1, -1, -1, -1, 0, 11, -1, 4], [-1, 11, -1, -1, -1, 2, -1, 11, -1, 4], [-1, 11, -1, 4, -1, 3, 0, 11, -1, 0], [-1, 11, -1, 4, -1, 1, 0, 10, -1, 0], [-1, 11, 2, -1, -1, -1, -1, 11, -1, 4], [-1, 11, 2, 4, -1, 1, -1, 10, -1, 0], [-1, 11, 2, 4, 1, 3, -1, 11, -1, 0], [-1, 9, -1, -1, -1, -1, 1, 9, -1, 4], [-1, 9, -1, -1, -1, 5, 0, -1, -1, 0], [-1, 9, -1, -1, -1, 5, 0, 9, -1, -1], [-1, 9, -1, -1, -1, 1, 0, 3, -1, -1], [-1, 9, -1, 4, -1, 1, 5, -1, -1, 0], [-1, 9, -1, 1, -1, -1, 0, 3, -1, -1], [-1, 9, -1, 1, 1, -1, -1, 3, -1, -1], [-1, 9, 2, -1, -1, 1, -1, 3, -1, -1], [-1, 9, 2, -1, 1, 5, -1, 9, -1, -1], [-1, 9, 2, 4, 0, 1, -1, -1, -1, 0], [-1, 9, 2, 2, -1, 1, -1, -1, -1, -1], [-1, 9, 2, 1, -1, -1, -1, 3, -1, -1], [-1, 8, -1, -1, -1, -1, 0, 10, -1, -1], [-1, 8, -1, -1, -1, 1, -1, 10, -1, -1], [-1, 8, -1, -1, -1, 1, 0, -1, -1, -1], [-1, 8, -1, 4, -1, -1, -1, 10, -1, -1], [-1, 8, 2, -1, -1, -1, -1, 10, -1, -1], [-1, 8, 2, -1, -1, 1, -1, -1, -1, -1], [2, -1, -1, -1, -1, -1, 0, -1, 9, 4], [2, -1, -1, -1, -1, -1, 0, 9, 14, 0], [2, -1, -1, -1, -1, 2, -1, -1, 9, 4], [2, -1, -1, -1, -1, 1, -1, -1, 13, -1], [2, -1, -1, -1, 1, -1, -1, -1, 9, 4], [2, -1, -1, -1, 1, 1, -1, 3, -1, -1], [2, -1, 2, -1, -1, -1, -1, -1, 9, 4], [2, -1, 2, -1, -1, -1, -1, 9, 14, 0], [2, 12, -1, -1, -1, -1, 0, 9, -1, 0], [2, 12, 2, -1, -1, -1, -1, 9, -1, 0], [2, 11, -1, -1, -1, -1, 0, -1, -1, 4], [2, 11, -1, -1, -1, 2, -1, -1, -1, 4], [2, 11, -1, -1, 1, -1, -1, -1, -1, 4], [2, 11, 2, -1, -1, -1, -1, -1, -1, 4], [2, 9, -1, -1, -1, 1, -1, -1, -1, -1], [1, -1, -1, -1, -1, -1, 5, 9, 13, -1], [1, -1, -1, -1, -1, -1, 5, 0, 10, -1], [1, -1, -1, -1, -1, 5, -1, 0, 13, -1], [1, -1, -1, -1, -1, 5, 0, 0, -1, -1], [1, -1, -1, -1, -1, 2, 1, 9, -1, 4], [1, -1, -1, -1, -1, 2, 0, 12, 9, 0], [1, -1, -1, -1, -1, 2, 0, 11, 9, -1], [1, -1, -1, -1, -1, 1, -1, 10, 9, 0], [1, -1, -1, -1, -1, 1, 5, -1, 13, 0], [1, -1, -1, -1, 1, 4, -1, 3, 10, 0], [1, -1, -1, -1, 1, 2, 1, 3, 13, 0], [1, -1, -1, -1, 1, 1, -1, -1, 11, -1], [1, -1, -1, -1, 1, 1, -1, 10, 9, -1], [1, -1, -1, -1, 0, -1, 1, 9, -1, 4], [1, -1, -1, 4, -1, -1, 0, 12, 9, -1], [1, -1, -1, 4, -1, 1, -1, 10, 9, -1], [1, -1, -1, 4, -1, 1, 5, -1, 13, -1], [1, -1, -1, 4, 1, 4, -1, 3, 10, -1], [1, -1, -1, 4, 1, 2, -1, 12, 9, 0], [1, -1, -1, 4, 1, 2, 1, 3, 13, -1], [1, -1, 4, -1, 1, 2, -1, -1, 14, 0], [1, -1, 2, -1, -1, 5, -1, 9, 13, 0], [1, -1, 2, -1, -1, 5, -1, 0, -1, -1], [1, -1, 2, -1, -1, 4, -1, 9, 13, -1], [1, -1, 2, -1, -1, 2, -1, 12, 9, 0], [1, -1, 2, -1, 1, 2, -1, 11, 9, -1], [1, -1, 2, -1, 0, -1, -1, 9, 13, -1], [1, -1, 2, -1, 0, -1, -1, 0, 10, -1], [1, -1, 2, -1, 0, 1, -1, -1, 13, 0], [1, -1, 2, 4, -1, -1, -1, 12, 9, -1], [1, -1, 2, 4, -1, -1, -1, 9, 11, 0], [1, -1, 2, 4, -1, 5, -1, 9, 13, -1], [1, -1, 2, 4, 0, 1, -1, -1, 13, -1], [1, -1, 0, -1, -1, 2, -1, 9, -1, 4], [1, -1, 0, -1, -1, 2, 1, 3, 13, 0], [1, -1, 0, -1, 1, 2, 1, 3, 13, -1], [1, -1, 0, 4, -1, 2, 1, 3, 13, -1], [1, 15, -1, -1, -1, -1, 5, 0, -1, -1], [1, 15, -1, -1, 1, 4, -1, 3, -1, 0], [1, 15, -1, 4, 1, 4, -1, 3, -1, -1], [1, 15, 2, -1, 0, -1, -1, 0, -1, -1], [1, 12, 4, -1, 1, 2, -1, -1, -1, 0], [1, 11, -1, -1, -1, 2, 0, 12, -1, 0], [1, 11, -1, -1, -1, 2, 0, 11, -1, -1], [1, 11, -1, -1, -1, 1, -1, 10, -1, 0], [1, 11, -1, -1, 1, 1, -1, 10, -1, -1], [1, 11, -1, 4, -1, -1, 0, 12, -1, -1], [1, 11, -1, 4, -1, 1, -1, 10, -1, -1], [1, 11, -1, 4, 1, 2, -1, 12, -1, 0], [1, 11, 2, -1, -1, 2, -1, 12, -1, 0], [1, 11, 2, -1, 1, 2, -1, 11, -1, -1], [1, 11, 2, 4, -1, -1, -1, 12, -1, -1], [1, 9, -1, -1, -1, -1, 5, 9, -1, -1], [1, 9, -1, -1, -1, 5, -1, 0, -1, -1], [1, 9, -1, -1, -1, 1, 5, -1, -1, 0], [1, 9, -1, -1, 1, 2, 1, 3, -1, 0], [1, 9, -1, 4, -1, 1, 5, -1, -1, -1], [1, 9, -1, 4, 1, 2, 1, 3, -1, -1], [1, 9, 2, -1, -1, 5, -1, 9, -1, 0], [1, 9, 2, -1, -1, 4, -1, 9, -1, -1], [1, 9, 2, -1, 0, -1, -1, 9, -1, -1], [1, 9, 2, -1, 0, 1, -1, -1, -1, 0], [1, 9, 2, 4, -1, 5, -1, 9, -1, -1], [1, 9, 2, 4, 0, 1, -1, -1, -1, -1], [1, 9, 0, -1, -1, 2, 1, 3, -1, 0], [1, 9, 0, -1, 1, 2, 1, 3, -1, -1], [1, 9, 0, 4, -1, 2, 1, 3, -1, -1], [1, 8, -1, -1, 1, 1, -1, -1, -1, -1], [1, 8, 2, 4, -1, -1, -1, 9, -1, 0], [0, -1, -1, -1, -1, 5, 0, -1, 13, -1], [0, -1, -1, -1, -1, 3, 0, 3, 9, -1], [0, -1, -1, -1, -1, 1, 0, 10, 10, -1], [0, -1, -1, -1, 1, -1, -1, 11, 14, 0], [0, -1, -1, 4, -1, 0, 0, -1, 10, -1], [0, -1, 4, 4, 1, 2, 1, -1, 14, -1], [0, -1, 2, -1, -1, 3, -1, 3, 9, -1], [0, -1, 2, -1, -1, 1, -1, 10, 10, -1], [0, -1, 2, -1, 1, 5, -1, -1, 13, -1], [0, -1, 2, 4, -1, 5, -1, -1, 13, 0], [0, -1, 2, 4, -1, 5, -1, 3, -1, 0], [0, -1, 2, 4, -1, 0, -1, -1, 10, 0], [0, -1, 2, 4, 1, 1, -1, -1, 14, 0], [0, -1, 2, 4, 1, 0, -1, -1, 10, -1], [0, 15, -1, -1, -1, 1, 0, 10, -1, -1], [0, 15, -1, 4, -1, 0, 0, -1, -1, -1], [0, 15, 2, -1, -1, 1, -1, 10, -1, -1], [0, 15, 2, 4, -1, 0, -1, -1, -1, 0], [0, 15, 2, 4, 1, 0, -1, -1, -1, -1], [0, 12, -1, -1, 1, -1, -1, 11, -1, 0], [0, 12, 4, 4, 1, 2, 1, -1, -1, -1], [0, 12, 2, 4, 1, 1, -1, -1, -1, 0], [0, 11, -1, -1, -1, 3, 0, 3, -1, -1], [0, 11, 2, -1, -1, 3, -1, 3, -1, -1], [0, 9, -1, -1, -1, 5, 0, -1, -1, -1], [0, 9, 2, -1, 1, 5, -1, -1, -1, -1], [0, 9, 2, 4, -1, 5, -1, -1, -1, 0]]
0.2 60 
 [[-1, -1, -1, -1, -1, -1, 0, 10, 11, -1], [-1, -1, -1, -1, -1, 2, 0, 11, 9, 4], [-1, -1, -1, -1, -1, 1, -1, 10, 11, -1], [-1, -1, -1, -1, -1, 1, 0, -1, 11, 0], [-1, -1, -1, -1, -1, 1, 0, 3, 13, 0], [-1, -1, -1, 4, -1, 1, 0, -1, 11, -1], [-1, -1, -1, 4, 1, -1, 1, 9, 13, 4], [-1, -1, -1, 1, -1, -1, 0, 3, 13, -1], [-1, -1, 2, -1, -1, -1, -1, 10, 11, -1], [-1, -1, 2, -1, -1, 2, -1, 11, 9, 4], [-1, -1, 2, -1, -1, 1, -1, -1, 11, -1], [-1, -1, 2, -1, 1, 1, -1, 3, 13, 0], [-1, -1, 2, 1, -1, -1, -1, 3, 13, 0], [-1, -1, 2, 1, 1, -1, -1, 3, 13, -1], [-1, 11, -1, -1, -1, 2, 0, 11, -1, 4], [-1, 11, 2, -1, -1, 2, -1, 11, -1, 4], [-1, 9, -1, -1, -1, 1, 0, 3, -1, 0], [-1, 9, -1, 4, 1, -1, 1, 9, -1, 4], [-1, 9, -1, 1, -1, -1, 0, 3, -1, -1], [-1, 9, 2, -1, 1, 1, -1, 3, -1, 0], [-1, 9, 2, 1, -1, -1, -1, 3, -1, 0], [-1, 9, 2, 1, 1, -1, -1, 3, -1, -1], [-1, 8, -1, -1, -1, -1, 0, 10, -1, -1], [-1, 8, -1, -1, -1, 1, -1, 10, -1, -1], [-1, 8, -1, -1, -1, 1, 0, -1, -1, 0], [-1, 8, -1, 4, -1, 1, 0, -1, -1, -1], [-1, 8, 2, -1, -1, -1, -1, 10, -1, -1], [-1, 8, 2, -1, -1, 1, -1, -1, -1, -1], [2, -1, -1, -1, -1, 2, 0, -1, 9, 4], [2, -1, -1, -1, 1, 2, -1, -1, 9, 4], [2, -1, -1, -1, 1, 1, -1, 3, -1, -1], [2, 11, -1, -1, -1, 2, 0, -1, -1, 4], [2, 11, -1, -1, 1, 2, -1, -1, -1, 4], [1, -1, -1, -1, -1, -1, 5, 9, 13, 0], [1, -1, -1, -1, -1, 5, 0, 0, -1, -1], [1, -1, -1, -1, -1, 2, -1, 11, 9, 4], [1, -1, -1, -1, -1, 1, 5, -1, 13, 0], [1, -1, -1, 4, -1, -1, 5, 9, 13, -1], [1, -1, -1, 4, -1, 2, 0, 12, 9, -1], [1, -1, 2, -1, 1, 5, -1, 9, 13, -1], [1, -1, 2, -1, 1, 5, -1, 0, -1, -1], [1, -1, 2, -1, 0, -1, -1, 9, 13, 0], [1, -1, 2, 4, -1, 5, -1, 0, -1, -1], [1, -1, 2, 4, -1, 2, -1, 12, 9, 0], [1, -1, 2, 4, 1, 2, -1, 12, 9, -1], [1, -1, 2, 4, 0, -1, -1, 9, 13, -1], [1, 11, -1, -1, -1, 2, -1, 11, -1, 4], [1, 11, -1, 4, -1, 2, 0, 12, -1, -1], [1, 11, 2, 4, -1, 2, -1, 12, -1, 0], [1, 11, 2, 4, 1, 2, -1, 12, -1, -1], [1, 9, -1, -1, -1, -1, 5, 9, -1, 0], [1, 9, -1, -1, -1, 1, 5, -1, -1, 0], [1, 9, -1, 4, -1, -1, 5, 9, -1, -1], [1, 9, 2, -1, 1, 5, -1, 9, -1, -1], [1, 9, 2, -1, 0, -1, -1, 9, -1, 0], [1, 9, 2, 4, 0, -1, -1, 9, -1, -1], [0, -1, -1, 4, -1, 1, 0, 10, 10, 0], [0, -1, 2, 4, -1, 1, -1, 10, 10, -1], [0, 15, -1, 4, -1, 1, 0, 10, -1, 0], [0, 15, 2, 4, -1, 1, -1, 10, -1, -1]]
0.25 26 
 [[-1, -1, -1, 4, -1, -1, 0, 10, 11, 0], [-1, -1, -1, 4, -1, 1, -1, 10, 11, -1], [-1, -1, -1, 4, -1, 1, 0, -1, 11, 0], [-1, -1, -1, 1, -1, -1, 0, 3, 13, 0], [-1, -1, 2, 4, -1, -1, -1, 10, 11, 0], [-1, -1, 2, 4, 1, 1, -1, -1, 11, 0], [-1, -1, 2, 1, 1, -1, -1, 3, 13, 0], [-1, 9, -1, 1, -1, -1, 0, 3, -1, 0], [-1, 9, 2, 1, 1, -1, -1, 3, -1, 0], [-1, 8, -1, 4, -1, -1, 0, 10, -1, 0], [-1, 8, -1, 4, -1, 1, -1, 10, -1, -1], [-1, 8, -1, 4, -1, 1, 0, -1, -1, 0], [-1, 8, 2, 4, -1, -1, -1, 10, -1, 0], [-1, 8, 2, 4, 1, 1, -1, -1, -1, 0], [2, -1, -1, -1, -1, 2, 0, -1, 9, 4], [2, -1, -1, -1, 1, 2, -1, -1, 9, 4], [2, 11, -1, -1, -1, 2, 0, -1, -1, 4], [2, 11, -1, -1, 1, 2, -1, -1, -1, 4], [1, -1, -1, -1, -1, -1, 5, 9, 13, 0], [1, -1, -1, 4, -1, 5, 0, 0, -1, -1], [1, -1, 2, -1, -1, 2, -1, 11, 9, 4], [1, -1, 2, 4, 1, 5, -1, 0, -1, -1], [1, -1, 2, 4, 0, -1, -1, 9, 13, 0], [1, 11, 2, -1, -1, 2, -1, 11, -1, 4], [1, 9, -1, -1, -1, -1, 5, 9, -1, 0], [1, 9, 2, 4, 0, -1, -1, 9, -1, 0]]
0.3 2 
 [[2, -1, -1, 4, 1, 2, -1, -1, 9, 4], [2, 11, -1, 4, 1, 2, -1, -1, -1, 4]]
0.35 0 
 []
0.4 0 
 []
0.45 0 
 []
0.5 0 
 []
