execution time
1 13.345125436782837 188.77424163818358
10 5.025037002563477 154.54656639099122
20 3.0399631023406983 150.41724729537964
30 2.454313373565674 144.79287009239198
40 2.045451021194458 134.00401153564454
50 1.8441142082214355 140.01015305519104
60 1.7393685340881349 141.49575242996215
70 1.4109919548034668 130.12440223693847
80 1.2873488903045653 130.94719138145447
90 1.2517988204956054 131.79884667396544
100 1.1950098037719727 128.93137435913087
200 0.8198739528656006 121.64859228134155
500 0.6186053276062011 121.1754376411438
1000 0.675840425491333 154.7133249282837


number of calculations
1 101596.8 766938.0
10 47627.8 709777.0
20 31891.4 702107.0
30 24495.6 698684.0
40 19866.0 696703.0
50 17423.6 695260.0
60 15857.8 694285.0
70 14491.8 693429.0
80 13136.8 692762.0
90 11963.2 692243.0
100 11034.8 691764.0
200 6551.0 689281.0
500 3427.4 687270.0
1000 1744.8 686459.0


number of patterns found
1 940 
 [[-1, -1, -1, 3, -1, 5, 2], [-1, -1, -1, 3, -1, 3, 1], [-1, -1, -1, 3, -1, 1, 0], [-1, -1, -1, 3, -1, 0, 5], [-1, -1, -1, 3, 0, 0, -1], [-1, -1, -1, 1, -1, 6, -1], [-1, -1, -1, 1, -1, 3, 1], [-1, -1, -1, 1, 1, 4, 4], [-1, -1, -1, 1, 1, 0, 4], [-1, -1, -1, 1, 0, 0, 1], [-1, -1, -1, 0, -1, 5, 5], [-1, -1, -1, 0, -1, 3, -1], [-1, -1, -1, 0, 1, 5, 1], [-1, -1, 6, -1, 1, 3, 4], [-1, -1, 6, 2, -1, 0, 4], [-1, -1, 6, 2, 1, 5, -1], [-1, -1, 6, 2, 0, 0, -1], [-1, -1, 6, 1, -1, 1, -1], [-1, -1, 6, 1, 1, -1, 1], [-1, -1, 6, 0, -1, 1, 1], [-1, -1, 6, 0, -1, 0, -1], [-1, -1, 5, -1, 0, 3, 1], [-1, -1, 5, 3, -1, 0, -1], [-1, -1, 5, 1, -1, 5, -1], [-1, -1, 5, 1, 1, -1, 3], [-1, -1, 4, 3, -1, 3, -1], [-1, -1, 4, 1, -1, 0, 1], [-1, -1, 4, 1, 1, 4, 1], [-1, -1, 3, -1, -1, 3, -1], [-1, -1, 3, -1, 1, 1, 1], [-1, -1, 3, 4, 1, 0, 1], [-1, -1, 3, 4, 0, 5, 4], [-1, -1, 3, 2, -1, 4, 1], [-1, -1, 3, 2, 1, 4, -1], [-1, -1, 3, 1, -1, 2, 2], [-1, -1, 3, 1, 1, -1, 4], [-1, -1, 3, 1, 0, -1, 2], [-1, -1, 2, -1, -1, 5, 1], [-1, -1, 2, -1, -1, 4, 1], [-1, -1, 2, -1, -1, 3, 3], [-1, -1, 2, -1, -1, 0, 3], [-1, -1, 2, -1, 1, 3, 2], [-1, -1, 2, -1, 0, 4, 3], [-1, -1, 2, 4, -1, 3, 2], [-1, -1, 2, 3, -1, 5, -1], [-1, -1, 2, 3, -1, 1, -1], [-1, -1, 2, 1, -1, 4, 3], [-1, -1, 2, 1, 1, -1, 1], [-1, -1, 2, 0, 0, 5, -1], [-1, -1, 1, -1, -1, 0, 5], [-1, -1, 1, -1, 0, 0, -1], [-1, -1, 1, 2, -1, -1, -1], [-1, -1, 0, 2, -1, 5, 3], [-1, -1, 0, 2, 1, 1, 3], [-1, -1, 0, 2, 1, 0, 3], [-1, -1, 0, 2, 0, 4, 1], [-1, -1, 0, 1, -1, 1, 1], [-1, -1, 0, 1, 1, 0, -1], [-1, -1, 0, 1, 0, 4, 1], [-1, -1, 0, 0, -1, 5, -1], [-1, 15, -1, -1, -1, 5, 5], [-1, 15, -1, -1, 0, 3, 1], [-1, 15, -1, 2, -1, 4, 3], [-1, 15, -1, 1, -1, 3, 0], [-1, 15, -1, 0, -1, 1, 5], [-1, 15, -1, 0, -1, 1, 0], [-1, 15, 6, -1, 1, 5, -1], [-1, 15, 6, -1, 1, 2, 1], [-1, 15, 6, 2, -1, 5, -1], [-1, 15, 6, 2, 1, -1, -1], [-1, 15, 5, -1, -1, 3, 1], [-1, 15, 5, 4, 1, 1, -1], [-1, 15, 5, 4, 1, 0, -1], [-1, 15, 5, 2, 0, 0, 1], [-1, 15, 3, -1, 0, 4, 1], [-1, 15, 2, -1, -1, 4, 3], [-1, 15, 2, -1, 0, 5, -1], [-1, 15, 2, 4, 1, 2, 2], [-1, 15, 2, 1, 1, 3, -1], [-1, 15, 2, 0, -1, 1, -1], [-1, 15, 1, -1, -1, -1, 5], [-1, 15, 1, -1, 0, -1, -1], [-1, 15, 0, -1, 1, 1, 4], [-1, 15, 0, 4, 1, 3, 4], [-1, 15, 0, 2, 1, 5, 1], [-1, 14, -1, -1, -1, 3, 4], [-1, 14, -1, -1, -1, 0, 4], [-1, 14, -1, -1, 1, 5, 4], [-1, 14, -1, -1, 0, 3, 1], [-1, 14, -1, 4, 1, 1, 1], [-1, 14, -1, 4, 0, 0, -1], [-1, 14, -1, 3, -1, -1, 1], [-1, 14, -1, 3, -1, 2, -1], [-1, 14, -1, 2, -1, 5, 0], [-1, 14, -1, 2, -1, 1, 0], [-1, 14, -1, 2, -1, 0, -1], [-1, 14, -1, 2, 1, 1, -1], [-1, 14, -1, 1, -1, -1, 5], [-1, 14, -1, 1, -1, -1, 1], [-1, 14, -1, 1, 0, 0, -1], [-1, 14, 6, -1, -1, 3, -1], [-1, 14, 6, -1, 1, -1, 4], [-1, 14, 6, -1, 0, 2, 1], [-1, 14, 6, 2, -1, -1, -1], [-1, 14, 5, -1, -1, 0, -1], [-1, 14, 5, -1, 0, -1, 4], [-1, 14, 5, 4, 0, -1, -1], [-1, 14, 4, -1, -1, -1, 4], [-1, 14, 4, -1, 1, 1, -1], [-1, 14, 4, -1, 0, 3, -1], [-1, 14, 4, -1, 0, 0, -1], [-1, 14, 4, 3, -1, -1, -1], [-1, 14, 4, 1, -1, 0, -1], [-1, 14, 4, 1, 1, 2, -1], [-1, 14, 4, 1, 0, -1, -1], [-1, 14, 2, 2, -1, 5, -1], [-1, 14, 2, 2, -1, 1, -1], [-1, 14, 0, -1, -1, 0, -1], [-1, 14, 0, -1, 1, 5, -1], [-1, 14, 0, -1, 0, 2, 1], [-1, 14, 0, 2, -1, -1, 1], [-1, 14, 0, 2, 1, -1, -1], [-1, 13, -1, -1, 1, -1, 2], [-1, 13, -1, 3, -1, -1, -1], [-1, 13, -1, 2, 1, -1, 1], [-1, 13, -1, 0, -1, -1, -1], [-1, 13, 5, -1, -1, -1, -1], [-1, 13, 2, -1, -1, -1, 2], [-1, 12, -1, -1, -1, 5, 2], [-1, 12, -1, -1, 1, -1, 2], [-1, 12, -1, -1, 1, 1, 4], [-1, 12, -1, -1, 0, 3, 3], [-1, 12, -1, 3, -1, -1, 4], [-1, 12, -1, 3, -1, -1, 2], [-1, 12, -1, 3, -1, 5, -1], [-1, 12, -1, 3, 0, -1, -1], [-1, 12, -1, 2, -1, -1, 2], [-1, 12, -1, 2, -1, 5, 4], [-1, 12, -1, 2, -1, 4, -1], [-1, 12, -1, 2, -1, 3, 0], [-1, 12, -1, 2, 1, -1, 4], [-1, 12, -1, 1, -1, 1, 0], [-1, 12, -1, 1, 1, 1, -1], [-1, 12, -1, 0, -1, -1, 4], [-1, 12, -1, 0, -1, -1, 1], [-1, 12, -1, 0, -1, 1, -1], [-1, 12, -1, 0, 0, 2, -1], [-1, 12, 6, -1, 1, 4, -1], [-1, 12, 5, -1, -1, 3, 1], [-1, 12, 5, -1, -1, 1, 1], [-1, 12, 5, -1, 1, -1, 4], [-1, 12, 5, -1, 1, 1, -1], [-1, 12, 5, -1, 0, -1, 1], [-1, 12, 5, -1, 0, 3, -1], [-1, 12, 5, 4, -1, 3, -1], [-1, 12, 5, 2, 1, -1, -1], [-1, 12, 4, -1, 1, 3, 1], [-1, 12, 4, 2, 0, 1, 1], [-1, 12, 4, 1, -1, 4, -1], [-1, 12, 4, 1, -1, 2, 3], [-1, 12, 4, 1, 0, -1, 3], [-1, 12, 4, 0, -1, 2, -1], [-1, 12, 3, -1, -1, -1, 4], [-1, 12, 3, -1, -1, 0, -1], [-1, 12, 3, 4, -1, 5, -1], [-1, 12, 3, 4, 0, 2, 1], [-1, 12, 3, 1, 1, -1, -1], [-1, 12, 2, -1, -1, -1, 1], [-1, 12, 2, -1, -1, 1, 2], [-1, 12, 2, 3, -1, -1, -1], [-1, 12, 2, 2, -1, 3, -1], [-1, 12, 2, 1, -1, 1, -1], [-1, 12, 0, -1, -1, -1, 2], [-1, 12, 0, 3, -1, -1, -1], [-1, 12, 0, 2, -1, 5, -1], [-1, 12, 0, 2, -1, 1, 4], [-1, 12, 0, 2, 1, 2, -1], [-1, 12, 0, 0, -1, -1, -1], [-1, 11, -1, -1, -1, 6, 0], [-1, 11, -1, 3, -1, 1, -1], [-1, 11, -1, 2, -1, 5, 0], [-1, 11, -1, 2, -1, 4, 5], [-1, 11, -1, 2, -1, 3, -1], [-1, 11, -1, 2, -1, 1, 5], [-1, 11, -1, 1, -1, 5, 0], [-1, 11, -1, 1, -1, 1, 0], [-1, 11, -1, 1, 0, 4, 1], [-1, 11, 5, -1, 1, 1, 4], [-1, 11, 5, 1, 1, -1, 4], [-1, 11, 3, -1, -1, 1, 1], [-1, 11, 3, -1, -1, 0, 1], [-1, 11, 3, -1, 1, 0, -1], [-1, 11, 3, 4, -1, 5, 4], [-1, 11, 3, 4, -1, 0, -1], [-1, 11, 3, 4, 1, 1, -1], [-1, 11, 3, 4, 0, 4, 4], [-1, 11, 3, 1, 1, 2, 1], [-1, 11, 2, -1, 1, 6, -1], [-1, 11, 2, 2, -1, 5, -1], [-1, 11, 2, 2, 0, 4, -1], [-1, 11, 2, 2, 0, 1, -1], [-1, 11, 2, 1, 1, 5, -1], [-1, 11, 2, 1, 1, 1, -1], [-1, 11, 1, -1, -1, -1, 5], [-1, 11, 1, -1, -1, 0, -1], [-1, 11, 1, -1, 0, -1, -1], [-1, 11, 0, 2, 1, 5, -1], [-1, 11, 0, 1, -1, 4, -1], [-1, 10, -1, -1, -1, 5, 5], [-1, 10, -1, -1, -1, 5, 3], [-1, 10, -1, -1, -1, 2, 2], [-1, 10, -1, -1, -1, 1, 1], [-1, 10, -1, -1, -1, 0, 4], [-1, 10, -1, -1, 1, -1, 2], [-1, 10, -1, -1, 0, 2, 3], [-1, 10, -1, 4, -1, -1, 2], [-1, 10, -1, 4, 0, 5, 4], [-1, 10, -1, 3, -1, -1, -1], [-1, 10, -1, 2, -1, 3, -1], [-1, 10, -1, 2, -1, 0, -1], [-1, 10, -1, 2, 0, -1, 1], [-1, 10, -1, 1, -1, -1, 3], [-1, 10, -1, 1, -1, -1, 1], [-1, 10, -1, 0, -1, -1, -1], [-1, 10, 5, -1, -1, -1, 3], [-1, 10, 5, -1, -1, 5, -1], [-1, 10, 5, -1, -1, 3, -1], [-1, 10, 5, -1, -1, 0, -1], [-1, 10, 5, -1, 1, -1, -1], [-1, 10, 5, -1, 0, -1, 4], [-1, 10, 5, 2, -1, -1, -1], [-1, 10, 5, 1, -1, -1, -1], [-1, 10, 4, -1, 0, 1, -1], [-1, 10, 4, 4, -1, 1, -1], [-1, 10, 4, 2, -1, -1, 1], [-1, 10, 4, 2, -1, 5, -1], [-1, 10, 3, -1, -1, 2, -1], [-1, 10, 3, 1, -1, -1, -1], [-1, 10, 2, -1, -1, -1, 1], [-1, 10, 2, -1, 0, 5, -1], [-1, 10, 0, -1, -1, -1, 2], [-1, 10, 0, -1, -1, 3, -1], [-1, 10, 0, -1, -1, 1, -1], [-1, 9, -1, -1, 0, 4, 2], [-1, 9, -1, 3, -1, -1, 5], [-1, 9, -1, 3, -1, 5, 0], [-1, 9, -1, 3, -1, 3, -1], [-1, 9, -1, 3, 1, 5, -1], [-1, 9, -1, 2, 0, 0, 4], [-1, 9, -1, 1, -1, 5, 4], [-1, 9, -1, 1, -1, 5, 0], [-1, 9, -1, 1, -1, 0, 5], [-1, 9, -1, 1, 0, 3, 3], [-1, 9, -1, 1, 0, 0, -1], [-1, 9, -1, 0, -1, -1, -1], [-1, 9, 6, -1, -1, 5, 4], [-1, 9, 6, -1, -1, 1, 4], [-1, 9, 6, -1, -1, 0, -1], [-1, 9, 6, -1, 1, 3, -1], [-1, 9, 6, 4, 1, 2, 4], [-1, 9, 5, -1, -1, 0, 4], [-1, 9, 5, -1, 0, 0, -1], [-1, 9, 5, 4, 1, 2, 4], [-1, 9, 5, 2, -1, 0, -1], [-1, 9, 5, 2, 0, 1, -1], [-1, 9, 3, -1, -1, 1, -1], [-1, 9, 3, -1, 0, 4, -1], [-1, 9, 3, 4, 1, 2, 1], [-1, 9, 3, 2, -1, -1, 1], [-1, 9, 3, 2, -1, 4, -1], [-1, 9, 3, 2, -1, 0, -1], [-1, 9, 3, 2, 1, -1, -1], [-1, 9, 3, 1, -1, -1, 4], [-1, 9, 3, 1, -1, -1, 2], [-1, 9, 2, -1, -1, 4, 2], [-1, 9, 2, -1, 1, 2, 3], [-1, 9, 2, 4, -1, 2, 3], [-1, 9, 2, 4, 1, -1, 2], [-1, 9, 2, 3, -1, 0, -1], [-1, 9, 2, 3, 0, -1, -1], [-1, 9, 2, 1, -1, -1, 3], [-1, 9, 2, 1, -1, 5, -1], [-1, 9, 2, 1, 0, 2, 2], [-1, 9, 0, 2, -1, 4, 1], [-1, 9, 0, 2, 0, 4, -1], [-1, 9, 0, 1, 1, -1, 4], [-1, 9, 0, 1, 1, 4, -1], [-1, 8, -1, -1, -1, 3, 2], [-1, 8, -1, -1, -1, 1, 5], [-1, 8, -1, -1, 0, 3, 1], [-1, 8, -1, 4, -1, 1, 0], [-1, 8, -1, 4, 0, 3, -1], [-1, 8, -1, 4, 0, 0, 4], [-1, 8, -1, 3, -1, 0, -1], [-1, 8, -1, 3, 0, -1, 1], [-1, 8, -1, 2, -1, -1, 0], [-1, 8, -1, 2, -1, 3, -1], [-1, 8, -1, 2, 1, 0, 3], [-1, 8, -1, 1, -1, -1, 5], [-1, 8, -1, 0, -1, -1, 5], [-1, 8, -1, 0, -1, -1, 1], [-1, 8, 6, -1, -1, 3, -1], [-1, 8, 6, -1, -1, 0, -1], [-1, 8, 6, 2, -1, -1, -1], [-1, 8, 6, 0, -1, -1, -1], [-1, 8, 5, -1, -1, 0, -1], [-1, 8, 5, 3, -1, -1, -1], [-1, 8, 4, 2, -1, 1, 1], [-1, 8, 2, -1, -1, -1, 2], [-1, 8, 2, -1, -1, 1, -1], [-1, 8, 2, 2, -1, 5, -1], [-1, 8, 2, 2, 1, -1, -1], [-1, 8, 2, 1, 0, -1, -1], [-1, 8, 2, 0, 0, -1, -1], [-1, 8, 1, -1, -1, -1, -1], [-1, 8, 0, -1, -1, 3, 1], [-1, 8, 0, -1, 1, 0, 3], [-1, 8, 0, -1, 0, 3, -1], [-1, 8, 0, 2, 1, -1, 3], [-1, 8, 0, 2, 1, 0, -1], [-1, 8, 0, 1, -1, -1, 1], [-1, 8, 0, 1, -1, 2, -1], [-1, 8, 0, 0, -1, 2, -1], [-1, 7, -1, -1, -1, 3, 5], [-1, 7, -1, -1, -1, 0, 5], [-1, 7, -1, -1, 1, 0, 4], [-1, 7, -1, 3, -1, 2, 0], [-1, 7, -1, 2, -1, 1, 0], [-1, 7, -1, 1, -1, -1, 5], [-1, 7, -1, 1, -1, 1, -1], [-1, 7, -1, 1, -1, 0, 4], [-1, 7, -1, 1, -1, 0, 1], [-1, 7, -1, 1, 0, 0, -1], [-1, 7, -1, 0, -1, -1, 5], [-1, 7, -1, 0, -1, 1, -1], [-1, 7, 5, -1, -1, 0, -1], [-1, 7, 4, 1, -1, 0, -1], [-1, 7, 2, -1, 1, -1, 2], [-1, 7, 2, -1, 0, 3, -1], [-1, 7, 2, -1, 0, 0, -1], [-1, 7, 2, 4, -1, -1, 2], [-1, 7, 2, 3, 1, 2, -1], [-1, 7, 2, 2, -1, 1, -1], [-1, 7, 2, 0, 0, -1, -1], [-1, 7, 0, -1, 1, 1, 4], [-1, 7, 0, -1, 1, 0, -1], [-1, 7, 0, 1, -1, 0, -1], [-1, 7, 0, 1, 1, -1, 4], [-1, 7, 0, 1, 0, -1, 1], [-1, 6, -1, -1, -1, 3, 0], [-1, 6, 6, -1, 1, 2, 4], [-1, 6, 2, -1, -1, -1, 3], [-1, 6, 2, -1, 1, 3, -1], [-1, 5, -1, -1, -1, 5, 5], [-1, 5, 4, -1, 1, 4, 2], [-1, 5, 2, -1, 0, 5, -1], [-1, 5, 2, 2, -1, 5, -1], [-1, 4, -1, 1, -1, -1, 5], [-1, 4, -1, 1, -1, 3, -1], [-1, 4, 2, -1, -1, -1, 1], [-1, 4, 2, 1, 0, -1, -1], [-1, 4, 0, 2, -1, -1, 4], [-1, 4, 0, 2, 1, -1, -1], [-1, 3, -1, -1, -1, 1, 1], [-1, 3, -1, 2, -1, 2, 0], [-1, 3, -1, 1, -1, -1, 5], [-1, 3, -1, 1, -1, -1, 1], [-1, 3, -1, 1, -1, 1, -1], [-1, 3, 6, -1, -1, 1, -1], [-1, 3, 6, -1, 1, -1, 1], [-1, 3, 6, 1, -1, -1, -1], [-1, 3, 2, -1, -1, -1, 1], [-1, 3, 2, 2, 1, 2, -1], [-1, 3, 2, 1, 0, -1, -1], [-1, 2, -1, -1, -1, 5, 5], [-1, 2, -1, -1, -1, 5, 0], [-1, 2, -1, -1, -1, 4, 0], [-1, 2, -1, -1, -1, 1, 5], [-1, 2, -1, 4, 1, 5, -1], [-1, 2, 6, -1, 1, 2, -1], [-1, 2, 2, -1, -1, -1, 1], [-1, 2, 2, -1, -1, 5, -1], [-1, 2, 2, -1, -1, 4, -1], [-1, 2, 2, -1, 0, 1, -1], [-1, 2, 0, 2, 1, -1, 4], [-1, 1, -1, -1, -1, 1, 5], [-1, 1, 6, -1, -1, 4, 4], [-1, 1, 2, -1, 0, 1, -1], [-1, 1, 0, 4, 1, 1, -1], [-1, 1, 0, 2, -1, 0, -1], [-1, 1, 0, 0, -1, 2, -1], [-1, 0, -1, -1, -1, 3, 4], [-1, 0, -1, -1, -1, 3, 1], [-1, 0, -1, -1, -1, 3, 0], [-1, 0, -1, -1, 1, 1, 4], [-1, 0, -1, 4, -1, 5, 1], [-1, 0, -1, 4, 0, 5, -1], [-1, 0, -1, 3, 1, -1, 3], [-1, 0, -1, 2, -1, -1, 5], [-1, 0, 6, -1, -1, 5, -1], [-1, 0, 6, -1, 0, 3, -1], [-1, 0, 4, -1, -1, 1, 4], [-1, 0, 2, -1, 1, -1, 3], [-1, 0, 2, -1, 1, 3, -1], [-1, 0, 2, 3, -1, -1, -1], [-1, 0, 2, 2, 0, -1, -1], [-1, 0, 0, -1, -1, 1, 3], [-1, 0, 0, -1, 1, 4, 3], [-1, 0, 0, -1, 1, 2, 4], [-1, 0, 0, 2, -1, -1, 3], [-1, 0, 0, 2, -1, 1, -1], [-1, 0, 0, 2, 1, -1, 4], [3, -1, -1, -1, -1, 1, 3], [3, -1, -1, -1, 1, 1, 1], [3, -1, -1, 1, -1, 1, -1], [3, -1, 6, -1, 1, 1, -1], [3, -1, 6, 1, -1, -1, -1], [3, -1, 4, -1, -1, 1, -1], [3, -1, 4, 4, 1, 2, 1], [3, 15, -1, 4, 1, 2, 1], [3, 15, 4, 4, -1, -1, 1], [3, 15, 4, 4, 1, -1, -1], [3, 14, -1, -1, -1, 4, -1], [3, 11, -1, -1, -1, -1, 3], [3, 11, -1, -1, 1, 1, -1], [3, 11, -1, 4, -1, 2, 0], [3, 11, 4, -1, 0, -1, 1], [3, 11, 4, 4, -1, 2, 1], [3, 11, 2, 4, -1, 2, -1], [3, 10, -1, -1, -1, -1, -1], [3, 9, -1, -1, -1, 2, 0], [3, 9, 2, -1, -1, 2, -1], [3, 7, -1, -1, -1, -1, 1], [3, 7, -1, -1, -1, 2, -1], [3, 7, -1, 4, -1, -1, -1], [3, 7, 4, -1, -1, -1, -1], [3, 3, -1, -1, -1, -1, 1], [3, 3, -1, -1, -1, 1, -1], [3, 3, -1, 1, -1, -1, -1], [3, 3, 6, -1, 1, -1, -1], [3, 1, -1, -1, -1, 4, 0], [3, 1, 2, -1, -1, 4, -1], [2, -1, -1, -1, -1, 6, 0], [2, -1, -1, -1, -1, 5, 5], [2, -1, -1, -1, 1, 6, -1], [2, -1, -1, 2, -1, 3, 0], [2, -1, -1, 2, -1, 0, 4], [2, -1, -1, 2, 1, -1, 2], [2, -1, -1, 2, 1, 5, 1], [2, -1, -1, 1, -1, -1, 4], [2, -1, -1, 1, -1, 5, -1], [2, -1, -1, 1, -1, 1, -1], [2, -1, -1, 0, -1, 1, -1], [2, -1, 6, -1, 1, 5, -1], [2, -1, 6, -1, 0, 3, 1], [2, -1, 6, 2, -1, 0, -1], [2, -1, 6, 0, -1, -1, 1], [2, -1, 5, -1, -1, 0, -1], [2, -1, 5, -1, 1, 2, 4], [2, -1, 5, 1, -1, -1, -1], [2, -1, 4, -1, -1, 4, 2], [2, -1, 4, -1, -1, 0, -1], [2, -1, 4, -1, 1, 2, 4], [2, -1, 4, -1, 0, 1, 4], [2, -1, 4, 4, -1, 1, 1], [2, -1, 4, 2, -1, 4, -1], [2, -1, 4, 2, 1, -1, -1], [2, -1, 3, -1, -1, 1, -1], [2, -1, 3, -1, -1, 0, -1], [2, -1, 3, 1, -1, -1, -1], [2, -1, 2, -1, -1, 6, -1], [2, -1, 2, -1, 0, 5, -1], [2, -1, 2, 2, -1, 3, -1], [2, -1, 0, -1, 1, 2, 2], [2, -1, 0, 4, 1, 1, 1], [2, -1, 0, 2, -1, 2, 2], [2, 15, -1, -1, -1, 2, 5], [2, 15, -1, -1, -1, 1, 4], [2, 15, -1, -1, -1, 0, 5], [2, 15, -1, -1, 1, -1, 3], [2, 15, -1, -1, 1, 3, 1], [2, 15, -1, 4, 1, 0, 1], [2, 15, -1, 2, -1, 5, -1], [2, 15, -1, 2, -1, 0, 0], [2, 15, 6, -1, -1, 3, 1], [2, 15, 6, -1, 1, 3, -1], [2, 15, 6, 2, -1, -1, 1], [2, 15, 4, -1, -1, -1, 4], [2, 15, 2, -1, 0, 2, -1], [2, 15, 2, -1, 0, 0, -1], [2, 15, 2, 2, -1, 0, -1], [2, 15, 0, -1, -1, -1, 3], [2, 15, 0, 4, 1, 1, -1], [2, 14, -1, -1, -1, 5, 0], [2, 14, -1, -1, 1, 5, -1], [2, 14, -1, -1, 0, 2, 1], [2, 14, -1, 4, -1, 5, -1], [2, 14, -1, 2, -1, -1, -1], [2, 14, 6, -1, -1, -1, 1], [2, 14, 2, -1, -1, 5, -1], [2, 13, -1, -1, -1, 2, 0], [2, 13, -1, 2, -1, -1, -1], [2, 13, 2, -1, -1, 2, -1], [2, 12, -1, -1, -1, 5, -1], [2, 12, -1, -1, -1, 1, 5], [2, 12, -1, -1, -1, 1, 4], [2, 12, -1, -1, -1, 1, 0], [2, 12, -1, 2, -1, -1, -1], [2, 12, -1, 1, -1, -1, -1], [2, 12, 6, -1, -1, 4, -1], [2, 12, 6, -1, -1, 2, 1], [2, 12, 5, -1, -1, 2, -1], [2, 12, 5, -1, 0, -1, -1], [2, 12, 4, -1, -1, -1, 4], [2, 12, 2, -1, -1, 1, -1], [2, 12, 0, -1, -1, 1, -1], [2, 12, 0, -1, 1, 2, -1], [2, 11, -1, -1, -1, 6, -1], [2, 11, -1, -1, 1, 2, 4], [2, 11, -1, -1, 0, 0, 4], [2, 11, -1, 4, -1, 0, 0], [2, 11, -1, 1, -1, 3, -1], [2, 11, -1, 1, 1, -1, 1], [2, 11, 5, -1, 1, -1, 4], [2, 11, 4, -1, 1, 4, 1], [2, 11, 2, 4, -1, 0, -1], [2, 11, 0, -1, 1, -1, 4], [2, 11, 0, 4, 1, 4, -1], [2, 10, -1, -1, 1, -1, 4], [2, 10, 6, -1, -1, 2, 4], [2, 10, 6, -1, 1, 2, -1], [2, 10, 4, -1, -1, -1, 1], [2, 10, 4, -1, -1, 1, -1], [2, 10, 4, -1, 1, -1, -1], [2, 10, 0, -1, -1, 2, 1], [2, 10, 0, -1, 0, 2, -1], [2, 9, -1, -1, -1, 1, 4], [2, 9, -1, -1, 1, 2, 4], [2, 9, -1, -1, 1, 1, -1], [2, 9, -1, -1, 0, -1, 3], [2, 9, -1, 4, -1, 1, 1], [2, 9, -1, 1, 0, -1, -1], [2, 9, 6, 1, -1, -1, -1], [2, 9, 4, -1, -1, 1, -1], [2, 9, 4, -1, 1, 4, -1], [2, 9, 3, -1, -1, -1, -1], [2, 9, 0, -1, -1, -1, 3], [2, 9, 0, -1, 1, -1, 4], [2, 9, 0, 4, -1, 1, -1], [2, 8, -1, -1, -1, 4, 5], [2, 8, -1, -1, -1, 3, 1], [2, 8, -1, -1, -1, 1, 0], [2, 8, -1, -1, -1, 0, -1], [2, 8, -1, -1, 0, 3, -1], [2, 8, -1, 2, -1, -1, 4], [2, 8, -1, 1, -1, -1, 0], [2, 8, -1, 1, 1, -1, -1], [2, 8, -1, 0, -1, -1, -1], [2, 8, 6, -1, -1, 1, -1], [2, 8, 2, -1, 0, 4, -1], [2, 8, 2, 1, -1, -1, -1], [2, 7, -1, -1, -1, -1, 5], [2, 7, -1, -1, -1, 1, 0], [2, 7, -1, -1, -1, 0, 1], [2, 7, -1, -1, 1, -1, 1], [2, 7, -1, -1, 1, 1, -1], [2, 7, -1, -1, 0, 0, -1], [2, 7, -1, 4, -1, 1, -1], [2, 7, -1, 4, -1, 0, -1], [2, 7, 5, -1, -1, -1, -1], [2, 7, 2, -1, -1, 1, -1], [2, 7, 2, -1, 0, -1, -1], [2, 7, 2, 4, -1, 4, -1], [2, 7, 0, -1, 1, -1, -1], [2, 6, 2, -1, -1, 3, -1], [2, 5, -1, -1, -1, 4, 2], [2, 5, -1, -1, 1, -1, 2], [2, 5, -1, 2, -1, -1, 5], [2, 5, 4, -1, -1, -1, 2], [2, 5, 4, -1, 1, -1, -1], [2, 5, 2, -1, -1, 5, -1], [2, 5, 2, 2, 0, -1, -1], [2, 2, -1, -1, -1, 5, -1], [2, 2, -1, -1, -1, 4, -1], [2, 1, -1, 2, -1, -1, 0], [2, 1, 2, 2, -1, -1, -1], [2, 0, -1, -1, -1, 3, -1], [2, 0, -1, 4, -1, 5, -1], [1, -1, -1, 4, -1, 3, 2], [1, -1, -1, 3, -1, -1, 3], [1, -1, -1, 3, -1, 5, 0], [1, -1, -1, 3, -1, 1, -1], [1, -1, -1, 3, -1, 0, -1], [1, -1, -1, 3, 1, 5, -1], [1, -1, -1, 2, -1, 5, 5], [1, -1, -1, 2, -1, 5, 0], [1, -1, -1, 2, -1, 3, 0], [1, -1, -1, 2, 1, 5, 3], [1, -1, -1, 1, -1, 5, 3], [1, -1, -1, 1, -1, 3, 3], [1, -1, -1, 1, 1, 5, 1], [1, -1, -1, 0, -1, 0, 4], [1, -1, -1, 0, 1, 1, 1], [1, -1, 6, -1, -1, 3, 4], [1, -1, 6, -1, 1, 3, -1], [1, -1, 5, -1, -1, 0, 4], [1, -1, 5, -1, 1, 5, 3], [1, -1, 5, -1, 0, 0, 1], [1, -1, 5, 3, -1, -1, 1], [1, -1, 5, 2, 1, 1, 4], [1, -1, 5, 1, -1, -1, 3], [1, -1, 4, -1, 1, 1, 4], [1, -1, 4, 1, -1, 5, -1], [1, -1, 4, 1, 1, 4, -1], [1, -1, 3, -1, -1, 4, 4], [1, -1, 3, -1, 0, 4, -1], [1, -1, 3, 4, -1, 5, 4], [1, -1, 3, 4, 0, 5, -1], [1, -1, 3, 4, 0, 1, 4], [1, -1, 3, 2, -1, 4, -1], [1, -1, 3, 2, 1, 0, -1], [1, -1, 3, 1, -1, -1, 2], [1, -1, 2, -1, -1, -1, 1], [1, -1, 2, -1, 1, -1, 3], [1, -1, 2, 2, -1, 5, -1], [1, -1, 2, 2, 1, 3, -1], [1, -1, 2, 1, -1, -1, 3], [1, -1, 1, -1, -1, -1, 5], [1, -1, 1, -1, -1, 2, -1], [1, -1, 1, -1, 0, -1, -1], [1, -1, 0, 3, 1, -1, 4], [1, -1, 0, 0, -1, 1, 1], [1, -1, 0, 0, 1, 2, 4], [1, 15, -1, -1, 1, 3, 4], [1, 15, -1, -1, 1, 1, 4], [1, 15, -1, 3, -1, -1, 5], [1, 15, -1, 3, -1, 2, 0], [1, 15, -1, 2, -1, 0, 0], [1, 15, -1, 2, 1, 5, -1], [1, 15, -1, 1, -1, 5, -1], [1, 15, -1, 1, -1, 4, -1], [1, 15, -1, 1, -1, 0, 0], [1, 15, -1, 0, -1, 2, 0], [1, 15, -1, 0, 1, -1, 1], [1, 15, -1, 0, 1, 2, -1], [1, 15, -1, 0, 1, 1, -1], [1, 15, 6, -1, 1, -1, 1], [1, 15, 6, -1, 1, 2, -1], [1, 15, 5, -1, 1, 2, 4], [1, 15, 5, -1, 1, 1, -1], [1, 15, 5, -1, 0, 3, -1], [1, 15, 5, 4, -1, 1, -1], [1, 15, 5, 2, 0, 0, -1], [1, 15, 2, -1, -1, -1, 3], [1, 15, 2, 3, -1, 2, -1], [1, 15, 2, 3, 0, -1, -1], [1, 15, 2, 2, -1, 0, -1], [1, 15, 2, 1, 1, 0, -1], [1, 15, 2, 0, -1, 2, -1], [1, 15, 0, 0, -1, 2, 1], [1, 15, 0, 0, 1, -1, -1], [1, 14, -1, -1, -1, 0, 1], [1, 14, -1, -1, 1, 5, 1], [1, 14, -1, -1, 1, 1, 1], [1, 14, -1, -1, 0, 0, -1], [1, 14, -1, 4, 1, -1, 4], [1, 14, -1, 2, -1, 5, -1], [1, 14, -1, 2, 1, -1, 1], [1, 14, -1, 1, -1, 2, 0], [1, 14, -1, 1, 1, 2, -1], [1, 14, 6, -1, -1, -1, 4], [1, 14, 6, -1, 1, -1, -1], [1, 14, 5, -1, -1, -1, 4], [1, 14, 4, 4, -1, 1, -1], [1, 14, 0, -1, -1, 5, 1], [1, 14, 0, -1, 1, 2, 4], [1, 12, -1, 3, -1, -1, -1], [1, 12, -1, 2, -1, 2, 1], [1, 12, -1, 2, 1, 3, -1], [1, 12, -1, 2, 0, 5, -1], [1, 12, -1, 2, 0, 1, 1], [1, 12, -1, 1, -1, -1, 5], [1, 12, -1, 1, -1, 4, 1], [1, 12, -1, 1, 1, -1, 1], [1, 12, 4, 4, -1, 3, 1], [1, 12, 4, 4, 1, 3, -1], [1, 12, 4, 2, -1, 2, -1], [1, 12, 4, 2, -1, 1, -1], [1, 12, 4, 2, 0, -1, 1], [1, 12, 4, 1, 1, -1, -1], [1, 12, 3, -1, -1, -1, -1], [1, 12, 2, 1, 0, -1, -1], [1, 12, 0, -1, 1, 2, 4], [1, 11, -1, -1, 1, 5, 3], [1, 11, -1, 2, -1, 5, 3], [1, 11, -1, 2, 1, 5, -1], [1, 11, -1, 1, 1, -1, 2], [1, 11, -1, 1, 1, 1, -1], [1, 11, 6, 4, -1, 4, 4], [1, 11, 6, 4, 1, 1, 1], [1, 11, 5, -1, 1, 3, 1], [1, 11, 4, 4, -1, 5, 3], [1, 11, 3, -1, -1, 5, -1], [1, 11, 2, 1, -1, 1, -1], [1, 11, 1, -1, -1, -1, -1], [1, 11, 0, -1, -1, 5, 3], [1, 10, -1, -1, -1, -1, 3], [1, 10, -1, -1, -1, -1, 2], [1, 10, -1, -1, -1, 3, 1], [1, 10, -1, -1, 1, 5, 1], [1, 10, -1, 2, -1, -1, 1], [1, 10, -1, 2, -1, 5, -1], [1, 10, 5, -1, -1, -1, -1], [1, 10, 4, -1, 1, 2, -1], [1, 10, 4, 2, -1, -1, -1], [1, 10, 0, -1, -1, -1, 1], [1, 9, -1, -1, -1, 5, 5], [1, 9, -1, -1, -1, 3, 3], [1, 9, -1, -1, 0, 2, 2], [1, 9, -1, -1, 0, 0, 4], [1, 9, -1, 4, -1, 2, 2], [1, 9, -1, 4, 0, -1, 2], [1, 9, -1, 3, -1, 5, -1], [1, 9, -1, 2, -1, 4, -1], [1, 9, -1, 2, -1, 0, 4], [1, 9, -1, 1, -1, 2, 2], [1, 9, -1, 1, 1, -1, 4], [1, 9, -1, 1, 0, -1, 2], [1, 9, -1, 1, 0, 5, -1], [1, 9, -1, 1, 0, 2, 1], [1, 9, 6, -1, 1, -1, 1], [1, 9, 6, -1, 1, 2, -1], [1, 9, 6, 4, -1, 3, -1], [1, 9, 6, 4, 1, -1, -1], [1, 9, 5, -1, -1, 0, -1], [1, 9, 5, -1, 1, 2, 4], [1, 9, 5, 2, -1, 2, 1], [1, 9, 5, 2, -1, 1, -1], [1, 9, 5, 2, 0, -1, -1], [1, 9, 4, -1, -1, -1, 2], [1, 9, 4, -1, -1, 4, 4], [1, 9, 4, -1, 0, 3, -1], [1, 9, 4, 1, -1, 2, 1], [1, 9, 4, 1, 0, -1, -1], [1, 9, 3, 2, -1, -1, -1], [1, 9, 3, 1, -1, 2, -1], [1, 9, 2, -1, -1, -1, 3], [1, 9, 2, -1, 0, 5, -1], [1, 8, -1, -1, -1, 3, 1], [1, 8, -1, -1, -1, 0, 5], [1, 8, -1, -1, 1, -1, 2], [1, 8, -1, 3, -1, -1, -1], [1, 8, -1, 2, -1, -1, 5], [1, 8, -1, 2, 1, 5, -1], [1, 8, -1, 1, 1, -1, 1], [1, 8, -1, 0, -1, 2, 0], [1, 8, -1, 0, 1, 2, -1], [1, 8, 2, -1, 0, 0, -1], [1, 8, 2, 2, -1, -1, -1], [1, 8, 2, 0, -1, 2, -1], [1, 8, 0, 1, 1, -1, -1], [1, 7, -1, -1, -1, 5, 0], [1, 7, -1, -1, -1, 1, 5], [1, 7, -1, -1, 1, 3, 1], [1, 7, -1, -1, 1, 1, 4], [1, 7, -1, 4, 0, 0, 4], [1, 7, -1, 3, -1, -1, -1], [1, 7, -1, 2, -1, 2, 0], [1, 7, -1, 1, 1, -1, 4], [1, 7, -1, 1, 1, 0, -1], [1, 7, -1, 0, 0, -1, -1], [1, 7, 4, -1, 1, 3, -1], [1, 7, 2, -1, -1, 5, -1], [1, 7, 2, -1, 0, 1, -1], [1, 7, 2, 2, 1, 2, -1], [1, 7, 2, 1, 0, -1, -1], [1, 7, 2, 0, -1, -1, -1], [1, 7, 0, 4, 1, 1, -1], [1, 6, -1, -1, 1, 3, -1], [1, 4, -1, -1, -1, 3, -1], [1, 4, -1, 2, 1, -1, 4], [1, 4, -1, 1, -1, -1, 0], [1, 4, -1, 1, 1, -1, -1], [1, 4, 2, 1, -1, -1, -1], [1, 4, 0, 2, -1, 2, -1], [1, 3, -1, 2, -1, -1, 0], [1, 3, -1, 1, 0, -1, -1], [1, 3, 2, 2, -1, -1, -1], [1, 3, 2, 1, -1, -1, -1], [1, 2, -1, 2, -1, 4, -1], [1, 2, 6, -1, -1, 2, 1], [1, 2, 6, -1, 1, -1, -1], [1, 2, 0, 2, -1, -1, 4], [1, 1, -1, 4, 0, 1, -1], [1, 1, -1, 2, -1, -1, 5], [1, 1, -1, 2, -1, 0, 1], [1, 1, -1, 2, 0, 0, -1], [1, 1, -1, 0, -1, 2, 4], [1, 1, 6, -1, -1, 4, -1], [1, 1, 2, 2, 0, -1, -1], [1, 1, 0, -1, -1, 0, -1], [1, 1, 0, 4, -1, 1, 4], [1, 0, -1, -1, 1, -1, 4], [1, 0, -1, -1, 0, 3, -1], [1, 0, -1, 3, 1, -1, -1], [1, 0, 6, -1, -1, 3, -1], [1, 0, 4, -1, -1, -1, 4], [1, 0, 4, -1, -1, 1, -1], [1, 0, 2, -1, -1, -1, 3], [0, -1, -1, 4, -1, 5, 5], [0, -1, -1, 3, -1, 3, -1], [0, -1, -1, 2, -1, 4, 5], [0, -1, -1, 2, -1, 3, 1], [0, -1, -1, 1, -1, 3, 0], [0, -1, -1, 1, -1, 0, 5], [0, -1, -1, 1, -1, 0, 1], [0, -1, -1, 1, 0, 4, 1], [0, -1, -1, 1, 0, 0, -1], [0, -1, -1, 0, -1, 5, 4], [0, -1, -1, 0, 0, 5, -1], [0, -1, -1, 0, 0, 0, 1], [0, -1, 6, -1, -1, 0, -1], [0, -1, 5, 4, 1, 1, 4], [0, -1, 4, 0, -1, 1, 1], [0, -1, 2, -1, 0, 4, 2], [0, -1, 2, 4, 1, -1, 1], [0, -1, 2, 3, -1, 0, -1], [0, -1, 2, 2, -1, 4, -1], [0, -1, 2, 1, -1, 3, -1], [0, -1, 0, 2, -1, 4, 1], [0, -1, 0, 2, -1, 0, 3], [0, -1, 0, 1, -1, 4, -1], [0, -1, 0, 1, 1, -1, 4], [0, -1, 0, 1, 0, 1, -1], [0, 15, -1, 2, -1, 4, 0], [0, 15, -1, 1, 1, 3, -1], [0, 15, 6, -1, -1, 2, 1], [0, 15, 6, 4, -1, -1, 1], [0, 15, 2, -1, 1, 2, 2], [0, 15, 2, 4, -1, 2, 2], [0, 15, 0, 4, 1, 5, 4], [0, 15, 0, 1, -1, -1, 1], [0, 14, -1, -1, -1, 5, 4], [0, 14, -1, -1, -1, 3, 1], [0, 14, -1, -1, -1, 1, 0], [0, 14, -1, -1, 1, 1, -1], [0, 14, -1, -1, 0, 4, 1], [0, 14, -1, -1, 0, 3, -1], [0, 14, -1, -1, 0, 0, 1], [0, 14, -1, 3, -1, -1, -1], [0, 14, -1, 2, -1, 1, -1], [0, 14, -1, 1, -1, 3, -1], [0, 14, -1, 1, -1, 0, -1], [0, 14, -1, 1, 0, -1, -1], [0, 14, 4, -1, -1, 3, -1], [0, 14, 4, -1, 0, 4, -1], [0, 14, 4, 1, -1, -1, -1], [0, 14, 2, -1, -1, 1, -1], [0, 14, 0, -1, -1, 4, -1], [0, 14, 0, -1, 0, -1, 1], [0, 14, 0, -1, 0, 2, -1], [0, 14, 0, 4, 0, -1, -1], [0, 13, -1, -1, -1, -1, 2], [0, 12, -1, -1, -1, 4, 0], [0, 12, -1, -1, -1, 1, 2], [0, 12, -1, 1, -1, 2, 3], [0, 12, -1, 1, 0, -1, 3], [0, 12, -1, 0, -1, -1, -1], [0, 12, 5, -1, -1, 3, -1], [0, 12, 4, 1, 0, 2, -1], [0, 12, 3, -1, 0, 2, -1], [0, 12, 3, 4, -1, 2, -1], [0, 12, 3, 4, 0, -1, -1], [0, 12, 2, -1, -1, -1, 2], [0, 12, 2, -1, -1, 4, -1], [0, 12, 0, -1, -1, 5, -1], [0, 12, 0, 2, -1, -1, 4], [0, 12, 0, 2, -1, 2, -1], [0, 12, 0, 2, 0, -1, -1], [0, 11, -1, -1, -1, 3, 5], [0, 11, -1, 1, -1, 4, 1], [0, 11, -1, 1, -1, 4, 0], [0, 11, 3, -1, 1, 4, 1], [0, 11, 3, -1, 1, 1, -1], [0, 11, 2, -1, 0, 3, -1], [0, 11, 2, 1, -1, 4, -1], [0, 11, 0, 1, 0, -1, 1], [0, 10, -1, -1, -1, -1, 5], [0, 10, -1, -1, -1, 0, -1], [0, 10, -1, -1, 0, 1, -1], [0, 10, -1, 4, 0, 5, -1], [0, 10, -1, 2, -1, -1, 0], [0, 10, -1, 2, 1, -1, -1], [0, 10, -1, 1, -1, 2, -1], [0, 10, 3, -1, -1, -1, -1], [0, 10, 2, -1, 0, -1, -1], [0, 10, 2, 2, -1, -1, -1], [0, 9, -1, -1, -1, 3, 5], [0, 9, -1, -1, -1, 0, 5], [0, 9, -1, -1, -1, 0, 0], [0, 9, -1, 1, -1, 4, 4], [0, 9, -1, 1, -1, 0, -1], [0, 9, 6, -1, 1, -1, 1], [0, 9, 5, -1, 0, 1, 1], [0, 9, 5, 4, 1, 2, 1], [0, 9, 2, -1, -1, 0, -1], [0, 9, 2, -1, 1, -1, 2], [0, 9, 2, -1, 0, 3, -1], [0, 9, 2, 4, -1, -1, 2], [0, 9, 2, 1, 0, -1, 2], [0, 9, 0, -1, 0, 4, 1], [0, 9, 0, 2, -1, -1, 1], [0, 9, 0, 1, 1, -1, -1], [0, 8, -1, -1, -1, 1, 0], [0, 8, -1, -1, 0, 2, 2], [0, 8, -1, 4, -1, 0, 4], [0, 8, -1, 4, 0, -1, 2], [0, 8, -1, 2, -1, 1, 1], [0, 8, -1, 0, 0, 2, -1], [0, 8, 6, -1, -1, -1, -1], [0, 8, 4, 2, -1, 1, -1], [0, 8, 0, -1, -1, 0, -1], [0, 8, 0, -1, 1, 4, 1], [0, 8, 0, 2, -1, -1, 1], [0, 8, 0, 0, -1, -1, -1], [0, 7, -1, 4, 0, 3, -1], [0, 7, -1, 1, -1, 0, -1], [0, 7, 4, -1, 0, 0, 1], [0, 7, 2, -1, -1, -1, 2], [0, 7, 0, -1, 0, 1, 1], [0, 7, 0, 1, -1, -1, -1], [0, 5, -1, 2, -1, -1, 0], [0, 5, 2, 2, -1, -1, -1], [0, 2, -1, 4, -1, 4, 1], [0, 2, -1, 4, -1, 3, 0], [0, 2, -1, 4, 0, 1, -1], [0, 2, 2, 4, -1, 3, -1], [0, 1, -1, -1, -1, 3, 0], [0, 1, 2, -1, -1, 3, -1], [0, 0, 0, -1, -1, 1, -1]]
10 72 
 [[-1, 15, -1, -1, -1, 5, 5], [-1, 15, -1, -1, 0, 3, 1], [-1, 15, 6, -1, 1, 2, 1], [-1, 15, 2, -1, 0, 5, -1], [-1, 14, -1, -1, 1, -1, 4], [-1, 14, -1, 1, -1, -1, 1], [-1, 14, 0, -1, 1, 4, -1], [-1, 14, 0, 4, -1, -1, 4], [-1, 11, -1, 2, -1, 5, 0], [-1, 11, -1, 2, -1, 3, -1], [-1, 11, 2, 2, -1, 5, -1], [-1, 10, -1, -1, -1, 1, 1], [-1, 10, 4, -1, 0, 2, 1], [-1, 9, -1, 0, -1, -1, -1], [-1, 9, 3, 4, 1, 2, 1], [-1, 9, 2, 4, 1, -1, 2], [-1, 8, -1, 4, -1, 1, 0], [-1, 8, -1, 2, -1, -1, 0], [-1, 8, 2, -1, -1, 1, -1], [-1, 8, 2, 2, 1, -1, -1], [-1, 2, -1, -1, -1, 4, 0], [-1, 2, 2, -1, -1, 4, -1], [-1, 0, -1, -1, -1, 3, 0], [-1, 0, 2, -1, 1, 3, -1], [2, 15, -1, -1, -1, 2, 5], [2, 15, 2, -1, 0, 2, -1], [2, 12, -1, -1, -1, 5, -1], [2, 12, -1, -1, -1, 1, 0], [2, 12, 2, -1, -1, 1, -1], [2, 9, -1, -1, 1, 1, -1], [1, -1, -1, 2, -1, 5, 0], [1, -1, -1, 2, -1, 3, 0], [1, -1, 5, -1, -1, 0, 4], [1, -1, 2, 2, -1, 5, -1], [1, -1, 2, 2, 1, 3, -1], [1, 15, -1, 2, -1, 0, 0], [1, 15, -1, 2, 1, 5, -1], [1, 15, -1, 0, 1, 2, -1], [1, 15, 2, 2, -1, 0, -1], [1, 14, -1, -1, -1, -1, 4], [1, 14, 0, -1, -1, 4, -1], [1, 12, 3, -1, -1, -1, -1], [1, 12, 0, -1, 1, 2, 4], [1, 10, 4, -1, -1, 2, 1], [1, 10, 4, -1, 1, 2, -1], [1, 10, 0, -1, -1, -1, 1], [1, 10, 0, 4, 0, -1, -1], [1, 9, -1, -1, -1, 5, 5], [1, 9, -1, -1, 0, 2, 2], [1, 9, -1, -1, 0, 0, 4], [1, 9, -1, 4, -1, 2, 2], [1, 9, -1, 4, 0, -1, 2], [1, 9, 5, 2, 0, -1, -1], [1, 9, 4, 1, 0, -1, -1], [1, 9, 2, -1, 0, 5, -1], [1, 8, 2, 2, -1, -1, -1], [1, 0, -1, -1, 1, -1, 4], [0, -1, -1, 4, -1, 5, 5], [0, -1, 2, 4, 1, -1, 1], [0, -1, 2, 2, -1, 4, -1], [0, -1, 2, 1, -1, 3, -1], [0, 14, 4, 1, -1, -1, -1], [0, 12, -1, -1, -1, 4, 0], [0, 12, 2, -1, -1, 4, -1], [0, 10, -1, 1, -1, 2, -1], [0, 9, -1, -1, -1, 0, 0], [0, 9, -1, 1, -1, 0, -1], [0, 9, 5, 4, 1, 2, 1], [0, 9, 2, -1, -1, 0, -1], [0, 9, 2, -1, 1, -1, 2], [0, 9, 2, 4, -1, -1, 2], [0, 8, -1, -1, -1, 1, 0]]
20 16 
 [[-1, 14, 0, 4, -1, -1, 4], [-1, 9, -1, 0, -1, -1, -1], [-1, 8, -1, 4, -1, 1, 0], [-1, 8, -1, 2, -1, -1, 0], [-1, 8, 2, -1, -1, 1, -1], [-1, 8, 2, 2, 1, -1, -1], [1, -1, -1, 2, -1, 5, 0], [1, -1, 2, 2, -1, 5, -1], [1, 14, -1, -1, -1, -1, 4], [1, 10, 0, -1, -1, -1, 1], [1, 8, 2, 2, -1, -1, -1], [0, -1, -1, 4, -1, 5, 5], [0, 12, 2, -1, -1, 4, -1], [0, 9, -1, -1, -1, 0, 0], [0, 9, 2, -1, -1, 0, -1], [0, 8, -1, -1, -1, 1, 0]]
30 9 
 [[-1, 8, -1, 4, -1, 1, 0], [-1, 8, -1, 2, -1, -1, 0], [-1, 8, 2, -1, -1, 1, -1], [-1, 8, 2, 2, 1, -1, -1], [1, -1, 2, 2, -1, 5, -1], [1, 10, -1, -1, 1, -1, 1], [0, -1, -1, 4, -1, 5, 5], [0, 9, -1, -1, -1, 0, 0], [0, 9, 2, -1, -1, 0, -1]]
40 5 
 [[-1, 8, -1, 4, -1, 1, 0], [-1, 8, 2, -1, -1, 1, -1], [0, -1, -1, 4, -1, 5, 5], [0, 9, -1, -1, -1, 0, 0], [0, 9, 2, -1, -1, 0, -1]]
50 1 
 [[-1, 8, 2, -1, -1, 1, -1]]
60 0 
 []
70 0 
 []
80 0 
 []
90 0 
 []
100 0 
 []
200 0 
 []
500 0 
 []
1000 0 
 []
