execution time
10 1.5185749530792236 8.81483793258667
20 1.2911229133605957 9.622130155563354
30 1.137848138809204 9.532608985900879
40 0.9029102325439453 8.272182941436768
50 0.8307797908782959 8.480978012084961
60 0.8896052837371826 8.147945880889893
70 0.7214360237121582 9.365805864334106
80 0.8335521221160889 10.117835998535156
90 0.7240378856658936 8.437012910842896
100 0.6654059886932373 8.881071090698242


number of calculations
10 16099.0 118799.0
20 13692.0 118799.0
30 11839.0 118799.0
40 10583.0 118799.0
50 9408.0 118799.0
60 8628.0 118799.0
70 8096.0 118799.0
80 7621.0 118799.0
90 7232.0 118799.0
100 6821.0 118799.0


number of patterns found
10 84 
 [[-1, -1, -1, -1, -1, -1, 9], [-1, -1, -1, -1, -1, -1, 8], [-1, -1, -1, -1, -1, 1, 10], [-1, -1, -1, -1, -1, 1, 5], [-1, -1, -1, -1, -1, 0, 6], [-1, -1, -1, -1, 2, -1, -1], [-1, -1, -1, -1, 1, -1, -1], [-1, -1, -1, 6, -1, 0, -1], [-1, -1, -1, 5, -1, -1, 7], [-1, -1, -1, 5, -1, -1, 5], [-1, -1, -1, 5, -1, -1, 4], [-1, -1, -1, 4, -1, -1, 5], [-1, -1, -1, 4, -1, -1, 4], [-1, -1, -1, 4, -1, -1, 3], [-1, -1, -1, 2, -1, -1, 6], [-1, -1, -1, 1, -1, -1, 6], [-1, -1, -1, 1, -1, 0, 4], [-1, -1, -1, 0, -1, -1, 5], [-1, -1, 3, -1, -1, -1, 10], [-1, -1, 3, -1, -1, -1, 5], [-1, -1, 3, -1, -1, -1, 4], [-1, -1, 3, -1, -1, 0, 7], [-1, -1, 3, -1, -1, 0, 3], [-1, -1, 3, 1, -1, -1, 2], [-1, -1, 2, -1, -1, -1, 6], [-1, -1, 2, -1, -1, -1, 5], [-1, -1, 2, 2, -1, 0, -1], [-1, -1, 2, 0, -1, -1, 10], [-1, -1, 1, -1, -1, -1, 7], [-1, -1, 1, -1, -1, -1, 5], [-1, -1, 1, 4, -1, -1, -1], [-1, -1, 1, 1, -1, -1, 4], [-1, -1, 0, -1, -1, 0, 10], [-1, -1, 0, 6, -1, -1, -1], [-1, -1, 0, 0, -1, 1, 7], [-1, -1, 0, 0, -1, 1, 3], [-1, 2, -1, -1, -1, -1, 10], [-1, 2, -1, -1, -1, -1, 7], [-1, 2, -1, -1, -1, -1, 6], [-1, 2, -1, -1, -1, 1, 3], [-1, 2, -1, 4, -1, -1, -1], [-1, 2, 2, -1, -1, -1, 3], [-1, 2, 0, 0, -1, -1, 3], [-1, 2, 0, 0, -1, 0, 2], [-1, 1, -1, -1, -1, -1, 5], [-1, 1, -1, 6, -1, -1, -1], [-1, 1, -1, 1, -1, -1, 4], [-1, 1, 2, -1, -1, -1, 10], [-1, 1, 1, -1, -1, 1, 4], [-1, 1, 1, 5, -1, 1, -1], [-1, 1, 1, 2, -1, -1, -1], [-1, 1, 0, 1, -1, 0, 2], [-1, 1, 0, 0, -1, 1, 6], [-1, 0, -1, -1, -1, -1, 5], [-1, 0, -1, -1, -1, 1, -1], [1, 2, -1, -1, -1, 0, 3], [1, 2, 2, -1, 0, 0, -1], [1, 1, 1, 1, -1, 0, -1], [0, -1, -1, -1, -1, -1, 10], [0, -1, -1, -1, -1, -1, 6], [0, -1, -1, -1, -1, -1, 5], [0, -1, -1, 6, -1, -1, -1], [0, -1, -1, 4, -1, 1, -1], [0, -1, -1, 1, 0, -1, 4], [0, -1, 2, 4, -1, -1, -1], [0, -1, 1, -1, -1, 1, 4], [0, -1, 1, 5, -1, -1, 2], [0, -1, 0, -1, -1, 1, 7], [0, -1, 0, -1, -1, 1, 3], [0, -1, 0, 5, -1, 0, -1], [0, -1, 0, 2, -1, 1, -1], [0, -1, 0, 0, -1, -1, 7], [0, 3, 0, 5, -1, -1, -1], [0, 2, -1, 0, -1, -1, 3], [0, 2, 0, -1, -1, -1, 3], [0, 2, 0, -1, -1, -1, 2], [0, 1, -1, 5, -1, -1, 1], [0, 1, -1, 5, -1, 0, -1], [0, 1, -1, 4, -1, -1, -1], [0, 1, 3, -1, -1, 0, 2], [0, 1, 1, 5, -1, -1, -1], [0, 1, 1, 1, -1, 1, -1], [0, 1, 0, 1, -1, -1, 2], [0, 0, 1, -1, -1, -1, -1]]
20 64 
 [[-1, -1, -1, -1, -1, -1, 9], [-1, -1, -1, -1, -1, -1, 8], [-1, -1, -1, -1, -1, 1, 10], [-1, -1, -1, -1, -1, 1, 5], [-1, -1, -1, -1, -1, 0, 6], [-1, -1, -1, -1, 2, -1, -1], [-1, -1, -1, -1, 1, -1, -1], [-1, -1, -1, 6, -1, 0, -1], [-1, -1, -1, 5, -1, -1, 4], [-1, -1, -1, 4, -1, -1, 5], [-1, -1, -1, 4, -1, -1, 4], [-1, -1, -1, 1, -1, -1, 6], [-1, -1, -1, 1, -1, 0, 4], [-1, -1, -1, 0, -1, -1, 5], [-1, -1, 3, -1, -1, -1, 5], [-1, -1, 3, -1, -1, -1, 4], [-1, -1, 3, -1, -1, 0, 3], [-1, -1, 3, 1, -1, -1, 2], [-1, -1, 2, -1, -1, -1, 6], [-1, -1, 2, -1, -1, -1, 5], [-1, -1, 2, 0, -1, -1, 10], [-1, -1, 1, -1, -1, -1, 7], [-1, -1, 1, -1, -1, -1, 5], [-1, -1, 1, 4, -1, -1, -1], [-1, -1, 0, -1, -1, 0, 10], [-1, -1, 0, 0, -1, 1, 7], [-1, -1, 0, 0, -1, 1, 3], [-1, 2, -1, -1, -1, -1, 10], [-1, 2, -1, -1, -1, -1, 7], [-1, 2, -1, -1, -1, -1, 6], [-1, 2, -1, -1, -1, 1, 3], [-1, 2, -1, 4, -1, -1, -1], [-1, 2, 0, 0, -1, -1, 3], [-1, 2, 0, 0, -1, 0, 2], [-1, 1, -1, -1, -1, -1, 5], [-1, 1, -1, 6, -1, -1, -1], [-1, 1, -1, 1, -1, -1, 4], [-1, 1, 1, -1, -1, 1, 4], [-1, 1, 1, 2, -1, -1, -1], [-1, 1, 0, 0, -1, 1, 6], [-1, 0, -1, -1, -1, -1, 5], [-1, 0, -1, -1, -1, 1, -1], [0, -1, -1, -1, -1, -1, 10], [0, -1, -1, -1, -1, -1, 6], [0, -1, -1, -1, -1, -1, 5], [0, -1, -1, 6, -1, -1, -1], [0, -1, -1, 4, -1, 1, -1], [0, -1, -1, 1, 0, -1, 4], [0, -1, 1, -1, -1, 1, 4], [0, -1, 1, 5, -1, -1, 2], [0, -1, 0, -1, -1, 1, 7], [0, -1, 0, -1, -1, 1, 3], [0, -1, 0, 5, -1, 0, -1], [0, -1, 0, 0, -1, -1, 7], [0, 2, -1, 0, -1, -1, 3], [0, 2, 0, -1, -1, -1, 3], [0, 2, 0, -1, -1, -1, 2], [0, 1, -1, 5, -1, 0, -1], [0, 1, -1, 4, -1, -1, -1], [0, 1, 3, -1, -1, 0, 2], [0, 1, 1, 5, -1, -1, -1], [0, 1, 1, 1, -1, 1, -1], [0, 1, 0, 1, -1, -1, 2], [0, 0, 1, -1, -1, -1, -1]]
30 47 
 [[-1, -1, -1, -1, -1, -1, 9], [-1, -1, -1, -1, -1, -1, 8], [-1, -1, -1, -1, -1, 1, 10], [-1, -1, -1, -1, -1, 1, 5], [-1, -1, -1, -1, -1, 0, 6], [-1, -1, -1, -1, 2, -1, -1], [-1, -1, -1, -1, 1, -1, -1], [-1, -1, -1, 1, -1, -1, 6], [-1, -1, -1, 1, -1, 0, 4], [-1, -1, -1, 0, -1, -1, 5], [-1, -1, 3, -1, -1, -1, 4], [-1, -1, 2, -1, -1, -1, 6], [-1, -1, 2, -1, -1, -1, 5], [-1, -1, 1, -1, -1, -1, 7], [-1, -1, 1, -1, -1, -1, 5], [-1, -1, 1, 4, -1, -1, -1], [-1, -1, 0, -1, -1, 0, 10], [-1, -1, 0, 0, -1, 1, 7], [-1, -1, 0, 0, -1, 1, 3], [-1, 2, -1, -1, -1, -1, 7], [-1, 2, -1, -1, -1, -1, 6], [-1, 2, -1, -1, -1, 1, 3], [-1, 2, -1, 4, -1, -1, -1], [-1, 2, 0, 0, -1, -1, 3], [-1, 2, 0, 0, -1, 0, 2], [-1, 1, -1, -1, -1, -1, 5], [-1, 1, -1, 1, -1, -1, 4], [-1, 1, 1, -1, -1, 1, 4], [-1, 1, 0, 0, -1, 1, 6], [-1, 0, -1, -1, -1, 1, -1], [0, -1, -1, -1, -1, -1, 10], [0, -1, -1, -1, -1, -1, 6], [0, -1, -1, -1, -1, -1, 5], [0, -1, -1, 4, -1, 1, -1], [0, -1, -1, 1, 0, -1, 4], [0, -1, 1, -1, -1, 1, 4], [0, -1, 0, -1, -1, 1, 7], [0, -1, 0, -1, -1, 1, 3], [0, -1, 0, 5, -1, 0, -1], [0, -1, 0, 0, -1, -1, 7], [0, 2, -1, 0, -1, -1, 3], [0, 2, 0, -1, -1, -1, 3], [0, 2, 0, -1, -1, -1, 2], [0, 1, -1, 5, -1, 0, -1], [0, 1, -1, 4, -1, -1, -1], [0, 1, 1, 5, -1, -1, -1], [0, 0, 1, -1, -1, -1, -1]]
40 35 
 [[-1, -1, -1, -1, -1, -1, 9], [-1, -1, -1, -1, -1, -1, 8], [-1, -1, -1, -1, -1, 1, 10], [-1, -1, -1, -1, -1, 1, 5], [-1, -1, -1, -1, -1, 0, 6], [-1, -1, -1, -1, 2, -1, -1], [-1, -1, -1, -1, 1, -1, -1], [-1, -1, -1, 0, -1, -1, 5], [-1, -1, 3, -1, -1, -1, 4], [-1, -1, 2, -1, -1, -1, 5], [-1, -1, 1, -1, -1, -1, 7], [-1, -1, 1, -1, -1, -1, 5], [-1, -1, 1, 4, -1, -1, -1], [-1, -1, 0, -1, -1, 0, 10], [-1, -1, 0, 0, -1, 1, 7], [-1, -1, 0, 0, -1, 1, 3], [-1, 2, -1, -1, -1, -1, 7], [-1, 2, -1, -1, -1, -1, 6], [-1, 2, -1, -1, -1, 1, 3], [-1, 1, -1, -1, -1, -1, 5], [-1, 1, 1, -1, -1, 1, 4], [-1, 1, 0, 0, -1, 1, 6], [-1, 0, -1, -1, -1, 1, -1], [0, -1, -1, -1, -1, -1, 10], [0, -1, -1, -1, -1, -1, 6], [0, -1, -1, -1, -1, -1, 5], [0, -1, -1, 4, -1, 1, -1], [0, -1, 1, -1, -1, 1, 4], [0, -1, 0, -1, -1, 1, 7], [0, -1, 0, -1, -1, 1, 3], [0, -1, 0, 0, -1, -1, 7], [0, 2, -1, 0, -1, -1, 3], [0, 2, 0, -1, -1, -1, 3], [0, 2, 0, -1, -1, -1, 2], [0, 1, -1, 4, -1, -1, -1]]
50 30 
 [[-1, -1, -1, -1, -1, -1, 9], [-1, -1, -1, -1, -1, -1, 8], [-1, -1, -1, -1, -1, 1, 10], [-1, -1, -1, -1, -1, 1, 5], [-1, -1, -1, -1, -1, 0, 6], [-1, -1, -1, -1, 2, -1, -1], [-1, -1, -1, -1, 1, -1, -1], [-1, -1, -1, 0, -1, -1, 5], [-1, -1, 2, -1, -1, -1, 5], [-1, -1, 1, -1, -1, -1, 7], [-1, -1, 1, -1, -1, -1, 5], [-1, -1, 1, 4, -1, -1, -1], [-1, -1, 0, -1, -1, 0, 10], [-1, -1, 0, 0, -1, 1, 7], [-1, -1, 0, 0, -1, 1, 3], [-1, 2, -1, -1, -1, -1, 7], [-1, 2, -1, -1, -1, -1, 6], [-1, 1, -1, -1, -1, -1, 5], [-1, 1, 1, -1, -1, 1, 4], [-1, 1, 0, 0, -1, 1, 6], [0, -1, -1, -1, -1, -1, 10], [0, -1, -1, -1, -1, -1, 6], [0, -1, -1, -1, -1, -1, 5], [0, -1, -1, 4, -1, 1, -1], [0, -1, 1, -1, -1, 1, 4], [0, -1, 0, -1, -1, 1, 7], [0, -1, 0, -1, -1, 1, 3], [0, -1, 0, 0, -1, -1, 7], [0, 2, -1, 0, -1, -1, 3], [0, 1, -1, 4, -1, -1, -1]]
60 29 
 [[-1, -1, -1, -1, -1, -1, 9], [-1, -1, -1, -1, -1, -1, 8], [-1, -1, -1, -1, -1, 1, 10], [-1, -1, -1, -1, -1, 1, 5], [-1, -1, -1, -1, -1, 0, 6], [-1, -1, -1, -1, 2, -1, -1], [-1, -1, -1, -1, 1, -1, -1], [-1, -1, -1, 0, -1, -1, 5], [-1, -1, 1, -1, -1, -1, 7], [-1, -1, 1, -1, -1, -1, 5], [-1, -1, 1, 4, -1, -1, -1], [-1, -1, 0, -1, -1, 0, 10], [-1, -1, 0, 0, -1, 1, 7], [-1, -1, 0, 0, -1, 1, 3], [-1, 2, -1, -1, -1, -1, 7], [-1, 2, -1, -1, -1, -1, 6], [-1, 1, -1, -1, -1, -1, 5], [-1, 1, 1, -1, -1, 1, 4], [-1, 1, 0, 0, -1, 1, 6], [0, -1, -1, -1, -1, -1, 10], [0, -1, -1, -1, -1, -1, 6], [0, -1, -1, -1, -1, -1, 5], [0, -1, -1, 4, -1, 1, -1], [0, -1, 1, -1, -1, 1, 4], [0, -1, 0, -1, -1, 1, 7], [0, -1, 0, -1, -1, 1, 3], [0, -1, 0, 0, -1, -1, 7], [0, 2, -1, 0, -1, -1, 3], [0, 1, -1, 4, -1, -1, -1]]
70 27 
 [[-1, -1, -1, -1, -1, -1, 9], [-1, -1, -1, -1, -1, -1, 8], [-1, -1, -1, -1, -1, 1, 10], [-1, -1, -1, -1, -1, 1, 5], [-1, -1, -1, -1, -1, 0, 6], [-1, -1, -1, -1, 2, -1, -1], [-1, -1, -1, -1, 1, -1, -1], [-1, -1, -1, 0, -1, -1, 5], [-1, -1, 1, -1, -1, -1, 7], [-1, -1, 1, -1, -1, -1, 5], [-1, -1, 1, 4, -1, -1, -1], [-1, -1, 0, -1, -1, 0, 10], [-1, -1, 0, 0, -1, 1, 7], [-1, -1, 0, 0, -1, 1, 3], [-1, 2, -1, -1, -1, -1, 7], [-1, 2, -1, -1, -1, -1, 6], [-1, 1, -1, -1, -1, -1, 5], [-1, 1, 1, -1, -1, 1, 4], [-1, 1, 0, 0, -1, 1, 6], [0, -1, -1, -1, -1, -1, 10], [0, -1, -1, -1, -1, -1, 6], [0, -1, -1, -1, -1, -1, 5], [0, -1, 1, -1, -1, 1, 4], [0, -1, 0, -1, -1, 1, 7], [0, -1, 0, -1, -1, 1, 3], [0, -1, 0, 0, -1, -1, 7], [0, 1, -1, 4, -1, -1, -1]]
80 22 
 [[-1, -1, -1, -1, -1, -1, 9], [-1, -1, -1, -1, -1, -1, 8], [-1, -1, -1, -1, -1, 1, 10], [-1, -1, -1, -1, -1, 1, 5], [-1, -1, -1, -1, -1, 0, 6], [-1, -1, -1, -1, 2, -1, -1], [-1, -1, -1, -1, 1, -1, -1], [-1, -1, -1, 0, -1, -1, 5], [-1, -1, 1, -1, -1, -1, 7], [-1, -1, 1, -1, -1, -1, 5], [-1, -1, 0, -1, -1, 0, 10], [-1, -1, 0, 0, -1, 1, 7], [-1, 2, -1, -1, -1, -1, 7], [-1, 2, -1, -1, -1, -1, 6], [-1, 1, -1, -1, -1, -1, 5], [0, -1, -1, -1, -1, -1, 10], [0, -1, -1, -1, -1, -1, 6], [0, -1, -1, -1, -1, -1, 5], [0, -1, 1, -1, -1, 1, 4], [0, -1, 0, -1, -1, 1, 7], [0, -1, 0, 0, -1, -1, 7], [0, 1, -1, 4, -1, -1, -1]]
90 17 
 [[-1, -1, -1, -1, -1, -1, 9], [-1, -1, -1, -1, -1, -1, 8], [-1, -1, -1, -1, -1, 1, 5], [-1, -1, -1, -1, -1, 0, 6], [-1, -1, -1, -1, 2, -1, -1], [-1, -1, -1, -1, 1, -1, -1], [-1, -1, -1, 0, -1, -1, 5], [-1, -1, 1, -1, -1, -1, 7], [-1, -1, 1, -1, -1, -1, 5], [-1, -1, 0, -1, -1, 0, 10], [-1, 2, -1, -1, -1, -1, 6], [-1, 1, -1, -1, -1, -1, 5], [0, -1, -1, -1, -1, -1, 10], [0, -1, -1, -1, -1, -1, 6], [0, -1, -1, -1, -1, -1, 5], [0, -1, 0, 0, -1, -1, 7], [0, 1, -1, 4, -1, -1, -1]]
100 17 
 [[-1, -1, -1, -1, -1, -1, 9], [-1, -1, -1, -1, -1, -1, 8], [-1, -1, -1, -1, -1, 1, 5], [-1, -1, -1, -1, -1, 0, 6], [-1, -1, -1, -1, 2, -1, -1], [-1, -1, -1, -1, 1, -1, -1], [-1, -1, -1, 0, -1, -1, 5], [-1, -1, 1, -1, -1, -1, 7], [-1, -1, 1, -1, -1, -1, 5], [-1, -1, 0, -1, -1, 0, 10], [-1, 2, -1, -1, -1, -1, 6], [-1, 1, -1, -1, -1, -1, 5], [0, -1, -1, -1, -1, -1, 10], [0, -1, -1, -1, -1, -1, 6], [0, -1, -1, -1, -1, -1, 5], [0, -1, 0, 0, -1, -1, 7], [0, 1, -1, 4, -1, -1, -1]]
