execution time
10 1.469270944595337
20 1.0416011810302734
30 0.9785408973693848
40 0.7791221141815186
50 0.7417252063751221
60 0.6802308559417725
70 0.7474429607391357
80 0.5914056301116943
90 0.6338710784912109
100 0.5178301334381104


number of calculations
10 16099.0
20 13692.0
30 11839.0
40 10583.0
50 9408.0
60 8628.0
70 8096.0
80 7621.0
90 7232.0
100 6821.0


number of patterns found
10 84 
 [[-1, -1, -1, -1, -1, -1, 9], [-1, -1, -1, -1, -1, -1, 8], [-1, -1, -1, -1, -1, 1, 10], [-1, -1, -1, -1, -1, 1, 5], [-1, -1, -1, -1, -1, 0, 6], [-1, -1, -1, -1, 2, -1, -1], [-1, -1, -1, -1, 1, -1, -1], [-1, -1, -1, 6, -1, 0, -1], [-1, -1, -1, 5, -1, -1, 7], [-1, -1, -1, 5, -1, -1, 5], [-1, -1, -1, 5, -1, -1, 4], [-1, -1, -1, 4, -1, -1, 5], [-1, -1, -1, 4, -1, -1, 4], [-1, -1, -1, 4, -1, -1, 3], [-1, -1, -1, 2, -1, -1, 6], [-1, -1, -1, 1, -1, -1, 6], [-1, -1, -1, 1, -1, 0, 4], [-1, -1, -1, 0, -1, -1, 5], [-1, -1, 3, -1, -1, -1, 10], [-1, -1, 3, -1, -1, -1, 5], [-1, -1, 3, -1, -1, -1, 4], [-1, -1, 3, -1, -1, 0, 7], [-1, -1, 3, -1, -1, 0, 3], [-1, -1, 3, 1, -1, -1, 2], [-1, -1, 2, -1, -1, -1, 6], [-1, -1, 2, -1, -1, -1, 5], [-1, -1, 2, 2, -1, 0, -1], [-1, -1, 2, 0, -1, -1, 10], [-1, -1, 1, -1, -1, -1, 7], [-1, -1, 1, -1, -1, -1, 5], [-1, -1, 1, 4, -1, -1, -1], [-1, -1, 1, 1, -1, -1, 4], [-1, -1, 0, -1, -1, 0, 10], [-1, -1, 0, 6, -1, -1, -1], [-1, -1, 0, 0, -1, 1, 7], [-1, -1, 0, 0, -1, 1, 3], [-1, 2, -1, -1, -1, -1, 10], [-1, 2, -1, -1, -1, -1, 7], [-1, 2, -1, -1, -1, -1, 6], [-1, 2, -1, -1, -1, 1, 3], [-1, 2, -1, 4, -1, -1, -1], [-1, 2, 2, -1, -1, -1, 3], [-1, 2, 0, 0, -1, -1, 3], [-1, 2, 0, 0, -1, 0, 2], [-1, 1, -1, -1, -1, -1, 5], [-1, 1, -1, 6, -1, -1, -1], [-1, 1, -1, 1, -1, -1, 4], [-1, 1, 2, -1, -1, -1, 10], [-1, 1, 1, -1, -1, 1, 4], [-1, 1, 1, 5, -1, 1, -1], [-1, 1, 1, 2, -1, -1, -1], [-1, 1, 0, 1, -1, 0, 2], [-1, 1, 0, 0, -1, 1, 6], [-1, 0, -1, -1, -1, -1, 5], [-1, 0, -1, -1, -1, 1, -1], [1, 2, -1, -1, -1, 0, 3], [1, 2, 2, -1, 0, 0, -1], [1, 1, 1, 1, -1, 0, -1], [0, -1, -1, -1, -1, -1, 10], [0, -1, -1, -1, -1, -1, 6], [0, -1, -1, -1, -1, -1, 5], [0, -1, -1, 6, -1, -1, -1], [0, -1, -1, 4, -1, 1, -1], [0, -1, -1, 1, 0, -1, 4], [0, -1, 2, 4, -1, -1, -1], [0, -1, 1, -1, -1, 1, 4], [0, -1, 1, 5, -1, -1, 2], [0, -1, 0, -1, -1, 1, 7], [0, -1, 0, -1, -1, 1, 3], [0, -1, 0, 5, -1, 0, -1], [0, -1, 0, 2, -1, 1, -1], [0, -1, 0, 0, -1, -1, 7], [0, 3, 0, 5, -1, -1, -1], [0, 2, -1, 0, -1, -1, 3], [0, 2, 0, -1, -1, -1, 3], [0, 2, 0, -1, -1, -1, 2], [0, 1, -1, 5, -1, -1, 1], [0, 1, -1, 5, -1, 0, -1], [0, 1, -1, 4, -1, -1, -1], [0, 1, 3, -1, -1, 0, 2], [0, 1, 1, 5, -1, -1, -1], [0, 1, 1, 1, -1, 1, -1], [0, 1, 0, 1, -1, -1, 2], [0, 0, 1, -1, -1, -1, -1]]
20 64 
 [[-1, -1, -1, -1, -1, -1, 9], [-1, -1, -1, -1, -1, -1, 8], [-1, -1, -1, -1, -1, 1, 10], [-1, -1, -1, -1, -1, 1, 5], [-1, -1, -1, -1, -1, 0, 6], [-1, -1, -1, -1, 2, -1, -1], [-1, -1, -1, -1, 1, -1, -1], [-1, -1, -1, 6, -1, 0, -1], [-1, -1, -1, 5, -1, -1, 4], [-1, -1, -1, 4, -1, -1, 5], [-1, -1, -1, 4, -1, -1, 4], [-1, -1, -1, 1, -1, -1, 6], [-1, -1, -1, 1, -1, 0, 4], [-1, -1, -1, 0, -1, -1, 5], [-1, -1, 3, -1, -1, -1, 5], [-1, -1, 3, -1, -1, -1, 4], [-1, -1, 3, -1, -1, 0, 3], [-1, -1, 3, 1, -1, -1, 2], [-1, -1, 2, -1, -1, -1, 6], [-1, -1, 2, -1, -1, -1, 5], [-1, -1, 2, 0, -1, -1, 10], [-1, -1, 1, -1, -1, -1, 7], [-1, -1, 1, -1, -1, -1, 5], [-1, -1, 1, 4, -1, -1, -1], [-1, -1, 0, -1, -1, 0, 10], [-1, -1, 0, 0, -1, 1, 7], [-1, -1, 0, 0, -1, 1, 3], [-1, 2, -1, -1, -1, -1, 10], [-1, 2, -1, -1, -1, -1, 7], [-1, 2, -1, -1, -1, -1, 6], [-1, 2, -1, -1, -1, 1, 3], [-1, 2, -1, 4, -1, -1, -1], [-1, 2, 0, 0, -1, -1, 3], [-1, 2, 0, 0, -1, 0, 2], [-1, 1, -1, -1, -1, -1, 5], [-1, 1, -1, 6, -1, -1, -1], [-1, 1, -1, 1, -1, -1, 4], [-1, 1, 1, -1, -1, 1, 4], [-1, 1, 1, 2, -1, -1, -1], [-1, 1, 0, 0, -1, 1, 6], [-1, 0, -1, -1, -1, -1, 5], [-1, 0, -1, -1, -1, 1, -1], [0, -1, -1, -1, -1, -1, 10], [0, -1, -1, -1, -1, -1, 6], [0, -1, -1, -1, -1, -1, 5], [0, -1, -1, 6, -1, -1, -1], [0, -1, -1, 4, -1, 1, -1], [0, -1, -1, 1, 0, -1, 4], [0, -1, 1, -1, -1, 1, 4], [0, -1, 1, 5, -1, -1, 2], [0, -1, 0, -1, -1, 1, 7], [0, -1, 0, -1, -1, 1, 3], [0, -1, 0, 5, -1, 0, -1], [0, -1, 0, 0, -1, -1, 7], [0, 2, -1, 0, -1, -1, 3], [0, 2, 0, -1, -1, -1, 3], [0, 2, 0, -1, -1, -1, 2], [0, 1, -1, 5, -1, 0, -1], [0, 1, -1, 4, -1, -1, -1], [0, 1, 3, -1, -1, 0, 2], [0, 1, 1, 5, -1, -1, -1], [0, 1, 1, 1, -1, 1, -1], [0, 1, 0, 1, -1, -1, 2], [0, 0, 1, -1, -1, -1, -1]]
30 47 
 [[-1, -1, -1, -1, -1, -1, 9], [-1, -1, -1, -1, -1, -1, 8], [-1, -1, -1, -1, -1, 1, 10], [-1, -1, -1, -1, -1, 1, 5], [-1, -1, -1, -1, -1, 0, 6], [-1, -1, -1, -1, 2, -1, -1], [-1, -1, -1, -1, 1, -1, -1], [-1, -1, -1, 1, -1, -1, 6], [-1, -1, -1, 1, -1, 0, 4], [-1, -1, -1, 0, -1, -1, 5], [-1, -1, 3, -1, -1, -1, 4], [-1, -1, 2, -1, -1, -1, 6], [-1, -1, 2, -1, -1, -1, 5], [-1, -1, 1, -1, -1, -1, 7], [-1, -1, 1, -1, -1, -1, 5], [-1, -1, 1, 4, -1, -1, -1], [-1, -1, 0, -1, -1, 0, 10], [-1, -1, 0, 0, -1, 1, 7], [-1, -1, 0, 0, -1, 1, 3], [-1, 2, -1, -1, -1, -1, 7], [-1, 2, -1, -1, -1, -1, 6], [-1, 2, -1, -1, -1, 1, 3], [-1, 2, -1, 4, -1, -1, -1], [-1, 2, 0, 0, -1, -1, 3], [-1, 2, 0, 0, -1, 0, 2], [-1, 1, -1, -1, -1, -1, 5], [-1, 1, -1, 1, -1, -1, 4], [-1, 1, 1, -1, -1, 1, 4], [-1, 1, 0, 0, -1, 1, 6], [-1, 0, -1, -1, -1, 1, -1], [0, -1, -1, -1, -1, -1, 10], [0, -1, -1, -1, -1, -1, 6], [0, -1, -1, -1, -1, -1, 5], [0, -1, -1, 4, -1, 1, -1], [0, -1, -1, 1, 0, -1, 4], [0, -1, 1, -1, -1, 1, 4], [0, -1, 0, -1, -1, 1, 7], [0, -1, 0, -1, -1, 1, 3], [0, -1, 0, 5, -1, 0, -1], [0, -1, 0, 0, -1, -1, 7], [0, 2, -1, 0, -1, -1, 3], [0, 2, 0, -1, -1, -1, 3], [0, 2, 0, -1, -1, -1, 2], [0, 1, -1, 5, -1, 0, -1], [0, 1, -1, 4, -1, -1, -1], [0, 1, 1, 5, -1, -1, -1], [0, 0, 1, -1, -1, -1, -1]]
40 35 
 [[-1, -1, -1, -1, -1, -1, 9], [-1, -1, -1, -1, -1, -1, 8], [-1, -1, -1, -1, -1, 1, 10], [-1, -1, -1, -1, -1, 1, 5], [-1, -1, -1, -1, -1, 0, 6], [-1, -1, -1, -1, 2, -1, -1], [-1, -1, -1, -1, 1, -1, -1], [-1, -1, -1, 0, -1, -1, 5], [-1, -1, 3, -1, -1, -1, 4], [-1, -1, 2, -1, -1, -1, 5], [-1, -1, 1, -1, -1, -1, 7], [-1, -1, 1, -1, -1, -1, 5], [-1, -1, 1, 4, -1, -1, -1], [-1, -1, 0, -1, -1, 0, 10], [-1, -1, 0, 0, -1, 1, 7], [-1, -1, 0, 0, -1, 1, 3], [-1, 2, -1, -1, -1, -1, 7], [-1, 2, -1, -1, -1, -1, 6], [-1, 2, -1, -1, -1, 1, 3], [-1, 1, -1, -1, -1, -1, 5], [-1, 1, 1, -1, -1, 1, 4], [-1, 1, 0, 0, -1, 1, 6], [-1, 0, -1, -1, -1, 1, -1], [0, -1, -1, -1, -1, -1, 10], [0, -1, -1, -1, -1, -1, 6], [0, -1, -1, -1, -1, -1, 5], [0, -1, -1, 4, -1, 1, -1], [0, -1, 1, -1, -1, 1, 4], [0, -1, 0, -1, -1, 1, 7], [0, -1, 0, -1, -1, 1, 3], [0, -1, 0, 0, -1, -1, 7], [0, 2, -1, 0, -1, -1, 3], [0, 2, 0, -1, -1, -1, 3], [0, 2, 0, -1, -1, -1, 2], [0, 1, -1, 4, -1, -1, -1]]
50 30 
 [[-1, -1, -1, -1, -1, -1, 9], [-1, -1, -1, -1, -1, -1, 8], [-1, -1, -1, -1, -1, 1, 10], [-1, -1, -1, -1, -1, 1, 5], [-1, -1, -1, -1, -1, 0, 6], [-1, -1, -1, -1, 2, -1, -1], [-1, -1, -1, -1, 1, -1, -1], [-1, -1, -1, 0, -1, -1, 5], [-1, -1, 2, -1, -1, -1, 5], [-1, -1, 1, -1, -1, -1, 7], [-1, -1, 1, -1, -1, -1, 5], [-1, -1, 1, 4, -1, -1, -1], [-1, -1, 0, -1, -1, 0, 10], [-1, -1, 0, 0, -1, 1, 7], [-1, -1, 0, 0, -1, 1, 3], [-1, 2, -1, -1, -1, -1, 7], [-1, 2, -1, -1, -1, -1, 6], [-1, 1, -1, -1, -1, -1, 5], [-1, 1, 1, -1, -1, 1, 4], [-1, 1, 0, 0, -1, 1, 6], [0, -1, -1, -1, -1, -1, 10], [0, -1, -1, -1, -1, -1, 6], [0, -1, -1, -1, -1, -1, 5], [0, -1, -1, 4, -1, 1, -1], [0, -1, 1, -1, -1, 1, 4], [0, -1, 0, -1, -1, 1, 7], [0, -1, 0, -1, -1, 1, 3], [0, -1, 0, 0, -1, -1, 7], [0, 2, -1, 0, -1, -1, 3], [0, 1, -1, 4, -1, -1, -1]]
60 29 
 [[-1, -1, -1, -1, -1, -1, 9], [-1, -1, -1, -1, -1, -1, 8], [-1, -1, -1, -1, -1, 1, 10], [-1, -1, -1, -1, -1, 1, 5], [-1, -1, -1, -1, -1, 0, 6], [-1, -1, -1, -1, 2, -1, -1], [-1, -1, -1, -1, 1, -1, -1], [-1, -1, -1, 0, -1, -1, 5], [-1, -1, 1, -1, -1, -1, 7], [-1, -1, 1, -1, -1, -1, 5], [-1, -1, 1, 4, -1, -1, -1], [-1, -1, 0, -1, -1, 0, 10], [-1, -1, 0, 0, -1, 1, 7], [-1, -1, 0, 0, -1, 1, 3], [-1, 2, -1, -1, -1, -1, 7], [-1, 2, -1, -1, -1, -1, 6], [-1, 1, -1, -1, -1, -1, 5], [-1, 1, 1, -1, -1, 1, 4], [-1, 1, 0, 0, -1, 1, 6], [0, -1, -1, -1, -1, -1, 10], [0, -1, -1, -1, -1, -1, 6], [0, -1, -1, -1, -1, -1, 5], [0, -1, -1, 4, -1, 1, -1], [0, -1, 1, -1, -1, 1, 4], [0, -1, 0, -1, -1, 1, 7], [0, -1, 0, -1, -1, 1, 3], [0, -1, 0, 0, -1, -1, 7], [0, 2, -1, 0, -1, -1, 3], [0, 1, -1, 4, -1, -1, -1]]
70 27 
 [[-1, -1, -1, -1, -1, -1, 9], [-1, -1, -1, -1, -1, -1, 8], [-1, -1, -1, -1, -1, 1, 10], [-1, -1, -1, -1, -1, 1, 5], [-1, -1, -1, -1, -1, 0, 6], [-1, -1, -1, -1, 2, -1, -1], [-1, -1, -1, -1, 1, -1, -1], [-1, -1, -1, 0, -1, -1, 5], [-1, -1, 1, -1, -1, -1, 7], [-1, -1, 1, -1, -1, -1, 5], [-1, -1, 1, 4, -1, -1, -1], [-1, -1, 0, -1, -1, 0, 10], [-1, -1, 0, 0, -1, 1, 7], [-1, -1, 0, 0, -1, 1, 3], [-1, 2, -1, -1, -1, -1, 7], [-1, 2, -1, -1, -1, -1, 6], [-1, 1, -1, -1, -1, -1, 5], [-1, 1, 1, -1, -1, 1, 4], [-1, 1, 0, 0, -1, 1, 6], [0, -1, -1, -1, -1, -1, 10], [0, -1, -1, -1, -1, -1, 6], [0, -1, -1, -1, -1, -1, 5], [0, -1, 1, -1, -1, 1, 4], [0, -1, 0, -1, -1, 1, 7], [0, -1, 0, -1, -1, 1, 3], [0, -1, 0, 0, -1, -1, 7], [0, 1, -1, 4, -1, -1, -1]]
80 22 
 [[-1, -1, -1, -1, -1, -1, 9], [-1, -1, -1, -1, -1, -1, 8], [-1, -1, -1, -1, -1, 1, 10], [-1, -1, -1, -1, -1, 1, 5], [-1, -1, -1, -1, -1, 0, 6], [-1, -1, -1, -1, 2, -1, -1], [-1, -1, -1, -1, 1, -1, -1], [-1, -1, -1, 0, -1, -1, 5], [-1, -1, 1, -1, -1, -1, 7], [-1, -1, 1, -1, -1, -1, 5], [-1, -1, 0, -1, -1, 0, 10], [-1, -1, 0, 0, -1, 1, 7], [-1, 2, -1, -1, -1, -1, 7], [-1, 2, -1, -1, -1, -1, 6], [-1, 1, -1, -1, -1, -1, 5], [0, -1, -1, -1, -1, -1, 10], [0, -1, -1, -1, -1, -1, 6], [0, -1, -1, -1, -1, -1, 5], [0, -1, 1, -1, -1, 1, 4], [0, -1, 0, -1, -1, 1, 7], [0, -1, 0, 0, -1, -1, 7], [0, 1, -1, 4, -1, -1, -1]]
90 17 
 [[-1, -1, -1, -1, -1, -1, 9], [-1, -1, -1, -1, -1, -1, 8], [-1, -1, -1, -1, -1, 1, 5], [-1, -1, -1, -1, -1, 0, 6], [-1, -1, -1, -1, 2, -1, -1], [-1, -1, -1, -1, 1, -1, -1], [-1, -1, -1, 0, -1, -1, 5], [-1, -1, 1, -1, -1, -1, 7], [-1, -1, 1, -1, -1, -1, 5], [-1, -1, 0, -1, -1, 0, 10], [-1, 2, -1, -1, -1, -1, 6], [-1, 1, -1, -1, -1, -1, 5], [0, -1, -1, -1, -1, -1, 10], [0, -1, -1, -1, -1, -1, 6], [0, -1, -1, -1, -1, -1, 5], [0, -1, 0, 0, -1, -1, 7], [0, 1, -1, 4, -1, -1, -1]]
100 17 
 [[-1, -1, -1, -1, -1, -1, 9], [-1, -1, -1, -1, -1, -1, 8], [-1, -1, -1, -1, -1, 1, 5], [-1, -1, -1, -1, -1, 0, 6], [-1, -1, -1, -1, 2, -1, -1], [-1, -1, -1, -1, 1, -1, -1], [-1, -1, -1, 0, -1, -1, 5], [-1, -1, 1, -1, -1, -1, 7], [-1, -1, 1, -1, -1, -1, 5], [-1, -1, 0, -1, -1, 0, 10], [-1, 2, -1, -1, -1, -1, 6], [-1, 1, -1, -1, -1, -1, 5], [0, -1, -1, -1, -1, -1, 10], [0, -1, -1, -1, -1, -1, 6], [0, -1, -1, -1, -1, -1, 5], [0, -1, 0, 0, -1, -1, 7], [0, 1, -1, 4, -1, -1, -1]]
