overall FPR: 0.1434627776835679
execution time
0.05 1.01218581199646
0.1 1.4695971012115479
0.15 1.534858226776123
0.2 1.734260082244873
0.25 1.5774788856506348
0.3 1.5179920196533203


number of calculations
0.05 3926.0
0.1 6892.0
0.15 7334.0
0.2 8028.0
0.25 8326.0
0.3 8660.0


number of patterns found
0.05 23 
 [[-1, -1, -1, -1, -1, 3], [-1, -1, -1, -1, -1, 0], [-1, -1, -1, -1, 1, 5], [-1, -1, -1, -1, 1, 4], [-1, -1, -1, -1, 1, 1], [-1, -1, -1, 4, -1, 1], [-1, -1, -1, 4, 1, -1], [-1, -1, -1, 2, -1, 4], [-1, -1, -1, 1, 1, -1], [-1, -1, 6, -1, 1, -1], [-1, -1, 2, -1, -1, -1], [-1, 15, -1, -1, 1, -1], [-1, 15, -1, 0, -1, -1], [-1, 14, -1, -1, -1, -1], [-1, 12, -1, -1, -1, -1], [-1, 10, -1, -1, -1, -1], [-1, 9, -1, -1, -1, -1], [-1, 8, -1, -1, -1, 1], [-1, 8, -1, -1, 1, -1], [-1, 8, -1, 4, -1, 2], [-1, 7, -1, -1, 1, -1], [2, -1, -1, -1, -1, -1], [1, -1, -1, -1, -1, -1]]
0.1 27 
 [[-1, -1, -1, -1, -1, 3], [-1, -1, -1, -1, -1, 0], [-1, -1, -1, -1, 1, 1], [-1, -1, -1, 4, 1, 5], [-1, -1, -1, 1, 1, -1], [-1, -1, 6, 4, 1, -1], [-1, -1, 2, -1, -1, -1], [-1, 14, -1, -1, -1, -1], [-1, 12, -1, -1, -1, -1], [-1, 10, -1, -1, -1, -1], [-1, 9, -1, -1, -1, 5], [-1, 9, -1, -1, -1, 4], [-1, 9, -1, -1, 1, -1], [-1, 8, -1, -1, 1, -1], [-1, 8, -1, 4, -1, 1], [-1, 7, -1, -1, 1, 2], [2, -1, -1, -1, -1, 5], [2, -1, -1, -1, 1, -1], [2, -1, -1, 1, -1, -1], [2, 15, -1, 4, -1, -1], [2, 9, -1, -1, -1, -1], [2, 7, -1, -1, -1, -1], [1, -1, -1, -1, 1, -1], [1, -1, -1, 4, -1, 1], [1, 9, -1, -1, -1, -1], [1, 8, -1, -1, -1, 1], [1, 7, -1, 4, -1, 2]]
0.15 35 
 [[-1, -1, -1, -1, -1, 3], [-1, -1, -1, -1, 1, 0], [-1, -1, -1, 4, -1, 0], [-1, -1, 2, -1, -1, -1], [-1, 15, -1, -1, 1, 1], [-1, 14, -1, -1, -1, -1], [-1, 12, -1, -1, -1, -1], [-1, 10, -1, -1, -1, -1], [-1, 9, -1, -1, -1, 4], [-1, 9, -1, -1, -1, 0], [-1, 9, -1, -1, 1, 5], [-1, 9, -1, -1, 1, 1], [-1, 9, -1, 4, 1, -1], [-1, 9, -1, 1, 1, -1], [-1, 8, -1, -1, 1, 1], [2, -1, -1, -1, -1, 5], [2, -1, -1, -1, -1, 0], [2, -1, -1, 4, 1, -1], [2, -1, -1, 1, 1, -1], [2, 15, -1, -1, 1, -1], [2, 9, -1, -1, -1, -1], [2, 8, -1, -1, 1, -1], [2, 7, -1, -1, -1, 2], [2, 7, -1, -1, 1, -1], [1, -1, -1, -1, -1, 0], [1, -1, -1, -1, 1, 1], [1, -1, -1, 1, 1, -1], [1, 15, -1, -1, 1, 2], [1, 15, -1, 4, 1, -1], [1, 9, -1, -1, -1, 1], [1, 9, -1, -1, 1, -1], [1, 8, -1, -1, 1, 2], [1, 8, -1, 4, 1, -1], [1, 7, -1, -1, 1, 2], [1, 7, -1, 4, 1, -1]]
0.2 35 
 [[-1, -1, -1, -1, -1, 3], [-1, -1, -1, -1, 1, 0], [-1, -1, 2, -1, -1, 5], [-1, -1, 2, -1, -1, 1], [-1, -1, 2, -1, -1, 0], [-1, -1, 2, 1, -1, -1], [-1, 15, 2, -1, -1, -1], [-1, 14, -1, -1, -1, -1], [-1, 12, -1, -1, -1, 4], [-1, 12, -1, -1, 1, -1], [-1, 12, -1, 1, -1, -1], [-1, 12, 2, -1, -1, -1], [-1, 10, -1, -1, -1, -1], [-1, 9, -1, -1, -1, 0], [-1, 9, -1, -1, 1, 5], [-1, 9, -1, 4, 1, 4], [-1, 9, 2, -1, -1, -1], [-1, 8, 2, -1, -1, -1], [-1, 7, 2, -1, -1, -1], [2, -1, -1, -1, 1, 5], [2, -1, -1, 4, -1, 0], [2, -1, -1, 1, 1, -1], [2, -1, 2, 4, 1, 2], [2, 15, -1, -1, -1, 0], [2, 15, -1, -1, 1, -1], [2, 12, -1, -1, -1, -1], [2, 9, -1, -1, -1, -1], [2, 8, -1, -1, 1, -1], [2, 7, -1, -1, 1, -1], [2, 7, -1, 4, -1, 2], [1, -1, -1, 4, -1, 0], [1, -1, 2, 4, -1, -1], [1, 15, -1, -1, 1, 1], [1, 12, -1, -1, -1, 2], [1, 9, -1, -1, 1, -1]]
0.25 41 
 [[-1, -1, -1, -1, 1, 3], [-1, -1, -1, 4, 1, 0], [-1, -1, 2, -1, -1, 3], [-1, -1, 2, -1, -1, 0], [-1, -1, 2, -1, 0, 1], [-1, -1, 2, 4, -1, 5], [-1, -1, 2, 1, -1, 2], [-1, -1, 2, 1, 1, -1], [-1, 15, 2, -1, 1, 1], [-1, 15, 2, 4, 0, 2], [-1, 14, -1, -1, -1, -1], [-1, 12, -1, -1, -1, 3], [-1, 12, -1, -1, 1, 4], [-1, 12, -1, -1, 1, 2], [-1, 12, -1, 4, 1, -1], [-1, 12, -1, 1, -1, -1], [-1, 12, 2, -1, -1, -1], [-1, 10, -1, -1, -1, -1], [-1, 9, -1, -1, -1, 3], [-1, 9, -1, -1, -1, 0], [-1, 9, -1, -1, 1, 5], [-1, 9, 2, -1, -1, -1], [-1, 8, 2, -1, -1, 2], [-1, 7, 2, -1, -1, -1], [2, -1, -1, -1, -1, 3], [2, -1, -1, -1, 1, 5], [2, -1, -1, -1, 1, 0], [2, -1, 2, -1, -1, 5], [2, 15, 2, -1, -1, -1], [2, 12, -1, -1, -1, -1], [2, 9, -1, -1, -1, 4], [2, 9, -1, -1, 1, -1], [2, 8, 2, -1, -1, -1], [2, 7, -1, -1, 1, -1], [1, -1, -1, -1, -1, 3], [1, -1, -1, -1, 1, 0], [1, -1, 2, -1, -1, 1], [1, 15, 2, -1, -1, -1], [1, 12, -1, -1, 1, -1], [1, 9, -1, -1, 1, 1], [1, 8, 2, -1, -1, -1]]
0.3 31 
 [[-1, -1, 2, -1, -1, 3], [-1, -1, 2, -1, -1, 0], [-1, -1, 2, -1, 0, 1], [-1, 14, -1, -1, -1, -1], [-1, 12, -1, -1, -1, 3], [-1, 12, -1, -1, 1, 4], [-1, 12, 2, -1, -1, -1], [-1, 10, -1, -1, -1, -1], [-1, 9, -1, -1, -1, 3], [-1, 9, -1, -1, 1, 0], [-1, 9, 2, -1, -1, -1], [-1, 7, 2, -1, -1, 2], [-1, 7, 2, 4, -1, -1], [2, -1, -1, -1, 1, 5], [2, -1, -1, -1, 1, 3], [2, -1, -1, -1, 1, 0], [2, -1, 2, -1, -1, 5], [2, 12, -1, -1, -1, -1], [2, 9, -1, -1, -1, 4], [2, 9, -1, -1, 1, -1], [2, 8, 2, -1, -1, 2], [2, 7, -1, 4, 1, -1], [2, 7, 2, -1, -1, -1], [1, -1, -1, -1, 1, 3], [1, -1, -1, 4, 1, 0], [1, -1, 2, -1, -1, 1], [1, 12, -1, -1, 1, 2], [1, 9, -1, -1, -1, 0], [1, 9, -1, -1, 1, 5], [1, 9, -1, -1, 1, 1], [1, 8, 2, -1, -1, 2]]
