overall FPR: 0.1434627776835679
execution time
10 2.3208389282226562
20 1.9705440998077393
30 1.7146868705749512
40 1.9228150844573975
50 1.5635161399841309
60 1.5782990455627441
70 1.582848072052002
80 1.3707361221313477
90 1.4288330078125
100 1.2531282901763916


number of calculations
10 12154.0
20 10647.0
30 9481.0
40 8736.0
50 8028.0
60 7519.0
70 6990.0
80 6618.0
90 6162.0
100 5840.0


number of patterns found
10 63 
 [[-1, -1, -1, -1, -1, 3], [-1, -1, -1, -1, 1, 0], [-1, -1, -1, 1, -1, 0], [-1, -1, -1, 1, 1, 1], [-1, -1, 2, -1, -1, 5], [-1, -1, 2, -1, -1, 1], [-1, -1, 2, -1, -1, 0], [-1, -1, 2, 2, -1, 4], [-1, -1, 2, 1, -1, -1], [-1, -1, 2, 0, -1, 4], [-1, -1, 1, -1, -1, -1], [-1, 15, 2, -1, -1, -1], [-1, 14, -1, -1, -1, -1], [-1, 12, -1, -1, -1, 4], [-1, 12, -1, -1, 1, -1], [-1, 12, -1, 1, -1, -1], [-1, 12, 3, -1, -1, -1], [-1, 12, 2, -1, -1, -1], [-1, 12, 0, 2, -1, -1], [-1, 10, -1, -1, -1, -1], [-1, 9, -1, -1, -1, 0], [-1, 9, -1, -1, 1, 5], [-1, 9, -1, 4, 1, 4], [-1, 9, -1, 2, 1, 1], [-1, 9, 6, -1, 1, -1], [-1, 9, 2, -1, -1, -1], [-1, 8, -1, 4, 1, 1], [-1, 8, 2, -1, -1, -1], [-1, 7, -1, -1, 0, 0], [-1, 7, -1, 4, -1, 0], [-1, 7, -1, 4, 0, 1], [-1, 7, 2, -1, -1, -1], [2, -1, -1, -1, 1, 5], [2, -1, -1, 4, -1, 0], [2, -1, -1, 1, -1, 1], [2, -1, -1, 1, 1, -1], [2, -1, 4, -1, -1, 5], [2, -1, 2, 4, 1, 2], [2, 15, -1, -1, -1, 0], [2, 15, -1, -1, 1, -1], [2, 12, -1, -1, -1, -1], [2, 9, -1, -1, -1, -1], [2, 8, -1, -1, 1, -1], [2, 7, -1, -1, 1, -1], [2, 7, -1, 4, -1, 2], [1, -1, -1, 4, -1, 0], [1, -1, 6, -1, 1, -1], [1, -1, 2, 4, -1, -1], [1, 15, -1, -1, 1, 1], [1, 15, -1, 0, 1, -1], [1, 12, -1, -1, -1, 2], [1, 11, 2, -1, 0, 4], [1, 9, -1, -1, 1, -1], [1, 9, -1, 2, -1, 1], [1, 8, -1, -1, 1, 1], [1, 8, -1, 4, 1, 5], [1, 8, -1, 1, -1, 2], [1, 8, -1, 1, 1, -1], [1, 7, -1, -1, -1, 0], [1, 5, 2, -1, -1, 4], [1, 4, -1, -1, 1, 4], [1, 4, 2, -1, -1, 4], [0, -1, 2, -1, 0, 4]]
20 45 
 [[-1, -1, -1, -1, -1, 3], [-1, -1, -1, -1, 1, 0], [-1, -1, -1, 1, -1, 0], [-1, -1, -1, 1, 1, 1], [-1, -1, 2, -1, -1, 5], [-1, -1, 2, -1, -1, 1], [-1, -1, 2, -1, -1, 0], [-1, -1, 2, 2, -1, 4], [-1, -1, 2, 1, -1, -1], [-1, 15, 2, -1, -1, -1], [-1, 14, -1, -1, -1, -1], [-1, 12, -1, -1, -1, 4], [-1, 12, -1, -1, 1, -1], [-1, 12, -1, 1, -1, -1], [-1, 12, 2, -1, -1, -1], [-1, 10, -1, -1, -1, -1], [-1, 9, -1, -1, -1, 0], [-1, 9, -1, -1, 1, 5], [-1, 9, -1, 4, 1, 4], [-1, 9, 2, -1, -1, -1], [-1, 8, -1, 4, 1, 1], [-1, 8, 2, -1, -1, -1], [-1, 7, -1, 4, -1, 0], [-1, 7, 2, -1, -1, -1], [2, -1, -1, -1, 1, 5], [2, -1, -1, 4, -1, 0], [2, -1, -1, 1, 1, -1], [2, -1, 2, 4, 1, 2], [2, 15, -1, -1, -1, 0], [2, 15, -1, -1, 1, -1], [2, 12, -1, -1, -1, -1], [2, 9, -1, -1, -1, -1], [2, 8, -1, -1, 1, -1], [2, 7, -1, -1, 1, -1], [2, 7, -1, 4, -1, 2], [1, -1, -1, 4, -1, 0], [1, -1, 6, -1, 1, -1], [1, -1, 2, 4, -1, -1], [1, 15, -1, -1, 1, 1], [1, 15, -1, 0, 1, -1], [1, 12, -1, -1, -1, 2], [1, 9, -1, -1, 1, -1], [1, 9, -1, 2, -1, 1], [1, 8, -1, -1, 1, 1], [1, 7, -1, -1, -1, 0]]
30 37 
 [[-1, -1, -1, -1, -1, 3], [-1, -1, -1, -1, 1, 0], [-1, -1, 2, -1, -1, 5], [-1, -1, 2, -1, -1, 1], [-1, -1, 2, -1, -1, 0], [-1, -1, 2, 1, -1, -1], [-1, 15, 2, -1, -1, -1], [-1, 14, -1, -1, -1, -1], [-1, 12, -1, -1, -1, 4], [-1, 12, -1, -1, 1, -1], [-1, 12, -1, 1, -1, -1], [-1, 12, 2, -1, -1, -1], [-1, 10, -1, -1, -1, -1], [-1, 9, -1, -1, -1, 0], [-1, 9, -1, -1, 1, 5], [-1, 9, -1, 4, 1, 4], [-1, 9, 2, -1, -1, -1], [-1, 8, -1, 4, 1, 1], [-1, 8, 2, -1, -1, -1], [-1, 7, 2, -1, -1, -1], [2, -1, -1, -1, 1, 5], [2, -1, -1, 4, -1, 0], [2, -1, -1, 1, 1, -1], [2, -1, 2, 4, 1, 2], [2, 15, -1, -1, -1, 0], [2, 15, -1, -1, 1, -1], [2, 12, -1, -1, -1, -1], [2, 9, -1, -1, -1, -1], [2, 8, -1, -1, 1, -1], [2, 7, -1, -1, 1, -1], [2, 7, -1, 4, -1, 2], [1, -1, -1, 4, -1, 0], [1, -1, 2, 4, -1, -1], [1, 15, -1, -1, 1, 1], [1, 12, -1, -1, -1, 2], [1, 9, -1, -1, 1, -1], [1, 8, -1, -1, 1, 1]]
40 36 
 [[-1, -1, -1, -1, -1, 3], [-1, -1, -1, -1, 1, 0], [-1, -1, 2, -1, -1, 5], [-1, -1, 2, -1, -1, 1], [-1, -1, 2, -1, -1, 0], [-1, -1, 2, 1, -1, -1], [-1, 15, 2, -1, -1, -1], [-1, 14, -1, -1, -1, -1], [-1, 12, -1, -1, -1, 4], [-1, 12, -1, -1, 1, -1], [-1, 12, -1, 1, -1, -1], [-1, 12, 2, -1, -1, -1], [-1, 10, -1, -1, -1, -1], [-1, 9, -1, -1, -1, 0], [-1, 9, -1, -1, 1, 5], [-1, 9, -1, 4, 1, 4], [-1, 9, 2, -1, -1, -1], [-1, 8, -1, 4, 1, 1], [-1, 8, 2, -1, -1, -1], [-1, 7, 2, -1, -1, -1], [2, -1, -1, -1, 1, 5], [2, -1, -1, 4, -1, 0], [2, -1, -1, 1, 1, -1], [2, -1, 2, 4, 1, 2], [2, 15, -1, -1, -1, 0], [2, 15, -1, -1, 1, -1], [2, 12, -1, -1, -1, -1], [2, 9, -1, -1, -1, -1], [2, 8, -1, -1, 1, -1], [2, 7, -1, -1, 1, -1], [2, 7, -1, 4, -1, 2], [1, -1, -1, 4, -1, 0], [1, -1, 2, 4, -1, -1], [1, 15, -1, -1, 1, 1], [1, 12, -1, -1, -1, 2], [1, 9, -1, -1, 1, -1]]
50 35 
 [[-1, -1, -1, -1, -1, 3], [-1, -1, -1, -1, 1, 0], [-1, -1, 2, -1, -1, 5], [-1, -1, 2, -1, -1, 1], [-1, -1, 2, -1, -1, 0], [-1, -1, 2, 1, -1, -1], [-1, 15, 2, -1, -1, -1], [-1, 14, -1, -1, -1, -1], [-1, 12, -1, -1, -1, 4], [-1, 12, -1, -1, 1, -1], [-1, 12, -1, 1, -1, -1], [-1, 12, 2, -1, -1, -1], [-1, 10, -1, -1, -1, -1], [-1, 9, -1, -1, -1, 0], [-1, 9, -1, -1, 1, 5], [-1, 9, -1, 4, 1, 4], [-1, 9, 2, -1, -1, -1], [-1, 8, 2, -1, -1, -1], [-1, 7, 2, -1, -1, -1], [2, -1, -1, -1, 1, 5], [2, -1, -1, 4, -1, 0], [2, -1, -1, 1, 1, -1], [2, -1, 2, 4, 1, 2], [2, 15, -1, -1, -1, 0], [2, 15, -1, -1, 1, -1], [2, 12, -1, -1, -1, -1], [2, 9, -1, -1, -1, -1], [2, 8, -1, -1, 1, -1], [2, 7, -1, -1, 1, -1], [2, 7, -1, 4, -1, 2], [1, -1, -1, 4, -1, 0], [1, -1, 2, 4, -1, -1], [1, 15, -1, -1, 1, 1], [1, 12, -1, -1, -1, 2], [1, 9, -1, -1, 1, -1]]
60 33 
 [[-1, -1, -1, -1, -1, 3], [-1, -1, -1, -1, 1, 0], [-1, -1, 2, -1, -1, 5], [-1, -1, 2, -1, -1, 1], [-1, -1, 2, -1, -1, 0], [-1, -1, 2, 1, -1, -1], [-1, 15, 2, -1, -1, -1], [-1, 14, -1, -1, -1, -1], [-1, 12, -1, -1, -1, 4], [-1, 12, -1, -1, 1, -1], [-1, 12, -1, 1, -1, -1], [-1, 12, 2, -1, -1, -1], [-1, 10, -1, -1, -1, -1], [-1, 9, -1, -1, -1, 0], [-1, 9, -1, -1, 1, 5], [-1, 9, -1, 4, 1, 4], [-1, 9, 2, -1, -1, -1], [-1, 8, 2, -1, -1, -1], [-1, 7, 2, -1, -1, -1], [2, -1, -1, -1, 1, 5], [2, -1, -1, 4, -1, 0], [2, -1, -1, 1, 1, -1], [2, -1, 2, 4, 1, 2], [2, 15, -1, -1, 1, -1], [2, 12, -1, -1, -1, -1], [2, 9, -1, -1, -1, -1], [2, 8, -1, -1, 1, -1], [2, 7, -1, -1, 1, -1], [1, -1, -1, 4, -1, 0], [1, -1, 2, 4, -1, -1], [1, 15, -1, -1, 1, 1], [1, 12, -1, -1, -1, 2], [1, 9, -1, -1, 1, -1]]
70 31 
 [[-1, -1, -1, -1, -1, 3], [-1, -1, -1, -1, 1, 0], [-1, -1, 2, -1, -1, 5], [-1, -1, 2, -1, -1, 1], [-1, -1, 2, -1, -1, 0], [-1, -1, 2, 1, -1, -1], [-1, 15, 2, -1, -1, -1], [-1, 14, -1, -1, -1, -1], [-1, 12, -1, -1, -1, 4], [-1, 12, -1, -1, 1, -1], [-1, 12, 2, -1, -1, -1], [-1, 10, -1, -1, -1, -1], [-1, 9, -1, -1, -1, 0], [-1, 9, -1, -1, 1, 5], [-1, 9, -1, 4, 1, 4], [-1, 9, 2, -1, -1, -1], [-1, 8, 2, -1, -1, -1], [-1, 7, 2, -1, -1, -1], [2, -1, -1, -1, 1, 5], [2, -1, -1, 4, -1, 0], [2, -1, -1, 1, 1, -1], [2, -1, 2, 4, 1, 2], [2, 15, -1, -1, 1, -1], [2, 12, -1, -1, -1, -1], [2, 9, -1, -1, -1, -1], [2, 8, -1, -1, 1, -1], [1, -1, -1, 4, -1, 0], [1, -1, 2, 4, -1, -1], [1, 15, -1, -1, 1, 1], [1, 12, -1, -1, -1, 2], [1, 9, -1, -1, 1, -1]]
80 30 
 [[-1, -1, -1, -1, -1, 3], [-1, -1, -1, -1, 1, 0], [-1, -1, 2, -1, -1, 5], [-1, -1, 2, -1, -1, 1], [-1, -1, 2, -1, -1, 0], [-1, -1, 2, 1, -1, -1], [-1, 15, 2, -1, -1, -1], [-1, 14, -1, -1, -1, -1], [-1, 12, -1, -1, -1, 4], [-1, 12, -1, -1, 1, -1], [-1, 12, 2, -1, -1, -1], [-1, 10, -1, -1, -1, -1], [-1, 9, -1, -1, -1, 0], [-1, 9, -1, -1, 1, 5], [-1, 9, -1, 4, 1, 4], [-1, 9, 2, -1, -1, -1], [-1, 8, 2, -1, -1, -1], [-1, 7, 2, -1, -1, -1], [2, -1, -1, -1, 1, 5], [2, -1, -1, 4, -1, 0], [2, -1, 2, 4, 1, 2], [2, 15, -1, -1, 1, -1], [2, 12, -1, -1, -1, -1], [2, 9, -1, -1, -1, -1], [2, 8, -1, -1, 1, -1], [1, -1, -1, 4, -1, 0], [1, -1, 2, 4, -1, -1], [1, 15, -1, -1, 1, 1], [1, 12, -1, -1, -1, 2], [1, 9, -1, -1, 1, -1]]
90 30 
 [[-1, -1, -1, -1, -1, 3], [-1, -1, -1, -1, 1, 0], [-1, -1, 2, -1, -1, 5], [-1, -1, 2, -1, -1, 1], [-1, -1, 2, -1, -1, 0], [-1, -1, 2, 1, -1, -1], [-1, 15, 2, -1, -1, -1], [-1, 14, -1, -1, -1, -1], [-1, 12, -1, -1, -1, 4], [-1, 12, -1, -1, 1, -1], [-1, 12, 2, -1, -1, -1], [-1, 10, -1, -1, -1, -1], [-1, 9, -1, -1, -1, 0], [-1, 9, -1, -1, 1, 5], [-1, 9, -1, 4, 1, 4], [-1, 9, 2, -1, -1, -1], [-1, 8, 2, -1, -1, -1], [-1, 7, 2, -1, -1, -1], [2, -1, -1, -1, 1, 5], [2, -1, -1, 4, -1, 0], [2, -1, 2, 4, 1, 2], [2, 15, -1, -1, 1, -1], [2, 12, -1, -1, -1, -1], [2, 9, -1, -1, -1, -1], [2, 8, -1, -1, 1, -1], [1, -1, -1, 4, -1, 0], [1, -1, 2, 4, -1, -1], [1, 15, -1, -1, 1, 1], [1, 12, -1, -1, -1, 2], [1, 9, -1, -1, 1, -1]]
100 28 
 [[-1, -1, -1, -1, -1, 3], [-1, -1, -1, -1, 1, 0], [-1, -1, 2, -1, -1, 5], [-1, -1, 2, -1, -1, 1], [-1, -1, 2, -1, -1, 0], [-1, -1, 2, 1, -1, -1], [-1, 15, 2, -1, -1, -1], [-1, 14, -1, -1, -1, -1], [-1, 12, -1, -1, 1, -1], [-1, 12, 2, -1, -1, -1], [-1, 10, -1, -1, -1, -1], [-1, 9, -1, -1, -1, 0], [-1, 9, -1, -1, 1, 5], [-1, 9, -1, 4, 1, 4], [-1, 9, 2, -1, -1, -1], [-1, 8, 2, -1, -1, -1], [-1, 7, 2, -1, -1, -1], [2, -1, -1, -1, 1, 5], [2, -1, -1, 4, -1, 0], [2, -1, 2, 4, 1, 2], [2, 15, -1, -1, 1, -1], [2, 12, -1, -1, -1, -1], [2, 9, -1, -1, -1, -1], [1, -1, -1, 4, -1, 0], [1, -1, 2, 4, -1, -1], [1, 15, -1, -1, 1, 1], [1, 12, -1, -1, -1, 2], [1, 9, -1, -1, 1, -1]]
