execution time
3 0.04816913604736328 0.07384395599365234
4 0.07438468933105469 0.25029587745666504
5 0.10620307922363281 0.410938024520874
6 0.1924269199371338 0.961622953414917
7 0.4419739246368408 1.6365351676940918
8 0.5188779830932617 2.583061933517456
9 0.7780768871307373 3.939535140991211
10 1.0188190937042236 4.852882146835327
11 1.7582499980926514 8.316441059112549
12 2.548053026199341 12.788854837417603
13 4.302978992462158 19.974637031555176
14 5.813131809234619 25.23198676109314
15 10.998071908950806 35.56609892845154
16 18.73763918876648 62.82450485229492
17 25.318413972854614 86.53792786598206
18 39.86399698257446 111.74550914764404
19 48.26494479179382 153.44670581817627
20 83.01822781562805 193.58548784255981


number of patterns checked
3 739.0 2130.0
4 3011.0 8510.0
5 4295.0 11957.0
6 7709.0 20857.0
7 13423.0 35867.0
8 19058.0 50127.0
9 26913.0 69107.0
10 36348.0 91406.0
11 59583.0 145794.0
12 91250.0 217530.0
13 123710.0 286581.0
14 169100.0 379329.0
15 244463.0 529845.0
16 401030.0 831093.0
17 595561.0 1194693.0
18 733978.0 1448451.0
19 962001.0 1861877.0
20 1288558.0 2438835.0


number of patterns found
3 40 
4 40 
5 40 
6 40 
7 40 
8 40 
9 40 
10 40 
11 40 
12 40 
13 40 
14 40 
15 40 
16 40 
17 40 
18 40 
19 40 
20 40 
