execution time
3 0.05452704429626465 0.05625486373901367
4 0.08704400062561035 0.14966702461242676
5 0.14187002182006836 0.27361416816711426
6 0.2626149654388428 0.6136462688446045
7 0.5199270248413086 1.4062557220458984
8 0.7887969017028809 2.2791528701782227
9 1.1312189102172852 3.248300075531006
10 1.6009328365325928 4.278500080108643
11 2.7779369354248047 7.469962120056152
12 4.1243860721588135 11.467550277709961
13 6.070203065872192 15.944741010665894
14 8.567103862762451 21.243041038513184
15 11.682899951934814 30.116101026535034
16 23.361364126205444 56.337278842926025
17 37.76963210105896 81.53171873092651
18 47.89153814315796 106.2598249912262
19 69.9321551322937 134.73026204109192
20 97.99972891807556 179.59290409088135


number of patterns checked
3 260.0 2130.0
4 537.0 7930.0
5 836.0 11377.0
6 1341.0 20277.0
7 2171.0 35287.0
8 3189.0 49547.0
9 4475.0 68527.0
10 6321.0 90826.0
11 9999.0 145214.0
12 15309.0 216950.0
13 21304.0 286001.0
14 29187.0 378749.0
15 41788.0 529265.0
16 61561.0 830513.0
17 84682.0 1194113.0
18 111485.0 1447871.0
19 152803.0 1861297.0
20 208884.0 2438255.0


number of patterns found
3 40 
4 40 
5 40 
6 40 
7 40 
8 40 
9 40 
10 40 
11 40 
12 40 
13 40 
14 40 
15 40 
16 40 
17 40 
18 40 
19 40 
20 40 
