overall FPR: 0.1735446414561431
execution time
3 0.13338375091552734 0.13527274131774902
4 0.18129396438598633 0.18654894828796387
5 0.22847890853881836 0.27745699882507324
6 0.5668728351593018 1.7256109714508057
7 1.8455300331115723 28.007220029830933
8 0.13338375091552734
9 0.18129396438598633
10 0.22847890853881836
11 0.5668728351593018
12 1.8455300331115723
13 7.74385404586792
14 27.13614296913147
15 59.92737793922424


number of patterns checked
3 97.0 143.0
4 305.0 719.0
5 764.0 2879.0
6 5483.0 34559.0
7 21290.0 414719.0
8 97.0
9 305.0
10 764.0
11 5483.0
12 21290.0
13 59317.0
14 139257.0
15 313007.0


number of patterns found
3 9 
 [[-1, -1, -1, -1, -1, 5], [-1, -1, -1, -1, -1, 4], [-1, -1, -1, 1, 1, 3], [-1, -1, 3, -1, -1, 3], [-1, -1, 2, -1, 1, 3], [-1, 1, -1, -1, 1, 3], [-1, 1, 2, -1, -1, 3], [0, -1, -1, 1, -1, 3], [0, 1, -1, -1, -1, 3]]
4 12 
 [[-1, -1, -1, -1, -1, -1, 6], [-1, -1, -1, -1, -1, -1, 5], [-1, -1, -1, -1, -1, -1, 4], [-1, -1, -1, -1, -1, 5, -1], [-1, -1, -1, -1, -1, 4, -1], [-1, -1, -1, 1, 1, 3, -1], [-1, -1, 3, -1, -1, 3, -1], [-1, -1, 2, -1, 1, 3, -1], [-1, 1, -1, -1, 1, 3, -1], [-1, 1, 2, -1, -1, 3, -1], [0, -1, -1, 1, -1, 3, -1], [0, 1, -1, -1, -1, 3, -1]]
5 18 
 [[-1, -1, -1, -1, -1, -1, -1, 5], [-1, -1, -1, -1, -1, -1, -1, 4], [-1, -1, -1, -1, -1, -1, 6, -1], [-1, -1, -1, -1, -1, -1, 5, -1], [-1, -1, -1, -1, -1, -1, 4, -1], [-1, -1, -1, -1, -1, 5, -1, -1], [-1, -1, -1, -1, -1, 4, -1, -1], [-1, -1, -1, -1, 1, 3, -1, 2], [-1, -1, -1, 1, 1, 3, -1, -1], [-1, -1, 3, -1, -1, 3, -1, -1], [-1, -1, 2, -1, 1, 3, -1, -1], [-1, -1, 2, 1, -1, 3, -1, 0], [-1, 1, -1, -1, -1, 3, -1, 2], [-1, 1, -1, -1, 1, 3, -1, -1], [-1, 1, 2, -1, -1, 3, -1, -1], [1, 1, -1, 1, -1, 3, -1, 0], [0, -1, -1, 1, -1, 3, -1, -1], [0, 1, -1, -1, -1, 3, -1, -1]]
6 24 
 [[-1, -1, -1, -1, -1, -1, -1, -1, 5], [-1, -1, -1, -1, -1, -1, -1, -1, 4], [-1, -1, -1, -1, -1, -1, -1, 5, -1], [-1, -1, -1, -1, -1, -1, -1, 4, -1], [-1, -1, -1, -1, -1, -1, 6, -1, -1], [-1, -1, -1, -1, -1, -1, 5, -1, -1], [-1, -1, -1, -1, -1, -1, 4, -1, -1], [-1, -1, -1, -1, -1, 5, -1, -1, -1], [-1, -1, -1, -1, -1, 4, -1, -1, -1], [-1, -1, -1, -1, 1, 3, -1, 2, -1], [-1, -1, -1, 1, 1, 3, -1, -1, -1], [-1, -1, 3, -1, -1, 3, -1, -1, -1], [-1, -1, 2, -1, 1, 3, -1, -1, -1], [-1, -1, 2, 1, -1, 3, -1, -1, 0], [-1, -1, 2, 1, -1, 3, -1, 0, -1], [-1, 1, -1, -1, -1, 3, -1, -1, 2], [-1, 1, -1, -1, -1, 3, -1, 2, -1], [-1, 1, -1, -1, 1, 3, -1, -1, -1], [-1, 1, 2, -1, -1, 3, -1, -1, -1], [1, 1, -1, -1, -1, 3, -1, -1, 0], [1, 1, -1, 1, -1, 3, -1, 0, -1], [0, -1, -1, 1, -1, 3, -1, -1, -1], [0, 2, 2, -1, -1, 3, -1, -1, 0], [0, 1, -1, -1, -1, 3, -1, -1, -1]]
7 37 
 [[-1, -1, -1, -1, -1, -1, -1, -1, -1, 5], [-1, -1, -1, -1, -1, -1, -1, -1, -1, 4], [-1, -1, -1, -1, -1, -1, -1, -1, 5, -1], [-1, -1, -1, -1, -1, -1, -1, -1, 4, -1], [-1, -1, -1, -1, -1, -1, -1, 5, -1, -1], [-1, -1, -1, -1, -1, -1, -1, 4, -1, -1], [-1, -1, -1, -1, -1, -1, 6, -1, -1, -1], [-1, -1, -1, -1, -1, -1, 5, -1, -1, -1], [-1, -1, -1, -1, -1, -1, 4, -1, -1, -1], [-1, -1, -1, -1, -1, 5, -1, -1, -1, -1], [-1, -1, -1, -1, -1, 4, -1, -1, -1, -1], [-1, -1, -1, -1, 1, 3, -1, 2, -1, -1], [-1, -1, -1, 1, 1, 3, -1, -1, -1, -1], [-1, -1, 3, -1, -1, 3, -1, -1, -1, -1], [-1, -1, 2, -1, -1, 3, -1, -1, 0, 0], [-1, -1, 2, -1, -1, 3, 0, 0, -1, 0], [-1, -1, 2, -1, 1, 3, -1, -1, -1, -1], [-1, -1, 2, 1, -1, 3, -1, -1, -1, 0], [-1, -1, 2, 1, -1, 3, -1, -1, 0, -1], [-1, -1, 2, 1, -1, 3, -1, 0, -1, -1], [-1, 1, -1, -1, -1, 3, -1, -1, -1, 2], [-1, 1, -1, -1, -1, 3, -1, -1, 2, -1], [-1, 1, -1, -1, -1, 3, -1, 2, -1, -1], [-1, 1, -1, -1, 1, 3, -1, -1, -1, -1], [-1, 1, -1, 1, -1, 3, -1, 0, -1, 0], [-1, 1, -1, 1, -1, 3, 0, -1, -1, 0], [-1, 1, 2, -1, -1, 3, -1, -1, -1, -1], [1, -1, -1, -1, 1, 3, -1, -1, -1, 0], [1, -1, 2, -1, -1, 3, -1, -1, -1, 0], [1, 1, -1, -1, -1, 3, -1, -1, -1, 0], [1, 1, -1, -1, -1, 3, -1, -1, 0, -1], [1, 1, -1, 1, -1, 3, -1, 0, -1, -1], [0, -1, -1, 1, -1, 3, -1, -1, -1, -1], [0, -1, 1, 2, 0, 3, -1, -1, -1, 2], [0, 2, 2, -1, -1, 3, -1, -1, -1, 0], [0, 2, 2, -1, -1, 3, -1, -1, 0, -1], [0, 1, -1, -1, -1, 3, -1, -1, -1, -1]]
