execution time
0.05 1.4118831157684326
0.1 1.5203940868377686
0.15 1.5931997299194336
0.2 1.6100201606750488
0.25 1.6604039669036865
0.3 1.7227041721343994


number of calculations
0.05 16890.0
0.1 19513.0
0.15 20608.0
0.2 21290.0
0.25 21939.0
0.3 22071.0


number of patterns found
0.05 30 
 [[-1, -1, -1, -1, -1, -1, 6], [-1, -1, -1, -1, -1, -1, 5], [-1, -1, -1, -1, -1, -1, 4], [-1, -1, -1, -1, -1, 5, -1], [-1, -1, -1, -1, -1, 4, -1], [-1, -1, -1, -1, -1, 3, -1], [-1, -1, -1, -1, 2, -1, -1], [-1, -1, -1, 3, 0, -1, -1], [-1, -1, 3, 2, -1, -1, 0], [-1, -1, 3, 2, 1, -1, 1], [-1, -1, 2, 3, -1, -1, -1], [-1, 1, -1, 3, -1, -1, -1], [-1, 1, 3, 2, -1, -1, -1], [-1, 1, 2, -1, 1, -1, -1], [-1, 1, 1, 2, 1, -1, -1], [2, -1, -1, 2, 0, 0, -1], [2, 1, 1, -1, -1, -1, 0], [1, -1, 3, -1, -1, -1, 0], [1, -1, 2, 1, 1, -1, 0], [1, 2, 3, 1, 0, -1, -1], [1, 1, -1, -1, 1, -1, 1], [1, 1, 2, -1, -1, -1, 0], [1, 1, 1, -1, 1, 1, -1], [0, -1, -1, 1, -1, 1, -1], [0, -1, 3, 1, 0, -1, -1], [0, -1, 2, 1, 1, -1, -1], [0, -1, 1, 1, -1, -1, -1], [0, 2, 2, -1, -1, 1, -1], [0, 2, 2, -1, 1, -1, 0], [0, 1, -1, -1, -1, -1, -1]]
0.1 13 
 [[-1, -1, -1, -1, -1, -1, 6], [-1, -1, -1, -1, -1, -1, 5], [-1, -1, -1, -1, -1, -1, 4], [-1, -1, -1, -1, -1, 5, -1], [-1, -1, -1, -1, -1, 4, -1], [-1, -1, -1, -1, -1, 3, -1], [-1, -1, -1, -1, 2, -1, -1], [1, 2, 3, -1, -1, -1, 0], [1, 1, 2, 1, -1, -1, 0], [0, -1, 2, 3, -1, -1, -1], [0, 1, -1, 1, 0, 1, -1], [0, 1, 3, 2, -1, -1, -1], [0, 1, 2, 1, 1, -1, -1]]
0.15 6 
 [[-1, -1, -1, -1, -1, -1, 6], [-1, -1, -1, -1, -1, -1, 5], [-1, -1, -1, -1, -1, -1, 4], [-1, -1, -1, -1, -1, 5, -1], [-1, -1, -1, -1, -1, 4, -1], [-1, -1, -1, -1, -1, 3, -1]]
0.2 12 
 [[-1, -1, -1, -1, -1, -1, 6], [-1, -1, -1, -1, -1, -1, 5], [-1, -1, -1, -1, -1, -1, 4], [-1, -1, -1, -1, -1, 5, -1], [-1, -1, -1, -1, -1, 4, -1], [-1, -1, -1, 1, 1, 3, -1], [-1, -1, 3, -1, -1, 3, -1], [-1, -1, 2, -1, 1, 3, -1], [-1, 1, -1, -1, 1, 3, -1], [-1, 1, 2, -1, -1, 3, -1], [0, -1, -1, 1, -1, 3, -1], [0, 1, -1, -1, -1, 3, -1]]
0.25 10 
 [[-1, -1, -1, -1, -1, -1, 6], [-1, -1, -1, -1, -1, -1, 5], [-1, -1, -1, -1, -1, -1, 4], [-1, -1, -1, -1, -1, 5, -1], [-1, -1, -1, -1, -1, 4, -1], [-1, 1, -1, 1, 1, 3, -1], [-1, 1, 2, -1, 1, 3, -1], [1, -1, 2, -1, 1, 3, -1], [0, 2, 2, 1, 1, 3, -1], [0, 1, 2, 1, 0, 3, -1]]
0.3 12 
 [[-1, -1, -1, -1, -1, -1, 6], [-1, -1, -1, -1, -1, -1, 5], [-1, -1, -1, -1, -1, 5, -1], [-1, -1, -1, -1, -1, 4, -1], [-1, -1, -1, -1, 1, -1, 4], [-1, -1, 3, 1, -1, -1, 4], [-1, -1, 2, 2, -1, -1, 4], [-1, 1, 3, -1, 0, -1, 4], [-1, 1, 2, -1, -1, -1, 4], [-1, 1, 1, 1, -1, -1, 4], [-1, 1, 1, 1, 1, 3, -1], [0, -1, -1, -1, -1, -1, 4]]
