execution time
10 2.3554701805114746
20 2.0062599182128906
30 1.8232510089874268
40 1.6313199996948242
50 1.518190860748291
60 1.4777228832244873
70 1.3902320861816406
80 1.359086036682129
90 1.345404863357544
100 1.298844337463379


number of calculations
10 32649.0
20 27727.0
30 25049.0
40 22943.0
50 21290.0
60 20054.0
70 19124.0
80 18104.0
90 17541.0
100 16878.0


number of patterns found
10 45 
 [[-1, -1, -1, -1, -1, -1, 9], [-1, -1, -1, -1, -1, -1, 7], [-1, -1, -1, -1, -1, -1, 6], [-1, -1, -1, -1, -1, -1, 5], [-1, -1, -1, -1, -1, -1, 4], [-1, -1, -1, -1, -1, 10, -1], [-1, -1, -1, -1, -1, 7, -1], [-1, -1, -1, -1, -1, 6, -1], [-1, -1, -1, -1, -1, 5, -1], [-1, -1, -1, -1, -1, 4, -1], [-1, -1, -1, -1, 2, -1, 1], [-1, -1, -1, -1, 2, -1, 0], [-1, -1, -1, -1, 2, 3, -1], [-1, -1, -1, 3, -1, 3, -1], [-1, -1, -1, 1, 2, 1, -1], [-1, -1, -1, 1, 1, 3, -1], [-1, -1, 6, 1, 1, -1, -1], [-1, -1, 3, -1, -1, 3, -1], [-1, -1, 2, -1, 2, -1, -1], [-1, -1, 2, -1, 1, 3, -1], [-1, -1, 1, -1, 1, 3, 1], [-1, 2, -1, 2, 2, -1, -1], [-1, 2, 1, 1, 2, -1, -1], [-1, 1, -1, -1, 1, 3, -1], [-1, 1, 2, -1, -1, 3, -1], [-1, 1, 1, 3, 1, -1, -1], [2, -1, -1, 1, -1, 3, 0], [2, -1, 3, 1, 1, -1, 1], [2, 2, -1, 1, -1, 3, -1], [1, -1, -1, -1, 2, 1, -1], [1, -1, -1, -1, 1, 3, 1], [1, -1, -1, 2, 1, 3, -1], [1, 2, -1, 1, 0, 2, 1], [1, 2, 3, 2, -1, -1, 0], [1, 1, -1, -1, -1, 3, 1], [1, 1, 1, 2, 1, -1, 1], [1, 1, 1, 2, 1, 1, -1], [0, -1, -1, 2, 2, -1, -1], [0, -1, -1, 1, -1, 3, -1], [0, -1, 6, 1, -1, -1, -1], [0, 2, 2, 2, 0, 3, 1], [0, 1, -1, -1, -1, 3, -1], [0, 1, -1, -1, -1, 0, 1], [0, 1, 3, -1, -1, 2, 1], [0, 1, 1, 1, -1, -1, 0]]
20 26 
 [[-1, -1, -1, -1, -1, -1, 6], [-1, -1, -1, -1, -1, -1, 5], [-1, -1, -1, -1, -1, -1, 4], [-1, -1, -1, -1, -1, 6, -1], [-1, -1, -1, -1, -1, 5, -1], [-1, -1, -1, -1, -1, 4, -1], [-1, -1, -1, -1, 2, -1, 1], [-1, -1, -1, -1, 2, -1, 0], [-1, -1, -1, -1, 2, 3, -1], [-1, -1, -1, 3, -1, 3, -1], [-1, -1, -1, 1, 2, 1, -1], [-1, -1, -1, 1, 1, 3, -1], [-1, -1, 3, -1, -1, 3, -1], [-1, -1, 2, -1, 2, -1, -1], [-1, -1, 2, -1, 1, 3, -1], [-1, -1, 1, -1, 1, 3, 1], [-1, 1, -1, -1, 1, 3, -1], [-1, 1, 2, -1, -1, 3, -1], [1, -1, -1, -1, 1, 3, 1], [1, -1, -1, 2, 1, 3, -1], [1, 2, 3, 2, -1, -1, 0], [1, 1, -1, -1, -1, 3, 1], [0, -1, -1, 1, -1, 3, -1], [0, 2, 2, 2, 0, 3, 1], [0, 1, -1, -1, -1, 3, -1], [0, 1, 1, 1, -1, -1, 0]]
30 20 
 [[-1, -1, -1, -1, -1, -1, 6], [-1, -1, -1, -1, -1, -1, 5], [-1, -1, -1, -1, -1, -1, 4], [-1, -1, -1, -1, -1, 6, -1], [-1, -1, -1, -1, -1, 5, -1], [-1, -1, -1, -1, -1, 4, -1], [-1, -1, -1, -1, 2, -1, 1], [-1, -1, -1, 1, 1, 3, -1], [-1, -1, 3, -1, -1, 3, -1], [-1, -1, 2, -1, 2, -1, -1], [-1, -1, 2, -1, 1, 3, -1], [-1, -1, 1, -1, 1, 3, 1], [-1, 1, -1, -1, 1, 3, -1], [-1, 1, 2, -1, -1, 3, -1], [1, -1, -1, -1, 1, 3, 1], [1, -1, -1, 2, 1, 3, -1], [1, 1, -1, -1, -1, 3, 1], [0, -1, -1, 1, -1, 3, -1], [0, 1, -1, -1, -1, 3, -1], [0, 1, 1, 1, -1, -1, 0]]
40 14 
 [[-1, -1, -1, -1, -1, -1, 6], [-1, -1, -1, -1, -1, -1, 5], [-1, -1, -1, -1, -1, -1, 4], [-1, -1, -1, -1, -1, 5, -1], [-1, -1, -1, -1, -1, 4, -1], [-1, -1, -1, 1, 1, 3, -1], [-1, -1, 3, -1, -1, 3, -1], [-1, -1, 2, -1, 2, -1, -1], [-1, -1, 2, -1, 1, 3, -1], [-1, 1, -1, -1, 1, 3, -1], [-1, 1, 2, -1, -1, 3, -1], [1, -1, -1, -1, 1, 3, 1], [0, -1, -1, 1, -1, 3, -1], [0, 1, -1, -1, -1, 3, -1]]
50 12 
 [[-1, -1, -1, -1, -1, -1, 6], [-1, -1, -1, -1, -1, -1, 5], [-1, -1, -1, -1, -1, -1, 4], [-1, -1, -1, -1, -1, 5, -1], [-1, -1, -1, -1, -1, 4, -1], [-1, -1, -1, 1, 1, 3, -1], [-1, -1, 3, -1, -1, 3, -1], [-1, -1, 2, -1, 1, 3, -1], [-1, 1, -1, -1, 1, 3, -1], [-1, 1, 2, -1, -1, 3, -1], [0, -1, -1, 1, -1, 3, -1], [0, 1, -1, -1, -1, 3, -1]]
60 11 
 [[-1, -1, -1, -1, -1, -1, 5], [-1, -1, -1, -1, -1, -1, 4], [-1, -1, -1, -1, -1, 5, -1], [-1, -1, -1, -1, -1, 4, -1], [-1, -1, -1, 1, 1, 3, -1], [-1, -1, 3, -1, -1, 3, -1], [-1, -1, 2, -1, 1, 3, -1], [-1, 1, -1, -1, 1, 3, -1], [-1, 1, 2, -1, -1, 3, -1], [0, -1, -1, 1, -1, 3, -1], [0, 1, -1, -1, -1, 3, -1]]
70 11 
 [[-1, -1, -1, -1, -1, -1, 5], [-1, -1, -1, -1, -1, -1, 4], [-1, -1, -1, -1, -1, 5, -1], [-1, -1, -1, -1, -1, 4, -1], [-1, -1, -1, 1, 1, 3, -1], [-1, -1, 3, -1, -1, 3, -1], [-1, -1, 2, -1, 1, 3, -1], [-1, 1, -1, -1, 1, 3, -1], [-1, 1, 2, -1, -1, 3, -1], [0, -1, -1, 1, -1, 3, -1], [0, 1, -1, -1, -1, 3, -1]]
80 11 
 [[-1, -1, -1, -1, -1, -1, 5], [-1, -1, -1, -1, -1, -1, 4], [-1, -1, -1, -1, -1, 5, -1], [-1, -1, -1, -1, -1, 4, -1], [-1, -1, -1, 1, 1, 3, -1], [-1, -1, 3, -1, -1, 3, -1], [-1, -1, 2, -1, 1, 3, -1], [-1, 1, -1, -1, 1, 3, -1], [-1, 1, 2, -1, -1, 3, -1], [0, -1, -1, 1, -1, 3, -1], [0, 1, -1, -1, -1, 3, -1]]
90 11 
 [[-1, -1, -1, -1, -1, -1, 5], [-1, -1, -1, -1, -1, -1, 4], [-1, -1, -1, -1, -1, 5, -1], [-1, -1, -1, -1, -1, 4, -1], [-1, -1, -1, 1, 1, 3, -1], [-1, -1, 3, -1, -1, 3, -1], [-1, -1, 2, -1, 1, 3, -1], [-1, 1, -1, -1, 1, 3, -1], [-1, 1, 2, -1, -1, 3, -1], [0, -1, -1, 1, -1, 3, -1], [0, 1, -1, -1, -1, 3, -1]]
100 11 
 [[-1, -1, -1, -1, -1, -1, 5], [-1, -1, -1, -1, -1, -1, 4], [-1, -1, -1, -1, -1, 5, -1], [-1, -1, -1, -1, -1, 4, -1], [-1, -1, -1, 1, 1, 3, -1], [-1, -1, 3, -1, -1, 3, -1], [-1, -1, 2, -1, 1, 3, -1], [-1, 1, -1, -1, 1, 3, -1], [-1, 1, 2, -1, -1, 3, -1], [0, -1, -1, 1, -1, 3, -1], [0, 1, -1, -1, -1, 3, -1]]
