

number of patterns found lowerbound

num att = 3, for k=10 to 50
2 2 2 2 2 3 2 2 2 2 2 2 2 2 3 3 3 3 2 2 2 2 2 2 2 3 3 3 3 3 3 3 2 2 2 2 2 2 2 2 
num att = 4, for k=10 to 50
3 3 3 3 3 5 4 3 3 3 3 3 3 3 5 5 5 5 4 4 4 4 4 3 3 5 5 5 5 5 6 6 4 4 3 3 3 3 3 3 
num att = 5, for k=10 to 50
9 8 8 8 7 11 8 6 6 6 5 5 5 5 8 9 9 8 7 11 7 6 6 5 5 8 8 9 9 9 8 8 6 6 5 5 6 6 5 5 
num att = 6, for k=10 to 50
12 10 11 10 9 13 10 8 8 7 7 6 6 6 9 10 11 10 9 14 10 8 8 6 6 9 10 11 11 11 10 10 8 9 7 7 9 8 7 7 
num att = 7, for k=10 to 50
16 15 16 15 14 19 16 17 17 14 15 14 14 14 18 19 18 18 17 22 18 15 15 13 12 15 16 17 18 18 17 17 16 17 13 13 14 13 14 14 
num att = 8, for k=10 to 50
20 19 25 23 22 29 26 27 31 30 19 18 18 23 27 28 27 27 26 31 22 19 19 17 16 19 20 21 22 22 21 21 20 21 17 17 18 17 18 18 
num att = 9, for k=10 to 50
24 24 30 27 26 34 31 32 36 34 25 24 25 30 34 35 34 34 31 36 29 26 26 24 22 26 27 28 29 29 25 25 24 25 21 21 22 21 22 22 
num att = 10, for k=10 to 50
33 30 36 33 34 44 41 43 47 45 33 32 33 37 42 43 41 41 38 46 37 34 34 31 29 34 35 36 37 37 27 27 26 27 29 29 30 28 29 29 
num att = 11, for k=10 to 50
36 33 42 39 39 55 52 59 64 60 36 35 36 40 45 46 44 44 47 55 40 37 37 34 32 37 38 39 40 40 30 30 29 30 32 32 33 31 32 32 
num att = 12, for k=10 to 50
42 44 56 54 51 71 71 82 89 83 44 43 43 49 55 56 57 60 63 73 49 46 46 41 39 48 50 53 53 53 37 38 34 38 43 43 45 42 43 43 
num att = 13, for k=10 to 50
46 48 60 66 70 94 94 106 111 107 53 52 55 63 69 69 74 79 83 95 61 58 60 55 51 59 63 68 69 69 47 47 44 50 58 56 58 52 54 54 
num att = 14, for k=10 to 50
49 51 63 74 77 101 101 113 126 137 56 55 58 66 72 72 77 91 96 109 64 61 63 58 54 71 75 80 81 81 50 50 47 53 61 59 61 55 57 57 
num att = 15, for k=10 to 50
50 52 64 87 89 117 120 133 146 153 65 63 65 74 82 82 86 102 107 119 68 68 67 65 59 76 81 88 89 88 55 54 53 57 66 63 67 60 63 62 
num att = 16, for k=10 to 50
51 53 65 88 90 118 121 134 147 154 66 64 77 86 95 95 97 115 117 128 77 77 78 74 66 87 91 95 97 96 63 63 66 65 70 69 71 67 70 68 
num att = 17, for k=10 to 50
68 69 83 120 122 150 161 177 201 211 79 81 95 105 112 110 122 159 154 167 90 89 90 91 83 102 110 115 117 127 73 73 77 75 81 80 82 80 87 86 
num att = 18, for k=10 to 50
84 82 106 147 153 187 215 232 276 284 93 93 114 124 136 134 152 200 193 205 108 105 106 107 104 133 143 149 153 164 96 96 100 98 100 99 101 99 124 132 
num att = 19, for k=10 to 50
94 96 124 182 192 236 271 294 344 355 108 108 130 141 168 167 191 257 259 272 120 117 118 121 131 167 178 182 186 198 107 106 111 108 124 122 124 123 148 161 
num att = 20, for k=10 to 50
95 97 125 183 193 237 272 316 370 383 123 125 151 162 188 186 209 279 280 302 143 135 138 142 148 181 194 224 233 246 140 135 140 145 160 157 154 161 192 209 
num att = 21, for k=10 to 50
95 97 125 183 193 237 272 316 370 383 123 125 151 162 188 186 209 279 280 302 143 135 138 142 148 181 194 224 233 246 140 135 140 145 160 157 154 161 192 209 
num att = 22, for k=10 to 50
96 98 126 184 194 238 302 353 431 442 142 163 212 223 242 239 263 346 356 389 192 188 189 189 193 226 242 284 301 315 187 183 188 193 209 208 200 206 239 260 
num att = 23, for k=10 to 50
97 99 127 185 195 261 337 404 483 490 196 245 330 343 358 360 374 484 497 549 269 279 280 285 305 354 374 427 445 455 260 256 270 289 303 318 322 318 355 389 
num att = 24, for k=10 to 50
111 125 155 223 231 300 376 443 523 536 199 248 333 360 377 378 394 522 555 614 287 297 297 302 323 377 397 454 472 483 263 259 273 292 321 336 340 336 373 407 
num att = 25, for k=10 to 50
114 128 158 226 234 303 379 446 526 553 202 251 336 363 380 381 397 525 558 617 290 300 300 305 326 380 400 457 475 486 266 262 276 295 324 339 343 339 376 410 
num att = 26, for k=10 to 50
118 141 172 241 251 321 412 486 569 598 206 255 340 367 384 385 401 529 577 651 294 304 304 309 330 384 404 461 479 490 270 266 280 299 328 343 347 343 380 414 
num att = 27, for k=10 to 50
119 142 188 273 290 370 477 568 658 675 258 317 426 458 474 474 482 656 713 792 364 381 386 396 407 470 498 565 591 604 316 321 343 376 402 419 427 429 469 508 