

number of patterns found lowerbound

for k=0 to 10
96 98 126 184 194 238 302 353 431 442 142 163 212 223 242 239 263 346 356 389 192 188 189 189 193 226 242 284 301 315 187 183 188 193 209 208 200 206 239 260 
for k=1 to 10
96 98 126 184 194 238 302 353 431 442 142 163 212 223 242 239 263 346 356 389 192 188 189 189 193 226 242 284 301 315 187 183 188 193 209 208 200 206 239 260 190 186 182 182 217 235 220 232 239 252 173 162 168 183 183 175 188 183 208 233 142 164 170 175 175 200 201 253 260 288 172 185 178 196 231 234 232 251 256 275 201 200 205 210 226 224 219 229 263 264 
for k=2 to 10
96 98 126 184 194 238 302 353 431 442 142 163 212 223 242 239 263 346 356 389 192 188 189 189 193 226 242 284 301 315 187 183 188 193 209 208 200 206 239 260 190 186 182 182 217 235 220 232 239 252 173 162 168 183 183 175 188 183 208 233 142 164 170 175 175 200 201 253 260 288 172 185 178 196 231 234 232 251 256 275 201 200 205 210 226 224 219 229 263 264 181 192 186 200 207 221 252 251 261 258 200 204 209 205 232 229 228 250 250 262 186 197 208 217 220 238 237 256 277 278 198 198 200 201 205 200 224 234 247 251 196 196 209 243 252 242 244 239 244 240 
for k=3 to 10
96 98 126 184 194 238 302 353 431 442 142 163 212 223 242 239 263 346 356 389 192 188 189 189 193 226 242 284 301 315 187 183 188 193 209 208 200 206 239 260 190 186 182 182 217 235 220 232 239 252 173 162 168 183 183 175 188 183 208 233 142 164 170 175 175 200 201 253 260 288 172 185 178 196 231 234 232 251 256 275 201 200 205 210 226 224 219 229 263 264 181 192 186 200 207 221 252 251 261 258 200 204 209 205 232 229 228 250 250 262 186 197 208 217 220 238 237 256 277 278 198 198 200 201 205 200 224 234 247 251 196 196 209 243 252 242 244 239 244 240 205 218 231 237 243 235 234 238 236 240 205 209 211 210 233 229 239 239 240 242 215 224 226 230 228 221 241 240 243 251 224 222 227 235 237 239 241 241 255 259 220 223 220 219 217 212 220 237 246 267 
for k=4 to 10
96 98 126 184 194 238 302 353 431 442 142 163 212 223 242 239 263 346 356 389 192 188 189 189 193 226 242 284 301 315 187 183 188 193 209 208 200 206 239 260 190 186 182 182 217 235 220 232 239 252 173 162 168 183 183 175 188 183 208 233 142 164 170 175 175 200 201 253 260 288 172 185 178 196 231 234 232 251 256 275 201 200 205 210 226 224 219 229 263 264 181 192 186 200 207 221 252 251 261 258 200 204 209 205 232 229 228 250 250 262 186 197 208 217 220 238 237 256 277 278 198 198 200 201 205 200 224 234 247 251 196 196 209 243 252 242 244 239 244 240 205 218 231 237 243 235 234 238 236 240 205 209 211 210 233 229 239 239 240 242 215 224 226 230 228 221 241 240 243 251 224 222 227 235 237 239 241 241 255 259 220 223 220 219 217 212 220 237 246 267 222 220 227 233 234 247 250 248 286 291 217 234 228 230 245 252 269 262 284 287 213 215 213 239 238 261 264 266 282 280 231 245 240 247 252 248 263 286 302 304 247 243 239 238 270 281 299 303 308 305 
for k=5 to 10
96 98 126 184 194 238 302 353 431 442 142 163 212 223 242 239 263 346 356 389 192 188 189 189 193 226 242 284 301 315 187 183 188 193 209 208 200 206 239 260 190 186 182 182 217 235 220 232 239 252 173 162 168 183 183 175 188 183 208 233 142 164 170 175 175 200 201 253 260 288 172 185 178 196 231 234 232 251 256 275 201 200 205 210 226 224 219 229 263 264 181 192 186 200 207 221 252 251 261 258 200 204 209 205 232 229 228 250 250 262 186 197 208 217 220 238 237 256 277 278 198 198 200 201 205 200 224 234 247 251 196 196 209 243 252 242 244 239 244 240 205 218 231 237 243 235 234 238 236 240 205 209 211 210 233 229 239 239 240 242 215 224 226 230 228 221 241 240 243 251 224 222 227 235 237 239 241 241 255 259 220 223 220 219 217 212 220 237 246 267 222 220 227 233 234 247 250 248 286 291 217 234 228 230 245 252 269 262 284 287 213 215 213 239 238 261 264 266 282 280 231 245 240 247 252 248 263 286 302 304 247 243 239 238 270 281 299 303 308 305 228 228 248 243 263 261 260 268 307 308 229 226 236 234 254 258 283 301 298 297 220 217 217 235 250 249 252 250 259 276 225 236 246 246 246 261 269 258 278 273 231 246 246 247 247 245 264 259 260 262 
for k=6 to 10
96 98 126 184 194 238 302 353 431 442 142 163 212 223 242 239 263 346 356 389 192 188 189 189 193 226 242 284 301 315 187 183 188 193 209 208 200 206 239 260 190 186 182 182 217 235 220 232 239 252 173 162 168 183 183 175 188 183 208 233 142 164 170 175 175 200 201 253 260 288 172 185 178 196 231 234 232 251 256 275 201 200 205 210 226 224 219 229 263 264 181 192 186 200 207 221 252 251 261 258 200 204 209 205 232 229 228 250 250 262 186 197 208 217 220 238 237 256 277 278 198 198 200 201 205 200 224 234 247 251 196 196 209 243 252 242 244 239 244 240 205 218 231 237 243 235 234 238 236 240 205 209 211 210 233 229 239 239 240 242 215 224 226 230 228 221 241 240 243 251 224 222 227 235 237 239 241 241 255 259 220 223 220 219 217 212 220 237 246 267 222 220 227 233 234 247 250 248 286 291 217 234 228 230 245 252 269 262 284 287 213 215 213 239 238 261 264 266 282 280 231 245 240 247 252 248 263 286 302 304 247 243 239 238 270 281 299 303 308 305 228 228 248 243 263 261 260 268 307 308 229 226 236 234 254 258 283 301 298 297 220 217 217 235 250 249 252 250 259 276 225 236 246 246 246 261 269 258 278 273 231 246 246 247 247 245 264 259 260 262 234 237 269 268 257 254 252 252 267 266 254 254 270 270 269 272 293 291 291 295 251 261 279 296 295 294 293 295 314 316 256 260 263 278 278 278 280 300 311 325 248 246 251 254 275 273 271 275 275 297 