

number of patterns found lowerbound

size threshold = 10
112 124 169 239 270 366 470 559 713 773 212 263 356 373 390 392 417 538 602 661 285 295 296 301 322 378 398 451 471 484 273 269 283 302 316 331 335 331 368 402 
size threshold = 20
109 121 166 236 266 362 464 551 704 759 209 260 353 370 387 389 414 535 599 658 282 292 293 298 319 375 395 448 468 481 270 266 280 299 313 328 332 328 365 399 
size threshold = 30
104 115 157 226 250 338 435 518 658 694 203 254 347 363 380 382 406 527 591 649 276 286 287 292 313 369 389 442 462 475 265 261 275 294 308 323 327 323 360 394 
size threshold = 40
100 107 143 208 223 295 385 460 571 586 200 251 343 358 373 375 396 515 561 617 273 283 284 289 310 365 385 438 458 469 262 258 272 291 305 320 324 320 357 391 
size threshold = 50
97 99 127 185 195 261 337 404 483 490 196 245 330 343 358 360 374 484 497 549 269 279 280 285 305 354 374 427 445 455 260 256 270 289 303 318 322 318 355 389 
size threshold = 60
88 88 110 155 163 215 283 345 382 384 187 224 306 318 330 332 339 440 446 488 260 270 271 276 292 332 352 389 405 418 254 250 264 283 295 310 314 310 347 381 
size threshold = 70
79 77 98 137 136 176 238 287 305 298 177 214 285 292 301 303 306 390 369 407 257 264 265 269 273 306 326 359 369 383 252 248 262 281 293 306 311 304 340 370 
size threshold = 80
74 68 83 113 106 137 185 215 221 212 159 196 248 251 262 261 257 326 298 337 244 246 246 249 242 275 294 313 310 321 247 243 256 275 279 286 292 281 309 329 
size threshold = 90
68 61 70 96 85 109 146 158 158 152 141 177 204 203 216 213 213 260 234 258 228 210 207 208 209 238 254 250 238 246 232 227 237 250 241 248 241 229 250 266 
size threshold = 100
57 49 57 79 69 77 105 107 105 94 116 150 155 154 172 164 159 195 179 180 206 187 184 181 178 197 210 190 185 192 208 205 209 215 197 193 184 165 189 199 